200.833	11043.7
202.102	11031.4
203.371	11030.2
204.639	11045.1
205.907	11053.6
207.175	11058.3
208.442	11058.5
209.71	11060.4
210.977	11063.7
212.244	11067.9
213.511	11073.1
214.777	11078.5
216.042	11091.2
217.309	11108.6
218.575	11129.3
219.84	11152.7
221.106	11179
222.371	11205.6
223.635	11229.4
224.9	11251.9
226.165	11273.4
227.429	11296
228.694	11319.9
229.956	11345.2
231.22	11370.7
232.484	11396.7
233.747	11422.5
235.011	11444.1
236.272	11461
237.535	11475.3
238.798	11489.8
240.06	11503.9
241.321	11517.8
242.583	11544.6
243.845	11566.9
245.105	11594.5
246.367	11613.1
247.628	11622.9
248.888	11623.8
250.149	11629.5
251.409	11629.5
252.67	11626.4
253.928	11623.4
255.189	11642.5
256.447	11664
257.707	11685.9
258.966	11678.6
260.224	11657.7
261.483	11625
262.742	11647.7
263.999	11704.6
265.257	11725.9
266.514	11736.6
267.772	11746.4
269.028	11761.5
270.286	11767
271.543	11772.8
272.799	11785.2
274.056	11820.9
275.311	11853.3
276.568	11866.7
277.823	11879.4
279.079	11892.1
280.333	11904.9
281.589	11910.7
282.843	11917.4
284.099	11932.9
285.352	11953.1
286.607	11965
287.86	11977.4
289.114	11976.7
290.368	11972.8
291.621	11997.3
292.875	12029.2
294.127	12060.2
295.38	12079.3
296.632	12084.8
297.884	12077.6
299.137	12056
300.388	12072.8
301.641	12092.5
302.891	12102.1
304.142	12109.1
305.394	12115.4
306.644	12121.3
307.894	12127.1
309.146	12125.9
310.395	12136.6
311.645	12159.5
312.895	12178.6
314.144	12193.4
315.393	12202
316.642	12209.1
317.892	12215
319.14	12220.4
320.388	12225.9
321.637	12230.3
322.885	12235.2
324.132	12241.3
325.38	12250.1
326.628	12260
327.875	12271.5
329.122	12283.8
330.368	12297
331.614	12310.4
332.862	12323.9
334.108	12337.6
335.353	12350.8
336.599	12364.8
337.844	12379
339.089	12394.2
340.335	12410.1
341.58	12419.6
342.824	12425.9
344.068	12420.8
345.312	12417.3
346.556	12425.5
347.8	12429.6
349.043	12444.9
350.286	12461.2
351.53	12475.7
352.774	12488.8
354.016	12499.6
355.259	12508
356.501	12513.4
357.743	12502.8
358.985	12495.2
360.227	12475.9
361.468	12469
362.709	12465.8
363.95	12470
365.191	12477.9
366.432	12487.7
367.672	12498.3
368.912	12507.6
370.152	12518.4
371.392	12528.6
372.632	12539.2
373.871	12547.4
375.11	12554.1
376.348	12557.1
377.587	12555.1
378.825	12556.8
380.064	12565.1
381.302	12575.9
382.54	12593
383.778	12619.8
385.016	12654.6
386.253	12674.2
387.489	12661.4
388.726	12639.5
389.963	12616.6
391.199	12625.3
392.436	12668.4
393.672	12687.4
394.907	12700
396.142	12712.5
397.378	12726.7
398.614	12727.7
399.849	12728
401.082	12732.4
402.317	12749.1
403.552	12761.4
404.786	12775.9
406.019	12787.1
407.253	12795.4
408.487	12800.3
409.721	12801.5
410.953	12800.1
412.186	12797.1
413.419	12795
414.651	12795.7
415.883	12798.2
417.116	12802.8
418.347	12809.2
419.579	12817
420.811	12826.5
422.041	12837.4
423.272	12849.4
424.504	12862.3
425.733	12876.2
426.964	12890.8
428.194	12892.2
429.424	12896.7
430.654	12895.5
431.883	12883.1
433.113	12878.2
434.341	12890.8
435.571	12904.5
436.799	12919.2
438.028	12926.6
439.257	12920.5
440.484	12920.2
441.713	12923.3
442.94	12932.2
444.168	12940.9
445.394	12943.7
446.622	12943.2
447.848	12939.3
449.076	12934.2
450.301	12937.5
451.528	12943.6
452.754	12970.3
453.979	12977.6
455.205	12981.5
456.43	12977.7
457.656	12970.3
458.88	12961.4
460.106	12965.6
461.33	12973.3
462.554	12984.1
463.779	12996.1
465.002	13007.7
466.225	13016.6
467.45	13023.2
468.672	13029.6
469.895	13033.5
471.119	13035.7
472.341	13035.9
473.563	13032.7
474.786	13025.6
476.008	13015.2
477.229	13006.3
478.452	13006
479.673	13007.1
480.894	13010
482.115	13014.4
483.337	13021.8
484.557	13026.9
485.777	13010.6
486.997	12990.5
488.218	12971
489.438	12956.5
490.657	12953.9
491.876	12952.2
493.096	12958.8
494.315	12975.4
495.533	12995.4
496.752	13012.9
497.97	13029.6
499.188	13039.9
500.407	13046.3
501.625	13046.2
502.842	13038.2
504.059	13021.9
505.276	13012.3
506.493	13010.6
507.71	13003.4
508.926	13014.6
510.142	13028.4
511.358	13039
512.575	13051.9
513.791	13056.4
515.006	13061.9
516.222	13060.5
517.437	13065.6
518.651	13071.6
519.866	13079.9
521.081	13092.4
522.295	13103.5
523.509	13114.9
524.723	13125.3
525.937	13136.9
527.15	13144.8
528.363	13149.7
529.576	13151.4
530.789	13146.1
532.002	13138.2
533.215	13127.7
534.426	13135.3
535.638	13142.1
536.85	13158.9
538.061	13175
539.273	13192.4
540.484	13209.6
541.695	13218.1
542.906	13211.6
544.117	13209.3
545.327	13209.5
546.537	13215.5
547.747	13218.3
548.957	13225.2
550.167	13231.7
551.377	13234.2
552.585	13232.9
553.794	13217.8
555.003	13198.2
556.212	13183
557.421	13167.9
558.628	13160.3
559.836	13164.5
561.044	13181.7
562.252	13196.7
563.458	13209.9
564.666	13221.9
565.873	13232.5
567.08	13240.1
568.286	13250
569.493	13258
570.699	13267.1
571.904	13275.2
573.111	13277
574.317	13271
575.521	13252
576.727	13233.2
577.932	13217.4
579.136	13205.8
580.341	13201
581.544	13204.2
582.749	13217.1
583.954	13228.1
585.156	13238.7
586.361	13246.1
587.563	13253
588.767	13260.4
589.97	13267.3
591.172	13273.1
592.375	13278.2
593.577	13282.6
594.78	13285.9
595.981	13287.4
597.183	13287.8
598.384	13284.7
599.586	13278.9
600.786	13260.3
601.988	13241.5
603.188	13216.2
604.389	13194
605.589	13189.8
606.79	13188
607.989	13192.1
609.188	13208.7
610.389	13212.2
611.587	13203.9
612.787	13191.5
613.986	13171.4
615.184	13150.6
616.383	13133
617.581	13130.7
618.78	13134
619.977	13142.7
621.174	13148.3
622.373	13150.6
623.57	13149.3
624.766	13144.5
625.964	13139.3
627.16	13131
628.356	13121.2
629.554	13110.4
630.749	13100.5
631.945	13091.5
633.14	13084.2
634.337	13078.9
635.532	13076
636.726	13074.8
637.921	13072.6
639.117	13071.4
640.311	13054
641.505	13047.1
642.699	13044.2
643.892	13045.2
645.087	13044
646.28	13056
647.473	13046.5
648.666	13040.5
649.859	13050
651.051	13060.3
652.245	13071.3
653.437	13083.2
654.629	13097.4
655.821	13116.2
657.012	13135.6
658.204	13130.7
659.395	13118
660.586	13108.9
661.777	13098.2
662.967	13096.7
664.158	13100.6
665.349	13111.8
666.539	13120.2
667.729	13131.1
668.919	13142.3
670.109	13149.9
671.298	13156.5
672.487	13157.8
673.676	13157.2
674.865	13154.7
676.053	13150.1
677.242	13143.8
678.43	13135.5
679.616	13126.2
680.804	13119.1
681.992	13109.8
683.179	13125.1
684.366	13139.6
685.554	13127.6
686.74	13112.1
687.927	13099.3
689.114	13090.9
690.3	13086.3
691.486	13085.8
692.671	13091.1
693.856	13087.1
695.042	13076
696.227	13059.7
697.413	13038.2
698.598	13024.1
699.781	13023.3
700.966	13025.4
702.15	13031.7
703.334	13043.1
704.518	13055
705.701	13033.3
706.885	12994.2
708.068	12939.6
709.252	12900.5
710.433	12903.6
711.616	12955
712.799	12991.2
713.98	12986.5
715.163	12980.8
716.345	12976.8
717.527	12977.5
718.707	12979.6
719.889	12982.2
721.071	12984.9
722.25	12988
723.432	12991.6
724.611	12995.6
725.792	12998.1
726.972	12999
728.151	13002.2
729.332	13007.4
730.512	13013.3
731.69	13007.6
732.87	12963.5
734.048	12979.7
735.227	12986.4
736.405	13005.1
737.584	13053.9
738.761	13049
739.94	13050.7
741.117	13049.8
742.295	13044.3
743.471	13037.5
744.649	13030.1
745.825	13026.7
747.003	13022.7
748.179	13020
749.356	13018.2
750.531	13017.5
751.708	13017.7
752.883	13019.1
754.059	13021
755.234	13028.5
756.409	13050.4
757.585	13114
758.759	13090.1
759.934	13068.6
761.108	13040.4
762.282	13035.2
763.456	13042.2
764.63	13039.8
765.803	13034.4
766.977	13026.5
768.15	13015.7
769.323	13002.9
770.496	12988.2
771.668	12973.7
772.841	12963
774.014	12955.5
775.185	12954.3
776.357	12949.8
777.528	12944
778.701	12939.5
779.872	12935.3
781.042	12932
782.213	12928.5
783.383	12924.8
784.555	12919.2
785.725	12902.9
786.895	12889.7
788.064	12869.2
789.234	12860.8
790.404	12850.7
791.573	12855.4
792.742	12857.3
793.911	12852.8
795.08	12845.5
796.248	12839
797.416	12831.4
798.584	12824.3
799.753	12818.4
800.921	12814.2
802.088	12812.5
803.256	12813.1
804.423	12815.8
805.59	12821
806.756	12829
807.923	12841.4
809.089	12831.4
810.256	12815
811.422	12803.3
812.587	12796.3
813.753	12793.5
814.918	12793.3
816.084	12798.6
817.249	12807.6
818.414	12820.1
819.578	12834.3
820.743	12832.5
821.907	12828.9
823.072	12823.9
824.236	12820.6
825.399	12817.9
826.562	12817.6
827.725	12826.9
828.889	12839.6
830.052	12855.1
831.215	12871.4
832.377	12881.8
833.54	12886.6
834.701	12888.6
835.863	12888.5
837.025	12886.6
838.187	12883
839.349	12877.6
840.51	12870.8
841.67	12861.7
842.831	12847.4
843.992	12829.3
845.153	12808.7
846.312	12793.2
847.473	12786
848.633	12793.9
849.793	12797
850.951	12795.4
852.111	12788
853.27	12779.2
854.428	12772.6
855.588	12769.1
856.747	12768
857.904	12768.5
859.063	12771.9
860.221	12763.4
861.378	12750.3
862.536	12726.4
863.694	12709.7
864.85	12693.6
866.008	12678.3
867.164	12667.3
868.321	12656.7
869.478	12644.2
870.633	12632.1
871.79	12620.1
872.945	12608.1
874.101	12596.1
875.256	12583.8
876.412	12571.5
877.566	12559.1
878.722	12547.2
879.876	12537.6
881.031	12534.2
882.185	12527.5
883.34	12532.2
884.493	12549.9
885.647	12548.6
886.8	12549.2
887.954	12545.9
889.107	12533.5
890.261	12517.6
891.413	12501.4
892.565	12492.2
893.718	12485.3
894.87	12482
896.023	12481.4
897.174	12483.1
898.326	12488.5
899.478	12496.3
900.629	12505.5
901.779	12512.5
902.931	12502.5
904.081	12495.1
905.231	12488.6
906.383	12476.2
907.532	12469.1
908.682	12467.9
909.831	12476.4
910.982	12489.9
912.131	12499.6
913.28	12508.1
914.429	12511.4
915.578	12513.7
916.727	12515.5
917.875	12516.5
919.023	12516.6
920.171	12517.4
921.32	12520.6
922.467	12523
923.614	12526.3
924.761	12523.8
925.908	12510.9
927.055	12493.1
928.203	12485.2
929.349	12472
930.496	12480.1
931.642	12486.6
932.787	12489.8
933.933	12494.3
935.079	12500.5
936.224	12492.1
937.369	12473.6
938.514	12448.9
939.659	12430.8
940.804	12423.8
941.948	12423.9
943.092	12420.6
944.236	12419.4
945.38	12419
946.524	12416.5
947.667	12412.6
948.811	12407
949.954	12400.1
951.097	12392
952.24	12382.6
953.383	12372.3
954.525	12361.5
955.667	12353.8
956.81	12345.7
957.952	12341.2
959.093	12339.3
960.235	12338.9
961.376	12338.5
962.516	12336.8
963.658	12331.8
964.798	12319.1
965.939	12306.7
967.08	12292.1
968.22	12275.2
969.359	12261.5
970.499	12269.9
971.639	12277
972.779	12283.6
973.918	12287.6
975.056	12290.3
976.195	12291.5
977.334	12291.1
978.473	12288.8
979.61	12285.5
980.749	12287.4
981.887	12290.3
983.024	12291.7
984.162	12289.1
985.3	12283.1
986.437	12278.6
987.573	12276.2
988.711	12273.8
989.848	12271.9
990.983	12271.2
992.12	12271.1
993.255	12271.9
994.392	12273
995.528	12269.4
996.662	12265.4
997.798	12264.8
998.933	12262.2
1000.07	12267.4
1001.2	12264
1002.34	12261
1003.47	12256.5
1004.61	12250.2
1005.74	12239.3
1006.87	12234.2
1008.01	12226.7
1009.14	12227.8
1010.27	12234.8
1011.41	12239.2
1012.54	12242.7
1013.67	12243.6
1014.81	12243
1015.94	12241.3
1017.07	12238.1
1018.2	12233.6
1019.33	12227.9
1020.47	12220.7
1021.6	12213
1022.73	12204.4
1023.86	12199.9
1024.99	12198.2
1026.12	12189.7
1027.25	12175.8
1028.38	12148
1029.51	12120.9
1030.64	12094.1
1031.77	12077.9
1032.9	12102.9
1034.03	12111.1
1035.16	12135.6
1036.29	12154.2
1037.42	12188.8
1038.55	12107.4
1039.67	12095.1
1040.8	12090.1
1041.93	12080.4
1043.06	12070.2
1044.19	12060.2
1045.31	12048.7
1046.44	12036.2
1047.57	12021.8
1048.69	12005.5
1049.82	11985
1050.95	11964.4
1052.08	11954.4
1053.2	11952.2
1054.33	11954.6
1055.45	11938.8
1056.58	11928.7
1057.7	11922.9
1058.83	11922.8
1059.95	11942.9
1061.08	11945.1
1062.2	11945.8
1063.33	11946.7
1064.45	11937.5
1065.58	11928.9
1066.7	11921.6
1067.83	11915.8
1068.95	11911.6
1070.07	11908.5
1071.2	11907.3
1072.32	11906.9
1073.44	11906.9
1074.56	11904.2
1075.69	11823.2
1076.81	11827.8
1077.93	11856.5
1079.05	12036.4
1080.17	11948.7
1081.3	11901.4
1082.42	11858.7
1083.54	11886.3
1084.66	11939.1
1085.78	11944.8
1086.9	11932.6
1088.02	11915.2
1089.14	11894.5
1090.26	11884.5
1091.38	11874
1092.5	11864.4
1093.62	11857.8
1094.74	11853
1095.86	11851.3
1096.98	11852.8
1098.1	11860.6
1099.22	11873.6
1100.34	11884.6
1101.45	11894.7
1102.57	11902.7
1103.69	11899.1
1104.81	11893.9
1105.93	11884.1
1107.04	11870.3
1108.16	11848.5
1109.28	11839.7
1110.4	11857.5
1111.51	11873.6
1112.63	11890
1113.75	11888.7
1114.86	11871.6
1115.98	11844.3
1117.09	11818.9
1118.21	11794.7
1119.32	11772.1
1120.44	11751.4
1121.55	11732.7
1122.67	11716.1
1123.78	11701.7
1124.9	11690.1
1126.01	11684.3
1127.13	11686.4
1128.24	11694.8
1129.35	11703.1
1130.47	11705.4
1131.58	11700.9
1132.7	11690.5
1133.81	11676
1134.92	11656.9
1136.03	11633.2
1137.15	11606.7
1138.26	11581.3
1139.37	11566.5
1140.48	11553.8
1141.59	11547.6
1142.71	11547.5
1143.82	11550.6
1144.93	11549.4
1146.04	11545.9
1147.15	11541.1
1148.26	11532.6
1149.37	11520.3
1150.48	11507.4
1151.59	11491.9
1152.7	11475.4
1153.81	11461.5
1154.92	11452.9
1156.03	11453
1157.14	11451.9
1158.25	11452.2
1159.36	11454.1
1160.47	11451
1161.58	11447.9
1162.68	11441.1
1163.79	11427.8
1164.9	11412.2
1166.01	11405.3
1167.12	11413.6
1168.22	11421.3
1169.33	11431
1170.44	11440.3
1171.55	11453.2
1172.65	11462.3
1173.76	11453.7
1174.87	11438
1175.97	11420.2
1177.08	11415.6
1178.18	11415.9
1179.29	11429.7
1180.4	11450.8
1181.5	11465.6
1182.61	11478.4
1183.71	11484.9
1184.82	11477.5
1185.92	11463.8
1187.02	11450.2
1188.13	11437.7
1189.23	11428.7
1190.34	11421.6
1191.44	11417.2
1192.54	11414.3
1193.65	11413.2
1194.75	11413.6
1195.85	11415.2
1196.96	11417.5
1198.06	11421.3
1199.16	11426.1
1200.26	11431.6
1201.37	11437.5
1202.47	11417.4
1203.57	11407.1
1204.67	11373
1205.77	11446.7
1206.87	11444
1207.97	11415.4
1209.08	11399.1
1210.18	11387.2
1211.28	11379.8
1212.38	11376.7
1213.48	11378.8
1214.58	11383.5
1215.68	11389.1
1216.78	11385.9
1217.88	11371.1
1218.98	11350
1220.07	11321.6
1221.17	11289.6
1222.27	11278.8
1223.37	11276.8
1224.47	11288
1225.57	11309.6
1226.66	11329.8
1227.76	11341.3
1228.86	11343.2
1229.96	11332.9
1231.06	11315.5
1232.15	11292.2
1233.25	11271.9
1234.35	11258.4
1235.44	11248.5
1236.54	11242.7
1237.63	11244.4
1238.73	11249.4
1239.83	11244.3
1240.92	11237
1242.02	11228.7
1243.11	11220.3
1244.21	11212.9
1245.3	11206.2
1246.4	11199.4
1247.49	11192.8
1248.59	11186.3
1249.68	11179.9
1250.78	11173.6
1251.87	11166.5
1252.96	11159.5
1254.06	11152.2
1255.15	11145.6
1256.24	11141.2
1257.34	11137.8
1258.43	11136.2
1259.52	11134.2
1260.62	11131.6
1261.71	11127.5
1262.8	11120.1
1263.89	11112.5
1264.98	11126.6
1266.08	11136.1
1267.17	11150.9
1268.26	11149.5
1269.35	11143.8
1270.44	11134.6
1271.53	11122.4
1272.62	11113.1
1273.71	11111.7
1274.8	11113.2
1275.89	11122.2
1276.98	11121.2
1278.07	11121.6
1279.16	11122.5
1280.25	11121.6
1281.34	11115.7
1282.43	11117.8
1283.52	11128.1
1284.61	11135.6
1285.69	11144.1
1286.78	11139.8
1287.87	11118.7
1288.96	11102.3
1290.05	11089
1291.13	11083
1292.22	11080.3
1293.31	11087.2
1294.4	11109.7
1295.48	11131.6
1296.57	11144.7
1297.66	11142.1
1298.74	11100.2
1299.83	11073.8
1300.92	11070.8
1302	11081.4
1303.09	11096.4
1304.17	11102.5
1305.26	11111.6
1306.34	11088.1
1307.43	11087.1
1308.51	11088.6
1309.6	11091
1310.68	11095.5
1311.76	11102.4
1312.85	11111.5
1313.93	11116.3
1315.02	11113
1316.1	11103.2
1317.18	11088.2
1318.27	11072.5
1319.35	11057.7
1320.43	11036.8
1321.52	11027.7
1322.6	11021.9
1323.68	11017.9
1324.76	11014.4
1325.85	11010.4
1326.93	11006.4
1328.01	11003.6
1329.09	10998.6
1330.17	10991.7
1331.25	10984.6
1332.33	10977.1
1333.41	10971.1
1334.49	10968.2
1335.58	10963.6
1336.65	10958.5
1337.74	10951.4
1338.82	10942.1
1339.89	10933.7
1340.97	10929.1
1342.05	10927.1
1343.13	10926
1344.21	10925.9
1345.29	10926.5
1346.37	10927.6
1347.45	10924.7
1348.53	10908.6
1349.6	10900.9
1350.68	10895.1
1351.76	10889.7
1352.84	10884.5
1353.92	10880.7
1354.99	10877.6
1356.07	10875.4
1357.15	10874.4
1358.22	10875.1
1359.3	10877.4
1360.38	10879.9
1361.45	10882.6
1362.53	10885.1
1363.61	10887
1364.68	10887.6
1365.76	10884.8
1366.83	10880.2
1367.91	10876.4
1368.98	10872.4
1370.06	10868.1
1371.13	10864.1
1372.21	10859.3
1373.28	10857.4
1374.35	10856.5
1375.43	10855.8
1376.5	10853.7
1377.58	10847.1
1378.65	10841
1379.72	10838.3
1380.8	10835.7
1381.87	10832.9
1382.94	10829.9
1384.01	10826.8
1385.09	10823.5
1386.16	10820.4
1387.23	10817.7
1388.3	10816.5
1389.38	10817.8
1390.45	10819
1391.52	10820.1
1392.59	10795.3
1393.66	10781.6
1393.92	10779.5
1395	10780.9
1396.07	10782.9
1397.15	10785.4
1398.22	10789.2
1399.3	10791.2
1400.38	10783.3
1401.45	10759.3
1402.53	10719.9
1403.6	10682.5
1404.68	10708.9
1405.75	10696.2
1406.82	10690.5
1407.9	10692.5
1408.97	10699.5
1410.05	10707.8
1411.12	10714.8
1412.19	10719.6
1413.27	10721.8
1414.34	10710.8
1415.41	10689.6
1416.49	10678.9
1417.56	10672.1
1418.63	10671.5
1419.7	10672.2
1420.78	10673.8
1421.85	10673.7
1422.92	10671.5
1423.99	10668.2
1425.06	10660.3
1426.14	10649.5
1427.21	10659.9
1428.28	10661.7
1429.35	10659.4
1430.42	10653.4
1431.49	10644.5
1432.56	10633.8
1433.63	10622.2
1434.7	10632.2
1435.77	10633.1
1436.84	10630
1437.91	10616.4
1438.98	10601.7
1440.05	10590.8
1441.12	10584.6
1442.18	10582.8
1443.25	10585.8
1444.32	10593.1
1445.39	10608
1446.46	10622.2
1447.53	10612.9
1448.59	10596.5
1449.66	10582
1450.73	10566.2
1451.8	10545.1
1452.86	10527.8
1453.93	10523.2
1455	10529.9
1456.06	10547.9
1457.13	10556.4
1458.2	10558.5
1459.26	10554.8
1460.33	10540.2
1461.39	10529.9
1462.46	10522.9
1463.52	10518.5
1464.59	10522.6
1465.65	10527.4
1466.72	10531.9
1467.78	10535.2
1468.85	10530.2
1469.91	10525.2
1470.98	10513.9
1472.04	10502.1
1473.1	10491.2
1474.17	10486.9
1475.23	10483.6
1476.3	10483.3
1477.36	10485
1478.42	10485.7
1479.48	10484
1480.55	10481.9
1481.61	10479.8
1482.67	10478.4
1483.73	10477.3
1484.8	10476.9
1485.86	10476.3
1486.92	10472.5
1487.98	10463
1489.04	10447.3
1490.1	10433.5
1491.17	10438.3
1492.23	10430
1493.29	10422.5
1494.35	10416.2
1495.41	10410.8
1496.47	10405.6
1497.53	10400.9
1498.59	10396.8
1499.65	10395
1500.71	10395.6
1501.77	10400.5
1502.83	10403
1503.88	10402
1504.94	10399.6
1506	10396.1
1507.06	10391.8
1508.12	10386.3
1509.18	10379.7
1510.23	10371.7
1511.29	10362.8
1512.35	10352.2
1513.41	10340.1
1514.47	10324.5
1515.52	10306.9
1516.58	10288.1
1517.64	10270.4
1518.69	10253.6
1519.75	10248.6
1520.81	10275.5
1521.86	10285.7
1522.92	10286.1
1523.97	10281.3
1525.03	10273.4
1526.08	10271.3
1527.14	10267
1528.2	10262.3
1529.25	10258.2
1530.31	10253.4
1531.36	10249.4
1532.42	10244.9
1533.47	10240.1
1534.52	10229.6
1535.58	10206.1
1536.63	10193.7
1537.69	10191.6
1538.74	10194.9
1539.79	10196.3
1540.84	10198.3
1541.9	10198.3
1542.95	10194
1544	10189.7
1545.06	10185.3
1546.11	10180.9
1547.16	10176.8
1548.21	10173.1
1549.27	10171.6
1550.32	10170.5
1551.37	10171
1552.42	10172.9
1553.47	10175.4
1554.52	10171.2
1555.57	10161.3
1556.62	10144.1
1557.67	10129.6
1558.72	10122.5
1559.77	10119.9
1560.82	10120.9
1561.87	10123.8
1562.92	10128.5
1563.97	10136.3
1565.02	10145.8
1566.07	10155.7
1567.12	10167
1568.17	10177
1569.22	10183.1
1570.27	10167.9
1571.32	10158
1572.36	10149.4
1573.41	10141.9
1574.46	10135.3
1575.51	10129.5
1576.56	10124.1
1577.6	10118.8
1578.65	10113.2
1579.7	10107.4
1580.74	10101.1
1581.79	10094
1582.84	10085.9
1583.88	10077.2
1584.93	10068.4
1585.98	10060.9
1587.02	10059.9
1588.07	10066.6
1589.11	10071.8
1590.16	10080
1591.2	10083.5
1592.25	10073.9
1593.29	10059.7
1594.34	10046
1595.38	10031.5
1596.43	10031.2
1597.47	10035.1
1598.52	10038.3
1599.56	10044.4
1600.6	10043.3
1601.65	10005.8
1602.69	10000
1603.73	9991.58
1604.78	9981.39
1605.82	9970.42
1606.86	9960.36
1607.91	9947.25
1608.95	9933.23
1609.99	9918.44
1611.03	9904.3
1612.08	9891.22
1613.12	9883.63
1614.16	9878.44
1615.2	9875.58
1616.24	9874.92
1617.28	9878.77
1618.32	9882.65
1619.36	9877.51
1620.41	9868.37
1621.45	9852.46
1622.49	9839
1623.53	9818.72
1624.57	9802.26
1625.61	9789.89
1626.65	9782.16
1627.69	9777.79
1628.73	9774.56
1629.76	9772.13
1630.8	9769.66
1631.84	9767.72
1632.88	9766.86
1633.92	9766.27
1634.96	9763.85
1636	9760.74
1637.03	9750.94
1638.07	9753.83
1639.11	9751.95
1640.15	9746
1641.19	9737.88
1642.22	9729.69
1643.26	9721.67
1644.3	9714.17
1645.33	9707.4
1646.37	9701.83
1647.41	9696.79
1648.44	9693.54
1649.48	9688.99
1650.52	9683.52
1651.55	9677.82
1652.59	9673.13
1653.62	9670.2
1654.66	9669.73
1655.69	9682.71
1656.73	9684.68
1657.76	9681.24
1658.8	9667.94
1659.83	9649.81
1660.87	9628.64
1661.9	9602.65
1662.93	9590.23
1663.97	9592.93
1665	9600.57
1666.04	9611.83
1667.07	9624.26
1668.1	9624.93
1669.14	9617.19
1670.17	9606.48
1671.2	9597.39
1672.23	9589.59
1673.27	9582.45
1674.3	9576.39
1675.33	9570.05
1676.36	9564.47
1677.39	9561.75
1678.43	9559.85
1679.46	9558.2
1680.49	9556.26
1681.52	9554.4
1682.55	9552.87
1683.58	9551.11
1684.61	9549.42
1685.64	9547.46
1686.67	9545.88
1687.7	9541.4
1688.73	9532.52
1689.76	9518.87
1690.79	9502.31
1691.82	9498.35
1692.85	9494.08
1693.88	9491.33
1694.91	9488.85
1695.94	9486.75
1696.97	9484.55
1698	9481.46
1699.02	9478.06
1700.05	9474.59
1701.08	9470.58
1702.11	9465.91
1703.14	9459.77
1704.16	9443.33
1705.19	9429.97
1706.22	9416.68
1707.25	9404.36
1708.27	9390.18
1709.3	9379.78
1710.33	9378.33
1711.35	9378.22
1712.38	9377.96
1713.41	9376.18
1714.43	9373.83
1715.46	9370.68
1716.48	9366.94
1717.51	9362.17
1718.53	9356.75
1719.56	9350.22
1720.58	9343.57
1721.61	9338.18
1722.63	9333.62
1723.66	9327.62
1724.68	9318.08
1725.71	9304.62
1726.73	9281.19
1727.75	9267.49
1728.78	9255.03
1729.8	9245.54
1730.83	9237.67
1731.85	9232.71
1732.87	9230.25
1733.89	9229
1734.92	9229.01
1735.94	9228.98
1736.96	9224.2
1737.98	9219.21
1739.01	9213.98
1740.03	9208.63
1741.05	9202.89
1742.07	9198.12
1743.09	9195.34
1744.12	9192.62
1745.14	9190.36
1746.16	9188.74
1747.18	9186.94
1748.2	9184.52
1749.22	9181.76
1750.24	9178.78
1751.26	9175.48
1752.28	9172.11
1753.3	9167.17
1754.32	9152.31
1755.34	9135.56
1756.36	9117.56
1757.38	9102.67
1758.4	9093.64
1759.42	9091.5
1760.44	9087.65
1761.45	9077.47
1762.47	9070.59
1763.49	9047.88
1764.51	9036.19
1765.53	9037.96
1766.55	9040.04
1767.56	9048.22
1768.58	9064.38
1769.6	9068.24
1770.61	9058.42
1771.63	9034.38
1772.65	9017.73
1773.67	9008.44
1774.68	9006.55
1775.7	9015.5
1776.72	9019.33
1777.73	9023.23
1778.75	9021.35
1779.76	9012.02
1780.78	8998.17
1781.79	8977.81
1782.81	8959.47
1783.83	8952.52
1784.84	8951.14
1785.85	8950.5
1786.87	8955
1787.88	8953.93
1788.9	8943.93
1789.91	8936.37
1790.93	8934.79
1791.94	8936.02
1792.95	8931.93
1793.97	8922.6
1794.98	8906.81
1796	8892.6
1797.01	8881.48
1798.02	8872.95
1799.03	8868.44
1800.05	8868.65
1801.06	8877.51
1802.07	8878.23
1803.08	8876.98
1804.1	8873.34
1805.11	8867.97
1806.12	8861.17
1807.13	8855.04
1808.14	8848.39
1809.15	8840.7
1810.17	8832.85
1811.18	8824.63
1812.19	8816.08
1813.2	8809.38
1814.21	8802.76
1815.22	8793.17
1816.23	8780.67
1817.24	8770.08
1818.25	8757.21
1819.26	8744.26
1820.27	8730.63
1821.28	8722.35
1822.29	8720.85
1823.3	8717.75
1824.3	8710.29
1825.31	8702.33
1826.32	8691.45
1827.33	8679.28
1828.34	8665.82
1829.35	8652.83
1830.35	8640.39
1831.36	8630.99
1832.37	8622.51
1833.38	8615.96
1834.38	8611.22
1835.39	8608.35
1836.4	8607.37
1837.41	8608.1
1838.41	8605.78
1839.42	8600.35
1840.43	8594.6
1841.43	8585.39
1842.44	8578.05
1843.44	8571.66
1844.45	8578
1845.46	8579.63
1846.46	8580.5
1847.47	8580.3
1848.47	8559.75
1849.48	8539.71
1850.48	8518.75
1851.49	8504.17
1852.49	8492.24
1853.49	8485.02
1854.5	8484.95
1855.5	8487.02
1856.51	8489.76
1857.51	8490.57
1858.51	8478
1859.52	8467.96
1860.52	8456.34
1861.52	8440.61
1862.53	8437.59
1863.53	8444.15
1864.53	8453.9
1865.54	8460.59
1866.54	8456.66
1867.54	8451.27
1868.54	8435.1
1869.54	8424.08
1870.55	8412.65
1871.55	8402.99
1872.55	8393.27
1873.55	8383.54
1874.55	8373.07
1875.55	8362.19
1876.55	8350.79
1877.55	8339.54
1878.55	8326.67
1879.55	8312.65
1880.56	8298.15
1881.55	8289.45
1882.56	8298.65
1883.55	8299.08
1884.55	8301.96
1885.55	8303.44
1886.55	8303.74
1887.55	8303.01
1888.55	8301.04
1889.55	8295.43
1890.55	8287.07
1891.55	8273.43
1892.55	8269.7
1893.54	8264.98
1894.54	8267.63
1895.54	8268.53
1896.54	8263.66
1897.54	8258.82
1898.53	8253.49
1899.53	8244.99
1900.53	8235.97
1901.52	8224.87
1902.52	8213.68
1903.52	8204.59
1904.51	8200.32
1905.51	8208.54
1906.51	8205.69
1907.5	8206.34
1908.5	8197.38
1909.49	8177.11
1910.49	8159.25
1911.49	8147.4
1912.48	8136.09
1913.48	8124.73
1914.47	8117.98
1915.46	8113.32
1916.46	8107.66
1917.45	8102.19
1918.45	8068.1
1919.44	8044.81
1920.44	8045.17
1921.43	8057.15
1922.43	8056.23
1923.42	8048.72
1924.41	8040.74
1925.41	8034.33
1926.4	8020.26
1927.39	8002.11
1928.38	8001.84
1929.38	8015.22
1930.37	8027.65
1931.36	8035.9
1932.35	8022.06
1933.35	8001.46
1934.34	7972.77
1935.33	7957.84
1936.32	7941.01
1937.31	7930.39
1938.3	7930.55
1939.29	7935.68
1940.29	7940.26
1941.28	7946.01
1942.27	7940.22
1943.26	7938.18
1944.25	7929.32
1945.24	7915.88
1946.23	7904.13
1947.22	7906.02
1948.21	7906.89
1949.2	7893.11
1950.19	7879
1951.18	7867.89
1952.17	7859.8
1953.16	7854.43
1954.14	7850.5
1955.13	7840.98
1956.12	7855.32
1957.11	7864.61
1958.1	7851.34
1959.09	7833.73
1960.07	7817.58
1961.06	7805.28
1962.05	7797.05
1963.04	7792.39
1964.02	7787.23
1965.01	7782.08
1966	7779.8
1966.99	7779.54
1967.97	7779.15
1968.96	7777.35
1969.95	7771.36
1970.93	7759.19
1971.92	7730.17
1972.9	7716.37
1973.89	7703.8
1974.88	7694.43
1975.86	7687.9
1976.85	7684.7
1977.83	7681.31
1978.82	7674.04
1979.8	7667.8
1980.79	7663.11
1981.77	7656.45
1982.76	7659.19
1983.74	7666.64
1984.72	7670.01
1985.71	7666.9
1986.69	7649.93
1987.67	7631.22
1988.66	7613.78
1989.64	7596.94
1990.62	7613.92
1991.61	7602.15
1992.59	7594.85
1993.57	7581.08
1994.56	7573.94
1995.54	7572.44
1996.52	7566.95
1997.5	7574.34
1998.49	7578.27
1999.47	7578.14
2000.45	7574.19
2001.43	7566.03
2002.41	7556.59
2003.39	7539.66
2004.38	7521.46
2005.36	7502.4
2006.34	7484.15
2007.32	7476.94
2008.3	7470.79
2009.28	7466.2
2010.26	7465.34
2011.24	7467.29
2012.22	7469.91
2013.2	7471.14
2014.18	7466.13
2015.16	7460.43
2016.14	7452.8
2017.12	7446.21
2018.1	7439.2
2019.07	7430.95
2020.05	7423.01
2021.03	7413.2
2022.01	7402.14
2022.99	7390.52
2023.97	7377.87
2024.95	7364.45
2025.92	7349.55
2026.9	7342.99
2027.88	7342.91
2028.86	7344.65
2029.83	7343.67
2030.81	7342.63
2031.79	7341.54
2032.76	7339.56
2033.74	7336.93
2034.72	7333.55
2035.69	7329.27
2036.67	7323.84
2037.65	7315.85
2038.62	7306.08
2039.6	7293.2
2040.57	7280.13
2041.55	7278.57
2042.52	7281.22
2043.5	7278.92
2044.47	7274.63
2045.45	7260.89
2046.42	7244.62
2047.4	7228.3
2048.37	7210.69
2049.35	7192.41
2050.32	7177.13
2051.29	7172.13
2052.27	7166.08
2053.24	7168.08
2054.21	7162.39
2055.19	7152.91
2056.16	7144.13
2057.13	7137.41
2058.11	7128.44
2059.08	7125.41
2060.05	7121.69
2061.02	7122.61
2062	7127.67
2062.97	7129.13
2063.94	7121.6
2064.91	7111.55
2065.89	7101.17
2066.86	7090.1
2067.83	7078.86
2068.8	7067.74
2069.77	7055.36
2070.74	7042.6
2071.71	7028.69
2072.68	7015.4
2073.65	7019.6
2074.62	7022.32
2075.59	7023.58
2076.56	7020.99
2077.53	7017.66
2078.5	7011.72
2079.47	7003.1
2080.44	6991.87
2081.41	6977.85
2082.38	6960.7
2083.35	6954.32
2084.32	6955.22
2085.29	6952.82
2086.26	6949.02
2087.23	6941.44
2088.19	6927.96
2089.16	6915.9
2090.13	6905.51
2091.1	6894.39
2092.07	6884.6
2093.03	6873.31
2094	6865.67
2094.97	6864.51
2095.94	6866.05
2096.9	6864.37
2097.87	6860.62
2098.84	6858.28
2099.8	6852.94
2100.77	6847.55
2101.74	6841.99
2102.7	6836.8
2103.67	6833.05
2104.63	6833.97
2105.6	6831.9
2106.56	6821.73
2107.53	6814.44
2108.49	6801.54
2109.46	6787.57
2110.42	6771.07
2111.39	6767.68
2112.35	6766.09
2113.32	6766
2114.28	6770.3
2115.25	6773.85
2116.21	6769.71
2117.17	6759.85
2118.14	6744.5
2119.1	6729.02
2120.07	6709.19
2121.03	6688.11
2121.99	6675.58
2122.96	6673.02
2123.92	6678.6
2124.88	6682.38
2125.84	6683.98
2126.81	6683.88
2127.77	6659.47
2128.73	6653.45
2129.69	6648.73
2130.65	6642.42
2131.62	6647.65
2132.58	6653.16
2133.54	6647.65
2134.5	6638.84
2135.46	6622.68
2136.42	6603.9
2137.38	6582.15
2138.34	6570.89
2139.3	6561.77
2140.26	6554.73
2141.22	6555.56
2142.18	6560.61
2143.14	6565.29
2144.1	6570.19
2145.06	6565.21
2146.02	6558.83
2146.98	6549.59
2147.94	6544.08
2148.9	6519.06
2149.86	6477.44
2150.82	6482.96
2151.78	6502.4
2152.74	6504.5
2153.69	6494.48
2154.65	6479.16
2155.61	6463.36
2156.57	6448.19
2157.53	6444.65
2158.48	6438.6
2159.44	6430.39
2160.4	6423.53
2161.36	6413.78
2162.31	6396.31
2163.27	6387.75
2164.23	6375.66
2165.18	6370.18
2166.14	6368.02
2167.1	6367.77
2168.05	6362.05
2169.01	6356.78
2169.96	6347.13
2170.92	6337.08
2171.88	6323.68
2172.83	6308.36
2173.79	6291.83
2174.74	6280.93
2175.7	6278.88
2176.65	6274.63
2177.6	6270.25
2178.56	6264.85
2179.51	6256.22
2180.47	6246.84
2181.42	6236.9
2182.38	6224.04
2183.33	6213.39
2184.28	6201.92
2185.24	6196.02
2186.19	6205.9
2187.14	6203.6
2188.1	6196.65
2189.05	6188.69
2190	6180.54
2190.96	6171.96
2191.91	6162.79
2192.86	6153.82
2193.81	6144.35
2194.76	6135.93
2195.72	6125.1
2196.67	6113.78
2197.62	6102.6
2198.57	6092.93
2199.52	6086.23
2200.47	6081.84
2201.43	6081.2
2202.38	6080.73
2203.33	6082.72
2204.28	6080.33
2205.23	6062.58
2206.18	6030.18
2207.13	6063.98
2208.08	6077.41
2209.03	6071.33
2209.98	6058.51
2210.93	6042.88
2211.88	6025.48
2212.83	6010.38
2213.78	5978.96
2214.73	5980.7
2215.67	5987.59
2216.62	5980.88
2217.57	5974.25
2218.52	5968.35
2219.47	5963.19
2220.42	5959.08
2221.37	5955.66
2222.31	5953.13
2223.26	5951.35
2224.21	5951.56
2225.16	5951.98
2226.1	5953.56
2227.05	5954.46
2228	5954.04
2228.94	5951.49
2229.89	5948.13
2230.84	5943.35
2231.78	5936.61
2232.73	5929.76
2233.68	5921.44
2234.62	5912.87
2235.57	5905.44
2236.51	5899.13
2237.46	5898.64
2238.41	5896.69
2239.35	5896.96
2240.3	5898.05
2241.24	5896.44
2242.19	5888.5
2243.13	5880.23
2244.07	5873.31
2245.02	5867.71
2245.96	5863.57
2246.91	5860.26
2247.85	5858.73
2248.8	5857.65
2249.74	5855.16
2250.68	5848.01
2251.63	5841.19
2252.57	5839.37
2253.51	5843.14
2254.46	5837.98
2255.4	5833.93
2256.34	5830.16
2257.28	5828.61
2258.23	5830.21
2259.17	5831.8
2260.11	5832.44
2261.05	5832.21
2262	5824.3
2262.94	5815.38
2263.88	5804.59
2264.82	5798.81
2265.76	5795.88
2266.7	5801.76
2267.64	5802.08
2268.58	5797.74
2269.53	5795.86
2270.47	5788.04
2271.41	5778.01
2272.35	5774.28
2273.29	5780.46
2274.23	5788.08
2275.17	5796.79
2276.11	5807.79
2277.05	5811.51
2277.99	5797.01
2278.93	5788.58
2279.86	5778.11
2280.8	5766.82
2281.74	5754.95
2282.68	5745.32
2283.62	5737.25
2284.56	5737.02
2285.5	5742.17
2286.44	5747.86
2287.37	5753.31
2288.31	5757.77
2289.25	5758
2290.19	5753.85
2291.12	5746.66
2292.06	5743.03
2293	5740.99
2293.94	5739.58
2294.87	5733.15
2295.81	5727.09
2296.75	5723.38
2297.68	5726.21
2298.62	5721.58
2299.55	5711.14
2300.49	5700.23
2301.43	5693.39
2302.36	5687.67
2303.3	5683.79
2304.23	5679.19
2305.17	5672.94
2306.1	5668.25
2307.04	5664.03
2307.98	5657.56
2308.91	5649.36
2309.84	5641.61
2310.78	5639
2311.71	5641.55
2312.65	5645.29
2313.58	5650.81
2314.52	5652.26
2315.45	5649.88
2316.38	5642.54
2317.32	5627.25
2317.72	5618.93
2318.66	5608.42
2319.6	5601.21
2320.54	5599.35
2321.48	5597.34
2322.41	5592.42
2323.35	5584.02
2324.29	5575.5
2325.23	5570.77
2326.16	5566.55
2327.1	5563.05
2328.04	5560.31
2328.97	5558.27
2329.91	5557.25
2330.85	5558.35
2331.78	5558.06
2332.72	5556.47
2333.66	5550.95
2334.59	5545.83
2335.53	5541.26
2336.46	5537.09
2337.4	5532.39
2338.33	5528.2
2339.27	5524.29
2340.2	5522.93
2341.14	5535.11
2342.07	5507.62
2343.01	5495.68
2343.94	5451.99
2344.88	5454.53
2345.81	5471.4
2346.75	5506.07
2347.68	5486.14
2348.61	5476.45
2349.55	5462.43
2350.48	5451.55
2351.41	5442.63
2352.35	5434.28
2353.28	5427.84
2354.21	5423.67
2355.15	5421.49
2356.08	5421.42
2357.01	5423.44
2357.94	5427.58
2358.88	5430.73
2359.81	5429.56
2360.74	5430.14
2361.67	5417.06
2362.6	5405.9
2363.54	5394.64
2364.47	5383.57
2365.4	5371.88
2366.33	5369.42
2367.26	5368.06
2368.19	5367.18
2369.12	5364.03
2370.05	5356.62
2370.98	5343.08
2371.91	5334.35
2372.84	5332.17
2373.77	5333.16
2374.7	5343.89
2375.63	5353.47
2376.56	5357.51
2377.49	5358.63
2378.42	5355.77
2379.35	5351.13
2380.28	5343.88
2381.21	5338.27
2382.14	5328.61
2383.07	5318.07
2384	5309.24
2384.92	5308.74
2385.85	5323.25
2386.78	5327.94
2387.71	5327.1
2388.64	5322.94
2389.56	5317.16
2390.49	5291.46
2391.42	5281.3
2392.35	5271.96
2393.27	5266.19
2394.2	5262.83
2395.13	5260.37
2396.05	5257.62
2396.98	5256.44
2397.91	5256.38
2398.83	5257.06
2399.76	5258.8
2400.69	5261.26
2401.61	5264.14
2402.54	5266.22
2403.46	5260.03
2404.39	5248.74
2405.31	5239.53
2406.24	5238.25
2407.17	5236.95
2408.09	5233.75
2409.01	5229.1
2409.94	5222.55
2410.86	5213.88
2411.79	5201.95
2412.71	5188.67
2413.64	5179.53
2414.56	5174.61
2415.49	5173.41
2416.41	5173.37
2417.33	5172.39
2418.26	5170.15
2419.18	5166.58
2420.1	5162.3
2421.03	5156.41
2421.95	5148.73
2422.87	5139.15
2423.79	5125.68
2424.72	5110.19
2425.64	5104.45
2426.56	5107.03
2427.48	5109.3
2428.41	5110.83
2429.33	5101.61
2430.25	5091.33
2431.17	5087.4
2432.09	5087.03
2433.01	5082.51
2433.93	5079.42
2434.86	5070.96
2435.78	5060.77
2436.7	5054.28
2437.62	5045.76
2438.54	5038.1
2439.46	5032.92
2440.38	5034.19
2441.3	5037.5
2442.22	5036.42
2443.14	5030.18
2444.06	5021.22
2444.98	5011.46
2445.9	4999.19
2446.82	4985.33
2447.73	4970.76
2448.65	4959
2449.57	4951.72
2450.49	4942.78
2451.41	4938.7
2452.33	4936.65
2453.25	4946.05
2454.17	4957.32
2455.08	4970.21
2456	4971.63
2456.92	4963.4
2457.84	4948.9
2458.75	4940.46
2459.67	4939.62
2460.59	4938.82
2461.51	4932.83
2462.42	4922.35
2463.34	4906.33
2464.26	4900.9
2465.17	4893.7
2466.09	4886.7
2467	4880.1
2467.92	4881.85
2468.84	4880.73
2469.75	4869.73
2470.67	4858.82
2471.58	4850.81
2472.5	4858.97
2473.42	4870.3
2474.33	4878.96
2475.25	4882.67
2476.16	4878.21
2477.08	4870.92
2477.99	4860.16
2478.9	4844.3
2479.82	4825.48
2480.73	4813.29
2481.65	4803.81
2482.56	4797.39
2483.47	4793.8
2484.39	4794.26
2485.3	4797.67
2486.22	4803.83
2487.13	4812.68
2488.04	4811.92
2488.96	4806.71
2489.87	4795.4
2490.78	4782.39
2491.69	4787.38
2492.61	4784.82
2493.52	4783.58
2494.43	4784.24
2495.34	4787.07
2496.25	4788.11
2497.17	4787.83
2498.08	4786.6
2498.99	4779.28
2499.9	4770.46
2500.81	4758.51
2501.72	4746.27
2502.63	4741.44
2503.55	4739.47
2504.46	4738.93
2505.37	4739.46
2506.28	4740.53
2507.19	4741.99
2508.1	4742.15
2509.01	4742.83
2509.92	4743.12
2510.83	4743.21
2511.74	4742.91
2512.65	4742.09
2513.56	4739.63
2514.47	4729.48
2515.37	4719.25
2516.28	4712.81
2517.19	4705.9
2518.1	4703.12
2519.01	4701.66
2519.92	4702.8
2520.83	4705.4
2521.73	4709.01
2522.64	4712.2
2523.55	4705.91
2524.46	4698.19
2525.37	4685.48
2526.27	4666.78
2527.18	4642.28
2528.09	4613.65
2529	4633.39
2529.9	4625.78
2530.81	4621.42
2531.72	4619.73
2532.62	4620.55
2533.53	4623.54
2534.44	4628.09
2535.34	4632.21
2536.25	4623.18
2537.15	4602.95
2538.06	4589.94
2538.96	4585.12
2539.87	4587.07
2540.78	4593.84
2541.68	4602.67
2542.59	4604.97
2543.49	4604.13
2544.4	4597.74
2545.3	4594.59
2546.21	4588.16
2547.11	4581.71
2548.01	4574.6
2548.92	4565.36
2549.82	4552.77
2550.73	4536.21
2551.63	4524.29
2552.53	4523.05
2553.44	4523.48
2554.34	4531.36
2555.24	4532.19
2556.15	4529.64
2557.05	4518.55
2557.95	4511.5
2558.86	4505.28
2559.76	4500.27
2560.66	4497.49
2561.56	4495.98
2562.46	4494.07
2563.37	4492.02
2564.27	4489.88
2565.17	4486.4
2566.07	4481.34
2566.97	4474.9
2567.88	4466.82
2568.78	4458.92
2569.68	4452.71
2570.58	4449.71
2571.48	4445.75
2572.38	4441.5
2573.28	4436.87
2574.18	4431.6
2575.08	4425.48
2575.98	4418.8
2576.88	4411.57
2577.78	4403.64
2578.68	4395.15
2579.58	4385.95
2580.48	4376.25
2581.38	4366
2582.28	4356.1
2583.18	4352.38
2584.08	4356.76
2584.98	4360.19
2585.88	4361.34
2586.77	4360.22
2587.67	4358.75
2588.57	4352.75
2589.47	4345.97
2590.37	4337.41
2591.27	4327.94
2592.16	4318.8
2593.06	4315.54
2593.96	4314.63
2594.86	4315.59
2595.75	4317.08
2596.65	4320.96
2597.55	4317.28
2598.45	4309.13
2599.34	4299.5
2600.24	4285.85
2601.13	4277.14
2602.03	4269.45
2602.93	4275.42
2603.82	4281.95
2604.72	4285.39
2605.62	4284.29
2606.51	4279.63
2607.41	4273.13
2608.3	4268.59
2609.2	4265.05
2610.09	4265.45
2610.99	4263.33
2611.88	4258.9
2612.78	4252.63
2613.67	4243.86
2614.57	4235.07
2615.46	4229.46
2616.36	4225.49
2617.25	4224.28
2618.14	4224.59
2619.04	4218.24
2619.93	4208.16
2620.83	4196.25
2621.72	4185.89
2622.61	4178.07
2623.5	4173.9
2624.4	4175.21
2625.29	4181.35
2626.18	4188.82
2627.08	4189.43
2627.97	4180.95
2628.86	4172.91
2629.75	4164.79
2630.65	4158.15
2631.54	4151.57
2632.43	4145.56
2633.32	4140.37
2634.21	4135.47
2635.11	4130.72
2636	4125.8
2636.89	4119.27
2637.78	4114.2
2638.67	4109.18
2639.56	4104.76
2640.45	4098.7
2641.34	4091.85
2642.23	4085.88
2643.12	4080.73
2644.01	4077.28
2644.9	4075.05
2645.79	4073.79
2646.68	4073.5
2647.57	4074.23
2648.46	4075.07
2649.35	4072.58
2650.24	4062.35
2651.13	4051.44
2652.02	4039.48
2652.91	4022.13
2653.8	4021.21
2654.69	4018.89
2655.58	4015.37
2656.46	4010.09
2657.35	4000.13
2658.24	3989.18
2659.13	3980.5
2660.02	3973.91
2660.9	3969.41
2661.79	3966.87
2662.68	3969.75
2663.57	3972.47
2664.45	3976.1
2665.34	3980.41
2666.23	3984
2667.11	3984.62
2668	3984.86
2668.89	3984.45
2669.77	3977.3
2670.66	3972.44
2671.55	3968.66
2672.43	3965.83
2673.32	3965.72
2674.21	3961.33
2675.09	3952.35
2675.98	3932.63
2676.86	3923.72
2677.75	3918.14
2678.63	3915.67
2679.52	3916.19
2680.4	3914.88
2681.29	3911.63
2682.17	3906.69
2683.06	3902.03
2683.94	3897.2
2684.82	3891.94
2685.71	3886.28
2686.59	3880.11
2687.48	3873.33
2688.36	3865.65
2689.24	3857.11
2690.13	3848.05
2691.01	3839.08
2691.89	3831.53
2692.78	3825.51
2693.66	3820.99
2694.54	3816.55
2695.43	3812.94
2696.31	3810.29
2697.19	3808.15
2698.07	3806.21
2698.96	3803.99
2699.84	3802.42
2700.72	3801.01
2701.6	3799.48
2702.48	3797.03
2703.36	3792.11
2704.25	3786.2
2705.13	3779.12
2706.01	3770.97
2706.89	3762.09
2707.77	3752.92
2708.65	3747.68
2709.53	3747.33
2710.41	3745.58
2711.29	3744.37
2712.17	3740.71
2713.05	3735.27
2713.93	3729.36
2714.81	3724.67
2715.69	3718.32
2716.57	3723.5
2717.45	3734.91
2718.33	3745.16
2719.21	3748.19
2720.09	3745.42
2720.97	3733.1
2721.85	3719.7
2722.73	3709.01
2723.61	3699.42
2724.48	3690.68
2725.36	3683.42
2726.24	3677.53
2727.12	3672.85
2728	3669.59
2728.88	3667.8
2729.75	3667.84
2730.63	3670.16
2731.51	3673.22
2732.39	3676.44
2733.26	3674.41
2734.14	3665.99
2735.02	3659.8
2735.89	3655.07
2736.77	3650.51
2737.65	3653.34
2738.52	3658.53
2739.4	3676.8
2740.28	3652.08
2741.15	3651.05
2742.03	3649.27
2742.9	3651.36
2743.78	3644.55
2744.65	3636.78
2745.53	3627.26
2746.41	3620.54
2747.28	3607.53
2748.16	3615.15
2749.03	3621.49
2749.91	3634.59
2750.78	3644.23
2751.66	3635.25
2752.53	3614.03
2753.4	3589.15
2754.28	3581.53
2755.15	3578.56
2756.02	3577.71
2756.9	3587.06
2757.77	3588.87
2758.65	3590.33
2759.52	3581.66
2760.39	3567.93
2761.27	3558.88
2762.14	3553.94
2763.01	3550.22
2763.88	3547.15
2764.76	3543.97
2765.63	3541.83
2766.5	3540.35
2767.37	3539.78
2768.25	3539.8
2769.12	3540.69
2769.99	3542.63
2770.86	3546.33
2771.73	3538.54
2772.61	3530.62
2773.48	3517.41
2774.35	3504.84
2775.22	3491.7
2776.09	3489.56
2776.96	3489.55
2777.83	3489.83
2778.7	3491.34
2779.57	3494.8
2780.44	3489.96
2781.31	3486.32
2782.18	3480.97
2783.05	3473.84
2783.92	3469.61
2784.79	3465.69
2785.66	3464.43
2786.53	3463.13
2787.4	3462.79
2788.27	3462.68
2789.14	3461.45
2790.01	3460.53
2790.88	3447.35
2791.75	3431.13
2792.62	3419.9
2793.48	3412.32
2794.35	3410.87
2795.22	3411.23
2796.09	3412.71
2796.96	3414.27
2797.82	3415.83
2798.69	3417.22
2799.56	3418.61
2800.43	3419.72
2801.29	3420.65
2802.16	3420.72
2803.03	3416.04
2803.9	3411.29
2804.76	3405.87
2805.63	3400.2
2806.5	3393.51
2807.36	3392.72
2808.23	3392.18
2809.09	3392.25
2809.96	3385.66
2810.83	3374.87
2811.69	3364.93
2812.56	3354.24
2813.42	3345.98
2814.29	3340.63
2815.15	3337.24
2816.02	3334.96
2816.88	3334.41
2817.75	3335.84
2818.61	3338.96
2819.48	3341.15
2820.34	3339.18
2821.21	3335.99
2822.07	3331.86
2822.94	3325.82
2823.8	3318.71
2824.66	3311.34
2825.53	3304.21
2826.39	3301.55
2827.26	3296
2828.12	3297.24
2828.98	3296.42
2829.85	3309.99
2830.71	3309.89
2831.57	3301.29
2832.43	3288.1
2833.3	3283.24
2834.16	3277.44
2835.02	3272.29
2835.88	3268.03
2836.75	3264.61
2837.61	3262
2838.47	3260.01
2839.33	3258.61
2840.19	3257.8
2841.06	3257.39
2841.92	3257.37
2842.78	3257.55
2843.64	3258.31
2844.5	3257.33
2845.36	3253.12
2846.22	3248.21
2847.08	3243.17
2847.94	3237.6
2848.81	3232.14
2849.67	3229.9
2850.53	3228.68
2851.39	3228.78
2852.25	3230.21
2853.11	3231.46
2853.97	3230.51
2854.82	3226.29
2855.68	3215.71
2856.54	3202.08
2857.4	3193.91
2858.26	3188.04
2859.12	3188.25
2859.98	3190.16
2860.84	3194.94
2861.7	3196.45
2862.56	3197.05
2863.41	3196.36
2864.27	3194.42
2865.13	3191.35
2865.99	3187.6
2866.85	3183.57
2867.7	3179.37
2868.56	3174.57
2869.42	3169.47
2870.28	3164.13
2871.13	3159.38
2871.99	3156.1
2872.85	3156.99
2873.7	3161.63
2874.56	3164.94
2875.42	3163.61
2876.27	3159.15
2877.13	3148.6
2877.99	3141.45
2878.84	3141.88
2879.7	3141.32
2880.56	3140.09
2881.41	3136.1
2882.27	3131.52
2883.12	3125.48
2883.98	3118.28
2884.83	3109.18
2885.69	3104.15
2886.54	3100.19
2887.4	3096.45
2888.25	3092.99
2889.11	3089.56
2889.96	3086.14
2890.82	3082.92
2891.67	3079.99
2892.52	3077.78
2893.38	3075.9
2894.23	3079.04
2895.09	3076.68
2895.94	3073.68
2896.79	3070.66
2897.65	3067.34
2898.5	3064.93
2899.35	3066.4
2900.21	3062.75
2901.06	3055.6
2901.91	3040.72
2902.76	3030.3
2903.62	3019.71
2904.47	3022.05
2905.32	3044.9
2906.17	3032.94
2907.03	3023.74
2907.88	3017.48
2908.73	3013.71
2909.58	3013.31
2910.43	3017.36
2911.28	3018.95
2912.14	3019.75
2912.99	3018.3
2913.84	3018.49
2914.69	3007.93
2915.54	3000.86
2916.39	2993.02
2917.24	2984.82
2918.09	2978.55
2918.94	2972.61
2919.79	2967.37
2920.64	2962.52
2921.49	2958.12
2922.34	2954.11
2923.19	2950
2924.04	2946.23
2924.89	2942.84
2925.74	2939.61
2926.59	2942.16
2927.44	2944.22
2928.29	2946.14
2929.14	2946.96
2929.98	2947.09
2930.83	2946.07
2931.68	2944.21
2932.53	2941.49
2933.38	2938.54
2934.23	2934.95
2935.07	2930.78
2935.92	2925.52
2936.77	2917.45
2937.62	2909.07
2938.47	2900.48
2939.31	2890.68
2940.16	2889.95
2941.01	2892.98
2941.85	2896.44
2942.7	2895.86
2943.55	2893.58
2944.39	2888.24
2945.24	2885.02
2946.09	2872.27
2946.93	2856.68
2947.78	2854.64
2948.63	2862.8
2949.47	2866.53
2950.32	2871.73
2951.16	2863.9
2952.01	2857.56
2952.85	2851.31
2953.7	2840.86
2954.55	2827.81
2955.39	2822.24
2956.24	2821.28
2957.08	2824.09
2957.92	2826.95
2958.77	2827.3
2959.61	2827.13
2960.46	2825.42
2961.3	2821.95
2962.15	2816.63
2962.99	2809.91
2963.83	2801.28
2964.68	2792.6
2965.52	2786.94
2966.37	2786.69
2967.21	2784.84
2968.05	2784
2968.9	2784.05
2969.74	2784.95
2970.58	2786.52
2971.42	2789.04
2972.27	2791.94
2973.11	2797.08
2973.95	2801.8
2974.79	2805.19
2975.64	2804.44
2976.48	2802.75
2977.32	2799.17
2978.16	2792.47
2979	2783.62
2979.85	2774.25
2980.69	2766.89
2981.53	2790.19
2982.37	2808.73
2983.21	2805.04
2984.05	2789.39
2984.89	2766.94
2985.73	2739.43
2986.57	2733.35
2987.41	2728.35
2988.25	2724.02
2989.1	2724.25
2989.94	2728.16
2990.77	2733.36
2991.62	2736.89
2992.45	2738.84
2993.29	2739.23
2994.13	2737.96
2994.97	2735.13
2995.81	2730.54
2996.65	2724.49
2997.49	2714.74
2998.33	2707.26
2999.17	2706.44
