200.833	13378
202.102	13509.2
203.371	13521.1
204.639	13532.2
205.907	13522.7
207.175	13502.8
208.442	13472.7
209.71	13482.3
210.977	13493.9
212.244	13522.9
213.511	13552
214.777	13587.7
216.042	13613.5
217.309	13643.1
218.575	13684.3
219.84	13700.9
221.106	13712.8
222.371	13716.9
223.635	13712.6
224.9	13731.9
226.165	13755.1
227.429	13813.1
228.694	13855.6
229.956	13850.5
231.22	13858
232.484	13879
233.747	13910.8
235.011	13937.4
236.272	13967.1
237.535	13999.2
238.798	14032.4
240.06	14068.7
241.321	14096.4
242.583	14112.8
243.845	14129.4
245.105	14133.3
246.367	14142
247.628	14150.3
248.888	14174
250.149	14198.9
251.409	14212.9
252.67	14220.9
253.928	14215
255.189	14209.7
256.447	14208.6
257.707	14212.1
258.966	14220.4
260.224	14235.2
261.483	14255.7
262.742	14275.8
263.999	14295.9
265.257	14315.1
266.514	14338.4
267.772	14343.5
269.028	14346.4
270.286	14340.9
271.543	14339.5
272.799	14364.9
274.056	14396
275.311	14424.5
276.568	14451.4
277.823	14476.2
279.079	14499.1
280.333	14519.3
281.589	14537.3
282.843	14553.5
284.099	14568.2
285.352	14582.3
286.607	14598.5
287.86	14615.8
289.114	14632.6
290.368	14649
291.621	14664.2
292.875	14677.9
294.127	14689.8
295.38	14699.9
296.632	14708.2
297.884	14714.6
299.137	14720.9
300.388	14729.5
301.641	14753.9
302.891	14773.1
304.142	14790
305.394	14804.1
306.644	14817.7
307.894	14810.5
309.146	14811.8
310.395	14806.9
311.645	14806.2
312.895	14801.9
314.144	14802.9
315.393	14809.2
316.642	14821.2
317.892	14835.8
319.14	14852.6
320.388	14870.9
321.637	14892.9
322.885	14916.3
324.132	14940.1
325.38	14963
326.628	14980.1
327.875	14995.2
329.122	15012.1
330.368	15030.9
331.614	15047.7
332.862	15066
334.108	15065.7
335.353	15064.5
336.599	15067.7
337.844	15074
339.089	15083.8
340.335	15096
341.58	15110.8
342.824	15129
344.068	15150.3
345.312	15175.4
346.556	15202.8
347.8	15214
349.043	15195.6
350.286	15194.2
351.53	15206.7
352.774	15218.4
354.016	15232.7
355.259	15249.5
356.501	15269.7
357.743	15280.7
358.985	15282.1
360.227	15274.6
361.468	15253.6
362.709	15250.6
363.95	15267.6
365.191	15276
366.432	15283.6
367.672	15289.7
368.912	15291.2
370.152	15293.8
371.392	15293.7
372.632	15293.5
373.871	15293.1
375.11	15293.2
376.348	15293.1
377.587	15296.8
378.825	15306.5
380.064	15323.4
381.302	15351.2
382.54	15389.3
383.778	15433.1
385.016	15479.1
386.253	15506.2
387.489	15514
388.726	15511.7
389.963	15499.9
391.199	15490.2
392.436	15487.2
393.672	15490.3
394.907	15504.1
396.142	15526.8
397.378	15532.7
398.614	15530.6
399.849	15528.8
401.082	15531.8
402.317	15536.1
403.552	15542.7
404.786	15553.3
406.019	15566.1
407.253	15580.5
408.487	15594.4
409.721	15607.2
410.953	15618.4
412.186	15627.9
413.419	15636.4
414.651	15643.6
415.883	15649.5
417.116	15654.2
418.347	15657.5
419.579	15660
420.811	15660.9
422.041	15660.9
423.272	15659.5
424.504	15657.7
425.733	15656.9
426.964	15656.2
428.194	15654.9
429.424	15654
430.654	15653.8
431.883	15654.5
433.113	15659.8
434.341	15671.4
435.571	15681.8
436.799	15693.8
438.028	15706.9
439.257	15715.9
440.484	15708.3
441.713	15728.9
442.94	15746.3
444.168	15761
445.394	15772.5
446.622	15780.2
447.848	15791.8
449.076	15805.9
450.301	15817.6
451.528	15824.3
452.754	15812.9
453.979	15786.8
455.205	15789.4
456.43	15822.7
457.656	15883.9
458.88	15830.9
460.106	15818
461.33	15817
462.554	15816.8
463.779	15811.8
465.002	15815.3
466.225	15821.4
467.45	15831
468.672	15843.4
469.895	15858.4
471.119	15875
472.341	15883.9
473.563	15885.2
474.786	15855.6
476.008	15839.9
477.229	15843.4
478.452	15855
479.673	15869.6
480.894	15883.5
482.115	15878.1
483.337	15870.6
484.557	15862.8
485.777	15835
486.997	15810.8
488.218	15798.2
489.438	15802.6
490.657	15808.2
491.876	15814.3
493.096	15816.6
494.315	15815.9
495.533	15813.6
496.752	15810.1
497.97	15808.5
499.188	15810.2
500.407	15813.9
501.625	15819.1
502.842	15827.1
504.059	15837.4
505.276	15853.3
506.493	15855.2
507.71	15844.6
508.926	15840.5
510.142	15839.1
511.358	15838.4
512.575	15844.1
513.791	15852.7
515.006	15864
516.222	15878.5
517.437	15895
518.651	15891.8
519.866	15898.1
521.081	15898.6
522.295	15902.7
523.509	15925.7
524.723	15951.8
525.937	15968.1
527.15	15982.7
528.363	15996.9
529.576	16009.7
530.789	16021.4
532.002	16032.4
533.215	16043.6
534.426	16054.5
535.638	16069
536.85	16071.3
538.061	16051.8
539.273	16027.9
540.484	16008
541.695	15998.4
542.906	15994
544.117	15992.6
545.327	15995.9
546.537	16004.5
547.747	16014.8
548.957	16026.4
550.167	16036.5
551.377	16045.2
552.585	16052.2
553.794	16055.1
555.003	16053.7
556.212	16049
557.421	16042.6
558.628	16038.1
559.836	16035.9
561.044	16035.8
562.252	16037.9
563.458	16042.1
564.666	16048.2
565.873	16056.4
567.08	16066.2
568.286	16077.7
569.493	16085
570.699	16086.6
571.904	16078.6
573.111	16046
574.317	16055.9
575.521	16083.6
576.727	16102.4
577.932	16109.7
579.136	16108.1
580.341	16101.7
581.544	16091.1
582.749	16090.7
583.954	16083
585.156	16091
586.361	16119
587.563	16159.9
588.767	16129.1
589.97	16120
591.172	16106.6
592.375	16095.9
593.577	16089
594.78	16086.1
595.981	16090.9
597.183	16096.2
598.384	16102.6
599.586	16108.4
600.786	16112.4
601.988	16115.5
603.188	16117
604.389	16116.6
605.589	16113.8
606.79	16106.8
607.989	16087.4
609.188	16068.4
610.389	16052.9
611.587	16041.5
612.787	16034
613.986	16029.7
615.184	16029
616.383	16032.2
617.581	16028.3
618.78	16015.6
619.977	15996.6
621.174	15977.3
622.373	15960.6
623.57	15942.3
624.766	15923.3
625.964	15904.8
627.16	15887.3
628.356	15872.3
629.554	15863.1
630.749	15872.6
631.945	15899.1
633.14	15918.4
634.337	15920.6
635.532	15894.2
636.726	15870.3
637.921	15848.2
639.117	15828.2
640.311	15811.1
641.505	15799.8
642.699	15793.4
643.892	15801.8
645.087	15820.6
646.28	15841.6
647.473	15853.5
648.666	15860.3
649.859	15863.7
651.051	15865
652.245	15865
653.437	15863.4
654.629	15862.3
655.821	15865.7
657.012	15868.3
658.204	15869.7
659.395	15870.1
660.586	15868.4
661.777	15865.6
662.967	15859.1
664.158	15864.4
665.349	15881.9
666.539	15897.6
667.729	15909.4
668.919	15919.2
670.109	15926.7
671.298	15932.8
672.487	15936.9
673.676	15937.1
674.865	15934.3
676.053	15928.6
677.242	15923.3
678.43	15922.3
679.616	15930.4
680.804	15938.8
681.992	15951.9
683.179	15965.4
684.366	15973.7
685.554	15973.7
686.74	15950.9
687.927	15931.8
689.114	15914.6
690.3	15901.8
691.486	15898.2
692.671	15897.7
693.856	15892
695.042	15884.7
696.227	15876.1
697.413	15867.8
698.598	15859
699.781	15854.8
700.966	15844.7
702.15	15829.6
703.334	15815.6
704.518	15804.4
705.701	15795.7
706.885	15791
708.068	15789.1
709.252	15788.2
710.433	15788.7
711.616	15786.9
712.799	15782.5
713.98	15776.3
715.163	15767
716.345	15758.5
717.527	15752.3
718.707	15748.1
719.889	15742.7
721.071	15741.4
722.25	15746.9
723.432	15762.5
724.611	15787.9
725.792	15802
726.972	15808.9
728.151	15810.9
729.332	15790.8
730.512	15779.5
731.69	15769
732.87	15763.5
734.048	15763.8
735.227	15769.5
736.405	15779.8
737.584	15795.1
738.761	15814.6
739.94	15839.7
741.117	15803.6
742.295	15805.6
743.471	15809.6
744.649	15821.3
745.825	15835.6
747.003	15838.5
748.179	15845.3
749.356	15849.6
750.531	15855.6
751.708	15862.9
752.883	15876.5
754.059	15884.7
755.234	15858.3
756.409	15838.9
757.585	15827.8
758.759	15824.6
759.934	15831
761.108	15843.4
762.282	15848.1
763.456	15848.9
764.63	15845.8
765.803	15836.9
766.977	15813.7
768.15	15788.6
769.323	15761
770.496	15740.4
771.668	15721.9
772.841	15705.9
774.014	15692.7
775.185	15682.5
776.357	15675.6
777.528	15671.8
778.701	15671.3
779.872	15674.1
781.042	15674.8
782.213	15670.5
783.383	15655.8
784.555	15634.3
785.725	15617.2
786.895	15617
788.064	15612.8
789.234	15605
790.404	15592
791.573	15569
792.742	15551.3
793.911	15542
795.08	15539.3
796.248	15540.6
797.416	15546.1
798.584	15559.4
799.753	15577.3
800.921	15595.2
802.088	15610.7
803.256	15615
804.423	15613.6
805.59	15605.4
806.756	15592.1
807.923	15574.1
809.089	15551.9
810.256	15528.1
811.422	15507
812.587	15514.5
813.753	15538.1
814.918	15568.9
816.084	15603.2
817.249	15591.7
818.414	15535.5
819.578	15425.2
820.743	15508.5
821.907	15554.6
823.072	15522.6
824.236	15522.1
825.399	15528.1
826.562	15542.4
827.725	15547.8
828.889	15567.5
830.052	15583.8
831.215	15580.7
832.377	15571.5
833.54	15559.1
834.701	15556.6
835.863	15556.2
837.025	15557.8
838.187	15561.7
839.349	15567.9
840.51	15576.2
841.67	15587
842.831	15588.9
843.992	15583
845.153	15566.1
846.312	15545.2
847.473	15528.7
848.633	15510.2
849.793	15494.3
850.951	15478.6
852.111	15468.6
853.27	15459.9
854.428	15452.2
855.588	15445.4
856.747	15439.1
857.904	15432.8
859.063	15418.8
860.221	15407.6
861.378	15395.9
862.536	15383.9
863.694	15373.3
864.85	15364.9
866.008	15359.7
867.164	15354.9
868.321	15348.5
869.478	15340.5
870.633	15324
871.79	15309.5
872.945	15291.7
874.101	15274.2
875.256	15257.1
876.412	15242.1
877.566	15237.6
878.722	15236.8
879.876	15213.6
881.031	15192.2
882.185	15171.8
883.34	15155.3
884.493	15146.4
885.647	15142.8
886.8	15136.1
887.954	15130.7
889.107	15125.5
890.261	15120
891.413	15113.7
892.565	15107.8
893.718	15103.4
894.87	15102
896.023	15108.8
897.174	15113.6
898.326	15113.9
899.478	15112.2
900.629	15109.1
901.779	15104.6
902.931	15098.7
904.081	15092.4
905.231	15088
906.383	15083.9
907.532	15081
908.682	15087.2
909.831	15092.3
910.982	15122.4
912.131	15146
913.28	15164.1
914.429	15175.9
915.578	15182.2
916.727	15182.8
917.875	15179.7
919.023	15180.1
920.171	15177.2
921.32	15171.8
922.467	15163.7
923.614	15153.3
924.761	15139.4
925.908	15117.2
927.055	15103.9
928.203	15098.3
929.349	15098.4
930.496	15103.1
931.642	15106.2
932.787	15107.5
933.933	15107.4
935.079	15106
936.224	15102.8
937.369	15098.3
938.514	15092.3
939.659	15085.2
940.804	15075.6
941.948	15065
943.092	15053.8
944.236	15042.6
945.38	15038.2
946.524	15034.9
947.667	15032.2
948.811	15031.4
949.954	15030.2
951.097	15033.7
952.24	15015.9
953.383	14996.5
954.525	14978.8
955.667	14963
956.81	14975.8
957.952	14986.5
959.093	14983.7
960.235	14963.9
961.376	14909.8
962.516	14881.8
963.658	14876.2
964.798	14893
965.939	14932.5
967.08	14943.3
968.22	14912
969.359	14901.2
970.499	14893.2
971.639	14881.4
972.779	14871.3
973.918	14855
975.056	14839.7
976.195	14831.1
977.334	14826.8
978.473	14831.7
979.61	14836.5
980.749	14839.7
981.887	14842.1
983.024	14842
984.162	14830.3
985.3	14811.6
986.437	14798.3
987.573	14792.7
988.711	14796.5
989.848	14809.3
990.983	14828.1
992.12	14842.7
993.255	14851.4
994.392	14852.7
995.528	14842.9
996.662	14823.4
997.798	14809.6
998.933	14811.3
1000.07	14822.3
1001.2	14846.2
1002.34	14854.5
1003.47	14822.1
1004.61	14809.4
1005.74	14796.7
1006.87	14785.7
1008.01	14778.2
1009.14	14778.2
1010.27	14783.9
1011.41	14785.1
1012.54	14784.4
1013.67	14770.5
1014.81	14764.6
1015.94	14762.8
1017.07	14763.3
1018.2	14765.1
1019.33	14768.6
1020.47	14771.9
1021.6	14774.6
1022.73	14760.2
1023.86	14738.9
1024.99	14715
1026.12	14699.2
1027.25	14685.2
1028.38	14674.9
1029.51	14667.9
1030.64	14665.2
1031.77	14665.4
1032.9	14668.8
1034.03	14673.1
1035.16	14670.6
1036.29	14663.2
1037.42	14654.8
1038.55	14644.6
1039.67	14632.8
1040.8	14619.9
1041.93	14605.6
1043.06	14589.8
1044.19	14571.7
1045.31	14551
1046.44	14524.9
1047.57	14501.7
1048.69	14490.3
1049.82	14489.4
1050.95	14486.1
1052.08	14483.1
1053.2	14479.6
1054.33	14479.5
1055.45	14480.7
1056.58	14480.1
1057.7	14476
1058.83	14459.7
1059.95	14441.5
1061.08	14419.3
1062.2	14396.2
1063.33	14387.2
1064.45	14377.5
1065.58	14377
1066.7	14374.2
1067.83	14373.1
1068.95	14372.9
1070.07	14373.4
1071.2	14374.2
1072.32	14375.3
1073.44	14376.2
1074.56	14376.9
1075.69	14377.6
1076.81	14374.2
1077.93	14366
1079.05	14354.3
1080.17	14342
1081.3	14334.3
1082.42	14329.4
1083.54	14327.7
1084.66	14329.2
1085.78	14333.6
1086.9	14341
1088.02	14351.6
1089.14	14362.3
1090.26	14372.9
1091.38	14383.7
1092.5	14393.6
1093.62	14395.8
1094.74	14391.2
1095.86	14383.8
1096.98	14379.8
1098.1	14376.1
1099.22	14371.2
1100.34	14367.4
1101.45	14363.2
1102.57	14360
1103.69	14358.2
1104.81	14361.6
1105.93	14369.3
1107.04	14369.1
1108.16	14358.3
1109.28	14339.5
1110.4	14312.9
1111.51	14280
1112.63	14259.3
1113.75	14247.4
1114.86	14236.8
1115.98	14240
1117.09	14242.6
1118.21	14240.7
1119.32	14234.4
1120.44	14218.1
1121.55	14201.6
1122.67	14181.7
1123.78	14165.4
1124.9	14151
1126.01	14139.1
1127.13	14129.4
1128.24	14122.1
1129.35	14117.1
1130.47	14114.4
1131.58	14114.1
1132.7	14115.9
1133.81	14112.7
1134.92	14089.1
1136.03	14063.9
1137.15	14039.3
1138.26	14014.1
1139.37	13981.5
1140.48	13968.2
1141.59	13965.6
1142.71	13960.2
1143.82	13951.1
1144.93	13938.6
1146.04	13922.8
1147.15	13903.1
1148.26	13891.2
1149.37	13856.1
1150.48	13788.6
1151.59	13790.3
1152.7	13804.1
1153.81	13825.2
1154.92	13844.7
1156.03	13840.6
1157.14	13830.4
1158.25	13811.3
1159.36	13787.2
1160.47	13727.7
1161.58	13875.9
1162.68	13893
1163.79	13867
1164.9	13821.9
1166.01	13788.9
1167.12	13734.4
1168.22	13740.7
1169.33	13748.3
1170.44	13756.1
1171.55	13764.9
1172.65	13776.2
1173.76	13786.9
1174.87	13796.4
1175.97	13802.7
1177.08	13807.1
1178.18	13809.2
1179.29	13809.1
1180.4	13805.4
1181.5	13791.4
1182.61	13778.9
1183.71	13766.5
1184.82	13775.8
1185.92	13780.4
1187.02	13780.9
1188.13	13778.2
1189.23	13773.6
1190.34	13769.7
1191.44	13766.9
1192.54	13766.7
1193.65	13768
1194.75	13770.3
1195.85	13772.4
1196.96	13775.8
1198.06	13775.8
1199.16	13772.4
1200.26	13765.2
1201.37	13753.2
1202.47	13738.2
1203.57	13744.9
1204.67	13767.6
1205.77	13780.2
1206.87	13787.4
1207.97	13787.6
1209.08	13779.2
1210.18	13755.2
1211.28	13740.6
1212.38	13726
1213.48	13716
1214.58	13709.6
1215.68	13700.4
1216.78	13694.6
1217.88	13690.8
1218.98	13689.8
1220.07	13692.2
1221.17	13700.3
1222.27	13710.6
1223.37	13714.8
1224.47	13716.6
1225.57	13701.7
1226.66	13668.3
1227.76	13642
1228.86	13620.4
1229.96	13620.5
1231.06	13607.3
1232.15	13609.9
1233.25	13545.8
1234.35	13513.4
1235.44	13503.4
1236.54	13496.9
1237.63	13494.5
1238.73	13501.1
1239.83	13504.7
1240.92	13511.6
1242.02	13491.4
1243.11	13479.8
1244.21	13463.9
1245.3	13451.3
1246.4	13438.2
1247.49	13426.1
1248.59	13427.3
1249.68	13425.4
1250.78	13425.9
1251.87	13425.3
1252.96	13423.8
1254.06	13420.9
1255.15	13413
1256.24	13404.5
1257.34	13408.2
1258.43	13425.9
1259.52	13442.1
1260.62	13462.8
1261.71	13467.9
1262.8	13454.3
1263.89	13423.4
1264.98	13391.1
1266.08	13366
1267.17	13354.4
1268.26	13355.7
1269.35	13360.1
1270.44	13364.6
1271.53	13370.4
1272.62	13376.1
1273.71	13380.6
1274.8	13384.4
1275.89	13388.1
1276.98	13390
1278.07	13390.3
1279.16	13390.3
1280.25	13389.9
1281.34	13389.1
1282.43	13388
1283.52	13387.4
1284.61	13387.9
1285.69	13387.5
1286.78	13386.4
1287.87	13384.3
1288.96	13376.7
1290.05	13368
1291.13	13358.7
1292.22	13348.9
1293.31	13347.4
1294.4	13344
1295.48	13361.4
1296.57	13377.4
1297.66	13391.7
1298.74	13391.4
1299.83	13388.9
1300.92	13384.7
1302	13378.9
1303.09	13370.8
1304.17	13361.8
1305.26	13352.7
1306.34	13347.7
1307.43	13350.2
1308.51	13359.1
1309.6	13358.3
1310.68	13354
1311.76	13342.9
1312.85	13337.8
1313.93	13333.7
1315.02	13333.8
1316.1	13332
1317.18	13326.2
1318.27	13310.8
1319.35	13307
1320.43	13317.5
1321.52	13308.7
1322.6	13293.3
1323.68	13280.4
1324.76	13269.8
1325.85	13262.2
1326.93	13254.6
1328.01	13248.2
1329.09	13242.8
1330.17	13239.3
1331.25	13235.9
1332.33	13230.8
1333.41	13223.5
1334.49	13209.9
1335.58	13195.4
1336.65	13178
1337.74	13160.1
1338.82	13139.4
1339.89	13134.1
1340.97	13137.5
1342.05	13145.8
1343.13	13145.6
1344.21	13143
1345.29	13139.4
1346.37	13132.1
1347.45	13123
1348.53	13108.2
1349.6	13093.9
1350.68	13084.1
1351.76	13083.5
1352.84	13106
1353.92	13113.4
1354.99	13092
1356.07	13085.2
1357.15	13081
1358.22	13077.4
1359.3	13074.8
1360.38	13073.7
1361.45	13074.8
1362.53	13076.4
1363.61	13078.3
1364.68	13080.7
1365.76	13080.9
1366.83	13075.6
1367.91	13075.1
1368.98	13072.8
1370.06	13068.8
1371.13	13067.9
1372.21	13067.8
1373.28	13068.1
1374.35	13069
1375.43	13071
1376.5	13071.6
1377.58	13057.1
1378.65	13040.7
1379.72	13025.4
1380.8	13018.5
1381.87	13016
1382.94	13018.5
1384.01	13027
1385.09	13035.2
1386.16	13041.1
1387.23	13040.9
1388.3	13038.4
1389.38	13031.3
1390.45	13021.4
1391.52	13008.4
1392.59	12992.2
1393.66	12972.3
1393.92	12966.6
1395	12947
1396.07	12933.3
1397.15	12924.8
1398.22	12935.3
1399.3	12942.9
1400.38	12946.8
1401.45	12955.2
1402.53	12953.9
1403.6	12945.8
1404.68	12932.7
1405.75	12902.8
1406.82	12905.1
1407.9	12910.3
1408.97	12910.4
1410.05	12908.5
1411.12	12904.7
1412.19	12898.8
1413.27	12890.7
1414.34	12880.6
1415.41	12869.1
1416.49	12855.9
1417.56	12851.9
1418.63	12850
1419.7	12854.1
1420.78	12860.4
1421.85	12851.4
1422.92	12832.3
1423.99	12810.2
1425.06	12795.6
1426.14	12783.5
1427.21	12773.3
1428.28	12766.8
1429.35	12763.4
1430.42	12763.3
1431.49	12766.4
1432.56	12772.5
1433.63	12781.2
1434.7	12781.2
1435.77	12780
1436.84	12770.8
1437.91	12752.7
1438.98	12752.8
1440.05	12748.9
1441.12	12740
1442.18	12742.4
1443.25	12674.7
1444.32	12652.5
1445.39	12659.7
1446.46	12669.2
1447.53	12678.7
1448.59	12688.5
1449.66	12694.7
1450.73	12695
1451.8	12690.2
1452.86	12680.5
1453.93	12667.2
1455	12660.3
1456.06	12666.1
1457.13	12680.4
1458.2	12689
1459.26	12690.3
1460.33	12689.3
1461.39	12684.5
1462.46	12673.6
1463.52	12659.5
1464.59	12644.6
1465.65	12632.5
1466.72	12626.3
1467.78	12621.6
1468.85	12619.5
1469.91	12620.5
1470.98	12624.2
1472.04	12630.8
1473.1	12638.7
1474.17	12643.7
1475.23	12647.6
1476.3	12650.9
1477.36	12650
1478.42	12649.3
1479.48	12635.8
1480.55	12603.6
1481.61	12615.8
1482.67	12669.5
1483.73	12649.6
1484.8	12630.1
1485.86	12598.7
1486.92	12576.8
1487.98	12571.5
1489.04	12563.7
1490.1	12553.4
1491.17	12541.7
1492.23	12524.8
1493.29	12518.2
1494.35	12508.2
1495.41	12516.7
1496.47	12533.6
1497.53	12538.8
1498.59	12535.1
1499.65	12531.6
1500.71	12520.7
1501.77	12488.6
1502.83	12480.6
1503.88	12479.2
1504.94	12483.2
1506	12490.1
1507.06	12490.9
1508.12	12480.8
1509.18	12456.1
1510.23	12435.7
1511.29	12418.8
1512.35	12404.8
1513.41	12395
1514.47	12389.5
1515.52	12392.2
1516.58	12386.4
1517.64	12379.9
1518.69	12373.4
1519.75	12367.1
1520.81	12376.7
1521.86	12404
1522.92	12469.4
1523.97	12437.1
1525.03	12368.7
1526.08	12351.2
1527.14	12348.1
1528.2	12338
1529.25	12332.1
1530.31	12330.6
1531.36	12329.7
1532.42	12327.5
1533.47	12322.4
1534.52	12313.8
1535.58	12301.7
1536.63	12283.6
1537.69	12260.8
1538.74	12237
1539.79	12228.2
1540.84	12231.9
1541.9	12237.4
1542.95	12245.8
1544	12242.6
1545.06	12242.7
1546.11	12241.8
1547.16	12239.5
1548.21	12235.4
1549.27	12229.6
1550.32	12221
1551.37	12210.5
1552.42	12198.3
1553.47	12183.4
1554.52	12179.3
1555.57	12188.9
1556.62	12196.7
1557.67	12201.8
1558.72	12205.2
1559.77	12206.7
1560.82	12208.1
1561.87	12207.7
1562.92	12204.3
1563.97	12195.6
1565.02	12181
1566.07	12163.5
1567.12	12147.2
1568.17	12173.5
1569.22	12198.8
1570.27	12171.3
1571.32	12161.4
1572.36	12160.8
1573.41	12166.2
1574.46	12164.3
1575.51	12157.2
1576.56	12147.3
1577.6	12136.6
1578.65	12125.3
1579.7	12114.5
1580.74	12104.1
1581.79	12099.1
1582.84	12130.4
1583.88	12146.3
1584.93	12145.2
1585.98	12129.3
1587.02	12101
1588.07	12084.8
1589.11	12076.1
1590.16	12077.9
1591.2	12083.7
1592.25	12084.7
1593.29	12084
1594.34	12081.4
1595.38	12074.8
1596.43	12063.2
1597.47	12042
1598.52	12019.1
1599.56	11997.5
1600.6	11986
1601.65	11974.7
1602.69	11967.2
1603.73	11967.1
1604.78	11968.8
1605.82	11967.8
1606.86	11967.4
1607.91	11968.5
1608.95	11969.1
1609.99	11969
1611.03	11966.8
1612.08	11960.4
1613.12	11940.1
1614.16	11901.3
1615.2	11878.2
1616.24	11862.6
1617.28	11847.1
1618.32	11845.5
1619.36	11846.2
1620.41	11847.7
1621.45	11847.5
1622.49	11847.5
1623.53	11846.2
1624.57	11843.2
1625.61	11837.8
1626.65	11829.4
1627.69	11819.4
1628.73	11802.6
1629.76	11784.2
1630.8	11764.7
1631.84	11744.8
1632.88	11727.5
1633.92	11712.9
1634.96	11699.5
1636	11687
1637.03	11675.1
1638.07	11664.7
1639.11	11656.6
1640.15	11653
1641.19	11651.8
1642.22	11651.8
1643.26	11652.3
1644.3	11649.1
1645.33	11645.3
1646.37	11640.2
1647.41	11634
1648.44	11626.6
1649.48	11618.1
1650.52	11608.2
1651.55	11597.3
1652.59	11585.1
1653.62	11572.4
1654.66	11564.1
1655.69	11562
1656.73	11565.3
1657.76	11566.9
1658.8	11565.2
1659.83	11564.9
1660.87	11563.9
1661.9	11562
1662.93	11559.3
1663.97	11555.6
1665	11550.8
1666.04	11544.4
1667.07	11534.1
1668.1	11521
1669.14	11505.5
1670.17	11501.1
1671.2	11500.8
1672.23	11496.8
1673.27	11496.3
1674.3	11490.8
1675.33	11478.4
1676.36	11464.8
1677.39	11452.5
1678.43	11442.8
1679.46	11438.4
1680.49	11453.1
1681.52	11455.4
1682.55	11455.6
1683.58	11459.1
1684.61	11454.8
1685.64	11444.2
1686.67	11428
1687.7	11406
1688.73	11396.8
1689.76	11398.6
1690.79	11413.3
1691.82	11425
1692.85	11423.7
1693.88	11409.5
1694.91	11365
1695.94	11354.9
1696.97	11352.8
1698	11356.6
1699.02	11363.8
1700.05	11370.9
1701.08	11375.8
1702.11	11375.7
1703.14	11386
1704.16	11372.6
1705.19	11345.4
1706.22	11323.8
1707.25	11306.7
1708.27	11295.5
1709.3	11292.6
1710.33	11301.7
1711.35	11287.9
1712.38	11274
1713.41	11259.3
1714.43	11237.6
1715.46	11215.3
1716.48	11208.8
1717.51	11212.4
1718.53	11220.6
1719.56	11221.8
1720.58	11216.6
1721.61	11193.8
1722.63	11168
1723.66	11150
1724.68	11125.2
1725.71	11114.7
1726.73	11109.6
1727.75	11111.6
1728.78	11110.8
1729.8	11111
1730.83	11106.3
1731.85	11096.5
1732.87	11084.8
1733.89	11072.2
1734.92	11059.6
1735.94	11051.4
1736.96	11048.2
1737.98	11045.1
1739.01	11042.2
1740.03	11041.2
1741.05	11042.5
1742.07	11046.9
1743.09	11061.3
1744.12	11074.9
1745.14	11060.2
1746.16	11045.9
1747.18	11029.6
1748.2	11011.6
1749.22	10989.3
1750.24	10967.3
1751.26	10955
1752.28	10947.4
1753.3	10945.4
1754.32	10941.3
1755.34	10938.7
1756.36	10936.7
1757.38	10934.5
1758.4	10932.8
1759.42	10931
1760.44	10929.5
1761.45	10928.3
1762.47	10927.5
1763.49	10930.6
1764.51	10923.2
1765.53	10914
1766.55	10890.7
1767.56	10877
1768.58	10867.5
1769.6	10857.9
1770.61	10852.7
1771.63	10856.4
1772.65	10855.9
1773.67	10858
1774.68	10841.8
1775.7	10810.8
1776.72	10789.2
1777.73	10781.9
1778.75	10797.5
1779.76	10796.1
1780.78	10789.8
1781.79	10777.9
1782.81	10757.7
1783.83	10745.8
1784.84	10739.3
1785.85	10730.2
1786.87	10726.6
1787.88	10728.8
1788.9	10732.6
1789.91	10728.5
1790.93	10721.8
1791.94	10713
1792.95	10702.1
1793.97	10688.8
1794.98	10673.4
1796	10655.8
1797.01	10636.2
1798.02	10617.8
1799.03	10613.8
1800.05	10611.4
1801.06	10611.8
1802.07	10615.9
1803.08	10622.9
1804.1	10617.7
1805.11	10606.7
1806.12	10589.6
1807.13	10585.5
1808.14	10579.5
1809.15	10576.3
1810.17	10567.7
1811.18	10557.7
1812.19	10547.1
1813.2	10535.8
1814.21	10525.7
1815.22	10516.8
1816.23	10510.6
1817.24	10506.8
1818.25	10504.5
1819.26	10501.1
1820.27	10496.6
1821.28	10490.5
1822.29	10482.7
1823.3	10472.1
1824.3	10458.4
1825.31	10442.3
1826.32	10423.6
1827.33	10402.9
1828.34	10379.1
1829.35	10361.8
1830.35	10352.1
1831.36	10348.9
1832.37	10346
1833.38	10344.5
1834.38	10340.8
1835.39	10330.8
1836.4	10317.7
1837.41	10304
1838.41	10289.1
1839.42	10281.5
1840.43	10274.9
1841.43	10269.1
1842.44	10267.9
1843.44	10269.1
1844.45	10271.1
1845.46	10268.7
1846.46	10255
1847.47	10243.9
1848.47	10230.3
1849.48	10218.3
1850.48	10214.4
1851.49	10213.5
1852.49	10212.7
1853.49	10210.3
1854.5	10205.3
1855.5	10198.9
1856.51	10192.2
1857.51	10182.4
1858.51	10171.8
1859.52	10160.6
1860.52	10152.9
1861.52	10149.9
1862.53	10149.1
1863.53	10154.8
1864.53	10157
1865.54	10162.2
1866.54	10158.5
1867.54	10150
1868.54	10135.5
1869.54	10124.4
1870.55	10110.2
1871.55	10095.2
1872.55	10081.4
1873.55	10072.1
1874.55	10064.5
1875.55	10057.9
1876.55	10055
1877.55	10047.2
1878.55	10031.3
1879.55	10015.1
1880.56	9995.8
1881.55	9983.67
1882.56	9975.86
1883.55	9970.14
1884.55	9965.95
1885.55	9963.31
1886.55	9963.78
1887.55	9960.15
1888.55	9951.65
1889.55	9939.59
1890.55	9932.91
1891.55	9928.16
1892.55	9924.11
1893.54	9920.75
1894.54	9918.96
1895.54	9922
1896.54	9928.21
1897.54	9903.19
1898.53	9874.51
1899.53	9849.09
1900.53	9852.18
1901.52	9861.05
1902.52	9864
1903.52	9862.06
1904.51	9858.51
1905.51	9850.72
1906.51	9839.01
1907.5	9823.69
1908.5	9805.07
1909.49	9783.11
1910.49	9759.27
1911.49	9740.27
1912.48	9731.2
1913.48	9722.68
1914.47	9727.56
1915.46	9728.86
1916.46	9721.5
1917.45	9716.25
1918.45	9702.28
1919.44	9678.51
1920.44	9646.08
1921.43	9628.96
1922.43	9615.51
1923.42	9617.75
1924.41	9621.57
1925.41	9648.72
1926.4	9663.47
1927.39	9667.71
1928.38	9649.75
1929.38	9621.15
1930.37	9586.13
1931.36	9564.75
1932.35	9546.97
1933.35	9567.1
1934.34	9563.08
1935.33	9556.51
1936.32	9545.45
1937.31	9531.58
1938.3	9509.5
1939.29	9498.15
1940.29	9497.2
1941.28	9502.7
1942.27	9506.12
1943.26	9503.21
1944.25	9496.12
1945.24	9486.8
1946.23	9476.23
1947.22	9464.62
1948.21	9451.57
1949.2	9443.4
1950.19	9432.64
1951.18	9418.57
1952.17	9401.27
1953.16	9373.68
1954.14	9348.48
1955.13	9333.13
1956.12	9432.33
1957.11	9354.79
1958.1	9349.69
1959.09	9315.21
1960.07	9308.73
1961.06	9306.63
1962.05	9303.84
1963.04	9300.97
1964.02	9298.56
1965.01	9297.3
1966	9296.14
1966.99	9294.81
1967.97	9292.38
1968.96	9289.7
1969.95	9285.51
1970.93	9282.1
1971.92	9277.74
1972.9	9271.84
1973.89	9262.64
1974.88	9250.39
1975.86	9237.86
1976.85	9224.52
1977.83	9210.29
1978.82	9201.93
1979.8	9195.33
1980.79	9190.55
1981.77	9188.43
1982.76	9182.65
1983.74	9174.61
1984.72	9159.22
1985.71	9148.91
1986.69	9139.59
1987.67	9133.68
1988.66	9132.92
1989.64	9131.43
1990.62	9126.57
1991.61	9121.07
1992.59	9114.25
1993.57	9106.07
1994.56	9096.24
1995.54	9084.95
1996.52	9072.04
1997.5	9057.6
1998.49	9041.27
1999.47	9022.98
2000.45	9004.5
2001.43	8988.75
2002.41	8993.61
2003.39	9038.76
2004.38	9039.04
2005.36	9041.2
2006.34	9008.47
2007.32	8983.94
2008.3	8964.11
2009.28	8949.54
2010.26	8939.87
2011.24	8932.89
2012.22	8925.21
2013.2	8914.68
2014.18	8904.18
2015.16	8895.03
2016.14	8887.56
2017.12	8882.08
2018.1	8876.59
2019.07	8871.06
2020.05	8864.16
2021.03	8859.42
2022.01	8849.65
2022.99	8827.08
2023.97	8813.21
2024.95	8801.04
2025.92	8795.05
2026.9	8800.37
2027.88	8804.87
2028.86	8775.42
2029.83	8762.47
2030.81	8754.33
2031.79	8748.44
2032.76	8744.07
2033.74	8760.07
2034.72	8753.93
2035.69	8747.54
2036.67	8732.47
2037.65	8717.62
2038.62	8705.1
2039.6	8694.38
2040.57	8686.3
2041.55	8681.15
2042.52	8678.48
2043.5	8674.98
2044.47	8669.25
2045.45	8662.54
2046.42	8654.96
2047.4	8646.46
2048.37	8637.2
2049.35	8627.18
2050.32	8616.41
2051.29	8604.92
2052.27	8592.91
2053.24	8580.37
2054.21	8567.54
2055.19	8554.79
2056.16	8542.02
2057.13	8529.76
2058.11	8517.13
2059.08	8507.86
2060.05	8511.41
2061.02	8510.79
2062	8513.34
2062.97	8508.23
2063.94	8501.93
2064.91	8489.78
2065.89	8469.6
2066.86	8458.95
2067.83	8451.79
2068.8	8443.97
2069.77	8434.91
2070.74	8426.37
2071.71	8417.75
2072.68	8409.59
2073.65	8401.72
2074.62	8393.2
2075.59	8384.67
2076.56	8375.67
2077.53	8367.8
2078.5	8364.08
2079.47	8359.13
2080.44	8353.13
2081.41	8343.66
2082.38	8334.05
2083.35	8323.14
2084.32	8311.68
2085.29	8299.67
2086.26	8288.23
2087.23	8281.98
2088.19	8281.89
2089.16	8277.87
2090.13	8269.15
2091.1	8255.76
2092.07	8237.25
2093.03	8214.1
2094	8221.03
2094.97	8219.86
2095.94	8219.24
2096.9	8216.88
2097.87	8213.66
2098.84	8200.41
2099.8	8187.92
2100.77	8177
2101.74	8166.92
2102.7	8159.85
2103.67	8154.13
2104.63	8149.02
2105.6	8144.51
2106.56	8139.12
2107.53	8132.11
2108.49	8123.93
2109.46	8115.09
2110.42	8105.62
2111.39	8095.29
2112.35	8084.12
2113.32	8072.43
2114.28	8060.48
2115.25	8048.2
2116.21	8036.21
2117.17	8025.03
2118.14	8015.77
2119.1	8006.04
2120.07	7997.37
2121.03	7990.4
2121.99	7987.21
2122.96	7993.75
2123.92	8002.31
2124.88	8004.81
2125.84	7998.65
2126.81	7984.82
2127.77	7974.86
2128.73	7963.03
2129.69	7949.45
2130.65	7934.57
2131.62	7917.87
2132.58	7899.9
2133.54	7880.93
2134.5	7860.91
2135.46	7855.89
2136.42	7859.64
2137.38	7863.42
2138.34	7865.37
2139.3	7864.53
2140.26	7863.79
2141.22	7861.15
2142.18	7857.16
2143.14	7851.34
2144.1	7843.82
2145.06	7833.38
2146.02	7819.13
2146.98	7802.05
2147.94	7782.56
2148.9	7765.1
2149.86	7749.15
2150.82	7743.34
2151.78	7739.94
2152.74	7736.34
2153.69	7731.02
2154.65	7730.41
2155.61	7725.94
2156.57	7714.03
2157.53	7702.35
2158.48	7689.64
2159.44	7673.41
2160.4	7670.76
2161.36	7670.17
2162.31	7669.93
2163.27	7665.43
2164.23	7659.95
2165.18	7652.84
2166.14	7643.33
2167.1	7632.32
2168.05	7619.13
2169.01	7604.28
2169.96	7588.27
2170.92	7572.8
2171.88	7560.28
2172.83	7545.77
2173.79	7529.74
2174.74	7512.44
2175.7	7493.11
2176.65	7473.17
2177.6	7454.6
2178.56	7436.73
2179.51	7423.84
2180.47	7411.66
2181.42	7401.26
2182.38	7393.96
2183.33	7388.88
2184.28	7383.98
2185.24	7379.01
2186.19	7373.71
2187.14	7367.54
2188.1	7362.33
2189.05	7357.12
2190	7352.04
2190.96	7346.65
2191.91	7339.97
2192.86	7332.63
2193.81	7322.78
2194.76	7310.92
2195.72	7300.44
2196.67	7289.4
2197.62	7281.9
2198.57	7274.01
2199.52	7266.05
2200.47	7258.34
2201.43	7248.09
2202.38	7242.67
2203.33	7258.72
2204.28	7249.86
2205.23	7242.05
2206.18	7232.9
2207.13	7216.71
2208.08	7209.7
2209.03	7215.51
2209.98	7220.25
2210.93	7203.3
2211.88	7184.05
2212.83	7163.28
2213.78	7140.12
2214.73	7134.53
2215.67	7135.32
2216.62	7149.66
2217.57	7144.04
2218.52	7135.87
2219.47	7128.64
2220.42	7108.3
2221.37	7098.51
2222.31	7102.92
2223.26	7117.07
2224.21	7124.79
2225.16	7135.82
2226.1	7126.92
2227.05	7108.77
2228	7065.01
2228.94	7048.37
2229.89	7039.71
2230.84	7050.96
2231.78	7061.29
2232.73	7070.7
2233.68	7041.02
2234.62	7037.94
2235.57	7035.44
2236.51	7033.21
2237.46	7027.61
2238.41	7025.46
2239.35	7022.54
2240.3	7017.21
2241.24	7007.34
2242.19	6996.95
2243.13	6988.22
2244.07	6981.13
2245.02	6970.74
2245.96	6973.74
2246.91	6987.53
2247.85	6992.96
2248.8	6996.36
2249.74	6995.75
2250.68	6986.38
2251.63	6973.77
2252.57	6964.33
2253.51	6957.24
2254.46	6952.23
2255.4	6949.07
2256.34	6947.58
2257.28	6944.01
2258.23	6941.5
2259.17	6938.25
2260.11	6933.89
2261.05	6928.14
2262	6922.63
2262.94	6918.57
2263.88	6916.48
2264.82	6915.14
2265.76	6915.08
2266.7	6914.71
2267.64	6913.36
2268.58	6908.61
2269.53	6900.96
2270.47	6891.2
2271.41	6883.47
2272.35	6878.58
2273.29	6875.06
2274.23	6873.92
2275.17	6875.46
2276.11	6880.29
2277.05	6883.39
2277.99	6880.84
2278.93	6878.4
2279.86	6875.75
2280.8	6871.81
2281.74	6869.43
2282.68	6867.09
2283.62	6864.51
2284.56	6861.91
2285.5	6857.78
2286.44	6856.86
2287.37	6857.05
2288.31	6857.87
2289.25	6859.1
2290.19	6858.94
2291.12	6857.4
2292.06	6849.92
2293	6837.06
2293.94	6824.88
2294.87	6814.34
2295.81	6806.4
2296.75	6800.65
2297.68	6794.73
2298.62	6788.86
2299.55	6782.41
2300.49	6773.17
2301.43	6761.85
2302.36	6751.27
2303.3	6745.34
2304.23	6748.28
2305.17	6754.73
2306.1	6759.28
2307.04	6761.46
2307.98	6760.52
2308.91	6756.4
2309.84	6749.65
2310.78	6739.77
2311.71	6726.79
2312.65	6710.72
2313.58	6692.43
2314.52	6680.96
2315.45	6678.77
2316.38	6697.13
2317.32	6696.31
2317.72	6685.07
2318.66	6663.18
2319.6	6651.96
2320.54	6647.61
2321.48	6648.84
2322.41	6652.19
2323.35	6656.64
2324.29	6660.67
2325.23	6660.43
2326.16	6654.12
2327.1	6645.16
2328.04	6633.84
2328.97	6618.68
2329.91	6604.11
2330.85	6601.4
2331.78	6605.68
2332.72	6607.22
2333.66	6606.97
2334.59	6605.26
2335.53	6600.74
2336.46	6594.42
2337.4	6586.96
2338.33	6575.74
2339.27	6567.49
2340.2	6559.21
2341.14	6551.75
2342.07	6544.92
2343.01	6538.7
2343.94	6532.43
2344.88	6526.11
2345.81	6519.42
2346.75	6512.79
2347.68	6504.56
2348.61	6495.69
2349.55	6485.78
2350.48	6475.63
2351.41	6470.41
2352.35	6468.85
2353.28	6474.21
2354.21	6477.81
2355.15	6471.1
2356.08	6462.96
2357.01	6453.56
2357.94	6444.33
2358.88	6435.51
2359.81	6429.65
2360.74	6433.41
2361.67	6435.47
2362.6	6433.64
2363.54	6429.59
2364.47	6423.36
2365.4	6416.83
2366.33	6409.36
2367.26	6400.37
2368.19	6394.24
2369.12	6389.07
2370.05	6388.49
2370.98	6397.27
2371.91	6396.91
2372.84	6389.99
2373.77	6375.61
2374.7	6368.95
2375.63	6363.95
2376.56	6365.5
2377.49	6368.62
2378.42	6372.13
2379.35	6374.72
2380.28	6374.63
2381.21	6373.89
2382.14	6368.38
2383.07	6362.64
2384	6354.63
2384.92	6345.53
2385.85	6335.12
2386.78	6324.56
2387.71	6316.63
2388.64	6311.67
2389.56	6309.34
2390.49	6307.4
2391.42	6306.84
2392.35	6306.63
2393.27	6306.31
2394.2	6304.95
2395.13	6302.46
2396.05	6299.37
2396.98	6295.66
2397.91	6291.1
2398.83	6285.9
2399.76	6280.1
2400.69	6273.75
2401.61	6267.54
2402.54	6260.5
2403.46	6265.03
2404.39	6255.78
2405.31	6239.22
2406.24	6217.87
2407.17	6205.32
2408.09	6198.89
2409.01	6198.2
2409.94	6201.81
2410.86	6198.61
2411.79	6193.6
2412.71	6182.66
2413.64	6167.46
2414.56	6159.41
2415.49	6157.29
2416.41	6159.82
2417.33	6164.12
2418.26	6168.26
2419.18	6171.68
2420.1	6170.62
2421.03	6168.82
2421.95	6164.86
2422.87	6158.49
2423.79	6150.08
2424.72	6139.16
2425.64	6125.46
2426.56	6110.2
2427.48	6093.07
2428.41	6081.98
2429.33	6069.89
2430.25	6059.32
2431.17	6050.52
2432.09	6047.48
2433.01	6048.32
2433.93	6052.57
2434.86	6058.68
2435.78	6069.27
2436.7	6063.02
2437.62	6059.51
2438.54	6034.08
2439.46	6025.04
2440.38	6026.14
2441.3	6026.53
2442.22	6018.26
2443.14	6009.52
2444.06	5999.96
2444.98	5989.1
2445.9	5977.16
2446.82	5964.3
2447.73	5950.71
2448.65	5936.55
2449.57	5923.14
2450.49	5921.52
2451.41	5920.83
2452.33	5922.04
2453.25	5923.27
2454.17	5919.63
2455.08	5913.75
2456	5905.33
2456.92	5893.04
2457.84	5878.05
2458.75	5860.34
2459.67	5841.03
2460.59	5824.82
2461.51	5827.2
2462.42	5838.53
2463.34	5841.28
2464.26	5839.44
2465.17	5837.9
2466.09	5818.57
2467	5806.94
2467.92	5801.15
2468.84	5799.04
2469.75	5814.65
2470.67	5808.58
2471.58	5801.32
2472.5	5791.5
2473.42	5782.28
2474.33	5775.23
2475.25	5771.83
2476.16	5769.42
2477.08	5767.31
2477.99	5764.71
2478.9	5760.6
2479.82	5756.79
2480.73	5752.6
2481.65	5748.28
2482.56	5743.18
2483.47	5739.08
2484.39	5739.35
2485.3	5746.84
2486.22	5750.78
2487.13	5752.84
2488.04	5754.15
2488.96	5752.98
2489.87	5750.7
2490.78	5745.33
2491.69	5738.46
2492.61	5730.35
2493.52	5722.48
2494.43	5718.78
2495.34	5713.33
2496.25	5709.25
2497.17	5705.48
2498.08	5702.89
2498.99	5701.6
2499.9	5704.4
2500.81	5706.58
2501.72	5704.3
2502.63	5698.56
2503.55	5687.91
2504.46	5675.91
2505.37	5666.92
2506.28	5656.41
2507.19	5648.42
2508.1	5645.08
2509.01	5644.56
2509.92	5638.74
2510.83	5620.57
2511.74	5612.82
2512.65	5609.84
2513.56	5615.59
2514.47	5632.1
2515.37	5638.4
2516.28	5642.16
2517.19	5642.5
2518.1	5639.95
2519.01	5631.62
2519.92	5620.62
2520.83	5607.69
2521.73	5592.86
2522.64	5581.26
2523.55	5574.2
2524.46	5570.36
2525.37	5569.02
2526.27	5567.41
2527.18	5564.31
2528.09	5561.34
2529	5558.86
2529.9	5555.91
2530.81	5551.89
2531.72	5545.55
2532.62	5536.41
2533.53	5526.95
2534.44	5519.46
2535.34	5511.19
2536.25	5510.46
2537.15	5517.46
2538.06	5529.98
2538.96	5535.62
2539.87	5534.89
2540.78	5529.59
2541.68	5521.11
2542.59	5508.79
2543.49	5493.79
2544.4	5486.52
2545.3	5487.88
2546.21	5486.66
2547.11	5484.63
2548.01	5481.19
2548.92	5471.25
2549.82	5460.79
2550.73	5449.16
2551.63	5437.93
2552.53	5427.38
2553.44	5418.58
2554.34	5419.02
2555.24	5413.04
2556.15	5408.36
2557.05	5404.13
2557.95	5400.43
2558.86	5397.46
2559.76	5394.95
2560.66	5393.46
2561.56	5392.33
2562.46	5391.03
2563.37	5388.71
2564.27	5350.02
2565.17	5307.68
2566.07	5320.12
2566.97	5341.87
2567.88	5333.17
2568.78	5321.39
2569.68	5304.96
2570.58	5286.25
2571.48	5286.8
2572.38	5282.93
2573.28	5315.27
2574.18	5301.35
2575.08	5292.18
2575.98	5284.2
2576.88	5277.01
2577.78	5268.23
2578.68	5254.17
2579.58	5255.37
2580.48	5261.53
2581.38	5262.14
2582.28	5256.45
2583.18	5237.36
2584.08	5224.81
2584.98	5223.66
2585.88	5222.47
2586.77	5221.35
2587.67	5219.94
2588.57	5217.96
2589.47	5214.04
2590.37	5201.94
2591.27	5186.58
2592.16	5178.88
2593.06	5170.06
2593.96	5161.86
2594.86	5153.14
2595.75	5144.74
2596.65	5134.18
2597.55	5115.01
2598.45	5091.94
2599.34	5078.9
2600.24	5085.22
2601.13	5121.14
2602.03	5138.27
2602.93	5142.34
2603.82	5140.95
2604.72	5134.91
2605.62	5124.8
2606.51	5112.31
2607.41	5098.09
2608.3	5084.44
2609.2	5075.58
2610.09	5067.69
2610.99	5060.93
2611.88	5055.19
2612.78	5051.02
2613.67	5047.96
2614.57	5045.59
2615.46	5041.82
2616.36	5036.66
2617.25	5027.5
2618.14	5011.63
2619.04	4999.35
2619.93	4994.51
2620.83	5000.57
2621.72	5014.73
2622.61	5046.06
2623.5	5008.07
2624.4	5001.41
2625.29	4986.46
2626.18	4982.46
2627.08	4992.65
2627.97	4999.35
2628.86	5004.9
2629.75	5008.63
2630.65	4986.33
2631.54	4972.81
2632.43	4958.36
2633.32	4943.47
2634.21	4930.05
2635.11	4924.44
2636	4927.82
2636.89	4938.14
2637.78	4949.23
2638.67	4949.39
2639.56	4933.46
2640.45	4919.94
2641.34	4904.23
2642.23	4887.01
2643.12	4869.32
2644.01	4859.61
2644.9	4855.83
2645.79	4848.8
2646.68	4840.02
2647.57	4829.77
2648.46	4818.94
2649.35	4807.32
2650.24	4794.97
2651.13	4782.35
2652.02	4769.19
2652.91	4768.53
2653.8	4788.37
2654.69	4804.7
2655.58	4809.66
2656.46	4800.36
2657.35	4786.13
2658.24	4758.67
2659.13	4768.85
2660.02	4770.46
2660.9	4769.23
2661.79	4769.71
2662.68	4773.74
2663.57	4774
2664.45	4769.49
2665.34	4760.42
2666.23	4747.37
2667.11	4726.19
2668	4712.53
2668.89	4708.94
2669.77	4710.58
2670.66	4730.71
2671.55	4736.16
2672.43	4741.35
2673.32	4737.48
2674.21	4720.02
2675.09	4697.71
2675.98	4683.38
2676.86	4673.69
2677.75	4667.76
2678.63	4671.14
2679.52	4676.58
2680.4	4680.69
2681.29	4678.37
2682.17	4666.4
2683.06	4655.18
2683.94	4645.83
2684.82	4638.05
2685.71	4632.17
2686.59	4628.28
2687.48	4626.49
2688.36	4618.49
2689.24	4612.06
2690.13	4606.63
2691.01	4602.38
2691.89	4598.86
2692.78	4598.18
2693.66	4596.94
2694.54	4592.13
2695.43	4585.21
2696.31	4576.73
2697.19	4567.64
2698.07	4560.32
2698.96	4552.73
2699.84	4545.59
2700.72	4539.02
2701.6	4533.38
2702.48	4528.5
2703.36	4524.54
2704.25	4520.79
2705.13	4517.05
2706.01	4512.44
2706.89	4508.3
2707.77	4504.03
2708.65	4499.12
2709.53	4493.81
2710.41	4487.51
2711.29	4480.93
2712.17	4477.33
2713.05	4473.63
2713.93	4473.85
2714.81	4475.71
2715.69	4477.77
2716.57	4479.29
2717.45	4478.38
2718.33	4472.97
2719.21	4467.05
2720.09	4459.66
2720.97	4450.58
2721.85	4439.52
2722.73	4427.42
2723.61	4440.75
2724.48	4454.7
2725.36	4457.35
2726.24	4454.45
2727.12	4447.59
2728	4438.31
2728.88	4426.3
2729.75	4410.94
2730.63	4388.62
2731.51	4383.24
2732.39	4390.76
2733.26	4387.26
2734.14	4382.21
2735.02	4380.7
2735.89	4378.04
2736.77	4378.99
2737.65	4378.1
2738.52	4377.8
2739.4	4369.09
2740.28	4342.52
2741.15	4337.5
2742.03	4339.4
2742.9	4346.15
2743.78	4356
2744.65	4339.86
2745.53	4326.69
2746.41	4315.56
2747.28	4306.61
2748.16	4300.33
2749.03	4295.92
2749.91	4293.18
2750.78	4291.84
2751.66	4291.2
2752.53	4289.75
2753.4	4282.27
2754.28	4277.67
2755.15	4277.16
2756.02	4278.58
2756.9	4279.99
2757.77	4280.07
2758.65	4278.62
2759.52	4275.77
2760.39	4270.86
2761.27	4264.07
2762.14	4255.53
2763.01	4244.88
2763.88	4250.56
2764.76	4251.52
2765.63	4236.24
2766.5	4216.05
2767.37	4207.68
2768.25	4209.93
2769.12	4217.79
2769.99	4219.83
2770.86	4221.85
2771.73	4224.28
2772.61	4224.96
2773.48	4224.17
2774.35	4221.78
2775.22	4217.4
2776.09	4210.64
2776.96	4198.23
2777.83	4184.92
2778.7	4173.28
2779.57	4165.29
2780.44	4160.19
2781.31	4153.91
2782.18	4147.46
2783.05	4141.89
2783.92	4135.86
2784.79	4130.35
2785.66	4125.2
2786.53	4120.35
2787.4	4116.75
2788.27	4117.34
2789.14	4118.96
2790.01	4122.29
2790.88	4126.3
2791.75	4132.5
2792.62	4132.14
2793.48	4122.8
2794.35	4112.55
2795.22	4102.54
2796.09	4095.14
2796.96	4090.94
2797.82	4088.75
2798.69	4088.13
2799.56	4089.33
2800.43	4092.76
2801.29	4096.9
2802.16	4087.5
2803.03	4072.67
2803.9	4058.25
2804.76	4050.52
2805.63	4038.27
2806.5	4026.29
2807.36	4020.18
2808.23	4021.18
2809.09	4026.33
2809.96	4031.71
2810.83	4041.41
2811.69	4043.68
2812.56	4039.87
2813.42	4035.88
2814.29	4021.68
2815.15	4009.99
2816.02	4000.85
2816.88	3994.02
2817.75	3987.06
2818.61	3985.73
2819.48	3996.19
2820.34	4001.95
2821.21	4006.09
2822.07	3995.39
2822.94	3979.65
2823.8	3965.64
2824.66	3959.13
2825.53	3951.25
2826.39	3948.22
2827.26	3948.53
2828.12	3948.91
2828.98	3949.09
2829.85	3948.76
2830.71	3946.94
2831.57	3945.94
2832.43	3944.62
2833.3	3943.21
2834.16	3940.57
2835.02	3930.69
2835.88	3922.86
2836.75	3912.47
2837.61	3906.15
2838.47	3894.46
2839.33	3892.68
2840.19	3892.61
2841.06	3895.41
2841.92	3895.72
2842.78	3894.16
2843.64	3890.95
2844.5	3887.14
2845.36	3883
2846.22	3879.88
2847.08	3876.37
2847.94	3872.95
2848.81	3869.59
2849.67	3866.33
2850.53	3863.31
2851.39	3860.11
2852.25	3850.36
2853.11	3836.67
2853.97	3828.5
2854.82	3824.47
2855.68	3827.32
2856.54	3831.59
2857.4	3834.36
2858.26	3835.93
2859.12	3833.48
2859.98	3824.21
2860.84	3818.89
2861.7	3812.81
2862.56	3805.11
2863.41	3805.47
2864.27	3810.73
2865.13	3823.82
2865.99	3832.89
2866.85	3838.42
2867.7	3831.5
2868.56	3805.28
2869.42	3786.33
2870.28	3760.51
2871.13	3762.04
2871.99	3760.71
2872.85	3762.75
2873.7	3763.77
2874.56	3763.1
2875.42	3762.9
2876.27	3758.69
2877.13	3755.31
2877.99	3751.67
2878.84	3748.76
2879.7	3746.76
2880.56	3744.34
2881.41	3741.47
2882.27	3738.17
2883.12	3732.83
2883.98	3726.19
2884.83	3718.4
2885.69	3710.53
2886.54	3702.12
2887.4	3694.89
2888.25	3689.95
2889.11	3685.31
2889.96	3682.73
2890.82	3681.06
2891.67	3680.99
2892.52	3679.49
2893.38	3673.39
2894.23	3669.55
2895.09	3668.67
2895.94	3672.45
2896.79	3673.37
2897.65	3673.38
2898.5	3670.72
2899.35	3665.93
2900.21	3658.78
2901.06	3649.79
2901.91	3639.99
2902.76	3629.71
2903.62	3622.03
2904.47	3619.35
2905.32	3617.32
2906.17	3616.41
2907.03	3616.65
2907.88	3618.14
2908.73	3621.03
2909.58	3626.47
2910.43	3628.88
2911.28	3629.45
2912.14	3597.57
2912.99	3586.38
2913.84	3586.38
2914.69	3577.73
2915.54	3569.09
2916.39	3562.5
2917.24	3557.51
2918.09	3554.73
2918.94	3554.91
2919.79	3558.8
2920.64	3558.97
2921.49	3553.37
2922.34	3537.04
2923.19	3521.36
2924.04	3515
2924.89	3513.58
2925.74	3517.21
2926.59	3523.68
2927.44	3526.3
2928.29	3522.84
2929.14	3507.54
2929.98	3502.24
2930.83	3497.33
2931.68	3494.22
2932.53	3494.52
2933.38	3495.85
2934.23	3496.75
2935.07	3495.97
2935.92	3493.62
2936.77	3490.45
2937.62	3486.44
2938.47	3481.34
2939.31	3475.17
2940.16	3467.67
2941.01	3462.44
2941.85	3458.07
2942.7	3454.3
2943.55	3449.12
2944.39	3438.65
2945.24	3428.96
2946.09	3419.49
2946.93	3418.54
2947.78	3423.79
2948.63	3427.73
2949.47	3429.79
2950.32	3428.49
2951.16	3425.82
2952.01	3421.58
2952.85	3415.43
2953.7	3410.53
2954.55	3408.64
2955.39	3407.58
2956.24	3405.49
2957.08	3403.18
2957.92	3400.88
2958.77	3397.94
2959.61	3395.66
2960.46	3394
2961.3	3392.45
2962.15	3392.71
2962.99	3394.81
2963.83	3395.15
2964.68	3393.76
2965.52	3382.75
2966.37	3373.99
2967.21	3366.6
2968.05	3360.46
2968.9	3355.71
2969.74	3351.98
2970.58	3348.48
2971.42	3346.25
2972.27	3338.91
2973.11	3331.3
2973.95	3321.73
2974.79	3314.95
2975.64	3310.98
2976.48	3307.83
2977.32	3305.76
2978.16	3303.23
2979	3301.75
2979.85	3301.33
2980.69	3301.65
2981.53	3302.86
2982.37	3304.41
2983.21	3306.61
2984.05	3307.24
2984.89	3303.71
2985.73	3297.81
2986.57	3291.43
2987.41	3286.86
2988.25	3282.8
2989.1	3280.15
2989.94	3278.53
2990.77	3278.18
2991.62	3278.88
2992.45	3280.8
2993.29	3283.82
2994.13	3287.98
2994.97	3292.71
2995.81	3296.52
2996.65	3300.09
2997.49	3297.25
2998.33	3288.22
2999.17	3250.16
