200.833	11767
202.102	11782.2
203.371	11793.4
204.639	11801
205.907	11805
207.175	11805.8
208.442	11803.5
209.71	11799.8
210.977	11815.6
212.244	11829.2
213.511	11844.4
214.777	11859.2
216.042	11880.4
217.309	11904.8
218.575	11920.2
219.84	11945.8
221.106	11929.2
222.371	11935
223.635	11965.6
224.9	11996.5
226.165	12025.3
227.429	12053.2
228.694	12080
229.956	12105.8
231.22	12130.7
232.484	12154.7
233.747	12177.5
235.011	12199.4
236.272	12220.8
237.535	12242.2
238.798	12264.2
240.06	12284.5
241.321	12304
242.583	12321.1
243.845	12332.1
245.105	12342.8
246.367	12351.7
247.628	12358.3
248.888	12366.1
250.149	12375.5
251.409	12387.2
252.67	12401.5
253.928	12418
255.189	12436.2
256.447	12456.2
257.707	12477.6
258.966	12499.7
260.224	12520.4
261.483	12514.7
262.742	12476.8
263.999	12490.4
265.257	12512.8
266.514	12554.3
267.772	12577.6
269.028	12593.5
270.286	12587.4
271.543	12577.5
272.799	12569.7
274.056	12572
275.311	12601.7
276.568	12618.6
277.823	12642.1
279.079	12668.6
280.333	12698.6
281.589	12730.3
282.843	12721.4
284.099	12701.8
285.352	12682.6
286.607	12730.8
287.86	12777.9
289.114	12786.5
290.368	12795.4
291.621	12792.6
292.875	12808.3
294.127	12851.6
295.38	12883.4
296.632	12905.2
297.884	12913.8
299.137	12917
300.388	12915.8
301.641	12910.4
302.891	12903
304.142	12896.7
305.394	12894
306.644	12886.4
307.894	12885.4
309.146	12913.6
310.395	12943.1
311.645	12966.7
312.895	12970.2
314.144	12958
315.393	12961.8
316.642	12980
317.892	13000.7
319.14	13019.6
320.388	13049.8
321.637	13070.9
322.885	13080.7
324.132	13082.9
325.38	13078.6
326.628	13072.3
327.875	13065.9
329.122	13068.4
330.368	13079
331.614	13091.7
332.862	13110.6
334.108	13133.6
335.353	13162.6
336.599	13197.9
337.844	13244.5
339.089	13256.3
340.335	13254.8
341.58	13203.5
342.824	13225
344.068	13234.3
345.312	13242.3
346.556	13251.4
347.8	13260.8
349.043	13273.7
350.286	13299.1
351.53	13298.8
352.774	13301
354.016	13295.4
355.259	13301.5
356.501	13314.2
357.743	13323.8
358.985	13329.7
360.227	13331.9
361.468	13330.7
362.709	13326.5
363.95	13319.6
365.191	13325.7
366.432	13333.1
367.672	13342
368.912	13351.1
370.152	13358.5
371.392	13364.3
372.632	13367.9
373.871	13362.7
375.11	13354.1
376.348	13340.9
377.587	13350.8
378.825	13374.2
380.064	13407.9
381.302	13431.7
382.54	13457.4
383.778	13473.4
385.016	13480.7
386.253	13487.4
387.489	13491.6
388.726	13502.9
389.963	13511
391.199	13515.7
392.436	13514.4
393.672	13507.5
394.907	13512.1
396.142	13515.6
397.378	13541.4
398.614	13545.6
399.849	13551.3
401.082	13560.4
402.317	13571.1
403.552	13581.3
404.786	13606.2
406.019	13627.6
407.253	13650
408.487	13656
409.721	13658.1
410.953	13628.3
412.186	13574.1
413.419	13567.5
414.651	13609.8
415.883	13627.2
417.116	13646.5
418.347	13661.7
419.579	13669.8
420.811	13675.5
422.041	13680.1
423.272	13680.5
424.504	13680.2
425.733	13685.9
426.964	13692.7
428.194	13699.8
429.424	13707.5
430.654	13712.8
431.883	13716.8
433.113	13714.3
434.341	13716.5
435.571	13720.5
436.799	13727.6
438.028	13739.6
439.257	13754.2
440.484	13771
441.713	13789.2
442.94	13807.3
444.168	13819.4
445.394	13817.4
446.622	13816.9
447.848	13811.5
449.076	13816.7
450.301	13819.6
451.528	13823.3
452.754	13827.2
453.979	13832
455.205	13837.2
456.43	13842.7
457.656	13848.8
458.88	13855.4
460.106	13862.6
461.33	13870.2
462.554	13878.6
463.779	13887.2
465.002	13894.5
466.225	13900
467.45	13898.4
468.672	13892.4
469.895	13882.9
471.119	13875.8
472.341	13868.5
473.563	13860
474.786	13851.7
476.008	13843.8
477.229	13837.2
478.452	13832.2
479.673	13829.8
480.894	13831.2
482.115	13834
483.337	13838.1
484.557	13843.2
485.777	13841.4
486.997	13820.9
488.218	13808.9
489.438	13798
490.657	13808.5
491.876	13810.2
493.096	13815.8
494.315	13832.7
495.533	13837.6
496.752	13833.7
497.97	13829.2
499.188	13821.8
500.407	13811.6
501.625	13797.6
502.842	13793.2
504.059	13816.1
505.276	13840.7
506.493	13859
507.71	13866.7
508.926	13841.6
510.142	13841.2
511.358	13850.8
512.575	13861.4
513.791	13899.3
515.006	13917.4
516.222	13941.3
517.437	13953.5
518.651	13954.1
519.866	13967.2
521.081	13981.1
522.295	13991.1
523.509	14010.4
524.723	14022.2
525.937	14030.3
527.15	14016.4
528.363	14004.7
529.576	13991.4
530.789	13987.2
532.002	13988.6
533.215	13994.9
534.426	14005
535.638	14019.2
536.85	14038.3
538.061	14060.3
539.273	14077.6
540.484	14082.7
541.695	14085.5
542.906	14083.3
544.117	14079.8
545.327	14075.4
546.537	14069.2
547.747	14062
548.957	14053.7
550.167	14044.7
551.377	14035.4
552.585	14027.8
553.794	14024
555.003	14022
556.212	14034.2
557.421	14049.2
558.628	14060.3
559.836	14068.5
561.044	14073.7
562.252	14076
563.458	14075.7
564.666	14073.3
565.873	14069
567.08	14063.5
568.286	14057.2
569.493	14050.1
570.699	14044.6
571.904	14042.9
573.111	14043.8
574.317	14046.5
575.521	14051.2
576.727	14056.9
577.932	14064
579.136	14072.8
580.341	14082.3
581.544	14090.5
582.749	14095.1
583.954	14095.2
585.156	14084.6
586.361	14065.1
587.563	14052.8
588.767	14052.9
589.97	14054.4
591.172	14066
592.375	14077.8
593.577	14097.4
594.78	14114.1
595.981	14119.8
597.183	14121.1
598.384	14118.4
599.586	14111.5
600.786	14100.2
601.988	14084.7
603.188	14065.8
604.389	14042.2
605.589	14029
606.79	14010.3
607.989	14023
609.188	14054.4
610.389	14095.6
611.587	14082.9
612.787	14058.3
613.986	14033.4
615.184	14005.5
616.383	13975.3
617.581	14001.9
618.78	13996.5
619.977	13985.7
621.174	13976.2
622.373	13966.6
623.57	13957.3
624.766	13948.8
625.964	13941.3
627.16	13935
628.356	13929.8
629.554	13925
630.749	13920.9
631.945	13916.8
633.14	13912.2
634.337	13907.2
635.532	13901.3
636.726	13894
637.921	13884.9
639.117	13874.7
640.311	13863.7
641.505	13858.2
642.699	13858
643.892	13863
645.087	13872.1
646.28	13885.9
647.473	13902
648.666	13895.6
649.859	13881
651.051	13875.4
652.245	13875.3
653.437	13880.3
654.629	13887.4
655.821	13900.8
657.012	13918
658.204	13939.9
659.395	13962.6
660.586	13968.1
661.777	13967.9
662.967	13966.6
664.158	13975.9
665.349	13980.7
666.539	13982.9
667.729	13981.9
668.919	13979.3
670.109	13975.5
671.298	13969.7
672.487	13962.2
673.676	13953.1
674.865	13942.3
676.053	13931
677.242	13925.7
678.43	13939.4
679.616	13946.3
680.804	13952.4
681.992	13962.4
683.179	13974.3
684.366	13968.9
685.554	13964.3
686.74	13948.2
687.927	13934.9
689.114	13925.7
690.3	13917.9
691.486	13915.7
692.671	13913.8
693.856	13911.6
695.042	13905.7
696.227	13894.4
697.413	13885.1
698.598	13874.6
699.781	13867.3
700.966	13866
702.15	13866.8
703.334	13866.2
704.518	13864.6
705.701	13861.7
706.885	13850.6
708.068	13836.4
709.252	13824.7
710.433	13813
711.616	13806.7
712.799	13792.9
713.98	13790
715.163	13797.3
716.345	13819.8
717.527	13840.8
718.707	13871.8
719.889	13879.3
721.071	13877.3
722.25	13866.3
723.432	13845.3
724.611	13818.7
725.792	13808.7
726.972	13808.8
728.151	13813.5
729.332	13825.5
730.512	13833.5
731.69	13830.8
732.87	13816.2
734.048	13810.2
735.227	13811
736.405	13821.6
737.584	13827.5
738.761	13845.2
739.94	13855.4
741.117	13858.7
742.295	13858
743.471	13856.7
744.649	13854.8
745.825	13854.5
747.003	13857.5
748.179	13865.2
749.356	13878.6
750.531	13887.3
751.708	13892.2
752.883	13890.9
754.059	13884.7
755.234	13876.3
756.409	13873.8
757.585	13868.7
758.759	13863.9
759.934	13855.7
761.108	13847.8
762.282	13840.1
763.456	13837.1
764.63	13845.2
765.803	13845.8
766.977	13840.9
768.15	13829.5
769.323	13811.6
770.496	13795.3
771.668	13780.1
772.841	13766.6
774.014	13754.4
775.185	13743.3
776.357	13731.8
777.528	13707
778.701	13721.7
779.872	13735
781.042	13744.9
782.213	13751
783.383	13715.8
784.555	13694.8
785.725	13676.4
786.895	13661
788.064	13649.1
789.234	13641.9
790.404	13639.8
791.573	13638.5
792.742	13635.6
793.911	13630.3
795.08	13621.8
796.248	13615.7
797.416	13610.5
798.584	13603.8
799.753	13597.7
800.921	13586.5
802.088	13577.7
803.256	13573.1
804.423	13573.4
805.59	13574.9
806.756	13575.4
807.923	13575.6
809.089	13576.2
810.256	13576.7
811.422	13577.7
812.587	13578.8
813.753	13580.6
814.918	13583.5
816.084	13588.8
817.249	13601.9
818.414	13617.6
819.578	13629.1
820.743	13636.6
821.907	13638.3
823.072	13634.3
824.236	13626.6
825.399	13616.3
826.562	13608.2
827.725	13606.4
828.889	13604.2
830.052	13614.9
831.215	13638.3
832.377	13659.9
833.54	13662.4
834.701	13654.7
835.863	13639.2
837.025	13624.5
838.187	13616.7
839.349	13611.4
840.51	13607.4
841.67	13604.3
842.831	13600.9
843.992	13597.2
845.153	13592.9
846.312	13587.9
847.473	13581
848.633	13574.4
849.793	13569.3
850.951	13569.6
852.111	13570.9
853.27	13574.4
854.428	13569.8
855.588	13560.9
856.747	13548.1
857.904	13532.8
859.063	13516
860.221	13501.3
861.378	13483.9
862.536	13466.3
863.694	13447.5
864.85	13428.5
866.008	13408.5
867.164	13391.4
868.321	13394.8
869.478	13405.5
870.633	13434.7
871.79	13462.8
872.945	13423.1
874.101	13353
875.256	13341
876.412	13337.4
877.566	13327.1
878.722	13319.2
879.876	13310.9
881.031	13302.3
882.185	13293.5
883.34	13284.4
884.493	13275.2
885.647	13265.5
886.8	13256
887.954	13245.6
889.107	13254.7
890.261	13260.7
891.413	13262.4
892.565	13259.3
893.718	13257.1
894.87	13250.2
896.023	13241.4
897.174	13230.6
898.326	13234.7
899.478	13240.3
900.629	13251.7
901.779	13252.9
902.931	13245.8
904.081	13232.7
905.231	13228.6
906.383	13228.9
907.532	13235.3
908.682	13248.6
909.831	13256.3
910.982	13261.4
912.131	13264.6
913.28	13248.4
914.429	13245
915.578	13240.1
916.727	13246
917.875	13254.2
919.023	13260.1
920.171	13263.2
921.32	13263.6
922.467	13261
923.614	13256.2
924.761	13248.8
925.908	13242.4
927.055	13236.2
928.203	13235.4
929.349	13231.7
930.496	13225.9
931.642	13219.1
932.787	13214.8
933.933	13206.9
935.079	13272.7
936.224	13240.7
937.369	13218.1
938.514	13200.9
939.659	13187.4
940.804	13178.8
941.948	13174.1
943.092	13176.9
944.236	13183.6
945.38	13194.4
946.524	13206.3
947.667	13199.8
948.811	13188.9
949.954	13170.9
951.097	13146.3
952.24	13114.3
953.383	13099.4
954.525	13090.2
955.667	13086.6
956.81	13087.9
957.952	13084.5
959.093	13088
960.235	13089
961.376	13086.9
962.516	13082.3
963.658	13075.9
964.798	13066.5
965.939	13054.7
967.08	13040
968.22	13024.5
969.359	13009.2
970.499	12998.2
971.639	12989.6
972.779	12982.6
973.918	12978.6
975.056	12976.5
976.195	12978.9
977.334	12980
978.473	12975.7
979.61	12971.8
980.749	12965.2
981.887	12952.5
983.024	12948.7
984.162	12953.6
985.3	12964.5
986.437	12977.1
987.573	12993.7
988.711	13005.9
989.848	13011.9
990.983	13008.2
992.12	13000.2
993.255	12992.1
994.392	12980.8
995.528	12973.6
996.662	12951.6
997.798	12956.8
998.933	12966.5
1000.07	12975.4
1001.2	12984.1
1002.34	12992.4
1003.47	13000.8
1004.61	13006.6
1005.74	13007.1
1006.87	13002.1
1008.01	12990.2
1009.14	12978
1010.27	12969.7
1011.41	12962.5
1012.54	12956.5
1013.67	12952.5
1014.81	12950.6
1015.94	12949.3
1017.07	12946.3
1018.2	12939.8
1019.33	12933
1020.47	12925.3
1021.6	12918.1
1022.73	12910.9
1023.86	12901.9
1024.99	12890.6
1026.12	12871.6
1027.25	12872.2
1028.38	12879.2
1029.51	12879.3
1030.64	12874.2
1031.77	12863.3
1032.9	12860.4
1034.03	12855.3
1035.16	12848.2
1036.29	12837.6
1037.42	12820.8
1038.55	12802
1039.67	12783
1040.8	12767.6
1041.93	12756.7
1043.06	12747.3
1044.19	12738.5
1045.31	12729.7
1046.44	12720.4
1047.57	12710.6
1048.69	12699.4
1049.82	12687.1
1050.95	12677.2
1052.08	12671.3
1053.2	12672.2
1054.33	12671.2
1055.45	12670.1
1056.58	12668.6
1057.7	12666.5
1058.83	12663.5
1059.95	12659.6
1061.08	12655
1062.2	12649.5
1063.33	12643.1
1064.45	12635.5
1065.58	12626.3
1066.7	12615.7
1067.83	12594.4
1068.95	12522.6
1070.07	12535.4
1071.2	12558
1072.32	12582.6
1073.44	12597.6
1074.56	12610.1
1075.69	12619.5
1076.81	12623.7
1077.93	12623.5
1079.05	12619.2
1080.17	12611.8
1081.3	12602.9
1082.42	12597.8
1083.54	12593.2
1084.66	12589.4
1085.78	12586.3
1086.9	12583.4
1088.02	12581.2
1089.14	12579
1090.26	12575.6
1091.38	12572.9
1092.5	12573.5
1093.62	12580.5
1094.74	12590.3
1095.86	12605.7
1096.98	12615.6
1098.1	12620.3
1099.22	12619.6
1100.34	12606.2
1101.45	12590.8
1102.57	12561.9
1103.69	12554.5
1104.81	12555.2
1105.93	12566.1
1107.04	12570.9
1108.16	12567.1
1109.28	12559.4
1110.4	12549.4
1111.51	12535.3
1112.63	12521.2
1113.75	12504.5
1114.86	12492.3
1115.98	12484.2
1117.09	12476.4
1118.21	12468.5
1119.32	12460.9
1120.44	12453.2
1121.55	12446.1
1122.67	12437
1123.78	12426.6
1124.9	12414.3
1126.01	12400
1127.13	12387
1128.24	12380.9
1129.35	12373.3
1130.47	12367
1131.58	12362.6
1132.7	12359
1133.81	12342
1134.92	12314.4
1136.03	12290.7
1137.15	12264.9
1138.26	12236.5
1139.37	12213.6
1140.48	12197.9
1141.59	12190.2
1142.71	12184.5
1143.82	12187.5
1144.93	12184.2
1146.04	12180.9
1147.15	12176.8
1148.26	12169.2
1149.37	12160.3
1150.48	12149.2
1151.59	12136.4
1152.7	12122.5
1153.81	12107.5
1154.92	12101.5
1156.03	12095.4
1157.14	12094.9
1158.25	12098.1
1159.36	12102.4
1160.47	12106.6
1161.58	12109.8
1162.68	12102.9
1163.79	12093.6
1164.9	12080.3
1166.01	12071.7
1167.12	12064.6
1168.22	12068.4
1169.33	12070.8
1170.44	12079
1171.55	12075.5
1172.65	12069.2
1173.76	12058.1
1174.87	12056.4
1175.97	12055
1177.08	12060.3
1178.18	12062.3
1179.29	12065.1
1180.4	12069.1
1181.5	12073.8
1182.61	12079.1
1183.71	12085
1184.82	12091.4
1185.92	12097.7
1187.02	12097
1188.13	12094.7
1189.23	12091
1190.34	12084.4
1191.44	12085.9
1192.54	12089
1193.65	12090
1194.75	12090.2
1195.85	12088.7
1196.96	12086.7
1198.06	12085.7
1199.16	12085.8
1200.26	12098.9
1201.37	12084
1202.47	12070
1203.57	12058.5
1204.67	12048.6
1205.77	12042.3
1206.87	12038.8
1207.97	12044
1209.08	12059.3
1210.18	12066.9
1211.28	12059.6
1212.38	12046.3
1213.48	12034.2
1214.58	12017.7
1215.68	12006.9
1216.78	12005.1
1217.88	12000.8
1218.98	12002.6
1220.07	12004.6
1221.17	12003
1222.27	12000.6
1223.37	11997.1
1224.47	11991.5
1225.57	11984.1
1226.66	11974.6
1227.76	11963
1228.86	11948.3
1229.96	11929.7
1231.06	11910.8
1232.15	11895.5
1233.25	11889.3
1234.35	11885.9
1235.44	11882.9
1236.54	11880.8
1237.63	11872.2
1238.73	11862.8
1239.83	11850.6
1240.92	11838.6
1242.02	11821.2
1243.11	11826.9
1244.21	11859.4
1245.3	11835.6
1246.4	11704.5
1247.49	11839.3
1248.59	11809.4
1249.68	11825.9
1250.78	11808.6
1251.87	11791.2
1252.96	11775.6
1254.06	11762.2
1255.15	11751.3
1256.24	11741.3
1257.34	11733
1258.43	11726.2
1259.52	11721.3
1260.62	11717.7
1261.71	11715.3
1262.8	11715.2
1263.89	11717.6
1264.98	11724.4
1266.08	11733.4
1267.17	11741
1268.26	11745.5
1269.35	11743.9
1270.44	11738.5
1271.53	11721.7
1272.62	11711.6
1273.71	11710.4
1274.8	11710.4
1275.89	11713.5
1276.98	11725
1278.07	11736.8
1279.16	11745
1280.25	11743.6
1281.34	11735.9
1282.43	11719.9
1283.52	11703.1
1284.61	11688.5
1285.69	11688.1
1286.78	11688.2
1287.87	11701.1
1288.96	11711.5
1290.05	11715.7
1291.13	11718.7
1292.22	11717.5
1293.31	11716.8
1294.4	11715.9
1295.48	11711.8
1296.57	11705.3
1297.66	11696.8
1298.74	11690.9
1299.83	11687.9
1300.92	11699
1302	11813.7
1303.09	11740.7
1304.17	11741.6
1305.26	11738.7
1306.34	11732.2
1307.43	11724.9
1308.51	11718
1309.6	11711.3
1310.68	11706.6
1311.76	11702.2
1312.85	11699.3
1313.93	11694
1315.02	11689.9
1316.1	11683.9
1317.18	11677.2
1318.27	11668.4
1319.35	11659.9
1320.43	11652.8
1321.52	11646.6
1322.6	11641.7
1323.68	11637.8
1324.76	11635
1325.85	11629.9
1326.93	11618.3
1328.01	11608.9
1329.09	11607.5
1330.17	11599.4
1331.25	11591.5
1332.33	11579.7
1333.41	11563.7
1334.49	11552.3
1335.58	11543.7
1336.65	11536.2
1337.74	11530.6
1338.82	11527.3
1339.89	11526.9
1340.97	11527.7
1342.05	11528.1
1343.13	11527.8
1344.21	11522.5
1345.29	11508.8
1346.37	11496.8
1347.45	11482.4
1348.53	11477.5
1349.6	11475.8
1350.68	11476
1351.76	11478.9
1352.84	11484
1353.92	11484.5
1354.99	11482.8
1356.07	11478.5
1357.15	11472.7
1358.22	11458.1
1359.3	11453.9
1360.38	11460.8
1361.45	11472.5
1362.53	11493.6
1363.61	11494.2
1364.68	11499.5
1365.76	11500.7
1366.83	11432.9
1367.91	11428.4
1368.98	11441.1
1370.06	11447.2
1371.13	11463.2
1372.21	11440.6
1373.28	11432.7
1374.35	11428.6
1375.43	11426.8
1376.5	11425.5
1377.58	11423.3
1378.65	11421.8
1379.72	11423.2
1380.8	11425.3
1381.87	11425.6
1382.94	11425
1384.01	11422.6
1385.09	11417.7
1386.16	11411.4
1387.23	11403.5
1388.3	11394
1389.38	11384
1390.45	11375.5
1391.52	11370.2
1392.59	11365.3
1393.66	11363.6
1393.92	11362.4
1395	11363.3
1396.07	11360.6
1397.15	11354.2
1398.22	11351
1399.3	11348.8
1400.38	11347.6
1401.45	11345
1402.53	11340.6
1403.6	11331.2
1404.68	11322.9
1405.75	11314
1406.82	11304.4
1407.9	11293.9
1408.97	11282.8
1410.05	11272.3
1411.12	11265.4
1412.19	11263
1413.27	11274.2
1414.34	11276.4
1415.41	11273
1416.49	11267.6
1417.56	11260.2
1418.63	11251.6
1419.7	11240.4
1420.78	11230.5
1421.85	11222.5
1422.92	11215
1423.99	11208.2
1425.06	11201.4
1426.14	11194.8
1427.21	11188.6
1428.28	11182.6
1429.35	11177.2
1430.42	11172.8
1431.49	11169.9
1432.56	11168.7
1433.63	11169.7
1434.7	11172.4
1435.77	11177.1
1436.84	11184.5
1437.91	11187.4
1438.98	11184.1
1440.05	11165.3
1441.12	11154.4
1442.18	11147.9
1443.25	11143.3
1444.32	11140.3
1445.39	11138.2
1446.46	11137
1447.53	11137.2
1448.59	11138.3
1449.66	11139
1450.73	11137.5
1451.8	11133.4
1452.86	11126.8
1453.93	11116.6
1455	11106.6
1456.06	11095.5
1457.13	11090.5
1458.2	11104.2
1459.26	11106.8
1460.33	11108.6
1461.39	11109.1
1462.46	11106.7
1463.52	11101.8
1464.59	11097.5
1465.65	11092
1466.72	11089.9
1467.78	11092.4
1468.85	11093.6
1469.91	11094.7
1470.98	11096
1472.04	11099.2
1473.1	11095
1474.17	11087.5
1475.23	11078.3
1476.3	11069.7
1477.36	11062.1
1478.42	11054.4
1479.48	11046.8
1480.55	11040
1481.61	11034
1482.67	11029
1483.73	11026.5
1484.8	11029.8
1485.86	11031.4
1486.92	11025.9
1487.98	11012.2
1489.04	10995.1
1490.1	10985.1
1491.17	10975.9
1492.23	10971
1493.29	10968.4
1494.35	10968.5
1495.41	10970.4
1496.47	10975.9
1497.53	10980
1498.59	10970.6
1499.65	10955.6
1500.71	10944.9
1501.77	10928.4
1502.83	10914.1
1503.88	10907.6
1504.94	10911.5
1506	10904.2
1507.06	10891.1
1508.12	10876.4
1509.18	10866.8
1510.23	10862.7
1511.29	10861.6
1512.35	10862.6
1513.41	10865.9
1514.47	10873.4
1515.52	10872.6
1516.58	10863.4
1517.64	10854.8
1518.69	10846.4
1519.75	10838.2
1520.81	10830.4
1521.86	10820.9
1522.92	10811.5
1523.97	10803.6
1525.03	10797.2
1526.08	10796.6
1527.14	10796.8
1528.2	10795.9
1529.25	10788.3
1530.31	10779.9
1531.36	10769.6
1532.42	10758
1533.47	10745.1
1534.52	10731.2
1535.58	10723.2
1536.63	10717.9
1537.69	10715.9
1538.74	10720.7
1539.79	10728
1540.84	10736.5
1541.9	10743.6
1542.95	10750
1544	10756.6
1545.06	10745.6
1546.11	10732.1
1547.16	10718.2
1548.21	10707.7
1549.27	10702.2
1550.32	10699.7
1551.37	10699.9
1552.42	10703.5
1553.47	10709.8
1554.52	10719
1555.57	10728.7
1556.62	10726.4
1557.67	10711.1
1558.72	10696.8
1559.77	10688.4
1560.82	10683
1561.87	10678.8
1562.92	10676.7
1563.97	10676.6
1565.02	10679.4
1566.07	10680.5
1567.12	10667.7
1568.17	10662.7
1569.22	10656.9
1570.27	10655.6
1571.32	10655.1
1572.36	10656.6
1573.41	10658.4
1574.46	10659.2
1575.51	10659.9
1576.56	10658.4
1577.6	10654.3
1578.65	10652.3
1579.7	10652.7
1580.74	10664.9
1581.79	10660
1582.84	10644.7
1583.88	10609.7
1584.93	10581.1
1585.98	10605.5
1587.02	10598.3
1588.07	10590.2
1589.11	10583.1
1590.16	10577.8
1591.2	10573
1592.25	10567.9
1593.29	10563.8
1594.34	10560.5
1595.38	10557
1596.43	10552.9
1597.47	10548.5
1598.52	10544
1599.56	10540.1
1600.6	10534.6
1601.65	10527.4
1602.69	10515.9
1603.73	10499.8
1604.78	10488.4
1605.82	10478.5
1606.86	10470.8
1607.91	10466.6
1608.95	10463.5
1609.99	10459.8
1611.03	10455.3
1612.08	10449.6
1613.12	10442.7
1614.16	10433.9
1615.2	10424
1616.24	10412.7
1617.28	10402.4
1618.32	10409.2
1619.36	10406
1620.41	10391.9
1621.45	10373.1
1622.49	10359.9
1623.53	10352.8
1624.57	10347.4
1625.61	10342.5
1626.65	10338
1627.69	10333.2
1628.73	10328.4
1629.76	10322.3
1630.8	10301.1
1631.84	10292.3
1632.88	10289.2
1633.92	10295
1634.96	10284.6
1636	10237.8
1637.03	10181.7
1638.07	10176.8
1639.11	10179.4
1640.15	10182.3
1641.19	10184.3
1642.22	10184.4
1643.26	10185.8
1644.3	10189.1
1645.33	10192.4
1646.37	10197.1
1647.41	10198.6
1648.44	10173.2
1649.48	10154.6
1650.52	10149.1
1651.55	10159
1652.59	10181.9
1653.62	10183.9
1654.66	10183.3
1655.69	10178.2
1656.73	10168.1
1657.76	10152.2
1658.8	10133.5
1659.83	10117.4
1660.87	10104.6
1661.9	10095.1
1662.93	10089.7
1663.97	10087.1
1665	10095.7
1666.04	10114.4
1667.07	10123.7
1668.1	10120.2
1669.14	10118.1
1670.17	10096.1
1671.2	10080.3
1672.23	10070.2
1673.27	10066.5
1674.3	10069.7
1675.33	10079.2
1676.36	10084.3
1677.39	10085.5
1678.43	10082.6
1679.46	10074.7
1680.49	10049.6
1681.52	10028.7
1682.55	10015.9
1683.58	10010.1
1684.61	10012
1685.64	10012.5
1686.67	10011.5
1687.7	9996.05
1688.73	9990.33
1689.76	9986.81
1690.79	9982.87
1691.82	9981.03
1692.85	9982.59
1693.88	9986.82
1694.91	9994.04
1695.94	9981.25
1696.97	9968.17
1698	9955.1
1699.02	9946.6
1700.05	9941.49
1701.08	9938.45
1702.11	9937.62
1703.14	9939.41
1704.16	9943.58
1705.19	9950.87
1706.22	9913.99
1707.25	9895.91
1708.27	9873.27
1709.3	9871.12
1710.33	9879.19
1711.35	9927.2
1712.38	9887.11
1713.41	9866.9
1714.43	9850.26
1715.46	9833.59
1716.48	9818.68
1717.51	9806.76
1718.53	9796.36
1719.56	9787.9
1720.58	9780.76
1721.61	9774.7
1722.63	9769.18
1723.66	9759.92
1724.68	9752.23
1725.71	9744.17
1726.73	9739.59
1727.75	9736.16
1728.78	9735.07
1729.8	9732.61
1730.83	9719.42
1731.85	9704.99
1732.87	9695.59
1733.89	9690.4
1734.92	9689.31
1735.94	9692.86
1736.96	9695.49
1737.98	9686.06
1739.01	9668.21
1740.03	9656.8
1741.05	9649.43
1742.07	9642.72
1743.09	9637.01
1744.12	9632.13
1745.14	9627.59
1746.16	9623.18
1747.18	9618.22
1748.2	9613.21
1749.22	9607.71
1750.24	9601.42
1751.26	9593.67
1752.28	9585.14
1753.3	9577.56
1754.32	9572.04
1755.34	9567.27
1756.36	9566.54
1757.38	9565.13
1758.4	9560.5
1759.42	9553.8
1760.44	9540.69
1761.45	9529.74
1762.47	9528.87
1763.49	9533.5
1764.51	9543.21
1765.53	9559.32
1766.55	9562.08
1767.56	9559.31
1768.58	9550.25
1769.6	9535.27
1770.61	9514.48
1771.63	9499.93
1772.65	9500.07
1773.67	9499.83
1774.68	9507.9
1775.7	9509.45
1776.72	9504.86
1777.73	9493.54
1778.75	9475.5
1779.76	9450.12
1780.78	9428.53
1781.79	9406.27
1782.81	9397
1783.83	9390.83
1784.84	9400.79
1785.85	9411.46
1786.87	9415.12
1787.88	9405.88
1788.9	9396.44
1789.91	9380.52
1790.93	9362.46
1791.94	9350.21
1792.95	9345.68
1793.97	9347.52
1794.98	9354.73
1796	9368.69
1797.01	9363.64
1798.02	9339.18
1799.03	9332.42
1800.05	9326.37
1801.06	9318.33
1802.07	9310.01
1803.08	9302.87
1804.1	9293.56
1805.11	9282.82
1806.12	9270.91
1807.13	9256.12
1808.14	9241.38
1809.15	9233.21
1810.17	9226.4
1811.18	9220.11
1812.19	9214.65
1813.2	9209.21
1814.21	9197.96
1815.22	9189.39
1816.23	9181.11
1817.24	9172.38
1818.25	9168.5
1819.26	9171.79
1820.27	9171.89
1821.28	9164.4
1822.29	9147.93
1823.3	9134.63
1824.3	9126.38
1825.31	9129.35
1826.32	9125.73
1827.33	9123.89
1828.34	9121.36
1829.35	9117.79
1830.35	9114.11
1831.36	9101.48
1832.37	9085.92
1833.38	9074.82
1834.38	9062.18
1835.39	9055.57
1836.4	9050.68
1837.41	9046.31
1838.41	9042.57
1839.42	9039.33
1840.43	9035.79
1841.43	9026.32
1842.44	9022.88
1843.44	9009.89
1844.45	8994.74
1845.46	8963.97
1846.46	8944.23
1847.47	8942.97
1848.47	8985.3
1849.48	8971.89
1850.48	8963
1851.49	8945.85
1852.49	8931.24
1853.49	8918.46
1854.5	8907.92
1855.5	8899.86
1856.51	8894.89
1857.51	8892.9
1858.51	8894.95
1859.52	8901.23
1860.52	8890.47
1861.52	8879.63
1862.53	8867.91
1863.53	8855.09
1864.53	8849.49
1865.54	8846.25
1866.54	8844.78
1867.54	8845.01
1868.54	8846.43
1869.54	8849.29
1870.55	8838.92
1871.55	8834.09
1872.55	8815.06
1873.55	8789.1
1874.55	8778.33
1875.55	8774.73
1876.55	8780.07
1877.55	8787.24
1878.55	8780.9
1879.55	8768.31
1880.56	8749.72
1881.55	8741.16
1882.56	8735.9
1883.55	8733
1884.55	8731.37
1885.55	8731.1
1886.55	8730.85
1887.55	8730.44
1888.55	8727.08
1889.55	8722.61
1890.55	8716.09
1891.55	8708.13
1892.55	8698.54
1893.54	8687.91
1894.54	8675.27
1895.54	8646.24
1896.54	8618.76
1897.54	8620.94
1898.53	8643.24
1899.53	8649.07
1900.53	8653.41
1901.52	8634.74
1902.52	8626.93
1903.52	8616.14
1904.51	8601.87
1905.51	8584.25
1906.51	8567.9
1907.5	8557.72
1908.5	8552.51
1909.49	8549.41
1910.49	8549.79
1911.49	8552.61
1912.48	8552.65
1913.48	8547.19
1914.47	8540.27
1915.46	8532.04
1916.46	8522.19
1917.45	8510.97
1918.45	8498.42
1919.44	8484.84
1920.44	8470.33
1921.43	8456.27
1922.43	8443.52
1923.42	8432.47
1924.41	8423.11
1925.41	8416.05
1926.4	8411.66
1927.39	8409.15
1928.38	8406.82
1929.38	8405.18
1930.37	8392.3
1931.36	8379.14
1932.35	8366.13
1933.35	8352.91
1934.34	8339.95
1935.33	8347.21
1936.32	8363.05
1937.31	8359.97
1938.3	8346.5
1939.29	8340.08
1940.29	8335.06
1941.28	8331.25
1942.27	8327.83
1943.26	8324.31
1944.25	8321.22
1945.24	8318.42
1946.23	8314.26
1947.22	8307.42
1948.21	8297.79
1949.2	8286.59
1950.19	8271.33
1951.18	8253.43
1952.17	8233.74
1953.16	8214.05
1954.14	8199.08
1955.13	8188.45
1956.12	8178.77
1957.11	8172.81
1958.1	8169.36
1959.09	8169.71
1960.07	8176.22
1961.06	8190
1962.05	8178.38
1963.04	8158.43
1964.02	8147.02
1965.01	8141.48
1966	8134.66
1966.99	8125.7
1967.97	8116.27
1968.96	8106.62
1969.95	8099.34
1970.93	8098.55
1971.92	8094.03
1972.9	8087.8
1973.89	8080.67
1974.88	8066.65
1975.86	8057.81
1976.85	8054.76
1977.83	8058.65
1978.82	8063.91
1979.8	8067.99
1980.79	8063.86
1981.77	8054.43
1982.76	8045.73
1983.74	8042.37
1984.72	8037.76
1985.71	8032.58
1986.69	8026.92
1987.67	8021.92
1988.66	8015.69
1989.64	8003.15
1990.62	7971.69
1991.61	7957.67
1992.59	7945
1993.57	7933.46
1994.56	7922.87
1995.54	7912.98
1996.52	7903.71
1997.5	7894.56
1998.49	7891.84
1999.47	7890.84
2000.45	7893.59
2001.43	7908.5
2002.41	7915.1
2003.39	7921.9
2004.38	7917.26
2005.36	7900.61
2006.34	7881.52
2007.32	7864.74
2008.3	7850.14
2009.28	7838.32
2010.26	7828.15
2011.24	7818.71
2012.22	7810.22
2013.2	7803.46
2014.18	7797.91
2015.16	7793.12
2016.14	7788.74
2017.12	7782.34
2018.1	7774.89
2019.07	7765.66
2020.05	7756.75
2021.03	7747.84
2022.01	7739.25
2022.99	7730.86
2023.97	7732.38
2024.95	7735.55
2025.92	7737.95
2026.9	7732.82
2027.88	7710.74
2028.86	7693.15
2029.83	7683.43
2030.81	7673.81
2031.79	7664.63
2032.76	7659.63
2033.74	7655.75
2034.72	7654.42
2035.69	7654.68
2036.67	7655.92
2037.65	7657.63
2038.62	7656.44
2039.6	7654.25
2040.57	7648.96
2041.55	7634.11
2042.52	7612.77
2043.5	7593.2
2044.47	7573.71
2045.45	7554.94
2046.42	7536.47
2047.4	7520.68
2048.37	7511.31
2049.35	7503
2050.32	7496.37
2051.29	7492.54
2052.27	7490.75
2053.24	7492.26
2054.21	7495.28
2055.19	7499.81
2056.16	7503.47
2057.13	7480.68
2058.11	7444.58
2059.08	7416.4
2060.05	7420.11
2061.02	7429.25
2062	7442.91
2062.97	7440.32
2063.94	7441.53
2064.91	7438.32
2065.89	7429.75
2066.86	7418.09
2067.83	7399.09
2068.8	7375.68
2069.77	7347.6
2070.74	7320.48
2071.71	7364.31
2072.68	7369.83
2073.65	7369.06
2074.62	7364.52
2075.59	7356.65
2076.56	7346.57
2077.53	7333.29
2078.5	7318.44
2079.47	7300.42
2080.44	7282.45
2081.41	7268.79
2082.38	7257.22
2083.35	7249.32
2084.32	7244.3
2085.29	7241.9
2086.26	7241.68
2087.23	7239.84
2088.19	7230.66
2089.16	7207.37
2090.13	7154.77
2091.1	7198.6
2092.07	7184.7
2093.03	7177.94
2094	7167.07
2094.97	7158.67
2095.94	7152.8
2096.9	7149.48
2097.87	7148.34
2098.84	7149.79
2099.8	7154.26
2100.77	7161.06
2101.74	7153.72
2102.7	7141.39
2103.67	7127.46
2104.63	7110.02
2105.6	7093.07
2106.56	7075.63
2107.53	7063.14
2108.49	7053.95
2109.46	7048.54
2110.42	7047.43
2111.39	7049.58
2112.35	7054.44
2113.32	7059.29
2114.28	7049.17
2115.25	7041.7
2116.21	7032.18
2117.17	7023.79
2118.14	7016.64
2119.1	7018.52
2120.07	7008.13
2121.03	7000.62
2121.99	6989.84
2122.96	6978.68
2123.92	6971.65
2124.88	6966.79
2125.84	6963.49
2126.81	6961.53
2127.77	6961.31
2128.73	6961.7
2129.69	6961.18
2130.65	6958.35
2131.62	6948.68
2132.58	6935.58
2133.54	6920.25
2134.5	6903.4
2135.46	6894.55
2136.42	6886.63
2137.38	6880.43
2138.34	6875.63
2139.3	6872.59
2140.26	6871.14
2141.22	6865.47
2142.18	6856.83
2143.14	6840.21
2144.1	6830.17
2145.06	6820.03
2146.02	6812.11
2146.98	6807.54
2147.94	6804.27
2148.9	6802.93
2149.86	6801.52
2150.82	6800.28
2151.78	6797.16
2152.74	6791.84
2153.69	6785.11
2154.65	6776.12
2155.61	6765.34
2156.57	6752.09
2157.53	6736.88
2158.48	6718.76
2159.44	6700.5
2160.4	6697.05
2161.36	6691.06
2162.31	6683.54
2163.27	6673.37
2164.23	6666.11
2165.18	6662.77
2166.14	6661.75
2167.1	6660.26
2168.05	6658.67
2169.01	6656.97
2169.96	6650.98
2170.92	6641.39
2171.88	6628.35
2172.83	6607.49
2173.79	6580.18
2174.74	6558.42
2175.7	6539.83
2176.65	6525.79
2177.6	6511.96
2178.56	6504
2179.51	6498.06
2180.47	6493.31
2181.42	6489.06
2182.38	6472.98
2183.33	6459.34
2184.28	6456.44
2185.24	6456.4
2186.19	6457.93
2187.14	6461.2
2188.1	6465.21
2189.05	6456.63
2190	6441.34
2190.96	6422.73
2191.91	6403.3
2192.86	6386.9
2193.81	6373.33
2194.76	6362.46
2195.72	6354.15
2196.67	6348.49
2197.62	6345.33
2198.57	6344.57
2199.52	6344.74
2200.47	6350.51
2201.43	6356.46
2202.38	6362.75
2203.33	6367.29
2204.28	6363.07
2205.23	6356.12
2206.18	6344.23
2207.13	6327.86
2208.08	6305.2
2209.03	6279.79
2209.98	6265.75
2210.93	6262.24
2211.88	6263.05
2212.83	6266.25
2213.78	6274.7
2214.73	6279.41
2215.67	6280.13
2216.62	6271.43
2217.57	6253.92
2218.52	6227.7
2219.47	6211.62
2220.42	6205.92
2221.37	6209.1
2222.31	6239.54
2223.26	6246.96
2224.21	6220.76
2225.16	6210.07
2226.1	6200.83
2227.05	6189.98
2228	6179.85
2228.94	6171.22
2229.89	6162.86
2230.84	6155.5
2231.78	6149.91
2232.73	6146.35
2233.68	6143.63
2234.62	6141
2235.57	6138.36
2236.51	6135.94
2237.46	6133.9
2238.41	6132.37
2239.35	6131.16
2240.3	6130.14
2241.24	6128.87
2242.19	6126.4
2243.13	6121.42
2244.07	6115.36
2245.02	6110.58
2245.96	6108.63
2246.91	6107.69
2247.85	6107.79
2248.8	6105.92
2249.74	6102.66
2250.68	6098.54
2251.63	6095.36
2252.57	6092.21
2253.51	6081.84
2254.46	6066.63
2255.4	6056.88
2256.34	6051.39
2257.28	6049.1
2258.23	6069.5
2259.17	6060.59
2260.11	6056.69
2261.05	6051.87
2262	6047.79
2262.94	6046.06
2263.88	6039.73
2264.82	6029.3
2265.76	6016.86
2266.7	6010.31
2267.64	6014
2268.58	6024.55
2269.53	6034.77
2270.47	6035.25
2271.41	6029.58
2272.35	6021.67
2273.29	6013.25
2274.23	6002.85
2275.17	5995.23
2276.11	5988.87
2277.05	5984.56
2277.99	5986.64
2278.93	5987.23
2279.86	5987.42
2280.8	5986.94
2281.74	5986.63
2282.68	5988.68
2283.62	5990.54
2284.56	5990.77
2285.5	5989.38
2286.44	5986.61
2287.37	5981.78
2288.31	5974.36
2289.25	5965.73
2290.19	5955.73
2291.12	5945.83
2292.06	5939.52
2293	5942.03
2293.94	5943.22
2294.87	5947.5
2295.81	5951.15
2296.75	5953.74
2297.68	5956.08
2298.62	5957.44
2299.55	5956.52
2300.49	5953.82
2301.43	5949.92
2302.36	5944.68
2303.3	5938.42
2304.23	5932.46
2305.17	5923.95
2306.1	5913.28
2307.04	5901.42
2307.98	5888.79
2308.91	5876.89
2309.84	5865.46
2310.78	5854.47
2311.71	5844.21
2312.65	5837.8
2313.58	5833.98
2314.52	5835.04
2315.45	5836.77
2316.38	5838.15
2317.32	5841.44
2317.72	5843.34
2318.66	5846.84
2319.6	5846.18
2320.54	5840.76
2321.48	5830.09
2322.41	5816.95
2323.35	5806.74
2324.29	5791.73
2325.23	5777.54
2326.16	5771.17
2327.1	5771.43
2328.04	5770
2328.97	5765.05
2329.91	5758.11
2330.85	5748.9
2331.78	5741.26
2332.72	5733.77
2333.66	5727.69
2334.59	5724.76
2335.53	5723.72
2336.46	5721.3
2337.4	5718.05
2338.33	5713.95
2339.27	5709.57
2340.2	5707.19
2341.14	5706.32
2342.07	5706
2343.01	5706.7
2343.94	5708.11
2344.88	5710.68
2345.81	5706.48
2346.75	5681.73
2347.68	5662
2348.61	5657.89
2349.55	5662.77
2350.48	5678.35
2351.41	5648.96
2352.35	5643.48
2353.28	5640.09
2354.21	5637.22
2355.15	5633.37
2356.08	5630.11
2357.01	5626.89
2357.94	5623.72
2358.88	5620.66
2359.81	5617.63
2360.74	5614.69
2361.67	5611.66
2362.6	5608.72
2363.54	5605.56
2364.47	5602.23
2365.4	5599.32
2366.33	5597.04
2367.26	5597.76
2368.19	5597.89
2369.12	5598.8
2370.05	5594.66
2370.98	5591.7
2371.91	5586.88
2372.84	5581.99
2373.77	5576.85
2374.7	5571.61
2375.63	5565.68
2376.56	5561.39
2377.49	5558.9
2378.42	5558.66
2379.35	5555.04
2380.28	5550.01
2381.21	5544.91
2382.14	5541.12
2383.07	5537.77
2384	5534.7
2384.92	5532.16
2385.85	5530
2386.78	5528.52
2387.71	5527
2388.64	5524.34
2389.56	5521.08
2390.49	5517.12
2391.42	5512.66
2392.35	5506.44
2393.27	5498.5
2394.2	5490
2395.13	5481.33
2396.05	5472.62
2396.98	5464.5
2397.91	5461.89
2398.83	5460.21
2399.76	5471.26
2400.69	5479.29
2401.61	5474.93
2402.54	5461.03
2403.46	5443.06
2404.39	5427.14
2405.31	5414.02
2406.24	5403.37
2407.17	5404.07
2408.09	5406.13
2409.01	5408.66
2409.94	5411.44
2410.86	5411.54
2411.79	5410.5
2412.71	5408.71
2413.64	5404.41
2414.56	5404.66
2415.49	5403.02
2416.41	5401.93
2417.33	5388.72
2418.26	5366.93
2419.18	5355.91
2420.1	5345.38
2421.03	5335.96
2421.95	5338.93
2422.87	5341
2423.79	5343.94
2424.72	5346.77
2425.64	5350.06
2426.56	5344.55
2427.48	5339.96
2428.41	5324.75
2429.33	5301.35
2430.25	5285.49
2431.17	5282.63
2432.09	5292.59
2433.01	5291.3
2433.93	5289.36
2434.86	5286.2
2435.78	5271.6
2436.7	5262.35
2437.62	5252.47
2438.54	5245.17
2439.46	5236.79
2440.38	5230.1
2441.3	5221.46
2442.22	5213.33
2443.14	5205.85
2444.06	5201.96
2444.98	5202.15
2445.9	5204.01
2446.82	5212.88
2447.73	5214.39
2448.65	5201.93
2449.57	5186.88
2450.49	5161.08
2451.41	5140.75
2452.33	5127.49
2453.25	5125.94
2454.17	5127.69
2455.08	5136.29
2456	5141.39
2456.92	5145.8
2457.84	5147.79
2458.75	5145.71
2459.67	5136.68
2460.59	5123.82
2461.51	5112.4
2462.42	5102.82
2463.34	5095.29
2464.26	5098.51
2465.17	5101.21
2466.09	5110.11
2467	5111.46
2467.92	5107.79
2468.84	5096.68
2469.75	5082.73
2470.67	5067.7
2471.58	5055.52
2472.5	5046.95
2473.42	5039.74
2474.33	5034.31
2475.25	5030.39
2476.16	5027.99
2477.08	5026.97
2477.99	5026.64
2478.9	5027.89
2479.82	5027.39
2480.73	5016.46
2481.65	5001.85
2482.56	4987.19
2483.47	4979.65
2484.39	4981.61
2485.3	4980.63
2486.22	4981.38
2487.13	4981.77
2488.04	4982.02
2488.96	4981.59
2489.87	4985.32
2490.78	5011.24
2491.69	4984.16
2492.61	4950.41
2493.52	4946.13
2494.43	4962.52
2495.34	4966.2
2496.25	4972.61
2497.17	4978.21
2498.08	4984.49
2498.99	4987.65
2499.9	4980.44
2500.81	4963.21
2501.72	4949.1
2502.63	4933.58
2503.55	4926.55
2504.46	4920.69
2505.37	4915.9
2506.28	4911.51
2507.19	4909.58
2508.1	4905.06
2509.01	4898.5
2509.92	4898.62
2510.83	4900.91
2511.74	4903.46
2512.65	4903.73
2513.56	4903.3
2514.47	4901.63
2515.37	4897.56
2516.28	4895.16
2517.19	4892.1
2518.1	4888.75
2519.01	4885.45
2519.92	4881.98
2520.83	4880.17
2521.73	4883.08
2522.64	4885.38
2523.55	4883.47
2524.46	4879.37
2525.37	4873.32
2526.27	4865.12
2527.18	4854.74
2528.09	4841.86
2529	4832.54
2529.9	4839.47
2530.81	4840.73
2531.72	4842.04
2532.62	4839.55
2533.53	4833.64
2534.44	4826.25
2535.34	4817.55
2536.25	4806.8
2537.15	4795.06
2538.06	4784.03
2538.96	4776.95
2539.87	4775.58
2540.78	4780.78
2541.68	4788.61
2542.59	4800.89
2543.49	4807.59
2544.4	4810.24
2545.3	4801.57
2546.21	4787.36
2547.11	4769.11
2548.01	4754.54
2548.92	4747.57
2549.82	4746.34
2550.73	4746.97
2551.63	4751.01
2552.53	4756.55
2553.44	4760.79
2554.34	4749.85
2555.24	4730.87
2556.15	4710.12
2557.05	4693.59
2557.95	4680.76
2558.86	4672.09
2559.76	4665.97
2560.66	4661.62
2561.56	4659.15
2562.46	4658.46
2563.37	4658.44
2564.27	4656.74
2565.17	4653.92
2566.07	4650.23
2566.97	4644.86
2567.88	4638.32
2568.78	4630.13
2569.68	4623.8
2570.58	4619.44
2571.48	4616.26
2572.38	4613.88
2573.28	4612.28
2574.18	4611.38
2575.08	4611.48
2575.98	4612.22
2576.88	4613.33
2577.78	4614.29
2578.68	4608.32
2579.58	4601.13
2580.48	4586.61
2581.38	4571.42
2582.28	4550.34
2583.18	4543.14
2584.08	4542.91
2584.98	4542.28
2585.88	4540.01
2586.77	4536.46
2587.67	4532.71
2588.57	4524.89
2589.47	4515.43
2590.37	4503.78
2591.27	4494.2
2592.16	4487.73
2593.06	4485.36
2593.96	4484.55
2594.86	4485.92
2595.75	4489.48
2596.65	4495.43
2597.55	4503.12
2598.45	4507.28
2599.34	4507.05
2600.24	4497.74
2601.13	4489.3
2602.03	4477.45
2602.93	4470.4
2603.82	4464.48
2604.72	4459.42
2605.62	4455.41
2606.51	4452.99
2607.41	4451.21
2608.3	4449.78
2609.2	4446.56
2610.09	4438.31
2610.99	4428.26
2611.88	4420.1
2612.78	4415.07
2613.67	4412.32
2614.57	4411.18
2615.46	4417.09
2616.36	4423.59
2617.25	4425.8
2618.14	4423.14
2619.04	4415.09
2619.93	4403.9
2620.83	4391.84
2621.72	4379.72
2622.61	4370.07
2623.5	4361.18
2624.4	4361.91
2625.29	4362.85
2626.18	4363.23
2627.08	4362.8
2627.97	4360.21
2628.86	4355.08
2629.75	4348.06
2630.65	4340.8
2631.54	4333.51
2632.43	4326.52
2633.32	4319.95
2634.21	4313.55
2635.11	4308.58
2636	4303.93
2636.89	4300.3
2637.78	4296.37
2638.67	4290.94
2639.56	4284.66
2640.45	4277.77
2641.34	4269.82
2642.23	4262.13
2643.12	4251.05
2644.01	4231.9
2644.9	4218.77
2645.79	4209.92
2646.68	4232.82
2647.57	4267.41
2648.46	4272.29
2649.35	4258.95
2650.24	4219.71
2651.13	4193.01
2652.02	4203.76
2652.91	4215.04
2653.8	4206.11
2654.69	4197.17
2655.58	4188.55
2656.46	4180.58
2657.35	4173.27
2658.24	4158.03
2659.13	4147.39
2660.02	4142.11
2660.9	4142.7
2661.79	4140.5
2662.68	4140.72
2663.57	4141.04
2664.45	4141.79
2665.34	4143.01
2666.23	4143.21
2667.11	4140.98
2668	4136.25
2668.89	4128.9
2669.77	4119.51
2670.66	4108
2671.55	4096.7
2672.43	4092.66
2673.32	4093.27
2674.21	4091.25
2675.09	4092.75
2675.98	4093.23
2676.86	4092.35
2677.75	4090.53
2678.63	4087.64
2679.52	4083.77
2680.4	4077.79
2681.29	4068.76
2682.17	4057.67
2683.06	4047.62
2683.94	4039.13
2684.82	4034.17
2685.71	4029.82
2686.59	4026.87
2687.48	4025.63
2688.36	4025.72
2689.24	4016.69
2690.13	4005.08
2691.01	3990.17
2691.89	3980
2692.78	3979.58
2693.66	3986.26
2694.54	3996.79
2695.43	4004.49
2696.31	3997.91
2697.19	3986.46
2698.07	3966.93
2698.96	3954.27
2699.84	3943.21
2700.72	3940.98
2701.6	3946.49
2702.48	3953.53
2703.36	3953.51
2704.25	3947.06
2705.13	3928.96
2706.01	3910.61
2706.89	3896.86
2707.77	3890.28
2708.65	3896.06
2709.53	3900.32
2710.41	3906.35
2711.29	3916.51
2712.17	3921.45
2713.05	3928.27
2713.93	3922.58
2714.81	3914.24
2715.69	3900.5
2716.57	3888.17
2717.45	3878.91
2718.33	3874.31
2719.21	3876.39
2720.09	3884.56
2720.97	3886.46
2721.85	3884.84
2722.73	3863.14
2723.61	3859.28
2724.48	3855.87
2725.36	3854.1
2726.24	3852.65
2727.12	3848.01
2728	3840.93
2728.88	3830.69
2729.75	3821.06
2730.63	3814.91
2731.51	3813.56
2732.39	3813
2733.26	3812.95
2734.14	3813.29
2735.02	3814.23
2735.89	3811.79
2736.77	3809.94
2737.65	3806.65
2738.52	3801.68
2739.4	3797.65
2740.28	3799.15
2741.15	3801.13
2742.03	3800.45
2742.9	3797.95
2743.78	3792.69
2744.65	3786.09
2745.53	3779.02
2746.41	3771.46
2747.28	3768.07
2748.16	3763.36
2749.03	3765.77
2749.91	3766.03
2750.78	3768.65
2751.66	3768.41
2752.53	3763.71
2753.4	3755.86
2754.28	3744.83
2755.15	3730.72
2756.02	3712.68
2756.9	3705.95
2757.77	3720.36
2758.65	3718.09
2759.52	3713.84
2760.39	3709.38
2761.27	3704.96
2762.14	3700.65
2763.01	3696.28
2763.88	3691.77
2764.76	3687.33
2765.63	3685.89
2766.5	3684.07
2767.37	3682.05
2768.25	3679.7
2769.12	3676.81
2769.99	3673.58
2770.86	3669.42
2771.73	3662.26
2772.61	3654.48
2773.48	3647.35
2774.35	3642.13
2775.22	3639.59
2776.09	3638.01
2776.96	3637.82
2777.83	3639.57
2778.7	3642.79
2779.57	3647.38
2780.44	3652.52
2781.31	3654.52
2782.18	3648.7
2783.05	3641.44
2783.92	3631.27
2784.79	3618.23
2785.66	3600.34
2786.53	3583.23
2787.4	3582.27
2788.27	3588.67
2789.14	3601.6
2790.01	3602.14
2790.88	3594.72
2791.75	3573.94
2792.62	3566.92
2793.48	3564.21
2794.35	3564.86
2795.22	3567.43
2796.09	3574.22
2796.96	3580.36
2797.82	3583.84
2798.69	3580.04
2799.56	3571.39
2800.43	3560.55
2801.29	3550.01
2802.16	3542.15
2803.03	3534.92
2803.9	3529.08
2804.76	3525.13
2805.63	3522.39
2806.5	3521.71
2807.36	3522.45
2808.23	3524.26
2809.09	3526.62
2809.96	3523.33
2810.83	3517.79
2811.69	3509.8
2812.56	3502.24
2813.42	3494.47
2814.29	3488.06
2815.15	3489.03
2816.02	3488.69
2816.88	3489.44
2817.75	3492.32
2818.61	3494.75
2819.48	3493.95
2820.34	3489.83
2821.21	3479.58
2822.07	3472.27
2822.94	3471.22
2823.8	3470.22
2824.66	3468.73
2825.53	3466.07
2826.39	3463.3
2827.26	3460.87
2828.12	3458.01
2828.98	3453.65
2829.85	3448.02
2830.71	3440.73
2831.57	3432.65
2832.43	3427.3
2833.3	3434.86
2834.16	3434.85
2835.02	3429.99
2835.88	3421.7
2836.75	3412.82
2837.61	3404.92
2838.47	3398.76
2839.33	3394.38
2840.19	3391.97
2841.06	3391.1
2841.92	3390.13
2842.78	3386.27
2843.64	3382.72
2844.5	3379.82
2845.36	3377.1
2846.22	3374.5
2847.08	3371.93
2847.94	3369.34
2848.81	3366.62
2849.67	3363.9
2850.53	3361.04
2851.39	3357.99
2852.25	3354.36
2853.11	3353.48
2853.97	3361.99
2854.82	3369.04
2855.68	3372.25
2856.54	3373.45
2857.4	3373.06
2858.26	3368.2
2859.12	3361.23
2859.98	3350.98
2860.84	3338.28
2861.7	3323.35
2862.56	3307.75
2863.41	3305.04
2864.27	3306.96
2865.13	3309.15
2865.99	3317.4
2866.85	3320.99
2867.7	3321.22
2868.56	3316.33
2869.42	3304.03
2870.28	3295.19
2871.13	3288.24
2871.99	3284.54
2872.85	3284.73
2873.7	3288.9
2874.56	3288.03
2875.42	3282.91
2876.27	3273.37
2877.13	3261.95
2877.99	3255.21
2878.84	3250.89
2879.7	3248.72
2880.56	3248.84
2881.41	3254.91
2882.27	3261.67
2883.12	3265.67
2883.98	3267.07
2884.83	3259.33
2885.69	3250.3
2886.54	3238.08
2887.4	3226.13
2888.25	3216.53
2889.11	3215.46
2889.96	3221.31
2890.82	3225.58
2891.67	3228.8
2892.52	3230.44
2893.38	3222.59
2894.23	3207.93
2895.09	3195.27
2895.94	3182.54
2896.79	3174.63
2897.65	3173.6
2898.5	3178.66
2899.35	3184.67
2900.21	3191.58
2901.06	3194.27
2901.91	3192.47
2902.76	3181.48
2903.62	3179.51
2904.47	3174.23
2905.32	3171.83
2906.17	3168.52
2907.03	3163.41
2907.88	3156.41
2908.73	3147.8
2909.58	3137.58
2910.43	3128.71
2911.28	3122.65
2912.14	3118.38
2912.99	3115.64
2913.84	3114.74
2914.69	3114.66
2915.54	3115.19
2916.39	3116.06
2917.24	3116.69
2918.09	3117.52
2918.94	3118.62
2919.79	3119.26
2920.64	3117.01
2921.49	3111.79
2922.34	3102.58
2923.19	3094.47
2924.04	3085.46
2924.89	3085.85
2925.74	3085.16
2926.59	3084.13
2927.44	3082.56
2928.29	3080.63
2929.14	3077.78
2929.98	3074.15
2930.83	3069.87
2931.68	3064.97
2932.53	3058.98
2933.38	3053.35
2934.23	3051.78
2935.07	3054.62
2935.92	3055.6
2936.77	3053.68
2937.62	3050.01
2938.47	3044.76
2939.31	3038.06
2940.16	3029.93
2941.01	3020.17
2941.85	3010.89
2942.7	3006.26
2943.55	3006.11
2944.39	3005.21
2945.24	2999.66
2946.09	2997.68
2946.93	2994.25
2947.78	2992.47
2948.63	2989.74
2949.47	2985.52
2950.32	2974.9
2951.16	2956.82
2952.01	2956.26
2952.85	2969.09
2953.7	2969.94
2954.55	2972.68
2955.39	2974.72
2956.24	2976
2957.08	2976.04
2957.92	2974.82
2958.77	2972.4
2959.61	2968.68
2960.46	2963.01
2961.3	2954.31
2962.15	2940.67
2962.99	2925.11
2963.83	2915.85
2964.68	2926.45
2965.52	2927.8
2966.37	2928.18
2967.21	2928.42
2968.05	2927.75
2968.9	2926.31
2969.74	2924.32
2970.58	2921.76
2971.42	2918.5
2972.27	2914.67
2973.11	2910.28
2973.95	2905.45
2974.79	2900.12
2975.64	2894.61
2976.48	2889.2
2977.32	2884.72
2978.16	2882.86
2979	2885.1
2979.85	2888.87
2980.69	2889.41
2981.53	2890.2
2982.37	2889.48
2983.21	2887.15
2984.05	2883.16
2984.89	2877.64
2985.73	2870.33
2986.57	2861.51
2987.41	2847.71
2988.25	2865.95
2989.1	2861.38
2989.94	2855.61
2990.77	2852.6
2991.62	2850.88
2992.45	2848.67
2993.29	2847
2994.13	2845.73
2994.97	2844.7
2995.81	2843.61
2996.65	2842.39
2997.49	2840.95
2998.33	2838.92
2999.17	2833.3
