200.833	10928.9
202.102	10975.9
203.371	11018.5
204.639	11003.9
205.907	11001.1
207.175	10996.6
208.442	10995.3
209.71	10997.5
210.977	11003.1
212.244	11012.2
213.511	11024.7
214.777	11040.5
216.042	11059.6
217.309	11082.1
218.575	11105.2
219.84	11129.6
221.106	11151.4
222.371	11168.4
223.635	11186.4
224.9	11206.2
226.165	11227.8
227.429	11252.8
228.694	11287.2
229.956	11310.7
231.22	11333
232.484	11353.9
233.747	11374
235.011	11396.6
236.272	11418.6
237.535	11441
238.798	11462.9
240.06	11485
241.321	11510.2
242.583	11513.4
243.845	11517.2
245.105	11512.8
246.367	11544.9
247.628	11568.5
248.888	11581.1
250.149	11568.1
251.409	11562.8
252.67	11559.3
253.928	11569
255.189	11582.4
256.447	11594.5
257.707	11607.5
258.966	11621.1
260.224	11636.6
261.483	11652.8
262.742	11669.9
263.999	11687.2
265.257	11705.4
266.514	11723.6
267.772	11738.9
269.028	11746.3
270.286	11743.7
271.543	11745.4
272.799	11756.1
274.056	11768.6
275.311	11780.5
276.568	11805
277.823	11828.3
279.079	11833.5
280.333	11837.9
281.589	11844.7
282.843	11852.9
284.099	11862.9
285.352	11873
286.607	11884.6
287.86	11897.8
289.114	11912.5
290.368	11929.7
291.621	11949.8
292.875	11977.1
294.127	12009.3
295.38	12038.7
296.632	12061
297.884	12054.7
299.137	12042.6
300.388	12028.8
301.641	12025.7
302.891	12026.2
304.142	12031.2
305.394	12040.6
306.644	12055.7
307.894	12074.9
309.146	12099.6
310.395	12126
311.645	12117.5
312.895	12126
314.144	12128.7
315.393	12140
316.642	12151.2
317.892	12167.4
319.14	12182.1
320.388	12196.1
321.637	12202.3
322.885	12195.8
324.132	12186.4
325.38	12184.1
326.628	12189.1
327.875	12198
329.122	12209.3
330.368	12229.7
331.614	12250.3
332.862	12271.3
334.108	12289.8
335.353	12298.9
336.599	12310
337.844	12324.1
339.089	12337.5
340.335	12350.8
341.58	12363.9
342.824	12377.6
344.068	12388.3
345.312	12391.9
346.556	12394.9
347.8	12398.7
349.043	12407.9
350.286	12419.8
351.53	12433.1
352.774	12438.9
354.016	12416.1
355.259	12428
356.501	12446.2
357.743	12453.5
358.985	12456.8
360.227	12445.7
361.468	12444.3
362.709	12444.5
363.95	12444.5
365.191	12443.9
366.432	12443.6
367.672	12443
368.912	12440.9
370.152	12442.5
371.392	12449.8
372.632	12469.5
373.871	12488.1
375.11	12493.9
376.348	12488.5
377.587	12480
378.825	12482.6
380.064	12486.1
381.302	12495.9
382.54	12513.3
383.778	12533.2
385.016	12556.2
386.253	12576
387.489	12587.9
388.726	12603.8
389.963	12618.8
391.199	12634.1
392.436	12648.6
393.672	12665.6
394.907	12676.1
396.142	12674.1
397.378	12660.1
398.614	12638.2
399.849	12664.8
401.082	12693.2
402.317	12712.7
403.552	12722
404.786	12732.6
406.019	12741.1
407.253	12747.9
408.487	12753
409.721	12757.9
410.953	12761.3
412.186	12764.1
413.419	12764.9
414.651	12766.9
415.883	12772.5
417.116	12778.5
418.347	12787.4
419.579	12792.7
420.811	12798.3
422.041	12803
423.272	12806.9
424.504	12810.1
425.733	12812.7
426.964	12814.1
428.194	12814.9
429.424	12813.2
430.654	12813.8
431.883	12816.8
433.113	12829
434.341	12844.6
435.571	12852.4
436.799	12857.2
438.028	12857.4
439.257	12852
440.484	12837.8
441.713	12829.5
442.94	12841.1
444.168	12848.1
445.394	12862.9
446.622	12884.8
447.848	12901.8
449.076	12917.2
450.301	12929.2
451.528	12920.9
452.754	12916
453.979	12917.6
455.205	12931.2
456.43	12944.8
457.656	12955.1
458.88	12966.2
460.106	12968.2
461.33	12969.4
462.554	12972.7
463.779	12975.7
465.002	12978.2
466.225	12979.5
467.45	12979.9
468.672	12979.7
469.895	12978.4
471.119	12976.2
472.341	12972.9
473.563	12968.6
474.786	12963.2
476.008	12956.9
477.229	12949.2
478.452	12940.9
479.673	12934.9
480.894	12939.7
482.115	12931.5
483.337	12925.2
484.557	12918.2
485.777	12909.1
486.997	12898.2
488.218	12886.4
489.438	12876.4
490.657	12876.1
491.876	12881.3
493.096	12889.5
494.315	12880.7
495.533	12887.8
496.752	12898.4
497.97	12913.6
499.188	12928.2
500.407	12940
501.625	12946.9
502.842	12950.3
504.059	12949.5
505.276	12946.8
506.493	12947.8
507.71	13008.5
508.926	12895.6
510.142	12888.7
511.358	12910.7
512.575	12974.9
513.791	13050.8
515.006	13036.7
516.222	13032.7
517.437	13024.9
518.651	13017.5
519.866	13011.7
521.081	13008.2
522.295	13010.6
523.509	13015
524.723	13022.4
525.937	13032.4
527.15	13045.6
528.363	13060.8
529.576	13064.2
530.789	13060.5
532.002	13064.8
533.215	13067.6
534.426	13072.4
535.638	13079.5
536.85	13090.8
538.061	13095.4
539.273	13099.7
540.484	13097.6
541.695	13097.1
542.906	13096.6
544.117	13093.7
545.327	13089.9
546.537	13084.3
547.747	13078
548.957	13071.2
550.167	13065.9
551.377	13077.1
552.585	13077.9
553.794	13080.3
555.003	13081.9
556.212	13090.4
557.421	13102.6
558.628	13119.4
559.836	13133.2
561.044	13137.3
562.252	13141.2
563.458	13143.1
564.666	13142.4
565.873	13139
567.08	13129.1
568.286	13128.4
569.493	13158.6
570.699	13177.2
571.904	13181.7
573.111	13171.7
574.317	13148
575.521	13131.1
576.727	13128.3
577.932	13124.5
579.136	13126.8
580.341	13129.8
581.544	13152.6
582.749	13158.3
583.954	13160.8
585.156	13155.7
586.361	13148.2
587.563	13146.4
588.767	13145
589.97	13144
591.172	13146
592.375	13149.2
593.577	13153.2
594.78	13157
595.981	13159
597.183	13158.8
598.384	13153.3
599.586	13146.8
600.786	13140.2
601.988	13134.1
603.188	13130.1
604.389	13127.5
605.589	13126.8
606.79	13127.4
607.989	13130
609.188	13133.9
610.389	13139.6
611.587	13145.5
612.787	13133
613.986	13114.7
615.184	13096.2
616.383	13077.8
617.581	13068.1
618.78	13063.7
619.977	13066.8
621.174	13076.8
622.373	13085.3
623.57	13082.9
624.766	13064.9
625.964	13048.2
627.16	13030.3
628.356	13015.3
629.554	13000.9
630.749	12988.2
631.945	12974.9
633.14	12965.7
634.337	12957.6
635.532	12951.8
636.726	12952.7
637.921	12959.2
639.117	12973.4
640.311	12983.5
641.505	12992.2
642.699	12998.4
643.892	12988.5
645.087	12979.1
646.28	12966.8
647.473	12956.3
648.666	12949.8
649.859	12948.8
651.051	12957.2
652.245	12969.6
653.437	12984.8
654.629	13007.4
655.821	13017.4
657.012	13026.4
658.204	13020.7
659.395	13016.3
660.586	13004.2
661.777	12997.2
662.967	12993.9
664.158	12995.6
665.349	13003
666.539	13016.2
667.729	13021.4
668.919	13030.3
670.109	13033.1
671.298	13034
672.487	13033
673.676	13030.2
674.865	13041.5
676.053	13052.7
677.242	13056.9
678.43	13050.1
679.616	13025.7
680.804	13007.7
681.992	13000.6
683.179	12998.5
684.366	12996
685.554	13000
686.74	13014
687.927	13026
689.114	13030.6
690.3	13032.6
691.486	13030
692.671	13022
693.856	13005.8
695.042	12989.1
696.227	12969.6
697.413	12954.6
698.598	12949
699.781	12943.4
700.966	12939.5
702.15	12937
703.334	12935.1
704.518	12933.5
705.701	12931.6
706.885	12930.1
708.068	12928.7
709.252	12928.3
710.433	12925.7
711.616	12916.5
712.799	12906.1
713.98	12899.9
715.163	12900.2
716.345	12902.9
717.527	12907.1
718.707	12912.8
719.889	12921.6
721.071	12923.4
722.25	12906.5
723.432	12894.1
724.611	12887.5
725.792	12888.1
726.972	12899.5
728.151	12902.1
729.332	12896.7
730.512	12889.4
731.69	12886.9
732.87	12885.4
734.048	12886.8
735.227	12896.4
736.405	12911.6
737.584	12923.9
738.761	12933.4
739.94	12938.9
741.117	12931.9
742.295	12928
743.471	12930.6
744.649	12938.5
745.825	12948.6
747.003	12958.8
748.179	12965.4
749.356	12969.8
750.531	12971.2
751.708	12969
752.883	12964.4
754.059	12958.4
755.234	12951
756.409	12943.2
757.585	12935.5
758.759	12928
759.934	12920.7
761.108	12913.7
762.282	12907.1
763.456	12900.9
764.63	12895.3
765.803	12890.6
766.977	12887.1
768.15	12884.9
769.323	12883.9
770.496	12884.9
771.668	12884.9
772.841	12876.3
774.014	12862.7
775.185	12847.3
776.357	12828.7
777.528	12811
778.701	12798.2
779.872	12787.8
781.042	12785.3
782.213	12779.9
783.383	12768.6
784.555	12751.7
785.725	12728.5
786.895	12720
788.064	12711.2
789.234	12706.1
790.404	12703.3
791.573	12701
792.742	12699.8
793.911	12694.9
795.08	12687.7
796.248	12684.8
797.416	12682.5
798.584	12680.1
799.753	12677.7
800.921	12675.2
802.088	12671.9
803.256	12667.2
804.423	12660.5
805.59	12651.8
806.756	12646.5
807.923	12644
809.089	12651.6
810.256	12655.7
811.422	12673.7
812.587	12676.6
813.753	12676.8
814.918	12676.8
816.084	12675.4
817.249	12670.9
818.414	12682.4
819.578	12700.7
820.743	12715.3
821.907	12721.5
823.072	12713.1
824.236	12697.1
825.399	12693.8
826.562	12697.1
827.725	12702.1
828.889	12709.8
830.052	12725.4
831.215	12741
832.377	12749.5
833.54	12759
834.701	12754.2
835.863	12748.6
837.025	12742.5
838.187	12737
839.349	12731.4
840.51	12726.6
841.67	12722.1
842.831	12717.4
843.992	12712.9
845.153	12706.4
846.312	12693.7
847.473	12683.4
848.633	12674.7
849.793	12669.3
850.951	12664.6
852.111	12662.3
853.27	12665.4
854.428	12665.2
855.588	12657.8
856.747	12637.5
857.904	12617.7
859.063	12599.3
860.221	12583
861.378	12568.5
862.536	12556.1
863.694	12545.4
864.85	12536.1
866.008	12528.1
867.164	12519.7
868.321	12511.9
869.478	12504.8
870.633	12498.4
871.79	12492.3
872.945	12487.4
874.101	12484.8
875.256	12486.1
876.412	12483
877.566	12474.8
878.722	12459.9
879.876	12432.6
881.031	12412.4
882.185	12404.8
883.34	12400.3
884.493	12395.9
885.647	12392
886.8	12385.9
887.954	12378.9
889.107	12371.8
890.261	12364.5
891.413	12356.9
892.565	12348.9
893.718	12341.3
894.87	12338.2
896.023	12338.9
897.174	12342.4
898.326	12348.3
899.478	12352.6
900.629	12357.7
901.779	12364
902.931	12370.7
904.081	12377.4
905.231	12384.1
906.383	12389.8
907.532	12395.3
908.682	12395.8
909.831	12387.5
910.982	12377.4
912.131	12369.5
913.28	12364.1
914.429	12359.5
915.578	12356.7
916.727	12355.6
917.875	12356.4
919.023	12358.8
920.171	12363
921.32	12367.8
922.467	12369.9
923.614	12352.6
924.761	12357.3
925.908	12357.4
927.055	12357.6
928.203	12358.7
929.349	12359.4
930.496	12356.2
931.642	12343.4
932.787	12327.8
933.933	12314.4
935.079	12302.8
936.224	12294
937.369	12288.4
938.514	12298.8
939.659	12309.8
940.804	12320.2
941.948	12331.5
943.092	12332.8
944.236	12329.2
945.38	12316.8
946.524	12298.2
947.667	12283.9
948.811	12269.4
949.954	12254.1
951.097	12240.1
952.24	12228
953.383	12217.6
954.525	12209.6
955.667	12204.5
956.81	12207.6
957.952	12210.2
959.093	12216.8
960.235	12215.9
961.376	12198.4
962.516	12185.1
963.658	12169.3
964.798	12157.6
965.939	12143.8
967.08	12134.9
968.22	12137.6
969.359	12141.1
970.499	12148.5
971.639	12131.5
972.779	12114.1
973.918	12108.4
975.056	12100.6
976.195	12102.6
977.334	12106.8
978.473	12111.7
979.61	12115.2
980.749	12119
981.887	12123
983.024	12127
984.162	12131.1
985.3	12135.3
986.437	12139.3
987.573	12143.9
988.711	12147.2
989.848	12149
990.983	12147.4
992.12	12140.6
993.255	12134.3
994.392	12126.4
995.528	12117.6
996.662	12111.5
997.798	12106.1
998.933	12102
1000.07	12103.9
1001.2	12109.3
1002.34	12110.8
1003.47	12106.2
1004.61	12096.7
1005.74	12092.2
1006.87	12090.2
1008.01	12089.8
1009.14	12097.8
1010.27	12095.1
1011.41	12092.2
1012.54	12089.1
1013.67	12077.7
1014.81	12070.5
1015.94	12063.5
1017.07	12060.9
1018.2	12065.9
1019.33	12072.6
1020.47	12067.8
1021.6	12064.9
1022.73	12058.3
1023.86	12043.5
1024.99	12021.8
1026.12	12012.7
1027.25	11997.1
1028.38	11988.2
1029.51	12001.3
1030.64	12006.9
1031.77	12002.7
1032.9	11992.8
1034.03	11984.8
1035.16	11978.3
1036.29	11971.1
1037.42	11965.1
1038.55	11963.2
1039.67	11960.7
1040.8	11959.2
1041.93	11944.3
1043.06	11909
1044.19	11878.4
1045.31	11859.7
1046.44	11845
1047.57	11834.4
1048.69	11831.2
1049.82	11832.2
1050.95	11841.2
1052.08	11851
1053.2	11852.9
1054.33	11848.5
1055.45	11841.9
1056.58	11829.7
1057.7	11813.7
1058.83	11800.8
1059.95	11790.5
1061.08	11781.4
1062.2	11773.8
1063.33	11768
1064.45	11764.2
1065.58	11759.7
1066.7	11756.5
1067.83	11752
1068.95	11754.2
1070.07	11757.2
1071.2	11761.6
1072.32	11760.6
1073.44	11758.2
1074.56	11754.2
1075.69	11748.9
1076.81	11742.3
1077.93	11735.6
1079.05	11727.1
1080.17	11731.5
1081.3	11726.6
1082.42	11721.4
1083.54	11713.6
1084.66	11705.7
1085.78	11698.1
1086.9	11692.7
1088.02	11704
1089.14	11730
1090.26	11733.7
1091.38	11734.8
1092.5	11730.9
1093.62	11723
1094.74	11724.5
1095.86	11726.1
1096.98	11729.8
1098.1	11732.5
1099.22	11746.5
1100.34	11753.4
1101.45	11738
1102.57	11727.8
1103.69	11731.7
1104.81	11736.2
1105.93	11740.8
1107.04	11743
1108.16	11743.4
1109.28	11725.8
1110.4	11705.3
1111.51	11682.5
1112.63	11660.4
1113.75	11643.7
1114.86	11629.2
1115.98	11617.9
1117.09	11610.2
1118.21	11605.7
1119.32	11604.4
1120.44	11606.5
1121.55	11611.2
1122.67	11613.3
1123.78	11611.1
1124.9	11596.8
1126.01	11574.9
1127.13	11556.7
1128.24	11541.4
1129.35	11529.1
1130.47	11519.3
1131.58	11516.2
1132.7	11508.6
1133.81	11496.5
1134.92	11482.6
1136.03	11461.3
1137.15	11444.8
1138.26	11433.3
1139.37	11427.1
1140.48	11424
1141.59	11422.5
1142.71	11416.8
1143.82	11403.8
1144.93	11382.6
1146.04	11363
1147.15	11349.8
1148.26	11338.8
1149.37	11331.9
1150.48	11325.3
1151.59	11319.6
1152.7	11316
1153.81	11307.3
1154.92	11292
1156.03	11274.9
1157.14	11260.5
1158.25	11248.8
1159.36	11240.1
1160.47	11237.5
1161.58	11235.4
1162.68	11236.2
1163.79	11238.5
1164.9	11242.1
1166.01	11245.9
1167.12	11249.4
1168.22	11254.4
1169.33	11256.5
1170.44	11251.7
1171.55	11238.9
1172.65	11232.6
1173.76	11227.5
1174.87	11223.2
1175.97	11220.5
1177.08	11217
1178.18	11214.8
1179.29	11214.7
1180.4	11216
1181.5	11219.1
1182.61	11223.1
1183.71	11227
1184.82	11233
1185.92	11217.1
1187.02	11198.2
1188.13	11199.5
1189.23	11223.2
1190.34	11252.7
1191.44	11270.2
1192.54	11289.2
1193.65	11295.9
1194.75	11294.6
1195.85	11286.2
1196.96	11271.3
1198.06	11250.8
1199.16	11237.7
1200.26	11230
1201.37	11258.4
1202.47	11262.4
1203.57	11270.7
1204.67	11271.1
1205.77	11264.4
1206.87	11252.1
1207.97	11234.2
1209.08	11214.5
1210.18	11196.8
1211.28	11179.2
1212.38	11162.4
1213.48	11145.1
1214.58	11138.8
1215.68	11146.4
1216.78	11157
1217.88	11170.2
1218.98	11185.4
1220.07	11179.7
1221.17	11160.8
1222.27	11133
1223.37	11127.8
1224.47	11128.9
1225.57	11141.3
1226.66	11200.4
1227.76	11157.5
1228.86	11116.2
1229.96	11091.4
1231.06	11083.9
1232.15	11107.6
1233.25	11143.1
1234.35	11141.7
1235.44	11116.4
1236.54	11101.2
1237.63	11086.2
1238.73	11071.1
1239.83	11051.3
1240.92	11032.8
1242.02	11019.9
1243.11	11010.7
1244.21	11005.2
1245.3	11004.6
1246.4	11006.9
1247.49	11008.3
1248.59	11009.5
1249.68	11012.4
1250.78	11008.2
1251.87	10992.3
1252.96	10977.1
1254.06	10964.6
1255.15	10955.1
1256.24	10948.4
1257.34	10944.3
1258.43	10942.6
1259.52	10943.2
1260.62	10946
1261.71	10950.8
1262.8	10957.2
1263.89	10949.5
1264.98	10936
1266.08	10919.5
1267.17	10912.5
1268.26	10905.7
1269.35	10901.1
1270.44	10899.6
1271.53	10900.3
1272.62	10904.2
1273.71	10911
1274.8	10924.3
1275.89	10955.2
1276.98	10984.4
1278.07	10940.9
1279.16	10896.5
1280.25	10908
1281.34	10901.3
1282.43	10902.5
1283.52	10910.8
1284.61	10926.9
1285.69	10935.3
1286.78	10938.3
1287.87	10936.3
1288.96	10929.4
1290.05	10907.2
1291.13	10904.8
1292.22	10904
1293.31	10905.4
1294.4	10908.8
1295.48	10913.9
1296.57	10920.5
1297.66	10928.2
1298.74	10936.3
1299.83	10943.5
1300.92	10947.1
1302	10950.5
1303.09	10945.1
1304.17	10929.1
1305.26	10915.1
1306.34	10899.7
1307.43	10887.9
1308.51	10882.5
1309.6	10881.2
1310.68	10881.9
1311.76	10880.9
1312.85	10876.9
1313.93	10870.4
1315.02	10862.3
1316.1	10858.6
1317.18	10857.8
1318.27	10866
1319.35	10872.2
1320.43	10881.2
1321.52	10885.9
1322.6	10882.5
1323.68	10876.7
1324.76	10869.9
1325.85	10856.4
1326.93	10840.3
1328.01	10819
1329.09	10807.6
1330.17	10793.5
1331.25	10789.6
1332.33	10786.1
1333.41	10781.9
1334.49	10785.4
1335.58	10783.6
1336.65	10768.1
1337.74	10766.6
1338.82	10757.5
1339.89	10742.3
1340.97	10728.6
1342.05	10732.1
1343.13	10745
1344.21	10748.3
1345.29	10748.7
1346.37	10746
1347.45	10739.8
1348.53	10728.5
1349.6	10718.7
1350.68	10710.8
1351.76	10705.1
1352.84	10702.6
1353.92	10713.2
1354.99	10722.6
1356.07	10721.1
1357.15	10708.7
1358.22	10700.8
1359.3	10692.6
1360.38	10687.6
1361.45	10682.2
1362.53	10683.7
1363.61	10684.9
1364.68	10689.3
1365.76	10689.8
1366.83	10674.7
1367.91	10659.1
1368.98	10655
1370.06	10661.6
1371.13	10668.9
1372.21	10673.7
1373.28	10676.8
1374.35	10679.2
1375.43	10671.3
1376.5	10660.4
1377.58	10647.2
1378.65	10633
1379.72	10624.9
1380.8	10620.4
1381.87	10617.9
1382.94	10618.5
1384.01	10622.1
1385.09	10628.6
1386.16	10634.8
1387.23	10631.1
1388.3	10625.5
1389.38	10618.8
1390.45	10613
1391.52	10611.9
1392.59	10613.7
1393.66	10614
1393.92	10613.5
1395	10612
1396.07	10608.2
1397.15	10602.4
1398.22	10594.5
1399.3	10584.6
1400.38	10573.3
1401.45	10565.2
1402.53	10561.6
1403.6	10561.5
1404.68	10562.4
1405.75	10564.7
1406.82	10567.6
1407.9	10571.4
1408.97	10564.9
1410.05	10554.5
1411.12	10539.9
1412.19	10521.6
1413.27	10499.7
1414.34	10494.2
1415.41	10496
1416.49	10499.3
1417.56	10503.1
1418.63	10509.6
1419.7	10512.5
1420.78	10396
1421.85	10490.9
1422.92	10497.8
1423.99	10494.9
1425.06	10492.6
1426.14	10460.8
1427.21	10438.5
1428.28	10451.7
1429.35	10452.4
1430.42	10444.1
1431.49	10414.5
1432.56	10394.8
1433.63	10373.8
1434.7	10365.8
1435.77	10372.7
1436.84	10425.4
1437.91	10463.5
1438.98	10496.8
1440.05	10427
1441.12	10405.1
1442.18	10385.2
1443.25	10363.5
1444.32	10348.2
1445.39	10371.9
1446.46	10393.1
1447.53	10387.5
1448.59	10381.6
1449.66	10352.2
1450.73	10330.9
1451.8	10327.3
1452.86	10329.3
1453.93	10354.3
1455	10369.3
1456.06	10383.4
1457.13	10386.7
1458.2	10375.1
1459.26	10358.8
1460.33	10339.1
1461.39	10336
1462.46	10338.1
1463.52	10345.4
1464.59	10345.2
1465.65	10347.2
1466.72	10346.9
1467.78	10333.5
1468.85	10325.2
1469.91	10317.4
1470.98	10321.1
1472.04	10334.2
1473.1	10321.9
1474.17	10299.5
1475.23	10275.9
1476.3	10203
1477.36	10299.5
1478.42	10289.6
1479.48	10278.3
1480.55	10264.9
1481.61	10259.7
1482.67	10255.8
1483.73	10254.5
1484.8	10255.5
1485.86	10259.2
1486.92	10265.2
1487.98	10274.6
1489.04	10272.9
1490.1	10258
1491.17	10243.6
1492.23	10238
1493.29	10235
1494.35	10229.8
1495.41	10225.1
1496.47	10222.3
1497.53	10214.7
1498.59	10207.7
1499.65	10195.4
1500.71	10181.8
1501.77	10169.1
1502.83	10160.1
1503.88	10169.7
1504.94	10174.9
1506	10176.9
1507.06	10165.1
1508.12	10141.1
1509.18	10135.2
1510.23	10130.2
1511.29	10127
1512.35	10125.8
1513.41	10127.4
1514.47	10131.2
1515.52	10138
1516.58	10143.4
1517.64	10140.5
1518.69	10136.4
1519.75	10125.7
1520.81	10100.6
1521.86	10072.3
1522.92	10047
1523.97	10027.7
1525.03	10020.2
1526.08	10028.4
1527.14	10036.7
1528.2	10042.7
1529.25	10047.9
1530.31	10045.1
1531.36	10032.6
1532.42	10017.9
1533.47	10006.7
1534.52	10000.5
1535.58	9995.38
1536.63	9992.17
1537.69	9990.84
1538.74	9991.52
1539.79	9994.48
1540.84	9999.93
1541.9	10004.1
1542.95	10005.7
1544	9986.79
1545.06	9965.34
1546.11	9983.96
1547.16	10006.6
1548.21	10011.8
1549.27	9982.11
1550.32	9966.46
1551.37	9944.02
1552.42	9935.04
1553.47	9931.77
1554.52	9973.86
1555.57	9989.84
1556.62	10000.6
1557.67	9999.13
1558.72	9971.94
1559.77	9963.42
1560.82	9953.61
1561.87	9944
1562.92	9937.85
1563.97	9934.38
1565.02	9935.2
1566.07	9932.87
1567.12	9931.84
1568.17	9919.28
1569.22	9904.14
1570.27	9901.68
1571.32	9906.72
1572.36	9920.58
1573.41	9907.15
1574.46	9890.72
1575.51	9883.35
1576.56	9879.58
1577.6	9880.63
1578.65	9884.13
1579.7	9901.83
1580.74	9918.9
1581.79	9932.68
1582.84	9938.24
1583.88	9935.6
1584.93	9926.14
1585.98	9913.63
1587.02	9892.79
1588.07	9867.55
1589.11	9842.4
1590.16	9825.71
1591.2	9822.4
1592.25	9821.89
1593.29	9822.67
1594.34	9825.45
1595.38	9831.67
1596.43	9840.15
1597.47	9844.09
1598.52	9843.1
1599.56	9834.63
1600.6	9828.26
1601.65	9820.83
1602.69	9812.01
1603.73	9801.45
1604.78	9789.74
1605.82	9777.41
1606.86	9765.95
1607.91	9764.97
1608.95	9750.15
1609.99	9732.82
1611.03	9716.86
1612.08	9703.74
1613.12	9701.65
1614.16	9711.08
1615.2	9722.74
1616.24	9732.6
1617.28	9730.94
1618.32	9725.24
1619.36	9708.95
1620.41	9687.88
1621.45	9660.43
1622.49	9627.81
1623.53	9585.57
1624.57	9576.01
1625.61	9581.11
1626.65	9585.04
1627.69	9589.41
1628.73	9592.65
1629.76	9578.55
1630.8	9548.12
1631.84	9561.28
1632.88	9570.11
1633.92	9582.6
1634.96	9588.09
1636	9583.44
1637.03	9559.5
1638.07	9531.31
1639.11	9513.69
1640.15	9497.98
1641.19	9483.96
1642.22	9489.93
1643.26	9490.86
1644.3	9487.28
1645.33	9480.06
1646.37	9475.81
1647.41	9473.55
1648.44	9472.87
1649.48	9472.55
1650.52	9472.17
1651.55	9471.5
1652.59	9470.3
1653.62	9468.73
1654.66	9464.01
1655.69	9459.85
1656.73	9452.4
1657.76	9444.65
1658.8	9439.41
1659.83	9439.64
1660.87	9444.65
1661.9	9444.79
1662.93	9446.38
1663.97	9446.22
1665	9439.76
1666.04	9426.04
1667.07	9405.09
1668.1	9388.67
1669.14	9376.18
1670.17	9368.84
1671.2	9377.62
1672.23	9375.77
1673.27	9372.64
1674.3	9366.75
1675.33	9357.05
1676.36	9343.22
1677.39	9331.01
1678.43	9326.54
1679.46	9329.58
1680.49	9331.12
1681.52	9332.03
1682.55	9338.11
1683.58	9334.2
1684.61	9327.85
1685.64	9320.91
1686.67	9315.9
1687.7	9313.23
1688.73	9308.76
1689.76	9302.65
1690.79	9295.82
1691.82	9289.05
1692.85	9282.42
1693.88	9276.11
1694.91	9270.27
1695.94	9265.6
1696.97	9262.58
1698	9261.72
1699.02	9264.41
1700.05	9270.22
1701.08	9272.29
1702.11	9273.18
1703.14	9267.85
1704.16	9245.02
1705.19	9221.91
1706.22	9204.12
1707.25	9188.06
1708.27	9173.62
1709.3	9162.83
1710.33	9154.46
1711.35	9149.66
1712.38	9147.44
1713.41	9147.83
1714.43	9149.43
1715.46	9153.07
1716.48	9157.09
1717.51	9163.98
1718.53	9169.34
1719.56	9168.18
1720.58	9152.16
1721.61	9131.53
1722.63	9113.32
1723.66	9096.41
1724.68	9081.75
1725.71	9070.21
1726.73	9060.66
1727.75	9053.53
1728.78	9048.82
1729.8	9046.48
1730.83	9046.87
1731.85	9049.71
1732.87	9049.83
1733.89	9047.74
1734.92	9039.99
1735.94	9033.03
1736.96	9025.88
1737.98	9018.27
1739.01	9011.79
1740.03	9006.07
1741.05	9000.83
1742.07	8994.07
1743.09	8980.93
1744.12	8962.52
1745.14	8967.72
1746.16	8969.12
1747.18	8966.02
1748.2	8954.33
1749.22	8943.12
1750.24	8935.47
1751.26	8932.23
1752.28	8929.36
1753.3	8927.68
1754.32	8927.43
1755.34	8928.65
1756.36	8931.92
1757.38	8936.05
1758.4	8941.13
1759.42	8940.06
1760.44	8928.68
1761.45	8914.58
1762.47	8898.18
1763.49	8879
1764.51	8858.4
1765.53	8845.85
1766.55	8839.65
1767.56	8844.06
1768.58	8857.15
1769.6	8866.2
1770.61	8861.01
1771.63	8844.79
1772.65	8826.72
1773.67	8815.68
1774.68	8805.07
1775.7	8797.48
1776.72	8793.4
1777.73	8792.2
1778.75	8794.77
1779.76	8794
1780.78	8786.71
1781.79	8778.05
1782.81	8771.26
1783.83	8768.61
1784.84	8763.17
1785.85	8759.09
1786.87	8754.35
1787.88	8746.9
1788.9	8735.04
1789.91	8720.22
1790.93	8698.09
1791.94	8660.52
1792.95	8646.01
1793.97	8650.78
1794.98	8654.83
1796	8658.89
1797.01	8663.37
1798.02	8660.56
1799.03	8647.69
1800.05	8642.3
1801.06	8638.8
1802.07	8638.25
1803.08	8636.94
1804.1	8633.47
1805.11	8628.92
1806.12	8623.2
1807.13	8616.26
1808.14	8608.51
1809.15	8599.81
1810.17	8590.37
1811.18	8580.6
1812.19	8570.61
1813.2	8560.02
1814.21	8549.63
1815.22	8542.52
1816.23	8535.63
1817.24	8544.64
1818.25	8518.9
1819.26	8505.55
1820.27	8503.1
1821.28	8505.71
1822.29	8505.62
1823.3	8499.22
1824.3	8493.42
1825.31	8482.23
1826.32	8485.53
1827.33	8501.38
1828.34	8512.48
1829.35	8480.37
1830.35	8455.53
1831.36	8433.74
1832.37	8416.67
1833.38	8406.28
1834.38	8401.02
1835.39	8399.61
1836.4	8402.46
1837.41	8407.08
1838.41	8412.08
1839.42	8410.55
1840.43	8409.53
1841.43	8406.91
1842.44	8402.24
1843.44	8395.86
1844.45	8387.12
1845.46	8376.13
1846.46	8362.05
1847.47	8344.14
1848.47	8324.12
1849.48	8302.55
1850.48	8297.48
1851.49	8285.39
1852.49	8294.99
1853.49	8297.16
1854.5	8294.58
1855.5	8287.68
1856.51	8277.34
1857.51	8262.81
1858.51	8244.45
1859.52	8239.04
1860.52	8236.11
1861.52	8235.47
1862.53	8237.83
1863.53	8236.31
1864.53	8233.7
1865.54	8232.94
1866.54	8226.4
1867.54	8216.92
1868.54	8206.04
1869.54	8193.29
1870.55	8179.8
1871.55	8166.41
1872.55	8157.48
1873.55	8149.67
1874.55	8144.27
1875.55	8140.57
1876.55	8138.12
1877.55	8135.93
1878.55	8134.03
1879.55	8133.05
1880.56	8130.77
1881.55	8125.34
1882.56	8117.59
1883.55	8107.18
1884.55	8093.95
1885.55	8096.07
1886.55	8100.48
1887.55	8105.89
1888.55	8108.12
1889.55	8106.18
1890.55	8092
1891.55	8074.6
1892.55	8069.87
1893.54	8067.99
1894.54	8065.16
1895.54	8061.87
1896.54	8058.03
1897.54	8053.07
1898.53	8044.93
1899.53	8035.41
1900.53	8025.64
1901.52	8015.8
1902.52	8007.18
1903.52	7999.17
1904.51	7991.17
1905.51	7982.76
1906.51	7974.29
1907.5	7965.16
1908.5	7952.65
1909.49	7938.82
1910.49	7924.98
1911.49	7914.14
1912.48	7918.18
1913.48	7914.47
1914.47	7916.79
1915.46	7913.02
1916.46	7904.53
1917.45	7896.42
1918.45	7885.03
1919.44	7869.38
1920.44	7858.74
1921.43	7856.11
1922.43	7860.01
1923.42	7863.47
1924.41	7880.21
1925.41	7869.9
1926.4	7847.32
1927.39	7839.5
1928.38	7834.02
1929.38	7826.37
1930.37	7817.74
1931.36	7810.29
1932.35	7802.67
1933.35	7795.34
1934.34	7788.12
1935.33	7781.15
1936.32	7773.76
1937.31	7765.63
1938.3	7757.39
1939.29	7749.73
1940.29	7743.21
1941.28	7750.35
1942.27	7750.51
1943.26	7751.96
1944.25	7705.33
1945.24	7684.33
1946.23	7671.28
1947.22	7661.97
1948.21	7658.26
1949.2	7659.22
1950.19	7662.16
1951.18	7664.29
1952.17	7663.93
1953.16	7661.06
1954.14	7655.3
1955.13	7647.58
1956.12	7637.63
1957.11	7625.43
1958.1	7611.03
1959.09	7594.67
1960.07	7581.04
1961.06	7578.89
1962.05	7580.98
1963.04	7584.96
1964.02	7583.65
1965.01	7578.77
1966	7574.49
1966.99	7563.17
1967.97	7549.31
1968.96	7537.69
1969.95	7529.46
1970.93	7530.49
1971.92	7526.5
1972.9	7521.47
1973.89	7515.14
1974.88	7509.15
1975.86	7503.06
1976.85	7497.28
1977.83	7489.54
1978.82	7484.83
1979.8	7480.93
1980.79	7477.79
1981.77	7473.16
1982.76	7463.64
1983.74	7450.39
1984.72	7453.75
1985.71	7455.05
1986.69	7454.96
1987.67	7452.76
1988.66	7445.75
1989.64	7433.62
1990.62	7419.11
1991.61	7402.66
1992.59	7388.62
1993.57	7377.23
1994.56	7366.31
1995.54	7355.7
1996.52	7346.56
1997.5	7337.48
1998.49	7329.38
1999.47	7322.45
2000.45	7320.28
2001.43	7324.16
2002.41	7326.6
2003.39	7330.77
2004.38	7333.44
2005.36	7322.39
2006.34	7302.45
2007.32	7286.51
2008.3	7276.5
2009.28	7270.08
2010.26	7265.97
2011.24	7263.36
2012.22	7259.93
2013.2	7259.4
2014.18	7259.96
2015.16	7245.04
2016.14	7236.41
2017.12	7221.74
2018.1	7202.27
2019.07	7192.75
2020.05	7187.52
2021.03	7186.17
2022.01	7191.04
2022.99	7199.21
2023.97	7207.66
2024.95	7214.59
2025.92	7212.67
2026.9	7199.48
2027.88	7174.22
2028.86	7148.62
2029.83	7133.52
2030.81	7121.23
2031.79	7122.7
2032.76	7127.71
2033.74	7130.21
2034.72	7139.63
2035.69	7071.72
2036.67	7066.16
2037.65	7072.31
2038.62	7073.91
2039.6	7069.15
2040.57	7063.08
2041.55	7055.69
2042.52	7046.49
2043.5	7036.19
2044.47	7025.53
2045.45	7014.41
2046.42	7003.83
2047.4	6994.09
2048.37	6984.48
2049.35	6975.21
2050.32	6966.27
2051.29	6956.57
2052.27	6947.25
2053.24	6937.9
2054.21	6929.33
2055.19	6921.44
2056.16	6914.44
2057.13	6909.77
2058.11	6904.75
2059.08	6900.4
2060.05	6896.23
2061.02	6888.99
2062	6881.23
2062.97	6873.79
2063.94	6875.77
2064.91	6871.67
2065.89	6864.46
2066.86	6856.55
2067.83	6843.21
2068.8	6832.64
2069.77	6836.47
2070.74	6844.34
2071.71	6842.83
2072.68	6841.56
2073.65	6837.34
2074.62	6834.52
2075.59	6831.64
2076.56	6825.19
2077.53	6816.42
2078.5	6804.18
2079.47	6790.38
2080.44	6775.45
2081.41	6760.41
2082.38	6761.47
2083.35	6760
2084.32	6765.98
2085.29	6766.8
2086.26	6766.61
2087.23	6768.29
2088.19	6764.66
2089.16	6758.64
2090.13	6749.54
2091.1	6738.9
2092.07	6728.5
2093.03	6717.53
2094	6710.08
2094.97	6702.18
2095.94	6694.83
2096.9	6687.89
2097.87	6681.38
2098.84	6674.91
2099.8	6665.43
2100.77	6652.51
2101.74	6640.95
2102.7	6626.25
2103.67	6624.19
2104.63	6620.98
2105.6	6619.8
2106.56	6624.09
2107.53	6620.93
2108.49	6618.12
2109.46	6606.64
2110.42	6594.14
2111.39	6582.07
2112.35	6570.84
2113.32	6574.39
2114.28	6580.51
2115.25	6575.11
2116.21	6565.51
2117.17	6554.1
2118.14	6542.31
2119.1	6531.41
2120.07	6519.13
2121.03	6506.62
2121.99	6492.86
2122.96	6478.87
2123.92	6464.59
2124.88	6452.33
2125.84	6451.25
2126.81	6455.13
2127.77	6456.18
2128.73	6456.6
2129.69	6460.77
2130.65	6454.89
2131.62	6443.11
2132.58	6428.48
2133.54	6420.53
2134.5	6412.66
2135.46	6404.18
2136.42	6404.14
2137.38	6401.97
2138.34	6399.06
2139.3	6394.17
2140.26	6387.67
2141.22	6379.52
2142.18	6365.84
2143.14	6352.96
2144.1	6341.4
2145.06	6331.62
2146.02	6329.81
2146.98	6322.78
2147.94	6316.1
2148.9	6310.6
2149.86	6305.55
2150.82	6300.59
2151.78	6295.44
2152.74	6290.07
2153.69	6284.75
2154.65	6278.9
2155.61	6269.09
2156.57	6258.77
2157.53	6249.88
2158.48	6242.71
2159.44	6239.07
2160.4	6242.4
2161.36	6247.37
2162.31	6255.36
2163.27	6251.67
2164.23	6235.76
2165.18	6218.5
2166.14	6205.25
2167.1	6191.94
2168.05	6179.27
2169.01	6166.61
2169.96	6153.65
2170.92	6140.42
2171.88	6126.81
2172.83	6111.86
2173.79	6096.86
2174.74	6081.79
2175.7	6067.42
2176.65	6056.24
2177.6	6051.67
2178.56	6047.75
2179.51	6045.03
2180.47	6041.16
2181.42	6039.73
2182.38	6039.62
2183.33	6042.03
2184.28	6043.66
2185.24	6024.21
2186.19	5996.15
2187.14	5978.8
2188.1	5964.86
2189.05	5963.89
2190	5960.47
2190.96	5958.76
2191.91	5960.31
2192.86	5960.72
2193.81	5961.77
2194.76	5958.91
2195.72	5950.9
2196.67	5940.89
2197.62	5926.39
2198.57	5912.98
2199.52	5900.73
2200.47	5890.87
2201.43	5885.61
2202.38	5881.18
2203.33	5877.64
2204.28	5874.72
2205.23	5872.13
2206.18	5869.42
2207.13	5863.6
2208.08	5859.46
2209.03	5855.46
2209.98	5851.32
2210.93	5848.88
2211.88	5845.45
2212.83	5837.52
2213.78	5826.73
2214.73	5813.72
2215.67	5802.97
2216.62	5790.51
2217.57	5790.1
2218.52	5786.73
2219.47	5789.98
2220.42	5786.74
2221.37	5777.15
2222.31	5768.23
2223.26	5756.8
2224.21	5742.29
2225.16	5728.54
2226.1	5715.23
2227.05	5714.95
2228	5713.16
2228.94	5721.93
2229.89	5727.37
2230.84	5732.67
2231.78	5737.85
2232.73	5739.76
2233.68	5736.55
2234.62	5729.51
2235.57	5717.45
2236.51	5710.77
2237.46	5702.86
2238.41	5694.61
2239.35	5687.45
2240.3	5681.75
2241.24	5677.88
2242.19	5675.3
2243.13	5672.67
2244.07	5669.21
2245.02	5666.25
2245.96	5663.53
2246.91	5661.29
2247.85	5659.5
2248.8	5658.31
2249.74	5657.94
2250.68	5658.83
2251.63	5661.89
2252.57	5666.37
2253.51	5667.98
2254.46	5665.75
2255.4	5664.07
2256.34	5653.47
2257.28	5641.96
2258.23	5620.13
2259.17	5610.85
2260.11	5606.31
2261.05	5620.52
2262	5635.46
2262.94	5622.35
2263.88	5611.54
2264.82	5602.22
2265.76	5599.47
2266.7	5599.19
2267.64	5600.03
2268.58	5600.57
2269.53	5602.85
2270.47	5604.34
2271.41	5602.06
2272.35	5596.35
2273.29	5589.33
2274.23	5578.22
2275.17	5602.44
2276.11	5613.75
2277.05	5615.82
2277.99	5596.99
2278.93	5577.33
2279.86	5558.85
2280.8	5552.99
2281.74	5547.83
2282.68	5539.45
2283.62	5530.47
2284.56	5527.04
2285.5	5526.29
2286.44	5538.42
2287.37	5549.68
2288.31	5554.35
2289.25	5555.36
2290.19	5552.42
2291.12	5549.66
2292.06	5546.93
2293	5543.22
2293.94	5541.71
2294.87	5542.52
2295.81	5541.94
2296.75	5539.79
2297.68	5538.75
2298.62	5538.33
2299.55	5532.93
2300.49	5526
2301.43	5516.02
2302.36	5508.23
2303.3	5504.15
2304.23	5504.42
2305.17	5497.65
2306.1	5491.58
2307.04	5486
2307.98	5488.13
2308.91	5493.1
2309.84	5494.44
2310.78	5491.09
2311.71	5486.62
2312.65	5477.36
2313.58	5457.66
2314.52	5439.79
2315.45	5429.4
2316.38	5422.99
2317.32	5422.65
2317.72	5423.55
2318.66	5430.52
2319.6	5438.56
2320.54	5393.97
2321.48	5380.06
2322.41	5368.95
2323.35	5362.75
2324.29	5368.58
2325.23	5375.23
2326.16	5363.21
2327.1	5357.15
2328.04	5351.19
2328.97	5343.32
2329.91	5334.8
2330.85	5326.06
2331.78	5317.4
2332.72	5313.31
2333.66	5310.13
2334.59	5309.15
2335.53	5309.88
2336.46	5310.28
2337.4	5309.35
2338.33	5308.17
2339.27	5306.62
2340.2	5304.25
2341.14	5301.47
2342.07	5297.76
2343.01	5293.53
2343.94	5288.89
2344.88	5284.18
2345.81	5279.89
2346.75	5275.56
2347.68	5271.81
2348.61	5268.05
2349.55	5263.45
2350.48	5257.83
2351.41	5251.86
2352.35	5246.32
2353.28	5240.98
2354.21	5235.95
2355.15	5233.16
2356.08	5232.23
2357.01	5233.04
2357.94	5233.89
2358.88	5234.06
2359.81	5232.22
2360.74	5221.76
2361.67	5218.6
2362.6	5217.74
2363.54	5220.46
2364.47	5220.45
2365.4	5219.91
2366.33	5215.79
2367.26	5207.95
2368.19	5199.31
2369.12	5190.53
2370.05	5180.89
2370.98	5174.19
2371.91	5169.21
2372.84	5164.62
2373.77	5160.24
2374.7	5156.14
2375.63	5152.48
2376.56	5149.45
2377.49	5147.63
2378.42	5146.73
2379.35	5146.87
2380.28	5148.41
2381.21	5151.55
2382.14	5159.8
2383.07	5182.62
2384	5173.61
2384.92	5151.71
2385.85	5137.37
2386.78	5130.36
2387.71	5130.41
2388.64	5137.14
2389.56	5133.29
2390.49	5117.99
2391.42	5113
2392.35	5110.67
2393.27	5111.06
2394.2	5112.13
2395.13	5109.65
2396.05	5109.16
2396.98	5111.98
2397.91	5104.64
2398.83	5094.97
2399.76	5074.37
2400.69	5059.32
2401.61	5047.05
2402.54	5051.7
2403.46	5067.9
2404.39	5072.88
2405.31	5059.02
2406.24	5054.07
2407.17	5050.75
2408.09	5050.6
2409.01	5048.9
2409.94	5045.47
2410.86	5041.49
2411.79	5037.17
2412.71	5032.58
2413.64	5027.35
2414.56	5021.78
2415.49	5015.66
2416.41	5013.24
2417.33	5012.52
2418.26	5010.32
2419.18	5008.13
2420.1	5006.19
2421.03	4995.83
2421.95	4986.83
2422.87	4971.18
2423.79	4954.48
2424.72	4942.94
2425.64	4936.77
2426.56	4930.4
2427.48	4929.07
2428.41	4935.29
2429.33	4936.42
2430.25	4925.84
2431.17	4912.52
2432.09	4902.03
2433.01	4894.29
2433.93	4889.47
2434.86	4888.2
2435.78	4890.11
2436.7	4891.93
2437.62	4892.29
2438.54	4890.4
2439.46	4881.86
2440.38	4871.84
2441.3	4858.5
2442.22	4842.85
2443.14	4823.33
2444.06	4804.54
2444.98	4811.56
2445.9	4822.26
2446.82	4838.96
2447.73	4837.03
2448.65	4831.86
2449.57	4826.14
2450.49	4819.83
2451.41	4812.83
2452.33	4805.45
2453.25	4798.08
2454.17	4790.4
2455.08	4782.22
2456	4773.86
2456.92	4765.53
2457.84	4758.06
2458.75	4753.25
2459.67	4750.03
2460.59	4752.93
2461.51	4749.96
2462.42	4742.91
2463.34	4736.46
2464.26	4729.87
2465.17	4723.96
2466.09	4716.84
2467	4710.18
2467.92	4704.84
2468.84	4701.35
2469.75	4701.37
2470.67	4708.54
2471.58	4715.45
2472.5	4718.25
2473.42	4719.34
2474.33	4716.7
2475.25	4707.41
2476.16	4701.67
2477.08	4696.81
2477.99	4692.63
2478.9	4686.63
2479.82	4680.22
2480.73	4673.93
2481.65	4666.96
2482.56	4659.9
2483.47	4652.17
2484.39	4643.76
2485.3	4633.18
2486.22	4620.5
2487.13	4610.46
2488.04	4605.64
2488.96	4601.92
2489.87	4609.84
2490.78	4624.42
2491.69	4638.41
2492.61	4643.2
2493.52	4648.64
2494.43	4639.46
2495.34	4624.32
2496.25	4611.41
2497.17	4601.22
2498.08	4590.71
2498.99	4583.46
2499.9	4586.5
2500.81	4594.4
2501.72	4595.04
2502.63	4593.04
2503.55	4592.01
2504.46	4591.87
2505.37	4593.18
2506.28	4593.92
2507.19	4593.62
2508.1	4592.36
2509.01	4589.86
2509.92	4586.48
2510.83	4579.13
2511.74	4568.94
2512.65	4557.47
2513.56	4544.82
2514.47	4531.78
2515.37	4519.45
2516.28	4515.66
2517.19	4516.24
2518.1	4521.77
2519.01	4531.47
2519.92	4539.28
2520.83	4543.43
2521.73	4544.89
2522.64	4544.49
2523.55	4541.78
2524.46	4536.39
2525.37	4528.97
2526.27	4519.87
2527.18	4509.7
2528.09	4503.42
2529	4502.95
2529.9	4488.92
2530.81	4479.27
2531.72	4450.67
2532.62	4460.92
2533.53	4487.55
2534.44	4490.63
2535.34	4508.4
2536.25	4467.05
2537.15	4453.03
2538.06	4474.04
2538.96	4478.91
2539.87	4477.16
2540.78	4466.63
2541.68	4459.68
2542.59	4452.77
2543.49	4445.26
2544.4	4437.51
2545.3	4427.37
2546.21	4416.97
2547.11	4406.37
2548.01	4396.32
2548.92	4392.11
2549.82	4387.43
2550.73	4385
2551.63	4383.22
2552.53	4381.68
2553.44	4378.51
2554.34	4366.99
2555.24	4368.19
2556.15	4368.92
2557.05	4366.74
2557.95	4364.05
2558.86	4362.8
2559.76	4358.16
2560.66	4344.77
2561.56	4315.02
2562.46	4292.6
2563.37	4278.99
2564.27	4275.98
2565.17	4301.77
2566.07	4314.87
2566.97	4325.05
2567.88	4333.38
2568.78	4331.9
2569.68	4312.61
2570.58	4302.82
2571.48	4295.95
2572.38	4290.08
2573.28	4287.03
2574.18	4303.28
2575.08	4303.12
2575.98	4303.26
2576.88	4288.75
2577.78	4279.9
2578.68	4272.93
2579.58	4271.94
2580.48	4269.8
2581.38	4263.58
2582.28	4253.93
2583.18	4240.84
2584.08	4223.68
2584.98	4211.54
2585.88	4205.47
2586.77	4205.43
2587.67	4211.37
2588.57	4213.29
2589.47	4212.76
2590.37	4207.65
2591.27	4201.28
2592.16	4194.37
2593.06	4186.92
2593.96	4180.91
2594.86	4177.24
2595.75	4174.43
2596.65	4172.29
2597.55	4170.63
2598.45	4169.37
2599.34	4167.49
2600.24	4164.24
2601.13	4160.47
2602.03	4155.75
2602.93	4149.52
2603.82	4142.78
2604.72	4134.98
2605.62	4126.84
2606.51	4118.34
2607.41	4110.13
2608.3	4103.18
2609.2	4099.67
2610.09	4096.71
2610.99	4093.37
2611.88	4091.37
2612.78	4090.41
2613.67	4091.11
2614.57	4092.88
2615.46	4096.49
2616.36	4099.83
2617.25	4093.85
2618.14	4083.67
2619.04	4070.9
2619.93	4060.28
2620.83	4051.67
2621.72	4045.72
2622.61	4041.89
2623.5	4040.46
2624.4	4042.32
2625.29	4045.14
2626.18	4046.06
2627.08	4042.59
2627.97	4038.26
2628.86	4033.24
2629.75	4029.19
2630.65	4025.88
2631.54	4022.18
2632.43	4018.25
2633.32	4013.06
2634.21	4008.97
2635.11	4006.05
2636	4001.66
2636.89	3995.68
2637.78	3986.92
2638.67	3975.36
2639.56	3962.05
2640.45	3952.12
2641.34	3943.97
2642.23	3939.26
2643.12	3935.19
2644.01	3927.08
2644.9	3917.32
2645.79	3908.61
2646.68	3900.64
2647.57	3895.05
2648.46	3890.88
2649.35	3888.76
2650.24	3888.01
2651.13	3889.94
2652.02	3893.14
2652.91	3897.48
2653.8	3902.28
2654.69	3901.53
2655.58	3899.89
2656.46	3896.54
2657.35	3892.32
2658.24	3887.49
2659.13	3883.41
2660.02	3882.32
2660.9	3900.15
2661.79	3875.73
2662.68	3872.17
2663.57	3870.16
2664.45	3861.02
2665.34	3848.09
2666.23	3833.65
2667.11	3820.18
2668	3809.75
2668.89	3801.07
2669.77	3796.15
2670.66	3793.96
2671.55	3794.27
2672.43	3799.41
2673.32	3805.77
2674.21	3813.5
2675.09	3817.61
2675.98	3818.19
2676.86	3815.02
2677.75	3801.71
2678.63	3787
2679.52	3775.63
2680.4	3765.2
2681.29	3756.82
2682.17	3750.8
2683.06	3745.3
2683.94	3739.93
2684.82	3730.91
2685.71	3721.21
2686.59	3710.92
2687.48	3708.09
2688.36	3714.29
2689.24	3722.16
2690.13	3726.73
2691.01	3730.35
2691.89	3731.28
2692.78	3729.94
2693.66	3722.39
2694.54	3706.19
2695.43	3699.54
2696.31	3697.81
2697.19	3694.2
2698.07	3689.15
2698.96	3683.65
2699.84	3679.08
2700.72	3674.91
2701.6	3670.96
2702.48	3666.62
2703.36	3661.72
2704.25	3656.44
2705.13	3650.7
2706.01	3644.57
2706.89	3638.22
2707.77	3631.32
2708.65	3625.33
2709.53	3624.1
2710.41	3625.12
2711.29	3628.62
2712.17	3634.15
2713.05	3634.56
2713.93	3627.92
2714.81	3621.2
2715.69	3615.02
2716.57	3608.84
2717.45	3604.1
2718.33	3600.11
2719.21	3596.68
2720.09	3594.05
2720.97	3592.2
2721.85	3591.54
2722.73	3576.22
2723.61	3568.69
2724.48	3569.24
2725.36	3570.68
2726.24	3584.01
2727.12	3583.77
2728	3582.76
2728.88	3579.24
2729.75	3570.28
2730.63	3552.39
2731.51	3536.02
2732.39	3520.61
2733.26	3505.95
2734.14	3508.22
2735.02	3517.96
2735.89	3542.58
2736.77	3547.98
2737.65	3546.45
2738.52	3534.5
2739.4	3522.46
2740.28	3517.55
2741.15	3513.61
2742.03	3510.23
2742.9	3507.89
2743.78	3506.75
2744.65	3506.84
2745.53	3502.37
2746.41	3496.7
2747.28	3490.29
2748.16	3478.58
2749.03	3471.64
2749.91	3469.84
2750.78	3464.61
2751.66	3469.04
2752.53	3474.74
2753.4	3478.44
2754.28	3474.63
2755.15	3465.83
2756.02	3458.66
2756.9	3454.5
2757.77	3451.07
2758.65	3457.96
2759.52	3456.99
2760.39	3455.34
2761.27	3446.79
2762.14	3440.05
2763.01	3433.66
2763.88	3429.26
2764.76	3427.95
2765.63	3426.61
2766.5	3423.96
2767.37	3421.19
2768.25	3418.33
2769.12	3414.95
2769.99	3411.07
2770.86	3406.72
2771.73	3401.97
2772.61	3396.64
2773.48	3390.66
2774.35	3383.07
2775.22	3375.15
2776.09	3365.91
2776.96	3362.27
2777.83	3365.38
2778.7	3366.15
2779.57	3368.29
2780.44	3364.69
2781.31	3362.29
2782.18	3349.29
2783.05	3344.32
2783.92	3341.19
2784.79	3340.45
2785.66	3344.85
2786.53	3348.24
2787.4	3348.36
2788.27	3344.27
2789.14	3334.15
2790.01	3326.61
2790.88	3322.39
2791.75	3321.13
2792.62	3322.85
2793.48	3320.22
2794.35	3313.23
2795.22	3303.05
2796.09	3292.66
2796.96	3282.91
2797.82	3277.21
2798.69	3281.89
2799.56	3288.18
2800.43	3288.77
2801.29	3288.94
2802.16	3290.33
2803.03	3284.2
2803.9	3270.68
2804.76	3259.79
2805.63	3254.67
2806.5	3254.17
2807.36	3257.55
2808.23	3254.88
2809.09	3254.19
2809.96	3253.52
2810.83	3255.14
2811.69	3257.34
2812.56	3260.1
2813.42	3262.46
2814.29	3256.18
2815.15	3242.21
2816.02	3231.9
2816.88	3220.44
2817.75	3213.42
2818.61	3207
2819.48	3208.02
2820.34	3212.92
2821.21	3217.55
2822.07	3221.93
2822.94	3215.78
2823.8	3211.76
2824.66	3203.63
2825.53	3195.56
2826.39	3188.3
2827.26	3181.46
2828.12	3184.54
2828.98	3188.18
2829.85	3193.64
2830.71	3199.5
2831.57	3190.9
2832.43	3182.51
2833.3	3172.59
2834.16	3164.4
2835.02	3156.74
2835.88	3149.8
2836.75	3144.98
2837.61	3141.41
2838.47	3138.98
2839.33	3137.92
2840.19	3138.05
2841.06	3139.34
2841.92	3141.02
2842.78	3140.45
2843.64	3135.93
2844.5	3131.83
2845.36	3127.98
2846.22	3123.71
2847.08	3119.85
2847.94	3117.46
2848.81	3117.74
2849.67	3120.7
2850.53	3126.07
2851.39	3130.03
2852.25	3134.04
2853.11	3135.43
2853.97	3130.27
2854.82	3121.05
2855.68	3110.95
2856.54	3097.81
2857.4	3084.65
2858.26	3073.85
2859.12	3065.55
2859.98	3059.23
2860.84	3061.15
2861.7	3064.55
2862.56	3070.63
2863.41	3075.43
2864.27	3079.18
2865.13	3081.61
2865.99	3082.78
2866.85	3081.16
2867.7	3074.99
2868.56	3070.53
2869.42	3065.42
2870.28	3061.83
2871.13	3058.2
2871.99	3054.53
2872.85	3050.87
2873.7	3047.37
2874.56	3043.85
2875.42	3039.98
2876.27	3035.51
2877.13	3031.7
2877.99	3028.08
2878.84	3024.83
2879.7	3021.02
2880.56	3025.29
2881.41	3022.38
2882.27	3010.74
2883.12	2999.14
2883.98	2988.47
2884.83	2980.54
2885.69	2975.69
2886.54	2972.4
2887.4	2971.16
2888.25	2972.28
2889.11	2975.47
2889.96	2980.97
2890.82	2987.79
2891.67	2992.28
2892.52	2993.86
2893.38	2987.8
2894.23	2982.72
2895.09	2974.79
2895.94	2966.21
2896.79	2958.57
2897.65	2961.35
2898.5	2961.45
2899.35	2958.93
2900.21	2953.7
2901.06	2946.43
2901.91	2938.23
2902.76	2929.79
2903.62	2926.11
2904.47	2929.1
2905.32	2926
2906.17	2920.24
2907.03	2912.24
2907.88	2903.97
2908.73	2894.67
2909.58	2885.96
2910.43	2877.25
2911.28	2871.27
2912.14	2864.08
2912.99	2871.51
2913.84	2877.14
2914.69	2882.21
2915.54	2886.86
2916.39	2890.45
2917.24	2889.61
2918.09	2887.4
2918.94	2883.26
2919.79	2877.41
2920.64	2870.35
2921.49	2864.74
2922.34	2859.22
2923.19	2852.82
2924.04	2847.03
2924.89	2841.55
2925.74	2836.73
2926.59	2834.34
2927.44	2833.87
2928.29	2835.97
2929.14	2838.7
2929.98	2841.74
2930.83	2843.58
2931.68	2840.33
2932.53	2831.71
2933.38	2818.48
2934.23	2804.79
2935.07	2795.91
2935.92	2789.61
2936.77	2783.2
2937.62	2780.94
2938.47	2784.17
2939.31	2790.71
2940.16	2791.27
2941.01	2790.53
2941.85	2786.73
2942.7	2783.17
2943.55	2778.75
2944.39	2772.57
2945.24	2766.43
2946.09	2760.84
2946.93	2756.71
2947.78	2753.3
2948.63	2751.2
2949.47	2750.13
2950.32	2749.98
2951.16	2750.48
2952.01	2751.63
2952.85	2750.77
2953.7	2747.5
2954.55	2745.9
2955.39	2744.45
2956.24	2743.08
2957.08	2741.76
2957.92	2740.18
2958.77	2738.28
2959.61	2736.11
2960.46	2733.91
2961.3	2731.04
2962.15	2728.6
2962.99	2726.26
2963.83	2724.21
2964.68	2721.69
2965.52	2718.17
2966.37	2711.82
2967.21	2703.79
2968.05	2696.48
2968.9	2689.91
2969.74	2684.28
2970.58	2675.86
2971.42	2694.67
2972.27	2699.32
2973.11	2697.08
2973.95	2689.75
2974.79	2675.72
2975.64	2666.67
2976.48	2662.83
2977.32	2662.51
2978.16	2665.56
2979	2668.13
2979.85	2671.19
2980.69	2672.71
2981.53	2671.27
2982.37	2668.28
2983.21	2665.25
2984.05	2661.95
2984.89	2658.65
2985.73	2657.26
2986.57	2655.87
2987.41	2654.57
2988.25	2653.19
2989.1	2651.66
2989.94	2649.9
2990.77	2647.94
2991.62	2645.87
2992.45	2643.75
2993.29	2641.13
2994.13	2635.92
2994.97	2625.54
2995.81	2613.95
2996.65	2600.57
2997.49	2598.24
2998.33	2625.02
2999.17	2593.6
