200.833	10950
202.102	10971.8
203.371	10996.5
204.639	11048.6
205.907	11040.9
207.175	11030.8
208.442	11022.9
209.71	11019.6
210.977	11021.9
212.244	11030.4
213.511	11042.8
214.777	11059.8
216.042	11080.7
217.309	11109.1
218.575	11128.8
219.84	11147.5
221.106	11165.9
222.371	11182
223.635	11207.7
224.9	11228.6
226.165	11247.6
227.429	11265
228.694	11281.6
229.956	11296.2
231.22	11309.1
232.484	11321.9
233.747	11337.2
235.011	11356.8
236.272	11388.3
237.535	11420.4
238.798	11457
240.06	11495.3
241.321	11546.3
242.583	11547
243.845	11547.1
245.105	11561.7
246.367	11571.9
247.628	11579.1
248.888	11586.1
250.149	11591.7
251.409	11589.1
252.67	11585.1
253.928	11581.9
255.189	11579.4
256.447	11579.4
257.707	11587.9
258.966	11597.5
260.224	11611.7
261.483	11628.8
262.742	11647.6
263.999	11665.7
265.257	11682.6
266.514	11691.9
267.772	11698.8
269.028	11703.4
270.286	11703.2
271.543	11710.1
272.799	11729.2
274.056	11749.4
275.311	11768.7
276.568	11787.4
277.823	11805.1
279.079	11822
280.333	11837.6
281.589	11852.2
282.843	11865.6
284.099	11877.6
285.352	11888.2
286.607	11897.2
287.86	11904.7
289.114	11910.4
290.368	11914.2
291.621	11936.3
292.875	11974.8
294.127	12007.1
295.38	12027
296.632	12042.6
297.884	12052.6
299.137	12059
300.388	12063.6
301.641	12065.3
302.891	12064.4
304.142	12061.2
305.394	12055.7
306.644	12048
307.894	12039.4
309.146	12034.6
310.395	12047
311.645	12057.4
312.895	12068
314.144	12078.4
315.393	12089.3
316.642	12094.1
317.892	12103.4
319.14	12099.7
320.388	12114.6
321.637	12138.5
322.885	12158.9
324.132	12176.3
325.38	12173.7
326.628	12169.7
327.875	12176.1
329.122	12196.3
330.368	12220.3
331.614	12241.2
332.862	12260.9
334.108	12278.1
335.353	12293.4
336.599	12303.3
337.844	12312.6
339.089	12322.4
340.335	12333.5
341.58	12345.3
342.824	12360.7
344.068	12376
345.312	12393
346.556	12391.8
347.8	12391.1
349.043	12389.4
350.286	12389.3
351.53	12388.7
352.774	12390
354.016	12392.4
355.259	12395.9
356.501	12399.3
357.743	12403.6
358.985	12407.5
360.227	12412.5
361.468	12419.1
362.709	12427.7
363.95	12437.7
365.191	12449.9
366.432	12464.6
367.672	12483.6
368.912	12492.9
370.152	12482.3
371.392	12474.2
372.632	12468.9
373.871	12467.6
375.11	12469.5
376.348	12474.1
377.587	12480.6
378.825	12489.9
380.064	12501.8
381.302	12515.6
382.54	12528.8
383.778	12540.4
385.016	12550.4
386.253	12558.6
387.489	12565.3
388.726	12565.4
389.963	12563
391.199	12560.9
392.436	12569.7
393.672	12605.5
394.907	12642.4
396.142	12679.7
397.378	12693.6
398.614	12697.6
399.849	12695.8
401.082	12687.6
402.317	12671.6
403.552	12656.8
404.786	12657.7
406.019	12663.4
407.253	12672.9
408.487	12693.1
409.721	12709.7
410.953	12723.9
412.186	12734.5
413.419	12741.6
414.651	12740.6
415.883	12740.3
417.116	12756.1
418.347	12760.2
419.579	12766.5
420.811	12765.1
422.041	12743.8
423.272	12743.2
424.504	12742
425.733	12750.6
426.964	12758.6
428.194	12762.7
429.424	12760.7
430.654	12753.2
431.883	12761
433.113	12773.6
434.341	12781.5
435.571	12789
436.799	12798.7
438.028	12807.1
439.257	12817.7
440.484	12828.9
441.713	12834.1
442.94	12834.6
444.168	12830.2
445.394	12832.5
446.622	12836.3
447.848	12841.1
449.076	12847.7
450.301	12855.4
451.528	12864.5
452.754	12873.7
453.979	12881.6
455.205	12887.7
456.43	12891.7
457.656	12893.5
458.88	12892.4
460.106	12888.7
461.33	12879.6
462.554	12872.3
463.779	12887.5
465.002	12908.4
466.225	12928.8
467.45	12949.3
468.672	12968.9
469.895	12955.5
471.119	12951.2
472.341	12937.8
473.563	12922.5
474.786	12903.1
476.008	12900.7
477.229	12914.3
478.452	12915.4
479.673	12914.5
480.894	12913
482.115	12909.8
483.337	12907.8
484.557	12905.3
485.777	12902.5
486.997	12899.3
488.218	12896.1
489.438	12892.4
490.657	12888.6
491.876	12884.4
493.096	12880.1
494.315	12875.9
495.533	12872.5
496.752	12872.8
497.97	12879.2
499.188	12862.1
500.407	12848.6
501.625	12837.1
502.842	12827.7
504.059	12844
505.276	12906.7
506.493	12899.1
507.71	12871.8
508.926	12868.7
510.142	12884.6
511.358	12917.4
512.575	12931.6
513.791	12942.9
515.006	12950.6
516.222	12959.3
517.437	12953.5
518.651	12945.1
519.866	12948.4
521.081	12960.9
522.295	12986.2
523.509	12999.5
524.723	13004.8
525.937	13012.1
527.15	13019.1
528.363	13026.4
529.576	13033.2
530.789	13039.4
532.002	13044.6
533.215	13048.7
534.426	13052.1
535.638	13054.2
536.85	13055.4
538.061	13055.7
539.273	13055.1
540.484	13054.2
541.695	13054.1
542.906	13056.4
544.117	13067.2
545.327	13078.1
546.537	13086.2
547.747	13088.9
548.957	13087.4
550.167	13080.7
551.377	13075.4
552.585	13087.1
553.794	13102.2
555.003	13114.9
556.212	13123.4
557.421	13133.3
558.628	13132.9
559.836	13127.4
561.044	13118.4
562.252	13102.4
563.458	13090.2
564.666	13084.1
565.873	13082.2
567.08	13084.2
568.286	13088.9
569.493	13097
570.699	13105.5
571.904	13102.1
573.111	13094.3
574.317	13078.2
575.521	13071.9
576.727	13069.5
577.932	13082.9
579.136	13090.7
580.341	13109.8
581.544	13127.9
582.749	13124.7
583.954	13117.5
585.156	13114.2
586.361	13120.7
587.563	13135.4
588.767	13151.9
589.97	13179.1
591.172	13199.3
592.375	13204.3
593.577	13199.8
594.78	13188.1
595.981	13168.4
597.183	13142.7
598.384	13138.2
599.586	13135.8
600.786	13148
601.988	13153.3
603.188	13130.2
604.389	13092.1
605.589	13074.8
606.79	13075.3
607.989	13078.3
609.188	13083.1
610.389	13091
611.587	13090.3
612.787	13080.8
613.986	13076.2
615.184	13055
616.383	13043.8
617.581	13033
618.78	13021.7
619.977	13009.9
621.174	12996.9
622.373	12983.3
623.57	12967.1
624.766	12955.5
625.964	12959.2
627.16	12963.2
628.356	12976.8
629.554	12980.6
630.749	12979.9
631.945	12977.8
633.14	12974.9
634.337	12971
635.532	12965.1
636.726	12957.2
637.921	12945.5
639.117	12910.8
640.311	12897.2
641.505	12889.3
642.699	12889.4
643.892	12895.5
645.087	12922.6
646.28	12939
647.473	12946.5
648.666	12945.6
649.859	12938.4
651.051	12908.6
652.245	12901.4
653.437	12904.1
654.629	12927.5
655.821	12951.3
657.012	12969.3
658.204	12981.1
659.395	12987.9
660.586	12990.4
661.777	12986.4
662.967	12977.3
664.158	12962.2
665.349	12943.5
666.539	12937.6
667.729	12945.2
668.919	12952.9
670.109	12966.7
671.298	12976.8
672.487	12986.8
673.676	12996.5
674.865	13005.2
676.053	13012.6
677.242	13018.8
678.43	13023.9
679.616	13021.4
680.804	13004.7
681.992	12990.8
683.179	12984.4
684.366	12998.9
685.554	13023
686.74	13025.3
687.927	13017.5
689.114	13006.5
690.3	12989.5
691.486	12975.5
692.671	12964.4
693.856	12955.7
695.042	12947.3
696.227	12953.3
697.413	12952.1
698.598	12947.8
699.781	12944.6
700.966	12930.9
702.15	12903.2
703.334	12875.7
704.518	12858
705.701	12844.3
706.885	12835.4
708.068	12832.4
709.252	12834.6
710.433	12842
711.616	12854.6
712.799	12871
713.98	12881.1
715.163	12873.6
716.345	12874.7
717.527	12863.7
718.707	12843.2
719.889	12835.9
721.071	12836.3
722.25	12847.7
723.432	12862.8
724.611	12873.2
725.792	12872.1
726.972	12884
728.151	12882.6
729.332	12865.2
730.512	12831.1
731.69	12824.5
732.87	12835.7
734.048	12861.3
735.227	12880.3
736.405	12882.7
737.584	12881.9
738.761	12876.3
739.94	12873
741.117	12868.5
742.295	12914.4
743.471	12928.2
744.649	12933.7
745.825	12936.5
747.003	12940.2
748.179	12938.9
749.356	12928.8
750.531	12917.3
751.708	12912.7
752.883	12905.9
754.059	12905.7
755.234	12914.6
756.409	12919
757.585	12920.3
758.759	12909.7
759.934	12905.1
761.108	12894.7
762.282	12882.5
763.456	12877.6
764.63	12880
765.803	12889.9
766.977	12898.2
768.15	12900.1
769.323	12897.2
770.496	12885.4
771.668	12868.1
772.841	12850.1
774.014	12833.8
775.185	12819.9
776.357	12806.9
777.528	12795.1
778.701	12783.3
779.872	12773
781.042	12764.3
782.213	12760.6
783.383	12762.7
784.555	12764.8
785.725	12763.1
786.895	12760.4
788.064	12742.1
789.234	12716.2
790.404	12698.6
791.573	12683.1
792.742	12669.3
793.911	12658.1
795.08	12649.7
796.248	12643.6
797.416	12639.8
798.584	12638.5
799.753	12639.5
800.921	12642.8
802.088	12648.5
803.256	12656
804.423	12664.6
805.59	12667.7
806.756	12666.7
807.923	12650.4
809.089	12643.1
810.256	12634.3
811.422	12634.5
812.587	12636.7
813.753	12647.1
814.918	12655.9
816.084	12661.6
817.249	12665.1
818.414	12666.8
819.578	12667.2
820.743	12666.1
821.907	12663.4
823.072	12660.1
824.236	12659.1
825.399	12662.5
826.562	12670.2
827.725	12683
828.889	12696.2
830.052	12704.1
831.215	12705.1
832.377	12700.2
833.54	12689.7
834.701	12673
835.863	12655.4
837.025	12637.5
838.187	12644.8
839.349	12653.5
840.51	12669.7
841.67	12672.8
842.831	12664.1
843.992	12644.3
845.153	12629.1
846.312	12620.1
847.473	12615
848.633	12613.4
849.793	12615.9
850.951	12616.5
852.111	12614.6
853.27	12613.3
854.428	12612
855.588	12610.3
856.747	12607.1
857.904	12601.6
859.063	12591.3
860.221	12567.4
861.378	12537.5
862.536	12511.7
863.694	12490.1
864.85	12476.7
866.008	12483.9
867.164	12487.5
868.321	12503.8
869.478	12510.9
870.633	12501.8
871.79	12478.2
872.945	12453.5
874.101	12423.4
875.256	12405
876.412	12395.6
877.566	12397.2
878.722	12397.7
879.876	12398.9
881.031	12400.2
882.185	12402.2
883.34	12404.6
884.493	12402.2
885.647	12382.4
886.8	12370.8
887.954	12363
889.107	12356.6
890.261	12352.9
891.413	12351.2
892.565	12351.1
893.718	12352.6
894.87	12350.1
896.023	12342.8
897.174	12336.2
898.326	12330.2
899.478	12325.1
900.629	12320.8
901.779	12317.2
902.931	12314.4
904.081	12312.3
905.231	12310.7
906.383	12309.8
907.532	12309.5
908.682	12309
909.831	12309.2
910.982	12310.9
912.131	12316
913.28	12324.4
914.429	12335.9
915.578	12351.3
916.727	12369.1
917.875	12366.4
919.023	12365.2
920.171	12351.1
921.32	12338.5
922.467	12328.4
923.614	12320.4
924.761	12314.2
925.908	12311.3
927.055	12310
928.203	12310.8
929.349	12313.4
930.496	12317.6
931.642	12320.2
932.787	12324.6
933.933	12325.4
935.079	12323
936.224	12315.5
937.369	12308.2
938.514	12304.8
939.659	12301.9
940.804	12298.4
941.948	12295.3
943.092	12291.6
944.236	12288.2
945.38	12283.9
946.524	12277
947.667	12266.4
948.811	12246.9
949.954	12224.9
951.097	12201.4
952.24	12180.9
953.383	12177.7
954.525	12176.2
955.667	12178.1
956.81	12180.1
957.952	12181.7
959.093	12182.5
960.235	12184.2
961.376	12183.5
962.516	12179.2
963.658	12171
964.798	12149.2
965.939	12123.8
967.08	12111.2
968.22	12099.9
969.359	12092.4
970.499	12089.4
971.639	12090.3
972.779	12094.5
973.918	12100.7
975.056	12109.4
976.195	12111
977.334	12103.4
978.473	12087.7
979.61	12079.4
980.749	12063.5
981.887	12051.3
983.024	12055.7
984.162	12068.3
985.3	12078.4
986.437	12082
987.573	12077.3
988.711	12071.3
989.848	12066.8
990.983	12067.1
992.12	12067
993.255	12067.4
994.392	12070.9
995.528	12075
996.662	12077.8
997.798	12075.8
998.933	12055.6
1000.07	12040.2
1001.2	12041.2
1002.34	12042.8
1003.47	12055.5
1004.61	12067.5
1005.74	12078.3
1006.87	12084.4
1008.01	12094.6
1009.14	12068.2
1010.27	12038.3
1011.41	12018.6
1012.54	12023.4
1013.67	12039.1
1014.81	12048.2
1015.94	12045.7
1017.07	12045.4
1018.2	12044
1019.33	12040.2
1020.47	12038.4
1021.6	12035.9
1022.73	12033.5
1023.86	12030.8
1024.99	12027.6
1026.12	12023.3
1027.25	12015.2
1028.38	12004.9
1029.51	11988.1
1030.64	11968.2
1031.77	11947.1
1032.9	11923.5
1034.03	11901.2
1035.16	11890
1036.29	11878.5
1037.42	11870
1038.55	11863.7
1039.67	11860
1040.8	11856.8
1041.93	11852.7
1043.06	11848.3
1044.19	11843.6
1045.31	11836.8
1046.44	11830.5
1047.57	11824.4
1048.69	11818.5
1049.82	11813
1050.95	11807.7
1052.08	11800.9
1053.2	11791.6
1054.33	11777.6
1055.45	11751.7
1056.58	11731
1057.7	11721.3
1058.83	11717.4
1059.95	11719
1061.08	11726.4
1062.2	11739.5
1063.33	11747.5
1064.45	11757.5
1065.58	11761.4
1066.7	11755.1
1067.83	11739.6
1068.95	11726.3
1070.07	11713.2
1071.2	11702
1072.32	11694
1073.44	11694.8
1074.56	11699.6
1075.69	11709.1
1076.81	11720.8
1077.93	11737.5
1079.05	11709.1
1080.17	11715.2
1081.3	11726
1082.42	11732.1
1083.54	11737.5
1084.66	11740
1085.78	11739.3
1086.9	11735.5
1088.02	11727.1
1089.14	11717.9
1090.26	11709
1091.38	11700.8
1092.5	11694.9
1093.62	11689.7
1094.74	11685.8
1095.86	11683.4
1096.98	11682.4
1098.1	11682.7
1099.22	11684.6
1100.34	11688.2
1101.45	11693.5
1102.57	11700.5
1103.69	11708.2
1104.81	11702.7
1105.93	11693
1107.04	11677
1108.16	11660.1
1109.28	11644.3
1110.4	11624.4
1111.51	11606.3
1112.63	11601.5
1113.75	11604.2
1114.86	11609.2
1115.98	11614.4
1117.09	11617.6
1118.21	11626.7
1119.32	11626.9
1120.44	11614.3
1121.55	11595.3
1122.67	11573.3
1123.78	11551.3
1124.9	11534.3
1126.01	11516.3
1127.13	11498.6
1128.24	11479.3
1129.35	11460.1
1130.47	11441.9
1131.58	11427.3
1132.7	11419.8
1133.81	11416
1134.92	11410.9
1136.03	11407.5
1137.15	11405.7
1138.26	11404.2
1139.37	11404.4
1140.48	11405.1
1141.59	11405.5
1142.71	11402.7
1143.82	11377.8
1144.93	11350.3
1146.04	11329.4
1147.15	11308.1
1148.26	11291.6
1149.37	11278.9
1150.48	11270
1151.59	11263.6
1152.7	11260.5
1153.81	11259.6
1154.92	11262
1156.03	11264.5
1157.14	11268.4
1158.25	11259.5
1159.36	11232
1160.47	11217.4
1161.58	11213.6
1162.68	11207.9
1163.79	11210.6
1164.9	11217.5
1166.01	11226.9
1167.12	11234.4
1168.22	11239.8
1169.33	11243.4
1170.44	11244.9
1171.55	11244.8
1172.65	11242.4
1173.76	11238.4
1174.87	11232.5
1175.97	11225.7
1177.08	11218.3
1178.18	11212.1
1179.29	11211
1180.4	11212.2
1181.5	11225.5
1182.61	11242.4
1183.71	11249.4
1184.82	11218.1
1185.92	11214.4
1187.02	11213.3
1188.13	11213.1
1189.23	11216.2
1190.34	11219.1
1191.44	11227.9
1192.54	11237.8
1193.65	11247.2
1194.75	11254.6
1195.85	11259.4
1196.96	11260.8
1198.06	11258.3
1199.16	11253.7
1200.26	11246.7
1201.37	11237.7
1202.47	11226.8
1203.57	11215.1
1204.67	11201.3
1205.77	11187.8
1206.87	11173.2
1207.97	11168.3
1209.08	11175.8
1210.18	11184
1211.28	11194
1212.38	11203.4
1213.48	11213.7
1214.58	11210.5
1215.68	11202.6
1216.78	11194.5
1217.88	11185.9
1218.98	11176.6
1220.07	11167.2
1221.17	11157.9
1222.27	11148
1223.37	11138.2
1224.47	11128.5
1225.57	11119.6
1226.66	11117
1227.76	11118.7
1228.86	11120.4
1229.96	11111.2
1231.06	11102.3
1232.15	11092.1
1233.25	11081
1234.35	11069
1235.44	11055.7
1236.54	11045.8
1237.63	11044
1238.73	11038.3
1239.83	11029.5
1240.92	10998.9
1242.02	10990
1243.11	10986.9
1244.21	10981.1
1245.3	10979.9
1246.4	10979.5
1247.49	10980.3
1248.59	10982.2
1249.68	10984.8
1250.78	10985.1
1251.87	10985
1252.96	10982.8
1254.06	10976.8
1255.15	10960.9
1256.24	10944.7
1257.34	10932.9
1258.43	10923.4
1259.52	10917.5
1260.62	10911.9
1261.71	10916.1
1262.8	10914.5
1263.89	10915.6
1264.98	10906.9
1266.08	10893.3
1267.17	10889.5
1268.26	10893.1
1269.35	10899.7
1270.44	10911.9
1271.53	10920.2
1272.62	10938.3
1273.71	10930.1
1274.8	10919.7
1275.89	10912.2
1276.98	10906.5
1278.07	10903.3
1279.16	10900.5
1280.25	10900.6
1281.34	10902
1282.43	10905.1
1283.52	10909.6
1284.61	10915.2
1285.69	10918.6
1286.78	10914.7
1287.87	10912.1
1288.96	10907.5
1290.05	10903.4
1291.13	10900.6
1292.22	10901.5
1293.31	10924.6
1294.4	10937.7
1295.48	10941.7
1296.57	10937
1297.66	10927.5
1298.74	10904.6
1299.83	10888.9
1300.92	10869.2
1302	10870.9
1303.09	10887.6
1304.17	10912
1305.26	10923.6
1306.34	10925.2
1307.43	10908.9
1308.51	10881.7
1309.6	10867.2
1310.68	10860.1
1311.76	10860.6
1312.85	10877.1
1313.93	10883.6
1315.02	10886.8
1316.1	10882.7
1317.18	10873.9
1318.27	10861.3
1319.35	10847.7
1320.43	10837.2
1321.52	10831.4
1322.6	10829.7
1323.68	10825.3
1324.76	10814.5
1325.85	10804.5
1326.93	10796.2
1328.01	10788.8
1329.09	10783.1
1330.17	10777.3
1331.25	10772.8
1332.33	10772
1333.41	10771
1334.49	10768
1335.58	10763.3
1336.65	10753
1337.74	10743.5
1338.82	10736
1339.89	10730.3
1340.97	10725.5
1342.05	10719
1343.13	10713.2
1344.21	10706.5
1345.29	10699.7
1346.37	10694.4
1347.45	10691.6
1348.53	10692.6
1349.6	10692.9
1350.68	10693
1351.76	10683.7
1352.84	10673.5
1353.92	10658.8
1354.99	10651.5
1356.07	10649.7
1357.15	10649.9
1358.22	10652.9
1359.3	10658.9
1360.38	10662
1361.45	10660.7
1362.53	10655.3
1363.61	10648.9
1364.68	10638.1
1365.76	10627.5
1366.83	10624.7
1367.91	10626.9
1368.98	10634.5
1370.06	10646.5
1371.13	10646.9
1372.21	10649.9
1373.28	10646.2
1374.35	10642.8
1375.43	10642
1376.5	10641.4
1377.58	10640.8
1378.65	10647.3
1379.72	10654.7
1380.8	10663.2
1381.87	10658.8
1382.94	10649.1
1384.01	10633.3
1385.09	10617.3
1386.16	10600.9
1387.23	10587.9
1388.3	10581.9
1389.38	10581.6
1390.45	10584.5
1391.52	10589.7
1392.59	10589.3
1393.66	10579
1393.92	10575.3
1395	10561.4
1396.07	10547.9
1397.15	10537
1398.22	10527.5
1399.3	10519.6
1400.38	10518.2
1401.45	10518.9
1402.53	10521.8
1403.6	10524.1
1404.68	10525.6
1405.75	10521.7
1406.82	10520.2
1407.9	10515.1
1408.97	10509
1410.05	10504.5
1411.12	10504.3
1412.19	10509.4
1413.27	10508.6
1414.34	10503.7
1415.41	10491.1
1416.49	10479.7
1417.56	10476.6
1418.63	10476.7
1419.7	10478.8
1420.78	10487
1421.85	10488.7
1422.92	10481.6
1423.99	10468.5
1425.06	10452.8
1426.14	10433.4
1427.21	10416.6
1428.28	10409.5
1429.35	10411.6
1430.42	10403.5
1431.49	10398
1432.56	10385.7
1433.63	10374.8
1434.7	10371.7
1435.77	10374.8
1436.84	10378.6
1437.91	10379
1438.98	10377.5
1440.05	10375.8
1441.12	10372.4
1442.18	10368.3
1443.25	10363.4
1444.32	10357.7
1445.39	10352.7
1446.46	10350
1447.53	10346.3
1448.59	10343.2
1449.66	10344.3
1450.73	10347.7
1451.8	10355.5
1452.86	10359.8
1453.93	10361.2
1455	10356.7
1456.06	10309.3
1457.13	10295.7
1458.2	10290.7
1459.26	10296.2
1460.33	10297.8
1461.39	10300.2
1462.46	10303.4
1463.52	10306.1
1464.59	10307.6
1465.65	10308.3
1466.72	10308.1
1467.78	10307.2
1468.85	10304.9
1469.91	10302
1470.98	10296.7
1472.04	10293.1
1473.1	10292.7
1474.17	10295.3
1475.23	10303.7
1476.3	10311
1477.36	10312.6
1478.42	10310.3
1479.48	10306
1480.55	10298.9
1481.61	10289.7
1482.67	10276.9
1483.73	10261.4
1484.8	10253
1485.86	10245.9
1486.92	10249.1
1487.98	10246.1
1489.04	10241.7
1490.1	10237
1491.17	10232.8
1492.23	10226.3
1493.29	10219.6
1494.35	10214.2
1495.41	10210.3
1496.47	10208.7
1497.53	10210.5
1498.59	10214.9
1499.65	10217.2
1500.71	10212.9
1501.77	10207.1
1502.83	10188.9
1503.88	10164.7
1504.94	10140.9
1506	10129.7
1507.06	10120.3
1508.12	10118
1509.18	10112.7
1510.23	10111.7
1511.29	10108.8
1512.35	10104.4
1513.41	10095.9
1514.47	10077.5
1515.52	10068.9
1516.58	10065.4
1517.64	10067
1518.69	10072.4
1519.75	10079.8
1520.81	10084.7
1521.86	10085.3
1522.92	10082.3
1523.97	10075.9
1525.03	10066.2
1526.08	10053
1527.14	10036.1
1528.2	10028.7
1529.25	10025.3
1530.31	10023.5
1531.36	10025.8
1532.42	10024.6
1533.47	10022.1
1534.52	10019.4
1535.58	10015.6
1536.63	10010.6
1537.69	10004.4
1538.74	9997.05
1539.79	9988.71
1540.84	9979.69
1541.9	9970.93
1542.95	9965.55
1544	9964.84
1545.06	9966.41
1546.11	9963.34
1547.16	9957.2
1548.21	9950.3
1549.27	9935.14
1550.32	9934.17
1551.37	9933.43
1552.42	9936.54
1553.47	9941.26
1554.52	9949.55
1555.57	9958.68
1556.62	9966.88
1557.67	9973.62
1558.72	9976.97
1559.77	9979.73
1560.82	9980.13
1561.87	9978.54
1562.92	9974.41
1563.97	9967.52
1565.02	9957.14
1566.07	9942.33
1567.12	9924.48
1568.17	9908.04
1569.22	9903.72
1570.27	9903.29
1571.32	9910.21
1572.36	9913.6
1573.41	9920.23
1574.46	9922.29
1575.51	9920.09
1576.56	9913.39
1577.6	9900.13
1578.65	9886.02
1579.7	9874.62
1580.74	9866.14
1581.79	9861.28
1582.84	9863.9
1583.88	9866.42
1584.93	9870.45
1585.98	9875.14
1587.02	9881.67
1588.07	9887.23
1589.11	9893.72
1590.16	9896.14
1591.2	9886.39
1592.25	9871.9
1593.29	9854
1594.34	9843.1
1595.38	9834.25
1596.43	9827.68
1597.47	9823.32
1598.52	9819.04
1599.56	9811.42
1600.6	9793.18
1601.65	9775.39
1602.69	9759.17
1603.73	9746.24
1604.78	9738.09
1605.82	9732.72
1606.86	9733.96
1607.91	9749.04
1608.95	9755.32
1609.99	9746.94
1611.03	9740.2
1612.08	9733.46
1613.12	9709.5
1614.16	9697.7
1615.2	9686.14
1616.24	9678.8
1617.28	9676.35
1618.32	9675.3
1619.36	9666.33
1620.41	9644.73
1621.45	9630.76
1622.49	9621.82
1623.53	9611.82
1624.57	9606.15
1625.61	9592.79
1626.65	9579.51
1627.69	9561.03
1628.73	9545.48
1629.76	9534.23
1630.8	9530.74
1631.84	9548.1
1632.88	9571.53
1633.92	9582.16
1634.96	9581.69
1636	9577.92
1637.03	9557.14
1638.07	9531.98
1639.11	9516.1
1640.15	9513.18
1641.19	9523.07
1642.22	9520.38
1643.26	9520.82
1644.3	9514.87
1645.33	9498.97
1646.37	9483.65
1647.41	9475.04
1648.44	9475.01
1649.48	9473.95
1650.52	9471.92
1651.55	9467.79
1652.59	9462.27
1653.62	9456.14
1654.66	9450.06
1655.69	9442.93
1656.73	9434.52
1657.76	9427.23
1658.8	9422.43
1659.83	9420.55
1660.87	9422.03
1661.9	9418.75
1662.93	9415.48
1663.97	9412.71
1665	9410.41
1666.04	9407.08
1667.07	9416.53
1668.1	9428.36
1669.14	9413.64
1670.17	9390.47
1671.2	9365.14
1672.23	9335.56
1673.27	9349.43
1674.3	9353.97
1675.33	9357.89
1676.36	9361.47
1677.39	9362.2
1678.43	9358.99
1679.46	9351.71
1680.49	9341.61
1681.52	9329.08
1682.55	9315.43
1683.58	9307.5
1684.61	9301.37
1685.64	9297.2
1686.67	9294.21
1687.7	9291.86
1688.73	9289.27
1689.76	9286.2
1690.79	9282.39
1691.82	9278.06
1692.85	9272.75
1693.88	9266.31
1694.91	9258.72
1695.94	9252.22
1696.97	9254.79
1698	9262.69
1699.02	9270.55
1700.05	9273.86
1701.08	9275.95
1702.11	9279.35
1703.14	9269.84
1704.16	9256.06
1705.19	9237.31
1706.22	9213.86
1707.25	9205.83
1708.27	9219.26
1709.3	9195.05
1710.33	9174.76
1711.35	9141.89
1712.38	9128.14
1713.41	9123.5
1714.43	9126.79
1715.46	9137.53
1716.48	9149.69
1717.51	9156.57
1718.53	9155.47
1719.56	9096.34
1720.58	9101.9
1721.61	9103.67
1722.63	9101.54
1723.66	9095.37
1724.68	9085.07
1725.71	9070.96
1726.73	9052.25
1727.75	9035.25
1728.78	9024.5
1729.8	9010.41
1730.83	9000.62
1731.85	9001.12
1732.87	9011.76
1733.89	9019.36
1734.92	9029.33
1735.94	9039.41
1736.96	9048.86
1737.98	9048.12
1739.01	9044.02
1740.03	9035.8
1741.05	9023.77
1742.07	9006.85
1743.09	8988.41
1744.12	8981.43
1745.14	8970.78
1746.16	8966
1747.18	8963.94
1748.2	8962.48
1749.22	8957.28
1750.24	8950.05
1751.26	8937.06
1752.28	8925.06
1753.3	8915.41
1754.32	8904.96
1755.34	8896.49
1756.36	8888.51
1757.38	8884.91
1758.4	8886.41
1759.42	8887.07
1760.44	8879.39
1761.45	8871.77
1762.47	8863.98
1763.49	8856.3
1764.51	8848.62
1765.53	8846.03
1766.55	8842.74
1767.56	8843.08
1768.58	8846.18
1769.6	8846.2
1770.61	8844.55
1771.63	8830.85
1772.65	8818.71
1773.67	8814.08
1774.68	8811.9
1775.7	8808.95
1776.72	8806.26
1777.73	8803.3
1778.75	8797.45
1779.76	8789.35
1780.78	8779.4
1781.79	8768.21
1782.81	8761.62
1783.83	8756.45
1784.84	8753.04
1785.85	8750.69
1786.87	8749.52
1787.88	8749.03
1788.9	8748.92
1789.91	8748.49
1790.93	8748.13
1791.94	8744.86
1792.95	8736.66
1793.97	8723.98
1794.98	8706.38
1796	8693.71
1797.01	8678.42
1798.02	8665.62
1799.03	8653.29
1800.05	8644.26
1801.06	8636.23
1802.07	8632.87
1803.08	8631.51
1804.1	8631.97
1805.11	8634.02
1806.12	8632.27
1807.13	8625.34
1808.14	8605.92
1809.15	8587.48
1810.17	8574.66
1811.18	8556.02
1812.19	8554.4
1813.2	8552.28
1814.21	8569.08
1815.22	8567.18
1816.23	8553.79
1817.24	8540.2
1818.25	8530.84
1819.26	8522.89
1820.27	8517.09
1821.28	8513.92
1822.29	8513.32
1823.3	8514.74
1824.3	8518.01
1825.31	8522.34
1826.32	8521.49
1827.33	8505.77
1828.34	8483.97
1829.35	8466.88
1830.35	8452.69
1831.36	8439.45
1832.37	8433.87
1833.38	8434.8
1834.38	8431.8
1835.39	8434.95
1836.4	8424.28
1837.41	8407.86
1838.41	8355.2
1839.42	8379.51
1840.43	8419.2
1841.43	8405.25
1842.44	8355.98
1843.44	8339.72
1844.45	8327.18
1845.46	8319.95
1846.46	8318.62
1847.47	8314.79
1848.47	8309.87
1849.48	8305.95
1850.48	8302.17
1851.49	8297.89
1852.49	8293.12
1853.49	8285.05
1854.5	8265.27
1855.5	8253.76
1856.51	8261.89
1857.51	8268.51
1858.51	8272.33
1859.52	8273.71
1860.52	8272.78
1861.52	8269.64
1862.53	8264.89
1863.53	8257.9
1864.53	8248.39
1865.54	8237.44
1866.54	8226.34
1867.54	8219.98
1868.54	8220.48
1869.54	8217.22
1870.55	8205.09
1871.55	8195.99
1872.55	8185.65
1873.55	8173.83
1874.55	8159.38
1875.55	8158.71
1876.55	8157.2
1877.55	8169.65
1878.55	8167.05
1879.55	8167.37
1880.56	8150.7
1881.55	8115.38
1882.56	8104.99
1883.55	8097.36
1884.55	8099.08
1885.55	8104.4
1886.55	8108.19
1887.55	8107.83
1888.55	8105.57
1889.55	8102.51
1890.55	8097.34
1891.55	8090.87
1892.55	8083.35
1893.54	8075.77
1894.54	8069.41
1895.54	8063.49
1896.54	8058.44
1897.54	8053.85
1898.53	8049.92
1899.53	8046.48
1900.53	8044.23
1901.52	8042.56
1902.52	8040.91
1903.52	8039.3
1904.51	8032.62
1905.51	8017.48
1906.51	8001.94
1907.5	7983.3
1908.5	7963.98
1909.49	7945.3
1910.49	7936.44
1911.49	7929.85
1912.48	7929.84
1913.48	7932.88
1914.47	7929.84
1915.46	7926.42
1916.46	7918.8
1917.45	7908.32
1918.45	7894.38
1919.44	7878.25
1920.44	7863.98
1921.43	7851.6
1922.43	7846.91
1923.42	7840.57
1924.41	7835.5
1925.41	7831.35
1926.4	7827.49
1927.39	7825.4
1928.38	7823.14
1929.38	7821.62
1930.37	7819.9
1931.36	7817.38
1932.35	7812.06
1933.35	7803.23
1934.34	7793.15
1935.33	7781.93
1936.32	7767.67
1937.31	7765.04
1938.3	7767.21
1939.29	7780.98
1940.29	7790.77
1941.28	7783.35
1942.27	7772.34
1943.26	7760.33
1944.25	7746.28
1945.24	7732.07
1946.23	7718.74
1947.22	7707.01
1948.21	7696.94
1949.2	7688.29
1950.19	7682.38
1951.18	7673.02
1952.17	7656.62
1953.16	7637.88
1954.14	7620.23
1955.13	7609.7
1956.12	7604.01
1957.11	7612.94
1958.1	7609.56
1959.09	7605.58
1960.07	7603
1961.06	7600.34
1962.05	7597.28
1963.04	7593.67
1964.02	7589.25
1965.01	7584.02
1966	7578.12
1966.99	7570.85
1967.97	7562.96
1968.96	7554.86
1969.95	7546.92
1970.93	7539.4
1971.92	7531.77
1972.9	7524.19
1973.89	7516.63
1974.88	7509.01
1975.86	7501.3
1976.85	7493.65
1977.83	7486.05
1978.82	7480.39
1979.8	7478.02
1980.79	7476.02
1981.77	7470.28
1982.76	7463.6
1983.74	7456.15
1984.72	7447.95
1985.71	7444.19
1986.69	7440.66
1987.67	7438.02
1988.66	7436.26
1989.64	7435.5
1990.62	7435.49
1991.61	7434.49
1992.59	7431.17
1993.57	7422.1
1994.56	7409.68
1995.54	7386.61
1996.52	7369
1997.5	7352.86
1998.49	7338.04
1999.47	7333.84
2000.45	7334.93
2001.43	7337.38
2002.41	7339.22
2003.39	7341.58
2004.38	7343.77
2005.36	7348.26
2006.34	7352.5
2007.32	7356.32
2008.3	7358.43
2009.28	7342.53
2010.26	7327.69
2011.24	7305.33
2012.22	7278.45
2013.2	7248.2
2014.18	7218.12
2015.16	7220.36
2016.14	7241.44
2017.12	7288.37
2018.1	7302.57
2019.07	7257.17
2020.05	7220.48
2021.03	7218.32
2022.01	7220
2022.99	7221.21
2023.97	7214.1
2024.95	7202.54
2025.92	7188.34
2026.9	7149.81
2027.88	7127.41
2028.86	7108.11
2029.83	7093.12
2030.81	7088.34
2031.79	7100.41
2032.76	7114.07
2033.74	7120.54
2034.72	7124.82
2035.69	7126.74
2036.67	7125.49
2037.65	7121.19
2038.62	7113.93
2039.6	7103.96
2040.57	7091.46
2041.55	7077.61
2042.52	7061.41
2043.5	7049.33
2044.47	7041.92
2045.45	7039.49
2046.42	7031.46
2047.4	7022.49
2048.37	7017.92
2049.35	7010.49
2050.32	7009.54
2051.29	7009.73
2052.27	7009.89
2053.24	7009.03
2054.21	7006.9
2055.19	7002.66
2056.16	6996.54
2057.13	6987.99
2058.11	6975.72
2059.08	6961.15
2060.05	6944.52
2061.02	6927.61
2062	6911.57
2062.97	6902.34
2063.94	6898.09
2064.91	6896.85
2065.89	6894.15
2066.86	6885.49
2067.83	6876.84
2068.8	6870.39
2069.77	6864.69
2070.74	6858.58
2071.71	6854.03
2072.68	6850.44
2073.65	6848.21
2074.62	6847.75
2075.59	6849.57
2076.56	6849.7
2077.53	6846.23
2078.5	6815.83
2079.47	6809.12
2080.44	6802.47
2081.41	6793
2082.38	6790.77
2083.35	6789.32
2084.32	6785.28
2085.29	6774.02
2086.26	6760.71
2087.23	6746.7
2088.19	6733.87
2089.16	6724.33
2090.13	6714.52
2091.1	6706.39
2092.07	6699.38
2093.03	6693.89
2094	6690.45
2094.97	6689.74
2095.94	6702.61
2096.9	6710.69
2097.87	6717.1
2098.84	6715.92
2099.8	6706.78
2100.77	6690.2
2101.74	6667.12
2102.7	6648.65
2103.67	6634.31
2104.63	6626.96
2105.6	6626.51
2106.56	6624.09
2107.53	6619.23
2108.49	6613.38
2109.46	6607.25
2110.42	6600.47
2111.39	6591.81
2112.35	6582.72
2113.32	6572.11
2114.28	6563.58
2115.25	6566.11
2116.21	6563.36
2117.17	6557.81
2118.14	6549.17
2119.1	6537.58
2120.07	6523.46
2121.03	6519.92
2121.99	6519
2122.96	6526.54
2123.92	6527.63
2124.88	6524.86
2125.84	6518.77
2126.81	6510.88
2127.77	6498.38
2128.73	6487.15
2129.69	6477.76
2130.65	6470.17
2131.62	6465.51
2132.58	6456.49
2133.54	6444.44
2134.5	6433.6
2135.46	6421.87
2136.42	6411.89
2137.38	6399.19
2138.34	6457.25
2139.3	6413.38
2140.26	6396.8
2141.22	6391.09
2142.18	6386.28
2143.14	6379.52
2144.1	6370.15
2145.06	6358.23
2146.02	6350.04
2146.98	6345.01
2147.94	6343.75
2148.9	6346.21
2149.86	6345.22
2150.82	6341.68
2151.78	6335.03
2152.74	6325.57
2153.69	6313.57
2154.65	6298.5
2155.61	6285.75
2156.57	6274.26
2157.53	6274.23
2158.48	6273.57
2159.44	6270.91
2160.4	6266.63
2161.36	6260.92
2162.31	6253.93
2163.27	6245.72
2164.23	6235.91
2165.18	6225.17
2166.14	6213.38
2167.1	6201.36
2168.05	6190.37
2169.01	6180.54
2169.96	6173.69
2170.92	6163.64
2171.88	6151.51
2172.83	6137.22
2173.79	6119.48
2174.74	6111.86
2175.7	6104.6
2176.65	6098.31
2177.6	6093.13
2178.56	6089.3
2179.51	6085.88
2180.47	6077.53
2181.42	6052.43
2182.38	6017.94
2183.33	6017.24
2184.28	6013.09
2185.24	6014.46
2186.19	6011.54
2187.14	6005.05
2188.1	5994.7
2189.05	5979.24
2190	5974.38
2190.96	5972.72
2191.91	5974.92
2192.86	5981.59
2193.81	5981.1
2194.76	5976.87
2195.72	5968.24
2196.67	5956.31
2197.62	5949.37
2198.57	5941.72
2199.52	5933.72
2200.47	5925.68
2201.43	5917.7
2202.38	5909.68
2203.33	5902.14
2204.28	5894.33
2205.23	5887.18
2206.18	5880.86
2207.13	5875.91
2208.08	5872.68
2209.03	5870.58
2209.98	5869.67
2210.93	5869.94
2211.88	5868.28
2212.83	5855.5
2213.78	5844.32
2214.73	5829.92
2215.67	5816.14
2216.62	5802.76
2217.57	5801.31
2218.52	5801.71
2219.47	5803.09
2220.42	5806.57
2221.37	5807.61
2222.31	5805.56
2223.26	5802.73
2224.21	5791.79
2225.16	5782.7
2226.1	5780.47
2227.05	5776.78
2228	5779.18
2228.94	5783.12
2229.89	5785.68
2230.84	5786.7
2231.78	5785.91
2232.73	5781.91
2233.68	5775.94
2234.62	5767.79
2235.57	5757.45
2236.51	5744.91
2237.46	5729.8
2238.41	5707.06
2239.35	5703.68
2240.3	5710.77
2241.24	5717.09
2242.19	5710.83
2243.13	5705.96
2244.07	5701.35
2245.02	5694.19
2245.96	5709.73
2246.91	5717.73
2247.85	5719.01
2248.8	5715.61
2249.74	5709.41
2250.68	5697.99
2251.63	5687.16
2252.57	5678.68
2253.51	5671.75
2254.46	5669.43
2255.4	5667.57
2256.34	5665.51
2257.28	5664.2
2258.23	5663.74
2259.17	5663.74
2260.11	5663.39
2261.05	5661.69
2262	5653.83
2262.94	5645.62
2263.88	5638.02
2264.82	5632.11
2265.76	5630.06
2266.7	5629.93
2267.64	5632.56
2268.58	5636.2
2269.53	5641.38
2270.47	5648.13
2271.41	5652.82
2272.35	5656.1
2273.29	5652.58
2274.23	5643.16
2275.17	5629.94
2276.11	5613.99
2277.05	5599.01
2277.99	5589.66
2278.93	5584.23
2279.86	5587.44
2280.8	5594.79
2281.74	5606.36
2282.68	5614.01
2283.62	5607.05
2284.56	5596.33
2285.5	5587.3
2286.44	5579.25
2287.37	5572.66
2288.31	5569.88
2289.25	5575.35
2290.19	5582.88
2291.12	5590.05
2292.06	5600.72
2293	5606.54
2293.94	5603.62
2294.87	5596.14
2295.81	5585.69
2296.75	5575.12
2297.68	5562.35
2298.62	5563.15
2299.55	5551.61
2300.49	5537.27
2301.43	5526.03
2302.36	5517.6
2303.3	5513.88
2304.23	5512.55
2305.17	5512.22
2306.1	5513.35
2307.04	5514.9
2307.98	5514.29
2308.91	5509.77
2309.84	5502.66
2310.78	5495.91
2311.71	5486.65
2312.65	5475.64
2313.58	5464.55
2314.52	5454.21
2315.45	5444.34
2316.38	5434.81
2317.32	5425.59
2317.72	5421.35
2318.66	5414.26
2319.6	5407.91
2320.54	5402.06
2321.48	5397.11
2322.41	5393.15
2323.35	5390.41
2324.29	5389.3
2325.23	5389.9
2326.16	5391.77
2327.1	5395.01
2328.04	5398.97
2328.97	5397.93
2329.91	5390.93
2330.85	5385.58
2331.78	5380.56
2332.72	5376.02
2333.66	5372.82
2334.59	5369.64
2335.53	5366.09
2336.46	5361.68
2337.4	5356.36
2338.33	5350.07
2339.27	5343.78
2340.2	5337.88
2341.14	5334.37
2342.07	5331.36
2343.01	5328.97
2343.94	5326.85
2344.88	5325.27
2345.81	5324.12
2346.75	5322.65
2347.68	5317.03
2348.61	5304.96
2349.55	5294.16
2350.48	5282.72
2351.41	5273
2352.35	5272.46
2353.28	5273.27
2354.21	5276.73
2355.15	5281.35
2356.08	5284.21
2357.01	5282.23
2357.94	5274.93
2358.88	5267.21
2359.81	5262.13
2360.74	5254.83
2361.67	5248.2
2362.6	5241.49
2363.54	5235.58
2364.47	5231.08
2365.4	5227.96
2366.33	5225.99
2367.26	5222.47
2368.19	5218.25
2369.12	5213.9
2370.05	5209.06
2370.98	5204.24
2371.91	5198.5
2372.84	5196.93
2373.77	5202.09
2374.7	5203.17
2375.63	5202.92
2376.56	5201.37
2377.49	5198.77
2378.42	5195.15
2379.35	5190.39
2380.28	5184.12
2381.21	5179.44
2382.14	5182.71
2383.07	5184.89
2384	5188.69
2384.92	5186.13
2385.85	5178.06
2386.78	5162.46
2387.71	5151.45
2388.64	5140.14
2389.56	5127.19
2390.49	5124.8
2391.42	5126.47
2392.35	5135.29
2393.27	5144.47
2394.2	5150.26
2395.13	5150.87
2396.05	5147.18
2396.98	5143.08
2397.91	5130.88
2398.83	5121.18
2399.76	5117.13
2400.69	5112.28
2401.61	5107.45
2402.54	5102.68
2403.46	5097.97
2404.39	5093.37
2405.31	5088.07
2406.24	5077.41
2407.17	5069.85
2408.09	5066.67
2409.01	5079.82
2409.94	5081.68
2410.86	5082.86
2411.79	5057.04
2412.71	5046.4
2413.64	5041.94
2414.56	5033.85
2415.49	5046.28
2416.41	5048.94
2417.33	5060.36
2418.26	5028.95
2419.18	5001.63
2420.1	5000.67
2421.03	5001.15
2421.95	4991.55
2422.87	4983.29
2423.79	4976.25
2424.72	4970.84
2425.64	4966.1
2426.56	4960.35
2427.48	4954.99
2428.41	4950.34
2429.33	4946.88
2430.25	4944.59
2431.17	4943.07
2432.09	4942.31
2433.01	4942.16
2433.93	4942.53
2434.86	4943.15
2435.78	4941.55
2436.7	4930.68
2437.62	4914.37
2438.54	4900.77
2439.46	4887.62
2440.38	4884.95
2441.3	4881.3
2442.22	4881.44
2443.14	4882.85
2444.06	4887.88
2444.98	4885.93
2445.9	4876.38
2446.82	4866.29
2447.73	4856.02
2448.65	4847.79
2449.57	4842.08
2450.49	4837.1
2451.41	4833.28
2452.33	4830.57
2453.25	4828.89
2454.17	4827.6
2455.08	4818.73
2456	4806.28
2456.92	4796.89
2457.84	4789.5
2458.75	4783.55
2459.67	4783.04
2460.59	4789.91
2461.51	4798.35
2462.42	4795.35
2463.34	4783.13
2464.26	4767.87
2465.17	4756.68
2466.09	4747.65
2467	4732.57
2467.92	4729.49
2468.84	4731.92
2469.75	4742.12
2470.67	4755.59
2471.58	4756.36
2472.5	4753.69
2473.42	4749.12
2474.33	4744.09
2475.25	4734.84
2476.16	4724.8
2477.08	4714.9
2477.99	4706.11
2478.9	4700.16
2479.82	4698.58
2480.73	4700.48
2481.65	4704.59
2482.56	4707.84
2483.47	4709.86
2484.39	4702.27
2485.3	4693.64
2486.22	4679.81
2487.13	4663.31
2488.04	4651.76
2488.96	4641.25
2489.87	4636.19
2490.78	4637.91
2491.69	4641.2
2492.61	4646.37
2493.52	4645.97
2494.43	4640.98
2495.34	4636.81
2496.25	4633.86
2497.17	4630.63
2498.08	4628.93
2498.99	4627.88
2499.9	4627.73
2500.81	4628.16
2501.72	4629.11
2502.63	4630.03
2503.55	4618.67
2504.46	4613.13
2505.37	4608.79
2506.28	4610.65
2507.19	4611.84
2508.1	4612.88
2509.01	4612.28
2509.92	4602.94
2510.83	4591.52
2511.74	4579.36
2512.65	4565.56
2513.56	4549.14
2514.47	4545.18
2515.37	4550.7
2516.28	4557.63
2517.19	4561.63
2518.1	4563.48
2519.01	4564.52
2519.92	4565.31
2520.83	4565.97
2521.73	4566.15
2522.64	4566.32
2523.55	4566.7
2524.46	4568.59
2525.37	4566.81
2526.27	4555.66
2527.18	4549.73
2528.09	4543.95
2529	4537.66
2529.9	4531.51
2530.81	4524.19
2531.72	4517.16
2532.62	4509.82
2533.53	4504.22
2534.44	4505.88
2535.34	4505.76
2536.25	4506.32
2537.15	4506.18
2538.06	4499.01
2538.96	4489.28
2539.87	4479.6
2540.78	4470.72
2541.68	4462.7
2542.59	4455.86
2543.49	4449.58
2544.4	4444.55
2545.3	4440.3
2546.21	4437.15
2547.11	4434.11
2548.01	4429.16
2548.92	4423.75
2549.82	4419.25
2550.73	4415.59
2551.63	4412.65
2552.53	4410.78
2553.44	4412.02
2554.34	4413.95
2555.24	4416.5
2556.15	4408.74
2557.05	4386.59
2557.95	4377.69
2558.86	4370.8
2559.76	4365.27
2560.66	4361.35
2561.56	4359.06
2562.46	4358.33
2563.37	4359.35
2564.27	4361.5
2565.17	4352.99
2566.07	4345.9
2566.97	4335.81
2567.88	4328.37
2568.78	4322.26
2569.68	4316.55
2570.58	4314.68
2571.48	4315.52
2572.38	4317.75
2573.28	4321.07
2574.18	4324.77
2575.08	4327.53
2575.98	4321.18
2576.88	4315.02
2577.78	4306.97
2578.68	4297.3
2579.58	4285.67
2580.48	4272.84
2581.38	4261.97
2582.28	4261.12
2583.18	4259.67
2584.08	4258.73
2584.98	4259.44
2585.88	4259.72
2586.77	4258.65
2587.67	4255.78
2588.57	4250.14
2589.47	4242.87
2590.37	4233.84
2591.27	4223.01
2592.16	4209.94
2593.06	4195.52
2593.96	4194.85
2594.86	4196.73
2595.75	4194.97
2596.65	4193.04
2597.55	4191.46
2598.45	4189.82
2599.34	4187.9
2600.24	4186.08
2601.13	4184.19
2602.03	4182.16
2602.93	4180.03
2603.82	4177.08
2604.72	4171.38
2605.62	4164.02
2606.51	4156.33
2607.41	4147.04
2608.3	4137.87
2609.2	4133.84
2610.09	4131.62
2610.99	4136.86
2611.88	4140.78
2612.78	4143.21
2613.67	4143.75
2614.57	4140.23
2615.46	4129.92
2616.36	4118.44
2617.25	4109.77
2618.14	4101.6
2619.04	4094.82
2619.93	4090.66
2620.83	4087.86
2621.72	4087.12
2622.61	4087.58
2623.5	4088.91
2624.4	4090.57
2625.29	4086.12
2626.18	4083.5
2627.08	4078.43
2627.97	4072.03
2628.86	4066.17
2629.75	4062.52
2630.65	4071.1
2631.54	4065.45
2632.43	4054.2
2633.32	4037.89
2634.21	4022.24
2635.11	4012.2
2636	4008.7
2636.89	4003.85
2637.78	4000.19
2638.67	3998.18
2639.56	3996.93
2640.45	3994.81
2641.34	3991.77
2642.23	3990.09
2643.12	3987.52
2644.01	3983.55
2644.9	3978.2
2645.79	3966.59
2646.68	3951.6
2647.57	3936.6
2648.46	3926.1
2649.35	3919.98
2650.24	3918.62
2651.13	3930.42
2652.02	3973.63
2652.91	3911.88
2653.8	3879.11
2654.69	3905.69
2655.58	3908.27
2656.46	3906.07
2657.35	3905.44
2658.24	3906.24
2659.13	3906.37
2660.02	3904.33
2660.9	3901.27
2661.79	3897.19
2662.68	3891.96
2663.57	3885.15
2664.45	3877.12
2665.34	3867.82
2666.23	3857.5
2667.11	3865.93
2668	3872.97
2668.89	3872.38
2669.77	3866.02
2670.66	3857.09
2671.55	3843.31
2672.43	3842.6
2673.32	3844.9
2674.21	3850.15
2675.09	3857.07
2675.98	3859.23
2676.86	3857.89
2677.75	3851.39
2678.63	3841.11
2679.52	3830.56
2680.4	3820.6
2681.29	3810.55
2682.17	3800.86
2683.06	3789.57
2683.94	3778.54
2684.82	3766.85
2685.71	3757.94
2686.59	3768.45
2687.48	3779.23
2688.36	3793.52
2689.24	3779.38
2690.13	3770.89
2691.01	3758.08
2691.89	3744.29
2692.78	3728.99
2693.66	3715.44
2694.54	3709.35
2695.43	3706.89
2696.31	3707.46
2697.19	3711.69
2698.07	3711.66
2698.96	3710.78
2699.84	3709.58
2700.72	3707.64
2701.6	3705.6
2702.48	3702.64
2703.36	3698.89
2704.25	3693.65
2705.13	3683.07
2706.01	3675.89
2706.89	3668.81
2707.77	3662.39
2708.65	3656.99
2709.53	3652.67
2710.41	3650.77
2711.29	3649.83
2712.17	3649.92
2713.05	3649.91
2713.93	3646.96
2714.81	3643.47
2715.69	3639.29
2716.57	3634.85
2717.45	3630.19
2718.33	3625.51
2719.21	3621.47
2720.09	3618.14
2720.97	3615.48
2721.85	3613.4
2722.73	3611.56
2723.61	3609.47
2724.48	3607.19
2725.36	3604.65
2726.24	3600.82
2727.12	3596.59
2728	3592.37
2728.88	3588.87
2729.75	3584.99
2730.63	3581.31
2731.51	3577.07
2732.39	3572.82
2733.26	3569.21
2734.14	3566.56
2735.02	3566.33
2735.89	3566.54
2736.77	3567.53
2737.65	3568.01
2738.52	3567.71
2739.4	3566.82
2740.28	3565.14
2741.15	3563.34
2742.03	3560.88
2742.9	3557.61
2743.78	3552.8
2744.65	3542.48
2745.53	3531.94
2746.41	3512.09
2747.28	3499.52
2748.16	3493.1
2749.03	3495.34
2749.91	3494.9
2750.78	3499.11
2751.66	3497.63
2752.53	3489.04
2753.4	3482.61
2754.28	3477.68
2755.15	3471.85
2756.02	3471.45
2756.9	3471.22
2757.77	3473.75
2758.65	3478.4
2759.52	3475.15
2760.39	3465.4
2761.27	3452.89
2762.14	3447.89
2763.01	3444.46
2763.88	3441.79
2764.76	3440.26
2765.63	3444.99
2766.5	3448.11
2767.37	3445.76
2768.25	3435.18
2769.12	3425.42
2769.99	3412.46
2770.86	3407.08
2771.73	3397.17
2772.61	3395.74
2773.48	3409.22
2774.35	3416
2775.22	3403.43
2776.09	3393.1
2776.96	3380.47
2777.83	3374.39
2778.7	3372.79
2779.57	3387.49
2780.44	3393.23
2781.31	3399.32
2782.18	3405.09
2783.05	3408.99
2783.92	3408.83
2784.79	3404
2785.66	3391.47
2786.53	3380.15
2787.4	3368.21
2788.27	3361.52
2789.14	3355.33
2790.01	3351.63
2790.88	3349.86
2791.75	3350.09
2792.62	3352.07
2793.48	3354.58
2794.35	3353.82
2795.22	3352.18
2796.09	3347.89
2796.96	3346.09
2797.82	3342.73
2798.69	3340.52
2799.56	3339.49
2800.43	3328.26
2801.29	3317.32
2802.16	3310.22
2803.03	3305.92
2803.9	3302.51
2804.76	3299.57
2805.63	3297.27
2806.5	3296.31
2807.36	3296.32
2808.23	3296.02
2809.09	3294.81
2809.96	3292.64
2810.83	3289.37
2811.69	3285.05
2812.56	3280.67
2813.42	3275.86
2814.29	3270.41
2815.15	3264.5
2816.02	3258.32
2816.88	3252.77
2817.75	3248.49
2818.61	3244.8
2819.48	3241.89
2820.34	3246.86
2821.21	3244.74
2822.07	3243.99
2822.94	3239.15
2823.8	3230.1
2824.66	3227.55
2825.53	3229.29
2826.39	3230.69
2827.26	3231.33
2828.12	3231.14
2828.98	3230.23
2829.85	3228.69
2830.71	3226.86
2831.57	3224.39
2832.43	3221.72
2833.3	3215.15
2834.16	3196.29
2835.02	3184.73
2835.88	3182.43
2836.75	3186.54
2837.61	3192.84
2838.47	3195.76
2839.33	3187.81
2840.19	3180.77
2841.06	3176.48
2841.92	3173.23
2842.78	3168.17
2843.64	3163.29
2844.5	3158.32
2845.36	3153.15
2846.22	3147.81
2847.08	3142.5
2847.94	3137.03
2848.81	3136.97
2849.67	3142.86
2850.53	3149.9
2851.39	3155.97
2852.25	3159.84
2853.11	3153.57
2853.97	3143.67
2854.82	3131.55
2855.68	3117.61
2856.54	3101.2
2857.4	3093.77
2858.26	3097.29
2859.12	3105.06
2859.98	3113.34
2860.84	3119.37
2861.7	3118.65
2862.56	3117.69
2863.41	3115.08
2864.27	3108.92
2865.13	3101.43
2865.99	3093.87
2866.85	3086.07
2867.7	3082.34
2868.56	3079
2869.42	3077.88
2870.28	3077
2871.13	3076.74
2871.99	3076.24
2872.85	3074.92
2873.7	3073.19
2874.56	3071.15
2875.42	3068.13
2876.27	3064.66
2877.13	3060.69
2877.99	3056.36
2878.84	3051.65
2879.7	3046.78
2880.56	3040.78
2881.41	3034.89
2882.27	3028.79
2883.12	3023.97
2883.98	3024.79
2884.83	3025.51
2885.69	3028.09
2886.54	3032.7
2887.4	3039.21
2888.25	3040.99
2889.11	3038.83
2889.96	3031.61
2890.82	3023.51
2891.67	3010.79
2892.52	3000.69
2893.38	2990.25
2894.23	2984.11
2895.09	2984.29
2895.94	2984.17
2896.79	2981.32
2897.65	2979.3
2898.5	2977.52
2899.35	2976.32
2900.21	2975.34
2901.06	2974.58
2901.91	2973.38
2902.76	2967.45
2903.62	2963.09
2904.47	2960.38
2905.32	2959.69
2906.17	2960.85
2907.03	2961.86
2907.88	2964.7
2908.73	2963.77
2909.58	2949.97
2910.43	2938.53
2911.28	2924.63
2912.14	2921.89
2912.99	2924.28
2913.84	2930.56
2914.69	2929.78
2915.54	2928.54
2916.39	2926.06
2917.24	2922.89
2918.09	2919.64
2918.94	2915.94
2919.79	2911.87
2920.64	2907.76
2921.49	2903.19
2922.34	2898.7
2923.19	2894.22
2924.04	2888.95
2924.89	2882.11
2925.74	2871.96
2926.59	2864.98
2927.44	2859.87
2928.29	2855.94
2929.14	2854.9
2929.98	2854.93
2930.83	2856.44
2931.68	2858.55
2932.53	2861.46
2933.38	2863.52
2934.23	2864.51
2935.07	2864
2935.92	2862
2936.77	2858.96
2937.62	2854.77
2938.47	2849.29
2939.31	2842.66
2940.16	2835.06
2941.01	2826.83
2941.85	2818.99
2942.7	2810.8
2943.55	2804.21
2944.39	2808.37
2945.24	2813.47
2946.09	2813.7
2946.93	2817.15
2947.78	2818.88
2948.63	2807.21
2949.47	2794.61
2950.32	2781.97
2951.16	2772.65
2952.01	2766.56
2952.85	2763.04
2953.7	2761.4
2954.55	2758.82
2955.39	2756.7
2956.24	2754.17
2957.08	2751.72
2957.92	2749.22
2958.77	2746.77
2959.61	2744.13
2960.46	2741.78
2961.3	2740.54
2962.15	2739.74
2962.99	2739.71
2963.83	2735.94
2964.68	2733.44
2965.52	2733.07
2966.37	2735.76
2967.21	2740.3
2968.05	2733.59
2968.9	2724.63
2969.74	2716.33
2970.58	2706.53
2971.42	2701.89
2972.27	2700.18
2973.11	2701.2
2973.95	2704.89
2974.79	2709.69
2975.64	2712.57
2976.48	2713.05
2977.32	2711.29
2978.16	2705.29
2979	2698.76
2979.85	2693.2
2980.69	2687.19
2981.53	2682.19
2982.37	2679.28
2983.21	2677.35
2984.05	2676.82
2984.89	2677.34
2985.73	2679.94
2986.57	2683.31
2987.41	2686.33
2988.25	2687.98
2989.1	2682.15
2989.94	2677.95
2990.77	2672.34
2991.62	2665.93
2992.45	2658.47
2993.29	2655.09
2994.13	2648.39
2994.97	2648.46
2995.81	2652.22
2996.65	2655.06
2997.49	2668.84
2998.33	2669.55
2999.17	2619.18
