200.833	13949.7
202.102	13977.6
203.371	14003.9
204.639	13983.3
205.907	14010.8
207.175	14026.6
208.442	14048.6
209.71	14071.3
210.977	14070
212.244	14075.7
213.511	14083.5
214.777	14089.5
216.042	14104.1
217.309	14121.6
218.575	14154.7
219.84	14195.4
221.106	14239.7
222.371	14262
223.635	14280.4
224.9	14300.4
226.165	14321.4
227.429	14343.8
228.694	14367.8
229.956	14393
231.22	14419.5
232.484	14446.8
233.747	14474.9
235.011	14503.1
236.272	14531.3
237.535	14559.7
238.798	14584.8
240.06	14608.9
241.321	14627.2
242.583	14648.7
243.845	14670.6
245.105	14699.8
246.367	14744.6
247.628	14767.4
248.888	14789.2
250.149	14796.4
251.409	14796.1
252.67	14793.3
253.928	14782.8
255.189	14788.9
256.447	14798.8
257.707	14823.8
258.966	14841.3
260.224	14853.5
261.483	14859.9
262.742	14859.2
263.999	14865.5
265.257	14867.9
266.514	14881.5
267.772	14903.7
269.028	14926.7
270.286	14950
271.543	14970.4
272.799	14989.8
274.056	15007.1
275.311	15020
276.568	15031.1
277.823	15041.9
279.079	15053.1
280.333	15085.3
281.589	15126.2
282.843	15167
284.099	15187.3
285.352	15204.9
286.607	15212.1
287.86	15221.5
289.114	15229.1
290.368	15239.5
291.621	15248.3
292.875	15258.6
294.127	15275.8
295.38	15296.1
296.632	15319.2
297.884	15344.2
299.137	15368.8
300.388	15387.9
301.641	15404.6
302.891	15411.5
304.142	15420.2
305.394	15433.7
306.644	15451.6
307.894	15465
309.146	15472.9
310.395	15474.8
311.645	15474.4
312.895	15469.5
314.144	15459.7
315.393	15454.8
316.642	15459.7
317.892	15468.6
319.14	15481.7
320.388	15499.2
321.637	15520.6
322.885	15546.3
324.132	15575.9
325.38	15605.7
326.628	15636.8
327.875	15641.3
329.122	15639.9
330.368	15640.2
331.614	15636.8
332.862	15646.1
334.108	15652.6
335.353	15678.5
336.599	15704.7
337.844	15718.6
339.089	15732.2
340.335	15738.2
341.58	15744.7
342.824	15750.3
344.068	15756.1
345.312	15760.9
346.556	15773.8
347.8	15793.2
349.043	15819.8
350.286	15843.8
351.53	15861.2
352.774	15870.6
354.016	15851
355.259	15856.6
356.501	15865.1
357.743	15875.9
358.985	15890.4
360.227	15908
361.468	15924.6
362.709	15932.7
363.95	15916.7
365.191	15901.4
366.432	15881.8
367.672	15866.7
368.912	15878.6
370.152	15900.6
371.392	15928.8
372.632	15948.8
373.871	15962.1
375.11	15967.9
376.348	15969.6
377.587	15963.6
378.825	15957.9
380.064	15955.3
381.302	15956.4
382.54	15960.6
383.778	15967.9
385.016	15978.9
386.253	15993.4
387.489	16011.7
388.726	16033.7
389.963	16059.1
391.199	16087.1
392.436	16115.9
393.672	16145.8
394.907	16157.9
396.142	16153
397.378	16138.5
398.614	16132.1
399.849	16125
401.082	16124.2
402.317	16130.6
403.552	16143.6
404.786	16163.3
406.019	16189.1
407.253	16227.6
408.487	16266
409.721	16286.6
410.953	16282.1
412.186	16290.1
413.419	16292.5
414.651	16291.9
415.883	16288.7
417.116	16282.5
418.347	16290
419.579	16298.6
420.811	16305.7
422.041	16315.6
423.272	16319.7
424.504	16323.1
425.733	16326.2
426.964	16330.6
428.194	16334.4
429.424	16338.1
430.654	16342.3
431.883	16346.9
433.113	16352.5
434.341	16359.2
435.571	16369.1
436.799	16380.2
438.028	16397.4
439.257	16415.2
440.484	16433
441.713	16443.7
442.94	16437.1
444.168	16431.9
445.394	16434.4
446.622	16442
447.848	16449.3
449.076	16473
450.301	16498
451.528	16515
452.754	16527.2
453.979	16535
455.205	16537.8
456.43	16534
457.656	16525.3
458.88	16507.2
460.106	16487.7
461.33	16490.3
462.554	16506.7
463.779	16516.9
465.002	16537.1
466.225	16551.1
467.45	16553.6
468.672	16558.7
469.895	16546.5
471.119	16530.9
472.341	16514.9
473.563	16505.1
474.786	16504.4
476.008	16510.2
477.229	16519.9
478.452	16525.7
479.673	16528.7
480.894	16529.4
482.115	16529.1
483.337	16526
484.557	16521.3
485.777	16515.2
486.997	16508.4
488.218	16506.1
489.438	16508.8
490.657	16500.7
491.876	16493.9
493.096	16486.3
494.315	16469.5
495.533	16438
496.752	16438.1
497.97	16451.9
499.188	16477.8
500.407	16504.3
501.625	16524.3
502.842	16526.8
504.059	16533.9
505.276	16536.6
506.493	16537.6
507.71	16530.2
508.926	16561.6
510.142	16599.2
511.358	16601.6
512.575	16592
513.791	16570.9
515.006	16548.9
516.222	16544.3
517.437	16562
518.651	16580.1
519.866	16598.1
521.081	16614.7
522.295	16630.1
523.509	16642.5
524.723	16654.2
525.937	16663.9
527.15	16671.8
528.363	16677.1
529.576	16679.4
530.789	16678.1
532.002	16672.1
533.215	16671.5
534.426	16686.9
535.638	16699.9
536.85	16715.3
538.061	16729.2
539.273	16741.7
540.484	16749.4
541.695	16738.1
542.906	16721.1
544.117	16717.3
545.327	16726.7
546.537	16752.5
547.747	16801.9
548.957	16786.4
550.167	16776
551.377	16769
552.585	16764.1
553.794	16760.4
555.003	16758.2
556.212	16757.5
557.421	16758.3
558.628	16762
559.836	16764.4
561.044	16748.9
562.252	16736.5
563.458	16734.1
564.666	16730.7
565.873	16730.4
567.08	16733.3
568.286	16738.4
569.493	16744.8
570.699	16751.8
571.904	16745.6
573.111	16752.7
574.317	16763.5
575.521	16774.8
576.727	16784.6
577.932	16789.8
579.136	16794.2
580.341	16797.2
581.544	16798.3
582.749	16798
583.954	16795.8
585.156	16794.7
586.361	16811.1
587.563	16850.7
588.767	16885
589.97	16887.2
591.172	16890.4
592.375	16890.8
593.577	16862.6
594.78	16834.8
595.981	16810.6
597.183	16788.2
598.384	16781.6
599.586	16775.9
600.786	16777.1
601.988	16778.3
603.188	16779.2
604.389	16779.4
605.589	16777
606.79	16773.8
607.989	16769.6
609.188	16763.8
610.389	16756.7
611.587	16748.8
612.787	16740.4
613.986	16733.2
615.184	16725.8
616.383	16716
617.581	16706.2
618.78	16696.5
619.977	16687.6
621.174	16686.7
622.373	16679.8
623.57	16671.6
624.766	16662.3
625.964	16651.9
627.16	16639.1
628.356	16624.7
629.554	16609.7
630.749	16596.7
631.945	16586.4
633.14	16577.8
634.337	16571.3
635.532	16565.6
636.726	16562.2
637.921	16561.3
639.117	16567.2
640.311	16584.5
641.505	16600.2
642.699	16602.5
643.892	16600.9
645.087	16570.2
646.28	16505
647.473	16488.3
648.666	16498.3
649.859	16586.4
651.051	16612.8
652.245	16631.2
653.437	16546
654.629	16555.4
655.821	16573.4
657.012	16604.3
658.204	16632.1
659.395	16626.1
660.586	16633.2
661.777	16639.2
662.967	16643
664.158	16643.9
665.349	16641
666.539	16632.5
667.729	16621.3
668.919	16617.9
670.109	16619.7
671.298	16626.5
672.487	16637.9
673.676	16652.2
674.865	16666.9
676.053	16668.7
677.242	16661.3
678.43	16652
679.616	16647.3
680.804	16642.9
681.992	16636.1
683.179	16628.1
684.366	16619.1
685.554	16609.9
686.74	16600.5
687.927	16594.4
689.114	16598.7
690.3	16605
691.486	16614.5
692.671	16622.1
693.856	16628
695.042	16620.1
696.227	16601
697.413	16581.7
698.598	16568.5
699.781	16559.9
700.966	16556.2
702.15	16557.6
703.334	16559.1
704.518	16554.6
705.701	16543.3
706.885	16525.1
708.068	16503.2
709.252	16495.8
710.433	16498.1
711.616	16509.9
712.799	16516.1
713.98	16521.8
715.163	16523.7
716.345	16514.5
717.527	16504.6
718.707	16495
719.889	16487
721.071	16480.8
722.25	16476
723.432	16472.3
724.611	16470.5
725.792	16471.1
726.972	16474.7
728.151	16483.7
729.332	16498.5
730.512	16508.6
731.69	16512.6
732.87	16513.5
734.048	16512.5
735.227	16522.5
736.405	16534.3
737.584	16543.6
738.761	16539.3
739.94	16527.8
741.117	16526.1
742.295	16531.2
743.471	16547
744.649	16557.9
745.825	16571.3
747.003	16584.3
748.179	16584.5
749.356	16571.6
750.531	16547.1
751.708	16538.6
752.883	16543.3
754.059	16543.4
755.234	16540.4
756.409	16536.6
757.585	16533.7
758.759	16530.8
759.934	16529.2
761.108	16523.5
762.282	16537
763.456	16561.4
764.63	16566.8
765.803	16557.7
766.977	16527.5
768.15	16494.9
769.323	16502.7
770.496	16502.3
771.668	16495.8
772.841	16487.8
774.014	16473.8
775.185	16458.9
776.357	16435.5
777.528	16411.9
778.701	16391.8
779.872	16373
781.042	16366.7
782.213	16356.9
783.383	16348.8
784.555	16339.9
785.725	16326.6
786.895	16317.7
788.064	16313.2
789.234	16312.5
790.404	16312.1
791.573	16311
792.742	16307.3
793.911	16301.4
795.08	16292.4
796.248	16274.5
797.416	16259.3
798.584	16243.7
799.753	16227.1
800.921	16215.5
802.088	16234.4
803.256	16252.9
804.423	16261
805.59	16258.2
806.756	16245.4
807.923	16218.7
809.089	16203.9
810.256	16191.4
811.422	16177.4
812.587	16184.6
813.753	16196.9
814.918	16211.5
816.084	16225.4
817.249	16239.5
818.414	16253.8
819.578	16268.1
820.743	16284.4
821.907	16300.5
823.072	16316.2
824.236	16328.2
825.399	16318.3
826.562	16306.7
827.725	16290
828.889	16273.7
830.052	16257
831.215	16249.4
832.377	16254.3
833.54	16264.3
834.701	16278.4
835.863	16282.4
837.025	16283.1
838.187	16286.1
839.349	16289.6
840.51	16292.7
841.67	16294.3
842.831	16293.7
843.992	16290.9
845.153	16284.8
846.312	16277.1
847.473	16267.9
848.633	16258.2
849.793	16246.9
850.951	16235.9
852.111	16209.6
853.27	16185.1
854.428	16167.5
855.588	16159.3
856.747	16171.5
857.904	16171
859.063	16163.2
860.221	16151.7
861.378	16139.6
862.536	16122.9
863.694	16100.3
864.85	16077.5
866.008	16057.9
867.164	16052.8
868.321	16050.4
869.478	16049.3
870.633	16040.5
871.79	16016.8
872.945	15992.6
874.101	15974.6
875.256	15954.1
876.412	15938.8
877.566	15937.2
878.722	15933.3
879.876	15924.4
881.031	15912.7
882.185	15896.2
883.34	15867.7
884.493	15855.5
885.647	15850.5
886.8	15848.1
887.954	15846.5
889.107	15846.1
890.261	15845.9
891.413	15835
892.565	15825.3
893.718	15817.9
894.87	15813.1
896.023	15812.4
897.174	15820.4
898.326	15824.1
899.478	15827.4
900.629	15830.6
901.779	15834.3
902.931	15836.7
904.081	15836
905.231	15831.5
906.383	15823.2
907.532	15803.3
908.682	15793.8
909.831	15793.1
910.982	15818.2
912.131	15845.9
913.28	15842.1
914.429	15837.8
915.578	15835.2
916.727	15834.1
917.875	15835.1
919.023	15838.9
920.171	15853.1
921.32	15872.2
922.467	15878.8
923.614	15888.7
924.761	15878.3
925.908	15867.4
927.055	15859.8
928.203	15851.9
929.349	15840.3
930.496	15828.2
931.642	15815.5
932.787	15803.2
933.933	15792.4
935.079	15783.4
936.224	15780
937.369	15789.4
938.514	15796.3
939.659	15810.9
940.804	15803.6
941.948	15788.7
943.092	15762.4
944.236	15733.8
945.38	15710
946.524	15702.4
947.667	15703.1
948.811	15692.8
949.954	15682.5
951.097	15671.6
952.24	15660.4
953.383	15645.4
954.525	15633.2
955.667	15630.1
956.81	15631
957.952	15635.3
959.093	15640.4
960.235	15643.5
961.376	15642.1
962.516	15635.3
963.658	15625.6
964.798	15614.5
965.939	15603.3
967.08	15591.8
968.22	15582
969.359	15573.1
970.499	15563.3
971.639	15552.7
972.779	15538.3
973.918	15524.9
975.056	15520.8
976.195	15522.4
977.334	15529
978.473	15540.7
979.61	15556.5
980.749	15574.3
981.887	15589.6
983.024	15581
984.162	15567.8
985.3	15554.8
986.437	15529.2
987.573	15507.8
988.711	15501.2
989.848	15507.7
990.983	15516.9
992.12	15523.6
993.255	15528.3
994.392	15536.6
995.528	15541.9
996.662	15548.9
997.798	15553.8
998.933	15554.3
1000.07	15544.3
1001.2	15511
1002.34	15489.4
1003.47	15525.3
1004.61	15523.7
1005.74	15515.6
1006.87	15509.4
1008.01	15502.3
1009.14	15498.1
1010.27	15492.6
1011.41	15488.4
1012.54	15484.5
1013.67	15481.7
1014.81	15480.5
1015.94	15482.5
1017.07	15502.7
1018.2	15512.6
1019.33	15502.2
1020.47	15484.6
1021.6	15470.4
1022.73	15459.6
1023.86	15449.4
1024.99	15437.7
1026.12	15426.1
1027.25	15414.5
1028.38	15403.9
1029.51	15395.1
1030.64	15391.9
1031.77	15396.1
1032.9	15402.5
1034.03	15400.4
1035.16	15395.1
1036.29	15383.3
1037.42	15365.3
1038.55	15347
1039.67	15330.7
1040.8	15313.8
1041.93	15297.5
1043.06	15281.6
1044.19	15266.1
1045.31	15251
1046.44	15236.6
1047.57	15222.9
1048.69	15212.6
1049.82	15199.3
1050.95	15185.1
1052.08	15180.5
1053.2	15183
1054.33	15206.4
1055.45	15231.8
1056.58	15172.3
1057.7	15145.9
1058.83	15123.1
1059.95	15109.2
1061.08	15102.2
1062.2	15095.3
1063.33	15095.8
1064.45	15088
1065.58	15084.9
1066.7	15069.3
1067.83	15060.9
1068.95	15052.1
1070.07	15051.9
1071.2	15055.6
1072.32	15055.2
1073.44	15054.8
1074.56	15054.9
1075.69	15055.6
1076.81	15056.9
1077.93	15059.2
1079.05	15063.1
1080.17	15069.1
1081.3	15077.7
1082.42	15089.1
1083.54	15102.5
1084.66	15118.4
1085.78	15117.8
1086.9	15118.2
1088.02	15117.9
1089.14	15114.2
1090.26	15114.9
1091.38	15113.4
1092.5	15111.5
1093.62	15108.2
1094.74	15102.1
1095.86	15092.7
1096.98	15081.5
1098.1	15075.8
1099.22	15072.7
1100.34	15068.5
1101.45	15058
1102.57	15042.3
1103.69	15031.5
1104.81	15022.8
1105.93	15017
1107.04	15013.4
1108.16	15012.2
1109.28	15013.2
1110.4	15016
1111.51	15020.1
1112.63	15017.3
1113.75	15009.6
1114.86	14997.8
1115.98	14975.9
1117.09	14959.2
1118.21	14948
1119.32	14934.4
1120.44	14925
1121.55	14905.1
1122.67	14879.8
1123.78	14856.5
1124.9	14834.9
1126.01	14814.5
1127.13	14795.5
1128.24	14776.9
1129.35	14760.9
1130.47	14751.4
1131.58	14747.8
1132.7	14752.5
1133.81	14759.9
1134.92	14701.3
1136.03	14673.6
1137.15	14666.6
1138.26	14669.5
1139.37	14669.3
1140.48	14672
1141.59	14632.9
1142.71	14599.2
1143.82	14575.6
1144.93	14558.6
1146.04	14547.1
1147.15	14541
1148.26	14548.1
1149.37	14542.5
1150.48	14531.8
1151.59	14511
1152.7	14498.7
1153.81	14491.3
1154.92	14494.3
1156.03	14500.4
1157.14	14501.4
1158.25	14498.1
1159.36	14490.7
1160.47	14478.4
1161.58	14450.9
1162.68	14419.5
1163.79	14404.1
1164.9	14402.2
1166.01	14415.5
1167.12	14447.6
1168.22	14474.9
1169.33	14488.1
1170.44	14460
1171.55	14461.3
1172.65	14459.7
1173.76	14451.8
1174.87	14468.4
1175.97	14483
1177.08	14494.8
1178.18	14503.9
1179.29	14505.7
1180.4	14504.9
1181.5	14498
1182.61	14486.8
1183.71	14471.4
1184.82	14453.6
1185.92	14439.4
1187.02	14433
1188.13	14433.6
1189.23	14437.4
1190.34	14444.4
1191.44	14451.8
1192.54	14458.4
1193.65	14463
1194.75	14462.5
1195.85	14461.8
1196.96	14458
1198.06	14452.2
1199.16	14445
1200.26	14437.5
1201.37	14432
1202.47	14429
1203.57	14430.7
1204.67	14436.7
1205.77	14443.4
1206.87	14446.2
1207.97	14446.1
1209.08	14442.1
1210.18	14435.5
1211.28	14427.2
1212.38	14416.7
1213.48	14405.5
1214.58	14392.2
1215.68	14377.8
1216.78	14362
1217.88	14345.8
1218.98	14330.8
1220.07	14318.8
1221.17	14324.2
1222.27	14342.3
1223.37	14347
1224.47	14317
1225.57	14303.1
1226.66	14288.6
1227.76	14273.3
1228.86	14264.8
1229.96	14262.7
1231.06	14261.5
1232.15	14259.9
1233.25	14258.1
1234.35	14255.2
1235.44	14247.3
1236.54	14238.2
1237.63	14228.2
1238.73	14217
1239.83	14204.9
1240.92	14192.6
1242.02	14181.1
1243.11	14173.4
1244.21	14161.1
1245.3	14148.5
1246.4	14135.4
1247.49	14120.5
1248.59	14105.3
1249.68	14096
1250.78	14092.8
1251.87	14095.8
1252.96	14103.5
1254.06	14113.2
1255.15	14122.8
1256.24	14132.5
1257.34	14122
1258.43	14106.6
1259.52	14075.7
1260.62	14049.9
1261.71	14029
1262.8	14013.3
1263.89	14007.9
1264.98	14008.4
1266.08	14013.2
1267.17	14025.1
1268.26	14042.7
1269.35	14063.2
1270.44	14082.5
1271.53	14090.8
1272.62	14094.8
1273.71	14091.2
1274.8	14079.1
1275.89	14066.4
1276.98	14052
1278.07	14043.6
1279.16	14036.2
1280.25	14029
1281.34	14023
1282.43	14018.3
1283.52	14016.4
1284.61	14017.3
1285.69	14022.8
1286.78	14035
1287.87	14046
1288.96	14046.6
1290.05	14057.4
1291.13	14044
1292.22	14031.2
1293.31	14027.7
1294.4	14030.4
1295.48	14037.6
1296.57	14047.4
1297.66	14057
1298.74	14066.3
1299.83	14066.4
1300.92	14065.4
1302	14058.1
1303.09	14052
1304.17	14046.8
1305.26	14041.5
1306.34	14035.7
1307.43	14029.6
1308.51	14023.1
1309.6	14016
1310.68	14007.4
1311.76	13997.5
1312.85	13986.6
1313.93	13978.9
1315.02	13981.9
1316.1	13986.5
1317.18	13991.1
1318.27	13994.1
1319.35	13993.7
1320.43	13984.6
1321.52	13972.7
1322.6	13961.7
1323.68	13949.2
1324.76	13941.1
1325.85	13939
1326.93	13940.3
1328.01	13940.4
1329.09	13934.1
1330.17	13918.6
1331.25	13903.7
1332.33	13889.3
1333.41	13876.2
1334.49	13863.7
1335.58	13854.6
1336.65	13852.2
1337.74	13851.6
1338.82	13845.4
1339.89	13839.9
1340.97	13830.6
1342.05	13817.7
1343.13	13800.9
1344.21	13790.4
1345.29	13776.6
1346.37	13764.9
1347.45	13758.5
1348.53	13754.7
1349.6	13750.5
1350.68	13750.2
1351.76	13745.4
1352.84	13736.1
1353.92	13725.4
1354.99	13721.2
1356.07	13723.3
1357.15	13729.8
1358.22	13737.4
1359.3	13746.3
1360.38	13752.8
1361.45	13758.7
1362.53	13765.3
1363.61	13775.1
1364.68	13783
1365.76	13784.2
1366.83	13783.6
1367.91	13777.5
1368.98	13769
1370.06	13760.1
1371.13	13752.1
1372.21	13747
1373.28	13743.4
1374.35	13741
1375.43	13740.2
1376.5	13740.4
1377.58	13743.6
1378.65	13763.1
1379.72	13714.8
1380.8	13688
1381.87	13672.7
1382.94	13661.5
1384.01	13654
1385.09	13649.6
1386.16	13648.5
1387.23	13639.8
1388.3	13632.9
1389.38	13634.1
1390.45	13640.2
1391.52	13651.8
1392.59	13649.9
1393.66	13634.6
1393.92	13629.5
1395	13622.6
1396.07	13606.5
1397.15	13590.2
1398.22	13576
1399.3	13565.3
1400.38	13571.9
1401.45	13573.8
1402.53	13586.7
1403.6	13588
1404.68	13589.8
1405.75	13587.9
1406.82	13580.2
1407.9	13572
1408.97	13565.8
1410.05	13560.2
1411.12	13555.5
1412.19	13551.1
1413.27	13547.2
1414.34	13543.7
1415.41	13540.1
1416.49	13536.5
1417.56	13531.7
1418.63	13527.1
1419.7	13526.9
1420.78	13529.1
1421.85	13533
1422.92	13526
1423.99	13513.8
1425.06	13499.6
1426.14	13484.4
1427.21	13470.5
1428.28	13456.1
1429.35	13449.5
1430.42	13449.1
1431.49	13453.3
1432.56	13457
1433.63	13459
1434.7	13458.5
1435.77	13435.9
1436.84	13422.7
1437.91	13409.6
1438.98	13396
1440.05	13381.4
1441.12	13373
1442.18	13368.9
1443.25	13368.1
1444.32	13370
1445.39	13373.4
1446.46	13383.3
1447.53	13372.6
1448.59	13361.3
1449.66	13348.8
1450.73	13336
1451.8	13337.5
1452.86	13330.9
1453.93	13323.6
1455	13315.3
1456.06	13306
1457.13	13297.9
1458.2	13302.4
1459.26	13307.2
1460.33	13314.6
1461.39	13324.7
1462.46	13337.8
1463.52	13334.7
1464.59	13323.7
1465.65	13311
1466.72	13289.2
1467.78	13269.2
1468.85	13263.1
1469.91	13268.4
1470.98	13275.3
1472.04	13282.7
1473.1	13301.4
1474.17	13310.7
1475.23	13306.6
1476.3	13290.2
1477.36	13274.3
1478.42	13263
1479.48	13255.5
1480.55	13252.1
1481.61	13252.3
1482.67	13255.8
1483.73	13263.8
1484.8	13256.5
1485.86	13246.3
1486.92	13235.9
1487.98	13226.5
1489.04	13216.4
1490.1	13222
1491.17	13227.7
1492.23	13224.5
1493.29	13214.8
1494.35	13201.7
1495.41	13187.6
1496.47	13176.1
1497.53	13163.1
1498.59	13150.8
1499.65	13138.8
1500.71	13127.7
1501.77	13118
1502.83	13109.9
1503.88	13106.3
1504.94	13105
1506	13107.9
1507.06	13118.8
1508.12	13130.2
1509.18	13138.9
1510.23	13131.8
1511.29	13121.3
1512.35	13103.7
1513.41	13089.2
1514.47	13071.5
1515.52	13053.1
1516.58	13036.8
1517.64	13026.5
1518.69	13021.8
1519.75	13029.8
1520.81	13010.8
1521.86	12986.3
1522.92	12971.8
1523.97	12982.5
1525.03	13006.4
1526.08	13008.5
1527.14	13002.6
1528.2	12992.8
1529.25	12973.5
1530.31	12951.5
1531.36	12932.8
1532.42	12917.3
1533.47	12904.7
1534.52	12894.6
1535.58	12886.5
1536.63	12881.3
1537.69	12878.5
1538.74	12878.8
1539.79	12882.3
1540.84	12887.4
1541.9	12893
1542.95	12896.4
1544	12899.2
1545.06	12901.3
1546.11	12902.5
1547.16	12901.7
1548.21	12894.5
1549.27	12873.1
1550.32	12861.1
1551.37	12846.3
1552.42	12825.9
1553.47	12819.8
1554.52	12826.3
1555.57	12831.9
1556.62	12852.4
1557.67	12842.3
1558.72	12823.6
1559.77	12828.2
1560.82	12840.4
1561.87	12851.3
1562.92	12866.8
1563.97	12828.1
1565.02	12809.5
1566.07	12803.4
1567.12	12799.9
1568.17	12797.5
1569.22	12798.2
1570.27	12803.7
1571.32	12791.1
1572.36	12781.7
1573.41	12773.2
1574.46	12765.9
1575.51	12762.5
1576.56	12775.1
1577.6	12786.9
1578.65	12793.3
1579.7	12794.9
1580.74	12791.9
1581.79	12775
1582.84	12756.5
1583.88	12739.4
1584.93	12726.9
1585.98	12722
1587.02	12722.9
1588.07	12744.3
1589.11	12767.6
1590.16	12764.9
1591.2	12729.7
1592.25	12674.3
1593.29	12672.7
1594.34	12678.3
1595.38	12683.4
1596.43	12684.4
1597.47	12679.1
1598.52	12669.8
1599.56	12656.3
1600.6	12640.6
1601.65	12620.1
1602.69	12596.5
1603.73	12570.1
1604.78	12544.9
1605.82	12533.9
1606.86	12531.7
1607.91	12546.9
1608.95	12565.5
1609.99	12575.5
1611.03	12580.9
1612.08	12571.4
1613.12	12555.3
1614.16	12540.4
1615.2	12524.6
1616.24	12508.3
1617.28	12491
1618.32	12487.9
1619.36	12484.3
1620.41	12479.8
1621.45	12471.6
1622.49	12458.8
1623.53	12443.7
1624.57	12426.6
1625.61	12406.6
1626.65	12384.3
1627.69	12358.2
1628.73	12335.7
1629.76	12333.8
1630.8	12340.5
1631.84	12365.6
1632.88	12342.4
1633.92	12316.7
1634.96	12293.5
1636	12273.2
1637.03	12254.9
1638.07	12245.3
1639.11	12253.5
1640.15	12262.6
1641.19	12270.2
1642.22	12273.7
1643.26	12265.4
1644.3	12252.7
1645.33	12241
1646.37	12233.7
1647.41	12229.2
1648.44	12228.1
1649.48	12230
1650.52	12229.3
1651.55	12227.8
1652.59	12186.4
1653.62	12167
1654.66	12163.5
1655.69	12193.8
1656.73	12194.9
1657.76	12183
1658.8	12167.3
1659.83	12151.9
1660.87	12136.9
1661.9	12124.6
1662.93	12115.5
1663.97	12110.6
1665	12109.2
1666.04	12112
1667.07	12105.8
1668.1	12093.1
1669.14	12091.2
1670.17	12101
1671.2	12108.9
1672.23	12120.3
1673.27	12123.3
1674.3	12120.7
1675.33	12112.3
1676.36	12099.1
1677.39	12081.6
1678.43	12060.7
1679.46	12044.1
1680.49	12043.3
1681.52	12043.5
1682.55	12051.9
1683.58	12062.2
1684.61	12060.6
1685.64	12049.2
1686.67	12026.1
1687.7	11995.4
1688.73	11958.9
1689.76	11972.1
1690.79	12065.4
1691.82	12036
1692.85	12025.1
1693.88	12020.8
1694.91	12012
1695.94	12004.6
1696.97	11993.1
1698	11980.6
1699.02	11967.6
1700.05	11953.4
1701.08	11938.6
1702.11	11921.5
1703.14	11921.7
1704.16	11929.1
1705.19	11928.1
1706.22	11937.6
1707.25	11935
1708.27	11927.3
1709.3	11914.1
1710.33	11896.3
1711.35	11868.6
1712.38	11841.3
1713.41	11832
1714.43	11821.6
1715.46	11820.2
1716.48	11818.9
1717.51	11816.4
1718.53	11807.6
1719.56	11794.8
1720.58	11777.9
1721.61	11759.4
1722.63	11744.2
1723.66	11739.8
1724.68	11739.4
1725.71	11743.1
1726.73	11736
1727.75	11729.9
1728.78	11715.2
1729.8	11702.9
1730.83	11681.6
1731.85	11670.1
1732.87	11669.1
1733.89	11677.3
1734.92	11684.6
1735.94	11660.5
1736.96	11614
1737.98	11609.7
1739.01	11623.6
1740.03	11635.5
1741.05	11605.2
1742.07	11573.1
1743.09	11525.7
1744.12	11529.3
1745.14	11598.4
1746.16	11576.9
1747.18	11575.8
1748.2	11570.1
1749.22	11562.6
1750.24	11551.2
1751.26	11538
1752.28	11524.1
1753.3	11512.6
1754.32	11503.2
1755.34	11496.9
1756.36	11493
1757.38	11491.8
1758.4	11492.7
1759.42	11496.8
1760.44	11495.2
1761.45	11483.3
1762.47	11475.3
1763.49	11461.1
1764.51	11452
1765.53	11446.5
1766.55	11443.1
1767.56	11439.8
1768.58	11439.5
1769.6	11432
1770.61	11409.5
1771.63	11399.1
1772.65	11397.8
1773.67	11406.6
1774.68	11415.9
1775.7	11397.1
1776.72	11391.3
1777.73	11381.9
1778.75	11370.2
1779.76	11357.3
1780.78	11344.7
1781.79	11333.3
1782.81	11322.5
1783.83	11313.6
1784.84	11306.3
1785.85	11299.6
1786.87	11294
1787.88	11274
1788.9	11263.5
1789.91	11261.9
1790.93	11270.4
1791.94	11270.8
1792.95	11269.4
1793.97	11228.6
1794.98	11220.5
1796	11217.5
1797.01	11215.5
1798.02	11218.8
1799.03	11219.9
1800.05	11219.1
1801.06	11216.8
1802.07	11212.3
1803.08	11208.5
1804.1	11203.5
1805.11	11198.3
1806.12	11189.5
1807.13	11168
1808.14	11148.9
1809.15	11131.2
1810.17	11114.9
1811.18	11100.2
1812.19	11086.9
1813.2	11075.6
1814.21	11066
1815.22	11057.8
1816.23	11050.7
1817.24	11044
1818.25	11031
1819.26	11020.3
1820.27	11009.4
1821.28	10999
1822.29	10988.5
1823.3	10978.6
1824.3	10969.1
1825.31	10960.8
1826.32	10952.8
1827.33	10945
1828.34	10933.9
1829.35	10923.5
1830.35	10914.3
1831.36	10906.1
1832.37	10899.5
1833.38	10893.9
1834.38	10889.6
1835.39	10886.2
1836.4	10883.7
1837.41	10880.1
1838.41	10873.6
1839.42	10861
1840.43	10846.3
1841.43	10834.4
1842.44	10824.4
1843.44	10816.6
1844.45	10810.6
1845.46	10804.7
1846.46	10798.3
1847.47	10790.6
1848.47	10781.2
1849.48	10770.4
1850.48	10759.6
1851.49	10748.8
1852.49	10739.4
1853.49	10732.2
1854.5	10726.5
1855.5	10721.5
1856.51	10717.3
1857.51	10713.2
1858.51	10709
1859.52	10705.5
1860.52	10700.6
1861.52	10692.8
1862.53	10673.6
1863.53	10653.9
1864.53	10639.6
1865.54	10625.5
1866.54	10614.9
1867.54	10611.7
1868.54	10610.1
1869.54	10609.4
1870.55	10609.9
1871.55	10607.6
1872.55	10602.5
1873.55	10592.7
1874.55	10585.3
1875.55	10580.2
1876.55	10578.3
1877.55	10586.6
1878.55	10585.2
1879.55	10576.9
1880.56	10562.4
1881.55	10541.4
1882.56	10524.4
1883.55	10509.9
1884.55	10483.2
1885.55	10472.3
1886.55	10480
1887.55	10485
1888.55	10493.2
1889.55	10499.7
1890.55	10498.4
1891.55	10493.2
1892.55	10483.8
1893.54	10471.7
1894.54	10453.3
1895.54	10440.3
1896.54	10438.2
1897.54	10433.6
1898.53	10426.4
1899.53	10416.2
1900.53	10403.1
1901.52	10387.9
1902.52	10370.4
1903.52	10351.1
1904.51	10330.6
1905.51	10310.7
1906.51	10307.6
1907.5	10308.4
1908.5	10312.7
1909.49	10320.3
1910.49	10329.5
1911.49	10342.5
1912.48	10330.6
1913.48	10316.5
1914.47	10296.2
1915.46	10275.2
1916.46	10256.3
1917.45	10237.5
1918.45	10217.4
1919.44	10199
1920.44	10187
1921.43	10179.2
1922.43	10175.2
1923.42	10172
1924.41	10168.7
1925.41	10165
1926.4	10160.8
1927.39	10156.6
1928.38	10152.2
1929.38	10146.4
1930.37	10138.3
1931.36	10125
1932.35	10108.3
1933.35	10089.1
1934.34	10069.6
1935.33	10050.6
1936.32	10043.1
1937.31	10038.9
1938.3	10033.1
1939.29	10026.9
1940.29	10020
1941.28	10012
1942.27	10003.2
1943.26	9993.43
1944.25	9983.53
1945.24	9973.88
1946.23	9965.58
1947.22	9958.25
1948.21	9952.11
1949.2	9946.94
1950.19	9942.44
1951.18	9938.05
1952.17	9931.43
1953.16	9923
1954.14	9905.16
1955.13	9888.53
1956.12	9867.4
1957.11	9851.2
1958.1	9841.48
1959.09	9833.95
1960.07	9828.08
1961.06	9825.75
1962.05	9822.03
1963.04	9818.72
1964.02	9814.55
1965.01	9809.47
1966	9803.48
1966.99	9796.2
1967.97	9787.81
1968.96	9778.08
1969.95	9767.41
1970.93	9755.83
1971.92	9743.49
1972.9	9731.47
1973.89	9720.48
1974.88	9711.51
1975.86	9715.95
1976.85	9711.71
1977.83	9709.19
1978.82	9703.98
1979.8	9699.89
1980.79	9694.49
1981.77	9687.57
1982.76	9679.01
1983.74	9667.71
1984.72	9654.55
1985.71	9639.84
1986.69	9622.77
1987.67	9611.71
1988.66	9606.11
1989.64	9609.06
1990.62	9609.28
1991.61	9604.95
1992.59	9598.09
1993.57	9590.17
1994.56	9580.33
1995.54	9568.37
1996.52	9554.52
1997.5	9537.6
1998.49	9524.51
1999.47	9525.92
2000.45	9526.03
2001.43	9525.18
2002.41	9524.36
2003.39	9522.15
2004.38	9516.73
2005.36	9509.08
2006.34	9499.16
2007.32	9486.4
2008.3	9470.49
2009.28	9449.81
2010.26	9470.55
2011.24	9463.12
2012.22	9453.15
2013.2	9441.29
2014.18	9427.18
2015.16	9410.39
2016.14	9391.39
2017.12	9383.81
2018.1	9397.18
2019.07	9389.34
2020.05	9371.46
2021.03	9353.21
2022.01	9333.95
2022.99	9317.33
2023.97	9307.76
2024.95	9303.2
2025.92	9302.79
2026.9	9304.18
2027.88	9305.76
2028.86	9307.55
2029.83	9296.02
2030.81	9283.85
2031.79	9270.25
2032.76	9251.08
2033.74	9230.12
2034.72	9210.05
2035.69	9195.88
2036.67	9188.5
2037.65	9188.23
2038.62	9188.83
2039.6	9195.22
2040.57	9204.96
2041.55	9226.36
2042.52	9182.73
2043.5	9134.92
2044.47	9147.61
2045.45	9136.46
2046.42	9116.82
2047.4	9103.31
2048.37	9095.36
2049.35	9090.17
2050.32	9086.74
2051.29	9083.98
2052.27	9082.2
2053.24	9077.74
2054.21	9070.82
2055.19	9063.28
2056.16	9055.09
2057.13	9045.21
2058.11	9033.55
2059.08	9019.19
2060.05	9001.86
2061.02	8979.19
2062	8956.1
2062.97	8932.02
2063.94	8912.41
2064.91	8907.28
2065.89	8899.2
2066.86	8899.2
2067.83	8906.19
2068.8	8910.98
2069.77	8913.27
2070.74	8912.77
2071.71	8907.29
2072.68	8899.22
2073.65	8887.58
2074.62	8872.83
2075.59	8854.61
2076.56	8833.73
2077.53	8815.53
2078.5	8799.42
2079.47	8792.64
2080.44	8788.34
2081.41	8791.09
2082.38	8789.26
2083.35	8785.59
2084.32	8784.08
2085.29	8774.07
2086.26	8761.86
2087.23	8747.39
2088.19	8731.6
2089.16	8717.3
2090.13	8703.23
2091.1	8693.69
2092.07	8684.47
2093.03	8677.97
2094	8672.85
2094.97	8670.39
2095.94	8667.71
2096.9	8658.72
2097.87	8641.61
2098.84	8635.88
2099.8	8628.32
2100.77	8627.32
2101.74	8625.02
2102.7	8621.42
2103.67	8616.56
2104.63	8608.12
2105.6	8589.34
2106.56	8574.5
2107.53	8561.55
2108.49	8552.24
2109.46	8545.82
2110.42	8542.37
2111.39	8541.58
2112.35	8543.27
2113.32	8547.3
2114.28	8552.82
2115.25	8541.54
2116.21	8528.14
2117.17	8518.52
2118.14	8510.81
2119.1	8500.14
2120.07	8489.35
2121.03	8465.36
2121.99	8447.94
2122.96	8427.88
2123.92	8414.29
2124.88	8415.85
2125.84	8419.23
2126.81	8424.55
2127.77	8415.67
2128.73	8402.84
2129.69	8384.23
2130.65	8368.07
2131.62	8369.27
2132.58	8364.96
2133.54	8361.35
2134.5	8358.21
2135.46	8353.2
2136.42	8345.5
2137.38	8335.61
2138.34	8323.51
2139.3	8308.91
2140.26	8289.63
2141.22	8282.06
2142.18	8276.38
2143.14	8276.49
2144.1	8279.79
2145.06	8274.29
2146.02	8268.63
2146.98	8255.06
2147.94	8224.84
2148.9	8197.62
2149.86	8179.29
2150.82	8168.96
2151.78	8167.16
2152.74	8172.85
2153.69	8179.67
2154.65	8192.07
2155.61	8194.62
2156.57	8177.77
2157.53	8147.71
2158.48	8124.48
2159.44	8109.51
2160.4	8101.05
2161.36	8102.94
2162.31	8094.16
2163.27	8080.37
2164.23	8067.21
2165.18	8050.34
2166.14	8028.03
2167.1	8002.53
2168.05	7985.69
2169.01	7989.49
2169.96	7991.95
2170.92	7992.29
2171.88	7981.98
2172.83	7959.57
2173.79	7931.78
2174.74	7913.41
2175.7	7898.6
2176.65	7885.61
2177.6	7875.09
2178.56	7867.46
2179.51	7862.02
2180.47	7859.04
2181.42	7858.31
2182.38	7858.09
2183.33	7858.1
2184.28	7853.77
2185.24	7847.44
2186.19	7838.21
2187.14	7825.63
2188.1	7805.61
2189.05	7779.51
2190	7758.8
2190.96	7749.04
2191.91	7751.03
2192.86	7747.6
2193.81	7746.9
2194.76	7748.74
2195.72	7743.89
2196.67	7732.39
2197.62	7714.5
2198.57	7696.73
2199.52	7677.94
2200.47	7662.37
2201.43	7648.57
2202.38	7640.44
2203.33	7641.05
2204.28	7640.11
2205.23	7644.56
2206.18	7646.9
2207.13	7652.07
2208.08	7649.77
2209.03	7636.65
2209.98	7618.95
2210.93	7604.55
2211.88	7591.5
2212.83	7579.89
2213.78	7569.66
2214.73	7560.76
2215.67	7553.38
2216.62	7547.52
2217.57	7542.96
2218.52	7539.57
2219.47	7536.61
2220.42	7532.78
2221.37	7527.86
2222.31	7521.97
2223.26	7515.38
2224.21	7508.54
2225.16	7501.31
2226.1	7488.78
2227.05	7479.46
2228	7471.53
2228.94	7466.68
2229.89	7463.46
2230.84	7459.52
2231.78	7451.52
2232.73	7454.2
2233.68	7456.81
2234.62	7460.53
2235.57	7458.33
2236.51	7454.8
2237.46	7450.27
2238.41	7442.06
2239.35	7432.56
2240.3	7421.19
2241.24	7415.28
2242.19	7416.6
2243.13	7413.87
2244.07	7410.79
2245.02	7402.5
2245.96	7395.84
2246.91	7388.36
2247.85	7377.57
2248.8	7370.59
2249.74	7371.54
2250.68	7373.35
2251.63	7373.03
2252.57	7373
2253.51	7373.93
2254.46	7376
2255.4	7363.71
2256.34	7341.32
2257.28	7325.49
2258.23	7318.29
2259.17	7327.2
2260.11	7331.56
2261.05	7329.91
2262	7327.41
2262.94	7328.52
2263.88	7330.13
2264.82	7329.94
2265.76	7327.48
2266.7	7324.72
2267.64	7319.06
2268.58	7309.05
2269.53	7309.03
2270.47	7318.93
2271.41	7309.97
2272.35	7300
2273.29	7289.46
2274.23	7279.82
2275.17	7272.43
2276.11	7269.65
2277.05	7267.91
2277.99	7271.02
2278.93	7277.34
2279.86	7280.76
2280.8	7277.47
2281.74	7274.73
2282.68	7266.67
2283.62	7257.61
2284.56	7250.76
2285.5	7246.85
2286.44	7242.14
2287.37	7236.7
2288.31	7231.21
2289.25	7225.97
2290.19	7221.02
2291.12	7216.84
2292.06	7213.6
2293	7214.53
2293.94	7218.45
2294.87	7223.17
2295.81	7225.59
2296.75	7225.61
2297.68	7224.13
2298.62	7220.72
2299.55	7213.98
2300.49	7205.01
2301.43	7194.46
2302.36	7183.4
2303.3	7172.22
2304.23	7158.98
2305.17	7147.85
2306.1	7138.79
2307.04	7132.76
2307.98	7127.77
2308.91	7121.75
2309.84	7116.01
2310.78	7111.57
2311.71	7108.5
2312.65	7106.81
2313.58	7106.7
2314.52	7108.19
2315.45	7106.52
2316.38	7099.46
2317.32	7085.4
2317.72	7077.61
2318.66	7064.71
2319.6	7057.42
2320.54	7053.17
2321.48	7050.34
2322.41	7047.71
2323.35	7045.77
2324.29	7044.15
2325.23	7045.3
2326.16	7048.67
2327.1	7050.44
2328.04	7048.16
2328.97	7034.57
2329.91	7016.48
2330.85	6998.71
2331.78	6986.31
2332.72	6977.15
2333.66	6970.65
2334.59	6966.39
2335.53	6965.42
2336.46	6963.32
2337.4	6959.4
2338.33	6946.79
2339.27	6931.12
2340.2	6915.15
2341.14	6900.6
2342.07	6892.76
2343.01	6890.12
2343.94	6889.49
2344.88	6892.39
2345.81	6897.23
2346.75	6904.86
2347.68	6894.24
2348.61	6876.45
2349.55	6841.72
2350.48	6817.31
2351.41	6811.76
2352.35	6846.56
2353.28	6861.12
2354.21	6865.51
2355.15	6836.99
2356.08	6828.89
2357.01	6821.04
2357.94	6814.72
2358.88	6808.17
2359.81	6809.86
2360.74	6810.43
2361.67	6809.67
2362.6	6803.62
2363.54	6780.84
2364.47	6753.75
2365.4	6734.87
2366.33	6756.88
2367.26	6758.61
2368.19	6758.88
2369.12	6762.81
2370.05	6757.13
2370.98	6758.97
2371.91	6757.92
2372.84	6759.43
2373.77	6761.15
2374.7	6762.52
2375.63	6760.92
2376.56	6758.47
2377.49	6754.33
2378.42	6748.78
2379.35	6741.79
2380.28	6733.39
2381.21	6723.58
2382.14	6712.53
2383.07	6699.97
2384	6687.55
2384.92	6680.95
2385.85	6683.22
2386.78	6683.14
2387.71	6683.71
2388.64	6683.52
2389.56	6677.6
2390.49	6670.41
2391.42	6664.89
2392.35	6663.35
2393.27	6665.67
2394.2	6668.79
2395.13	6672.3
2396.05	6667.02
2396.98	6651.58
2397.91	6638.8
2398.83	6629.96
2399.76	6623.08
2400.69	6617.75
2401.61	6616.18
2402.54	6618.68
2403.46	6610.24
2404.39	6600.01
2405.31	6590.35
2406.24	6582.23
2407.17	6579.13
2408.09	6576.7
2409.01	6572.39
2409.94	6567.56
2410.86	6561.87
2411.79	6555.42
2412.71	6546.89
2413.64	6537.63
2414.56	6527.42
2415.49	6517.29
2416.41	6510.42
2417.33	6506.43
2418.26	6506.19
2419.18	6506.93
2420.1	6509.42
2421.03	6511.1
2421.95	6511.83
2422.87	6500.86
2423.79	6486.03
2424.72	6475.55
2425.64	6468.13
2426.56	6470.31
2427.48	6466.25
2428.41	6460.61
2429.33	6452.72
2430.25	6439.35
2431.17	6425
2432.09	6413.18
2433.01	6403.51
2433.93	6396.14
2434.86	6391.02
2435.78	6387.7
2436.7	6384.55
2437.62	6382.81
2438.54	6376.84
2439.46	6368.24
2440.38	6359.26
2441.3	6349.89
2442.22	6340.99
2443.14	6332.77
2444.06	6325.22
2444.98	6318.28
2445.9	6312.02
2446.82	6306.44
2447.73	6301.26
2448.65	6296.35
2449.57	6291.56
2450.49	6286.55
2451.41	6280.94
2452.33	6274.4
2453.25	6267.04
2454.17	6259.62
2455.08	6253.61
2456	6252.59
2456.92	6246.96
2457.84	6240.31
2458.75	6232.36
2459.67	6223.37
2460.59	6213.2
2461.51	6202.05
2462.42	6189.98
2463.34	6176.98
2464.26	6163.34
2465.17	6149.04
2466.09	6138.38
2467	6145.34
2467.92	6160.59
2468.84	6178.35
2469.75	6186.55
2470.67	6174.5
2471.58	6156.85
2472.5	6138.06
2473.42	6118.48
2474.33	6096.73
2475.25	6085.08
2476.16	6093.25
2477.08	6090.6
2477.99	6094.3
2478.9	6096.64
2479.82	6102.38
2480.73	6108.69
2481.65	6110.66
2482.56	6102.1
2483.47	6091.61
2484.39	6082.35
2485.3	6074.25
2486.22	6067.36
2487.13	6060.59
2488.04	6055.96
2488.96	6054.42
2489.87	6054.89
2490.78	6057.05
2491.69	6057
2492.61	6053.42
2493.52	6038.99
2494.43	6030.51
2495.34	6025.27
2496.25	6019.3
2497.17	6014.25
2498.08	6009.97
2498.99	6006.89
2499.9	6004.6
2500.81	6003.22
2501.72	5996.94
2502.63	5986.25
2503.55	5986.89
2504.46	5989.19
2505.37	5989.1
2506.28	5987.57
2507.19	5986.52
2508.1	5983.77
2509.01	5980.4
2509.92	5975.18
2510.83	5967.17
2511.74	5956.35
2512.65	5943.36
2513.56	5935.97
2514.47	5930.77
2515.37	5928.3
2516.28	5931.16
2517.19	5936.4
2518.1	5941.6
2519.01	5946.33
2519.92	5948
2520.83	5949.34
2521.73	5948.74
2522.64	5946.45
2523.55	5942.18
2524.46	5935.8
2525.37	5925.61
2526.27	5909.08
2527.18	5893.22
2528.09	5875.13
2529	5862.09
2529.9	5862.69
2530.81	5866.31
2531.72	5872.14
2532.62	5873.3
2533.53	5881.89
2534.44	5867.4
2535.34	5850.94
2536.25	5830.06
2537.15	5806.65
2538.06	5797.48
2538.96	5808.69
2539.87	5818.02
2540.78	5815.29
2541.68	5810.4
2542.59	5806.44
2543.49	5802.58
2544.4	5799.95
2545.3	5796.55
2546.21	5792.31
2547.11	5787.21
2548.01	5781.45
2548.92	5774.98
2549.82	5767.52
2550.73	5758.62
2551.63	5747.06
2552.53	5732.55
2553.44	5719.52
2554.34	5715.36
2555.24	5712.87
2556.15	5709.93
2557.05	5717.59
2557.95	5717.08
2558.86	5723.3
2559.76	5721.65
2560.66	5718.61
2561.56	5712.9
2562.46	5704.13
2563.37	5691.84
2564.27	5676.13
2565.17	5659.92
2566.07	5645.15
2566.97	5632.98
2567.88	5621.76
2568.78	5614.65
2569.68	5610.61
2570.58	5606.58
2571.48	5601.68
2572.38	5595.93
2573.28	5585.2
2574.18	5567.61
2575.08	5557.59
2575.98	5550.96
2576.88	5548.21
2577.78	5553.4
2578.68	5559.74
2579.58	5563.92
2580.48	5568.67
2581.38	5569.09
2582.28	5562.42
2583.18	5553.98
2584.08	5545.15
2584.98	5534.78
2585.88	5522.04
2586.77	5510.94
2587.67	5502.46
2588.57	5494.93
2589.47	5491.38
2590.37	5487.88
2591.27	5484.9
2592.16	5482.06
2593.06	5479.24
2593.96	5475.61
2594.86	5472.12
2595.75	5465.9
2596.65	5459.59
2597.55	5452.71
2598.45	5448.03
2599.34	5444.31
2600.24	5441.27
2601.13	5437.55
2602.03	5431.24
2602.93	5425.42
2603.82	5419.59
2604.72	5413.58
2605.62	5407.95
2606.51	5402.81
2607.41	5398.82
2608.3	5395.76
2609.2	5393.33
2610.09	5388.24
2610.99	5375.75
2611.88	5364.46
2612.78	5360.89
2613.67	5358.53
2614.57	5362.77
2615.46	5354.52
2616.36	5342.51
2617.25	5334.47
2618.14	5320.45
2619.04	5305.11
2619.93	5303.48
2620.83	5310.21
2621.72	5312.84
2622.61	5311.5
2623.5	5307.6
2624.4	5301.89
2625.29	5295.74
2626.18	5290.27
2627.08	5283.94
2627.97	5277.09
2628.86	5269.89
2629.75	5262.3
2630.65	5254.45
2631.54	5246.33
2632.43	5238.56
2633.32	5231.77
2634.21	5228.5
2635.11	5227.12
2636	5224.51
2636.89	5219.89
2637.78	5212.04
2638.67	5202.33
2639.56	5188.67
2640.45	5172.27
2641.34	5152.88
2642.23	5134.45
2643.12	5132.89
2644.01	5134.23
2644.9	5136.54
2645.79	5141.93
2646.68	5142.75
2647.57	5148.54
2648.46	5142.75
2649.35	5129.77
2650.24	5114.98
2651.13	5100.99
2652.02	5094.78
2652.91	5093.55
2653.8	5093.29
2654.69	5089.41
2655.58	5086.13
2656.46	5083.55
2657.35	5082.17
2658.24	5080.89
2659.13	5079.58
2660.02	5076.63
2660.9	5066.6
2661.79	5054.9
2662.68	5046.19
2663.57	5038.36
2664.45	5031.4
2665.34	5025.18
2666.23	5019.76
2667.11	5014.84
2668	5010.49
2668.89	5006.66
2669.77	5003.49
2670.66	5005.57
2671.55	5011.21
2672.43	5016.4
2673.32	5015.54
2674.21	5012.92
2675.09	5007.51
2675.98	4999.63
2676.86	4988.99
2677.75	4976.28
2678.63	4962.12
2679.52	4948.38
2680.4	4940.9
2681.29	4932.41
2682.17	4923.92
2683.06	4915.42
2683.94	4906.79
2684.82	4898.35
2685.71	4889.88
2686.59	4881.75
2687.48	4874.41
2688.36	4869.18
2689.24	4873.66
2690.13	4876.35
2691.01	4876.76
2691.89	4876.84
2692.78	4881.35
2693.66	4874.45
2694.54	4854.69
2695.43	4842.22
2696.31	4830.1
2697.19	4816.92
2698.07	4816.91
2698.96	4817.05
2699.84	4814.93
2700.72	4819.02
2701.6	4818.88
2702.48	4811.31
2703.36	4804.14
2704.25	4797.81
2705.13	4791.83
2706.01	4786.25
2706.89	4781.33
2707.77	4776.87
2708.65	4772.32
2709.53	4767.3
2710.41	4761.07
2711.29	4752.87
2712.17	4743.99
2713.05	4737.25
2713.93	4731.23
2714.81	4725.93
2715.69	4721.52
2716.57	4717.33
2717.45	4714
2718.33	4711.45
2719.21	4708.75
2720.09	4705.75
2720.97	4702.15
2721.85	4697.55
2722.73	4691.7
2723.61	4684.92
2724.48	4676.69
2725.36	4667.93
2726.24	4659.14
2727.12	4653
2728	4656.94
2728.88	4660.61
2729.75	4665.38
2730.63	4670.09
2731.51	4673.43
2732.39	4675.06
2733.26	4672.21
2734.14	4670.04
2735.02	4665.13
2735.89	4658.24
2736.77	4648.36
2737.65	4633.71
2738.52	4612.1
2739.4	4570.86
2740.28	4590.72
2741.15	4596.62
2742.03	4601.76
2742.9	4609.18
2743.78	4609.95
2744.65	4605.11
2745.53	4593.21
2746.41	4585.57
2747.28	4577.25
2748.16	4581.03
2749.03	4578.23
2749.91	4570.08
2750.78	4562.24
2751.66	4554.94
2752.53	4548.23
2753.4	4543.46
2754.28	4540.13
2755.15	4538.09
2756.02	4535.6
2756.9	4533.27
2757.77	4529.2
2758.65	4521.6
2759.52	4515.45
2760.39	4509.54
2761.27	4509.22
2762.14	4512.69
2763.01	4519.22
2763.88	4514.73
2764.76	4509.8
2765.63	4501.54
2766.5	4488.61
2767.37	4473.12
2768.25	4456.28
2769.12	4440.17
2769.99	4442.36
2770.86	4444.03
2771.73	4448.04
2772.61	4453.99
2773.48	4464.19
2774.35	4468.19
2775.22	4454.79
2776.09	4442.75
2776.96	4432.84
2777.83	4425.19
2778.7	4415.96
2779.57	4415.92
2780.44	4414.06
2781.31	4413.16
2782.18	4411.67
2783.05	4406.59
2783.92	4400.3
2784.79	4393.91
2785.66	4386.88
2786.53	4379.86
2787.4	4371.5
2788.27	4369.39
2789.14	4373.22
2790.01	4383.98
2790.88	4385.28
2791.75	4380.13
2792.62	4376.15
2793.48	4365.4
2794.35	4355.3
2795.22	4347.3
2796.09	4340.59
2796.96	4335.11
2797.82	4329.09
2798.69	4318.31
2799.56	4310.01
2800.43	4303.49
2801.29	4298.28
2802.16	4293.94
2803.03	4290.53
2803.9	4288.02
2804.76	4286.29
2805.63	4284.23
2806.5	4278.55
2807.36	4272.19
2808.23	4269.48
2809.09	4268.37
2809.96	4270.55
2810.83	4261.38
2811.69	4253.5
2812.56	4245.85
2813.42	4238.36
2814.29	4230.2
2815.15	4230.57
2816.02	4236.71
2816.88	4252.45
2817.75	4269.21
2818.61	4263.74
2819.48	4245.71
2820.34	4213.14
2821.21	4193.54
2822.07	4185.66
2822.94	4189.75
2823.8	4195.96
2824.66	4193.91
2825.53	4191.04
2826.39	4190.72
2827.26	4183.51
2828.12	4176.2
2828.98	4175.83
2829.85	4174.63
2830.71	4184.65
2831.57	4188.62
2832.43	4189.4
2833.3	4183.32
2834.16	4178.44
2835.02	4173.9
2835.88	4165.12
2836.75	4162.04
2837.61	4161.58
2838.47	4161.42
2839.33	4159.92
2840.19	4156.8
2841.06	4152.01
2841.92	4146.18
2842.78	4139.16
2843.64	4130.94
2844.5	4121.53
2845.36	4110.85
2846.22	4099.67
2847.08	4093.55
2847.94	4103.61
2848.81	4115.84
2849.67	4124.24
2850.53	4133.34
2851.39	4132.89
2852.25	4126.87
2853.11	4101.95
2853.97	4084.47
2854.82	4064.39
2855.68	4058.48
2856.54	4063.22
2857.4	4067.65
2858.26	4072.4
2859.12	4078.29
2859.98	4078.18
2860.84	4073.15
2861.7	4060.57
2862.56	4048.77
2863.41	4041.65
2864.27	4041.08
2865.13	4045.66
2865.99	4048.77
2866.85	4048.33
2867.7	4051.57
2868.56	4044.32
2869.42	4035.6
2870.28	4026.71
2871.13	4012.26
2871.99	4000.09
2872.85	4001.77
2873.7	4006
2874.56	4008.79
2875.42	4008.19
2876.27	4007.11
2877.13	3985.58
2877.99	3967.93
2878.84	3953.72
2879.7	3952.1
2880.56	3967.49
2881.41	3963.07
2882.27	3956.03
2883.12	3949.14
2883.98	3942.58
2884.83	3937.22
2885.69	3932.66
2886.54	3929.21
2887.4	3926.45
2888.25	3924.62
2889.11	3923.55
2889.96	3923.19
2890.82	3923.33
2891.67	3923.48
2892.52	3919.12
2893.38	3907.53
2894.23	3893.35
2895.09	3880.47
2895.94	3870.24
2896.79	3873.08
2897.65	3877.6
2898.5	3879.51
2899.35	3877.93
2900.21	3875.04
2901.06	3868.63
2901.91	3858.49
2902.76	3845.29
2903.62	3831.99
2904.47	3827.3
2905.32	3831.11
2906.17	3840.28
2907.03	3844.3
2907.88	3851.54
2908.73	3847.62
2909.58	3841.89
2910.43	3831.7
2911.28	3821.94
2912.14	3812.32
2912.99	3806.33
2913.84	3798.65
2914.69	3791.77
2915.54	3784.02
2916.39	3776.8
2917.24	3770.12
2918.09	3763.7
2918.94	3759.26
2919.79	3758.37
2920.64	3757.71
2921.49	3757.84
2922.34	3759.89
2923.19	3762.44
2924.04	3763.26
2924.89	3760.03
2925.74	3747.92
2926.59	3740.39
2927.44	3733.97
2928.29	3725.86
2929.14	3718.79
2929.98	3712.79
2930.83	3707.77
2931.68	3703.76
2932.53	3700.68
2933.38	3700.6
2934.23	3700.93
2935.07	3701.79
2935.92	3703.16
2936.77	3702.79
2937.62	3701.1
2938.47	3697.24
2939.31	3692.21
2940.16	3687.01
2941.01	3682.53
2941.85	3677.89
2942.7	3673.39
2943.55	3669.03
2944.39	3664.81
2945.24	3660.67
2946.09	3656.66
2946.93	3652.65
2947.78	3649.01
2948.63	3649.05
2949.47	3651.78
2950.32	3650.33
2951.16	3645.18
2952.01	3636.7
2952.85	3624.81
2953.7	3609.18
2954.55	3599.87
2955.39	3594.75
2956.24	3591.48
2957.08	3589.75
2957.92	3588.98
2958.77	3588.84
2959.61	3589.26
2960.46	3589.2
2961.3	3588.65
2962.15	3587.64
2962.99	3583.43
2963.83	3575.99
2964.68	3564.45
2965.52	3553.9
2966.37	3552.85
2967.21	3543.39
2968.05	3536.74
2968.9	3530.4
2969.74	3525.52
2970.58	3524.21
2971.42	3528.49
2972.27	3536.57
2973.11	3540.35
2973.95	3541.37
2974.79	3538.58
2975.64	3529.45
2976.48	3524.75
2977.32	3521.99
2978.16	3520.99
2979	3520.03
2979.85	3519.09
2980.69	3517.3
2981.53	3515.04
2982.37	3512.49
2983.21	3507.54
2984.05	3501.93
2984.89	3496.25
2985.73	3490.92
2986.57	3486.2
2987.41	3483.2
2988.25	3480.19
2989.1	3477.62
2989.94	3475.09
2990.77	3472.99
2991.62	3470.77
2992.45	3469.07
2993.29	3468.12
2994.13	3467.73
2994.97	3467.57
2995.81	3467.51
2996.65	3466.05
2997.49	3466.39
2998.33	3448.28
2999.17	3443.3
