200.833	12813.8
202.102	12793.5
203.371	12819.1
204.639	12808.6
205.907	12811.9
207.175	12807.5
208.442	12808.2
209.71	12812.7
210.977	12822.4
212.244	12835.5
213.511	12851.5
214.777	12870.6
216.042	12892.2
217.309	12916.4
218.575	12944.4
219.84	12974.8
221.106	13006.5
222.371	13037.5
223.635	13060
224.9	13078.4
226.165	13090.2
227.429	13093.8
228.694	13107.7
229.956	13133.9
231.22	13168.8
232.484	13210.8
233.747	13256
235.011	13292.9
236.272	13326.4
237.535	13350.2
238.798	13362.8
240.06	13375.5
241.321	13387.1
242.583	13397.4
243.845	13405.5
245.105	13412.7
246.367	13417.2
247.628	13425
248.888	13438.4
250.149	13462
251.409	13484.6
252.67	13503.2
253.928	13513.5
255.189	13524.3
256.447	13533.8
257.707	13542.7
258.966	13550.1
260.224	13557.6
261.483	13564.5
262.742	13572.9
263.999	13583.8
265.257	13597.6
266.514	13616.4
267.772	13638.3
269.028	13662.2
270.286	13687.6
271.543	13713.3
272.799	13737.4
274.056	13760.8
275.311	13783.4
276.568	13805.2
277.823	13825.3
279.079	13843.8
280.333	13849.7
281.589	13855.6
282.843	13856.4
284.099	13853.9
285.352	13854.4
286.607	13868.2
287.86	13887.8
289.114	13904.3
290.368	13921.5
291.621	13938.4
292.875	13954.7
294.127	13969.5
295.38	13983.5
296.632	13996.8
297.884	14009.8
299.137	14022.3
300.388	14037.5
301.641	14048.7
302.891	14059.1
304.142	14067.9
305.394	14075.3
306.644	14080.6
307.894	14084.5
309.146	14091.1
310.395	14100.7
311.645	14116.7
312.895	14128
314.144	14121.8
315.393	14106.4
316.642	14102.3
317.892	14093.7
319.14	14092.5
320.388	14101.7
321.637	14117.9
322.885	14139.8
324.132	14166.5
325.38	14195.2
326.628	14229.7
327.875	14270.3
329.122	14301
330.368	14311.4
331.614	14297.8
332.862	14294.9
334.108	14295.2
335.353	14298
336.599	14302.9
337.844	14310.5
339.089	14321.5
340.335	14335.5
341.58	14349
342.824	14362.8
344.068	14375.2
345.312	14399.9
346.556	14433.6
347.8	14460.4
349.043	14487.9
350.286	14517.5
351.53	14539.5
352.774	14551.1
354.016	14553.2
355.259	14544.7
356.501	14527.7
357.743	14504.3
358.985	14477.1
360.227	14455.3
361.468	14444.5
362.709	14458.3
363.95	14489.6
365.191	14521.6
366.432	14554.7
367.672	14582.6
368.912	14603.5
370.152	14611.6
371.392	14601.7
372.632	14588.1
373.871	14575.7
375.11	14569.1
376.348	14566.4
377.587	14569.2
378.825	14577.8
380.064	14590.6
381.302	14604.7
382.54	14619.9
383.778	14628.4
385.016	14638.3
386.253	14649.3
387.489	14660.6
388.726	14672.4
389.963	14684.5
391.199	14701.4
392.436	14730.2
393.672	14767
394.907	14774.4
396.142	14775.2
397.378	14759.9
398.614	14756.4
399.849	14760.6
401.082	14761.8
402.317	14762.8
403.552	14765.5
404.786	14771
406.019	14779.9
407.253	14792.7
408.487	14814.2
409.721	14841.6
410.953	14873.7
412.186	14883.7
413.419	14892.7
414.651	14888.4
415.883	14887.1
417.116	14887
418.347	14887.5
419.579	14891.8
420.811	14899.4
422.041	14907.9
423.272	14917.8
424.504	14927.6
425.733	14937.6
426.964	14922
428.194	14933.4
429.424	14947.6
430.654	14962.9
431.883	14975.9
433.113	14986.3
434.341	14994.7
435.571	15000.9
436.799	15005.4
438.028	15007.9
439.257	15008.6
440.484	15007.3
441.713	15006.2
442.94	15015.8
444.168	15031.1
445.394	15040.1
446.622	15044
447.848	15041.6
449.076	14931.5
450.301	15031.1
451.528	15060
452.754	15071.1
453.979	15078.8
455.205	15085.6
456.43	15093.7
457.656	15100.8
458.88	15105.8
460.106	15109.2
461.33	15111.1
462.554	15111.6
463.779	15109.6
465.002	15107.3
466.225	15105.3
467.45	15107.5
468.672	15125.3
469.895	15138
471.119	15151.6
472.341	15105.5
473.563	15095.8
474.786	15088.8
476.008	15084.7
477.229	15080.5
478.452	15084
479.673	15091.5
480.894	15102.8
482.115	15114.5
483.337	15119.7
484.557	15113.4
485.777	15104.9
486.997	15091.8
488.218	15076.4
489.438	15055.7
490.657	15041
491.876	15046.7
493.096	15058.9
494.315	15071.9
495.533	15084
496.752	15091.6
497.97	15095.1
499.188	15093.9
500.407	15090.6
501.625	15086.1
502.842	15081.4
504.059	15079.4
505.276	15077.5
506.493	15076.9
507.71	15076.5
508.926	15078.9
510.142	15084.6
511.358	15101.9
512.575	15127.3
513.791	15157.6
515.006	15190.4
516.222	15220.1
517.437	15219.1
518.651	15214.3
519.866	15210.1
521.081	15210
522.295	15215.2
523.509	15222.4
524.723	15233.4
525.937	15248.6
527.15	15265.6
528.363	15286.4
529.576	15306.2
530.789	15322.3
532.002	15317.2
533.215	15301.7
534.426	15287
535.638	15279.7
536.85	15281
538.061	15293.9
539.273	15313.3
540.484	15304.4
541.695	15303.4
542.906	15303.8
544.117	15303.7
545.327	15304.2
546.537	15302.5
547.747	15299.3
548.957	15297.6
550.167	15296.8
551.377	15299.5
552.585	15312
553.794	15328.7
555.003	15343.3
556.212	15355.4
557.421	15354.2
558.628	15349.9
559.836	15344.9
561.044	15340.9
562.252	15340.6
563.458	15344.1
564.666	15355.2
565.873	15362.8
567.08	15364.4
568.286	15350.8
569.493	15336.4
570.699	15321.7
571.904	15309.9
573.111	15309.2
574.317	15314.3
575.521	15320.7
576.727	15328.5
577.932	15336.1
579.136	15340.9
580.341	15347.7
581.544	15354.8
582.749	15363.1
583.954	15374.1
585.156	15380.6
586.361	15386
587.563	15357
588.767	15314
589.97	15331
591.172	15322.5
592.375	15315.9
593.577	15321.5
594.78	15329.8
595.981	15339.9
597.183	15353.8
598.384	15358.9
599.586	15358.8
600.786	15355.7
601.988	15351.8
603.188	15346.8
604.389	15341.6
605.589	15337.1
606.79	15333.2
607.989	15328
609.188	15321.7
610.389	15314
611.587	15303.8
612.787	15293.3
613.986	15281.9
615.184	15271.7
616.383	15264.4
617.581	15261.6
618.78	15269.3
619.977	15280.6
621.174	15273.4
622.373	15261.9
623.57	15242.4
624.766	15221.4
625.964	15201.7
627.16	15184.1
628.356	15171.1
629.554	15164.4
630.749	15160.1
631.945	15156.9
633.14	15152.5
634.337	15147.3
635.532	15140.2
636.726	15131.8
637.921	15122.6
639.117	15115.3
640.311	15111.4
641.505	15111.5
642.699	15112.9
643.892	15114
645.087	15115.5
646.28	15117.6
647.473	15120.1
648.666	15122.4
649.859	15125.7
651.051	15130.4
652.245	15136.7
653.437	15144.6
654.629	15154.7
655.821	15164.2
657.012	15173.5
658.204	15182
659.395	15191.1
660.586	15198.2
661.777	15208.7
662.967	15219.1
664.158	15229.4
665.349	15232
666.539	15214.3
667.729	15201.6
668.919	15198.7
670.109	15203.7
671.298	15212.9
672.487	15233.9
673.676	15254.8
674.865	15254.4
676.053	15246.4
677.242	15237.4
678.43	15227
679.616	15223.6
680.804	15221.2
681.992	15221.3
683.179	15222.3
684.366	15225.6
685.554	15227.9
686.74	15229.5
687.927	15228.9
689.114	15224.1
690.3	15218.4
691.486	15209.1
692.671	15195.3
693.856	15179
695.042	15157.7
696.227	15136.2
697.413	15116.1
698.598	15109
699.781	15115.2
700.966	15127.9
702.15	15134.9
703.334	15137.9
704.518	15135.3
705.701	15129.2
706.885	15117.7
708.068	15102.3
709.252	15083.8
710.433	15065.9
711.616	15065.3
712.799	15063.1
713.98	15058.8
715.163	15052.9
716.345	15045.3
717.527	15035.2
718.707	15025.1
719.889	15012.6
721.071	15008.9
722.25	15020.1
723.432	15043.4
724.611	15074.4
725.792	15096.1
726.972	15115.6
728.151	15110.8
729.332	15105.8
730.512	15100.6
731.69	15096.5
732.87	15093.3
734.048	15091.3
735.227	15090.6
736.405	15091.2
737.584	15093.7
738.761	15098
739.94	15103.6
741.117	15111.5
742.295	15110.3
743.471	15112.9
744.649	15110.9
745.825	15121.9
747.003	15144
748.179	15186.4
749.356	15172.5
750.531	15172
751.708	15178
752.883	15181
754.059	15181.6
755.234	15181
756.409	15177.1
757.585	15171.3
758.759	15163.4
759.934	15153.6
761.108	15141.4
762.282	15128.3
763.456	15127.4
764.63	15119.7
765.803	15113.6
766.977	15102.5
768.15	15091.3
769.323	15080.4
770.496	15069.7
771.668	15058.6
772.841	15047.4
774.014	15035.6
775.185	15026.6
776.357	15022.8
777.528	15017.9
778.701	15013.8
779.872	15007.4
781.042	14991.9
782.213	14975
783.383	14955.6
784.555	14932.9
785.725	14908.9
786.895	14895.5
788.064	14891.6
789.234	14888.7
790.404	14888.4
791.573	14889.9
792.742	14867.2
793.911	14851.1
795.08	14844
796.248	14860.3
797.416	14912.9
798.584	14920.7
799.753	14918.8
800.921	14913.2
802.088	14903.2
803.256	14886.7
804.423	14872.5
805.59	14865
806.756	14862.4
807.923	14859.9
809.089	14869.8
810.256	14879.3
811.422	14889.2
812.587	14884.4
813.753	14874.7
814.918	14851.5
816.084	14834.4
817.249	14835.1
818.414	14837.2
819.578	14857.6
820.743	14876.6
821.907	14894.5
823.072	14911.1
824.236	14914
825.399	14919.1
826.562	14911.4
827.725	14904.7
828.889	14901.7
830.052	14914.1
831.215	14924.9
832.377	14935.5
833.54	14943
834.701	14935.7
835.863	14909.5
837.025	14882.7
838.187	14836.4
839.349	14831.9
840.51	14843.7
841.67	14869.8
842.831	14880.1
843.992	14887
845.153	14890.3
846.312	14891
847.473	14888.8
848.633	14883.2
849.793	14873.9
850.951	14861.5
852.111	14846
853.27	14828.3
854.428	14811.6
855.588	14794.2
856.747	14776.7
857.904	14760
859.063	14747.5
860.221	14739.1
861.378	14735.2
862.536	14740.2
863.694	14728.6
864.85	14712.8
866.008	14655.9
867.164	14656.7
868.321	14664
869.478	14666.8
870.633	14667.2
871.79	14668.3
872.945	14660.9
874.101	14651.8
875.256	14639.9
876.412	14626.4
877.566	14611.8
878.722	14596
879.876	14581.2
881.031	14564.3
882.185	14546.7
883.34	14529.9
884.493	14518.8
885.647	14510.4
886.8	14506.5
887.954	14504.1
889.107	14504.6
890.261	14506.8
891.413	14509.4
892.565	14511
893.718	14512.5
894.87	14513.4
896.023	14510.7
897.174	14496.5
898.326	14476.5
899.478	14466.7
900.629	14471.8
901.779	14481.7
902.931	14489.7
904.081	14500.7
905.231	14506.1
906.383	14498.4
907.532	14480
908.682	14475.3
909.831	14482.5
910.982	14502.7
912.131	14520.9
913.28	14529.7
914.429	14527.1
915.578	14526.2
916.727	14525.8
917.875	14526.8
919.023	14528.7
920.171	14532.8
921.32	14527.2
922.467	14518.3
923.614	14508
924.761	14496.3
925.908	14483.7
927.055	14469.3
928.203	14464.9
929.349	14470.8
930.496	14484
931.642	14494.4
932.787	14501.2
933.933	14504.3
935.079	14503.9
936.224	14497.8
937.369	14487.9
938.514	14475.4
939.659	14466.3
940.804	14456.2
941.948	14448.4
943.092	14442.6
944.236	14437.4
945.38	14431.2
946.524	14422.6
947.667	14406.5
948.811	14386.2
949.954	14365.8
951.097	14348.5
952.24	14332.6
953.383	14318.2
954.525	14306.3
955.667	14297.4
956.81	14293.4
957.952	14299.8
959.093	14315.2
960.235	14337.9
961.376	14338.6
962.516	14331.5
963.658	14315.2
964.798	14304.9
965.939	14294.5
967.08	14282.9
968.22	14270.9
969.359	14258.3
970.499	14245.7
971.639	14232.8
972.779	14220
973.918	14208.5
975.056	14200
976.195	14223
977.334	14232.3
978.473	14219.1
979.61	14207.1
980.749	14201.1
981.887	14199.5
983.024	14205.5
984.162	14212.2
985.3	14218.8
986.437	14223.9
987.573	14226.4
988.711	14226.1
989.848	14222.5
990.983	14215.3
992.12	14207.8
993.255	14207.8
994.392	14209.7
995.528	14213.7
996.662	14220
997.798	14229.1
998.933	14239.1
1000.07	14241.4
1001.2	14245.9
1002.34	14241.7
1003.47	14238.5
1004.61	14237.8
1005.74	14238.3
1006.87	14240.4
1008.01	14239.7
1009.14	14236.4
1010.27	14220.3
1011.41	14188
1012.54	14174.1
1013.67	14176.2
1014.81	14208
1015.94	14225.8
1017.07	14194.6
1018.2	14175.7
1019.33	14158.2
1020.47	14140.5
1021.6	14115.1
1022.73	14108.4
1023.86	14103.8
1024.99	14102.5
1026.12	14103.5
1027.25	14106.5
1028.38	14111.1
1029.51	14083.8
1030.64	14058.7
1031.77	14040.3
1032.9	14022.8
1034.03	14010.8
1035.16	14003.8
1036.29	13999.7
1037.42	14000.3
1038.55	14004.1
1039.67	14010.5
1040.8	14016.2
1041.93	14003.6
1043.06	13986.3
1044.19	13957.6
1045.31	13914.9
1046.44	13850.8
1047.57	13868.6
1048.69	13886.1
1049.82	13926.6
1050.95	13949.7
1052.08	13940.9
1053.2	13895.9
1054.33	13847.3
1055.45	13845.8
1056.58	13855.3
1057.7	13869.7
1058.83	13863.3
1059.95	13817.4
1061.08	13818.1
1062.2	13821.6
1063.33	13828.4
1064.45	13828
1065.58	13825.3
1066.7	13823.6
1067.83	13822.6
1068.95	13821.6
1070.07	13821.8
1071.2	13822.5
1072.32	13826.4
1073.44	13826.6
1074.56	13824.2
1075.69	13818
1076.81	13815.3
1077.93	13814.7
1079.05	13816.7
1080.17	13821.2
1081.3	13828
1082.42	13837.3
1083.54	13843.5
1084.66	13836.2
1085.78	13825.2
1086.9	13812.5
1088.02	13797.9
1089.14	13788.2
1090.26	13785.1
1091.38	13788
1092.5	13798.9
1093.62	13812.9
1094.74	13808.5
1095.86	13802.5
1096.98	13789.9
1098.1	13777.5
1099.22	13765.8
1100.34	13756.5
1101.45	13760.7
1102.57	13769.5
1103.69	13777.9
1104.81	13791.5
1105.93	13804.6
1107.04	13811.1
1108.16	13809
1109.28	13796.4
1110.4	13774.6
1111.51	13749.9
1112.63	13723.3
1113.75	13698.4
1114.86	13681.8
1115.98	13669.2
1117.09	13659.2
1118.21	13652.1
1119.32	13647.4
1120.44	13646.3
1121.55	13646.6
1122.67	13646.1
1123.78	13644.5
1124.9	13638
1126.01	13635.2
1127.13	13611
1128.24	13562.5
1129.35	13504
1130.47	13490.4
1131.58	13498.3
1132.7	13515.3
1133.81	13537.3
1134.92	13519
1136.03	13480.7
1137.15	13410.8
1138.26	13447.6
1139.37	13444.7
1140.48	13446.9
1141.59	13445.1
1142.71	13441
1143.82	13434.1
1144.93	13417.8
1146.04	13394.9
1147.15	13370.5
1148.26	13346.2
1149.37	13326.2
1150.48	13307.4
1151.59	13290.6
1152.7	13276.3
1153.81	13264.3
1154.92	13254.7
1156.03	13247.6
1157.14	13243.6
1158.25	13242.4
1159.36	13242.8
1160.47	13243.5
1161.58	13241.1
1162.68	13231.6
1163.79	13219.4
1164.9	13216
1166.01	13215.6
1167.12	13219.5
1168.22	13227.7
1169.33	13230.9
1170.44	13233.3
1171.55	13235.6
1172.65	13238
1173.76	13240.3
1174.87	13242.4
1175.97	13244.4
1177.08	13246.4
1178.18	13248.4
1179.29	13250.3
1180.4	13252.2
1181.5	13255.1
1182.61	13257.5
1183.71	13262.3
1184.82	13267.5
1185.92	13269.3
1187.02	13270.3
1188.13	13264.1
1189.23	13253.1
1190.34	13235.7
1191.44	13234.7
1192.54	13239.2
1193.65	13242.1
1194.75	13250.4
1195.85	13245.2
1196.96	13219.5
1198.06	13200.6
1199.16	13185.8
1200.26	13186.7
1201.37	13203
1202.47	13230.5
1203.57	13251.5
1204.67	13269.9
1205.77	13279.8
1206.87	13276.3
1207.97	13262.1
1209.08	13232.2
1210.18	13199.1
1211.28	13179.4
1212.38	13168.4
1213.48	13159.9
1214.58	13159.5
1215.68	13172.3
1216.78	13191.3
1217.88	13205.8
1218.98	13210.6
1220.07	13208.1
1221.17	13201.3
1222.27	13192
1223.37	13178.8
1224.47	13164.5
1225.57	13143.9
1226.66	13129.2
1227.76	13125.5
1228.86	13121
1229.96	13116.8
1231.06	13111.2
1232.15	13101.5
1233.25	13085.7
1234.35	13062.1
1235.44	13054.5
1236.54	13049.2
1237.63	13054.2
1238.73	13043.6
1239.83	13031.5
1240.92	13019.7
1242.02	13003.3
1243.11	12984.9
1244.21	12965.5
1245.3	12950.5
1246.4	12946.1
1247.49	12935.9
1248.59	12927.4
1249.68	12919.3
1250.78	12911.2
1251.87	12909.1
1252.96	12913.5
1254.06	12916.6
1255.15	12921.7
1256.24	12921.1
1257.34	12918.4
1258.43	12912.9
1259.52	12902.8
1260.62	12891.5
1261.71	12881.6
1262.8	12873.4
1263.89	12867.5
1264.98	12863
1266.08	12860.8
1267.17	12860.1
1268.26	12861.3
1269.35	12863.9
1270.44	12868.2
1271.53	12873.3
1272.62	12880.2
1273.71	12887.8
1274.8	12895.7
1275.89	12902.1
1276.98	12903.3
1278.07	12899.8
1279.16	12887.8
1280.25	12874
1281.34	12860.6
1282.43	12848.9
1283.52	12843
1284.61	12840.2
1285.69	12840.9
1286.78	12844.3
1287.87	12850.6
1288.96	12859.7
1290.05	12873
1291.13	12889.7
1292.22	12906.8
1293.31	12911.2
1294.4	12900.3
1295.48	12881.6
1296.57	12870.6
1297.66	12865.7
1298.74	12868.2
1299.83	12876.9
1300.92	12890.3
1302	12902.9
1303.09	12909.5
1304.17	12916
1305.26	12894.9
1306.34	12868.9
1307.43	12850.2
1308.51	12835.2
1309.6	12821.5
1310.68	12809.2
1311.76	12798.9
1312.85	12792
1313.93	12789.3
1315.02	12793.8
1316.1	12794.7
1317.18	12795.4
1318.27	12796.1
1319.35	12795.7
1320.43	12794.4
1321.52	12791.2
1322.6	12787.7
1323.68	12783.1
1324.76	12779.5
1325.85	12776.6
1326.93	12772.7
1328.01	12761.8
1329.09	12751.6
1330.17	12732.7
1331.25	12711.1
1332.33	12695.2
1333.41	12682.1
1334.49	12671.5
1335.58	12662.7
1336.65	12660.8
1337.74	12659.2
1338.82	12661.5
1339.89	12665.8
1340.97	12668.4
1342.05	12671
1343.13	12674
1344.21	12673.2
1345.29	12667.6
1346.37	12656.9
1347.45	12647
1348.53	12629.7
1349.6	12615.1
1350.68	12605.1
1351.76	12598.1
1352.84	12593.3
1353.92	12590.8
1354.99	12590.8
1356.07	12590.5
1357.15	12591.5
1358.22	12594
1359.3	12597
1360.38	12603.5
1361.45	12612.3
1362.53	12618.3
1363.61	12598.5
1364.68	12593.4
1365.76	12591.8
1366.83	12592.5
1367.91	12595.4
1368.98	12593.2
1370.06	12596.8
1371.13	12597
1372.21	12600.8
1373.28	12591.9
1374.35	12585.8
1375.43	12575.6
1376.5	12556.1
1377.58	12540.5
1378.65	12527.9
1379.72	12521
1380.8	12520.2
1381.87	12526
1382.94	12531.3
1384.01	12535.9
1385.09	12540.4
1386.16	12535.4
1387.23	12524.2
1388.3	12517.5
1389.38	12514.7
1390.45	12514.4
1391.52	12513.4
1392.59	12515.4
1393.66	12519.3
1393.92	12519.4
1395	12524.1
1396.07	12525.9
1397.15	12512.5
1398.22	12489.8
1399.3	12467.1
1400.38	12447.9
1401.45	12433.5
1402.53	12423
1403.6	12428.4
1404.68	12429.5
1405.75	12433.1
1406.82	12435
1407.9	12433.9
1408.97	12430.1
1410.05	12423.4
1411.12	12414.4
1412.19	12403.1
1413.27	12389.3
1414.34	12376.7
1415.41	12371.7
1416.49	12375.4
1417.56	12387.4
1418.63	12392.5
1419.7	12395.5
1420.78	12390.5
1421.85	12386.1
1422.92	12379.8
1423.99	12371
1425.06	12360.3
1426.14	12344.6
1427.21	12326.9
1428.28	12307.7
1429.35	12288.1
1430.42	12281.8
1431.49	12276.8
1432.56	12278.9
1433.63	12282.4
1434.7	12286.9
1435.77	12291.8
1436.84	12294.1
1437.91	12297.9
1438.98	12300.9
1440.05	12302.2
1441.12	12301.6
1442.18	12298.9
1443.25	12294.3
1444.32	12287.6
1445.39	12278.7
1446.46	12267.1
1447.53	12247.3
1448.59	12233.7
1449.66	12224.2
1450.73	12216.1
1451.8	12215.1
1452.86	12213.4
1453.93	12210.6
1455	12208.6
1456.06	12207.6
1457.13	12207.2
1458.2	12207.4
1459.26	12208.1
1460.33	12209.3
1461.39	12211
1462.46	12212.7
1463.52	12207.6
1464.59	12184.5
1465.65	12167.7
1466.72	12150
1467.78	12142.4
1468.85	12140
1469.91	12145.5
1470.98	12160.3
1472.04	12174.6
1473.1	12188.9
1474.17	12199.7
1475.23	12200.8
1476.3	12198
1477.36	12192.1
1478.42	12180.3
1479.48	12165
1480.55	12144.2
1481.61	12129.9
1482.67	12130.9
1483.73	12135.2
1484.8	12147.8
1485.86	12159.9
1486.92	12159.8
1487.98	12155.2
1489.04	12133
1490.1	12106.1
1491.17	12097.5
1492.23	12094.5
1493.29	12101
1494.35	12104.8
1495.41	12105.4
1496.47	12103.1
1497.53	12098.9
1498.59	12092.4
1499.65	12084.5
1500.71	12075.1
1501.77	12065.1
1502.83	12056
1503.88	12048.5
1504.94	12050.7
1506	12051
1507.06	12051.6
1508.12	12055.1
1509.18	12054.2
1510.23	12035.9
1511.29	12018.5
1512.35	11992.6
1513.41	11966.6
1514.47	11944.7
1515.52	11924.9
1516.58	11912.6
1517.64	11912.1
1518.69	11912.5
1519.75	11913.3
1520.81	11919.1
1521.86	11923.6
1522.92	11926.4
1523.97	11923.6
1525.03	11917.9
1526.08	11911.2
1527.14	11903.6
1528.2	11894.2
1529.25	11883.7
1530.31	11870.7
1531.36	11856.5
1532.42	11842
1533.47	11828.8
1534.52	11828
1535.58	11824.9
1536.63	11830.9
1537.69	11840.3
1538.74	11853
1539.79	11853.8
1540.84	11825.9
1541.9	11788.8
1542.95	11782.5
1544	11797.9
1545.06	11807.5
1546.11	11816
1547.16	11823.5
1548.21	11826.8
1549.27	11825.3
1550.32	11822.2
1551.37	11817.2
1552.42	11810.9
1553.47	11804.2
1554.52	11806.6
1555.57	11809.3
1556.62	11815.5
1557.67	11820.2
1558.72	11821.6
1559.77	11816.3
1560.82	11811
1561.87	11802.2
1562.92	11794.8
1563.97	11802.2
1565.02	11817.5
1566.07	11826.6
1567.12	11826.7
1568.17	11817.7
1569.22	11802.1
1570.27	11779.1
1571.32	11756.1
1572.36	11740.9
1573.41	11733.5
1574.46	11734.1
1575.51	11733.8
1576.56	11731.7
1577.6	11730.6
1578.65	11727.1
1579.7	11722.6
1580.74	11717.2
1581.79	11710.6
1582.84	11703.1
1583.88	11694.4
1584.93	11684.5
1585.98	11673.1
1587.02	11660
1588.07	11648.4
1589.11	11640.8
1590.16	11644.9
1591.2	11644.9
1592.25	11656.5
1593.29	11656.4
1594.34	11651.9
1595.38	11646.7
1596.43	11625.1
1597.47	11607.8
1598.52	11599.5
1599.56	11589.7
1600.6	11584.4
1601.65	11576.8
1602.69	11570.3
1603.73	11563.3
1604.78	11556.4
1605.82	11548.9
1606.86	11541
1607.91	11532.8
1608.95	11524
1609.99	11513.9
1611.03	11504.5
1612.08	11495.6
1613.12	11487.2
1614.16	11479.2
1615.2	11472
1616.24	11465.5
1617.28	11460.9
1618.32	11457.3
1619.36	11453.2
1620.41	11447.6
1621.45	11429.8
1622.49	11410.7
1623.53	11383.2
1624.57	11362.7
1625.61	11351.9
1626.65	11350.1
1627.69	11348.8
1628.73	11348.9
1629.76	11346.5
1630.8	11346.1
1631.84	11341.4
1632.88	11332.1
1633.92	11319.4
1634.96	11306.6
1636	11292.6
1637.03	11277.5
1638.07	11261.4
1639.11	11243.1
1640.15	11223.9
1641.19	11205.5
1642.22	11188.3
1643.26	11183.6
1644.3	11181.3
1645.33	11193.8
1646.37	11204.6
1647.41	11217.9
1648.44	11225.1
1649.48	11228.9
1650.52	11232.3
1651.55	11234.4
1652.59	11234.7
1653.62	11234.6
1654.66	11233
1655.69	11230.4
1656.73	11226.3
1657.76	11220.6
1658.8	11212.5
1659.83	11197.3
1660.87	11180.5
1661.9	11157.1
1662.93	11134.7
1663.97	11129.5
1665	11124.1
1666.04	11122
1667.07	11125
1668.1	11128.6
1669.14	11131.6
1670.17	11123.2
1671.2	11113.1
1672.23	11093.6
1673.27	11079.4
1674.3	11077.2
1675.33	11073.6
1676.36	11071.6
1677.39	11073
1678.43	11068.8
1679.46	11064.8
1680.49	11055.1
1681.52	11043.8
1682.55	11029.8
1683.58	11018.3
1684.61	11016.3
1685.64	11018.5
1686.67	11027.7
1687.7	11034.6
1688.73	11034.7
1689.76	11028.5
1690.79	11015.9
1691.82	10996.1
1692.85	10976.4
1693.88	10962.5
1694.91	10950
1695.94	10939.8
1696.97	10939.6
1698	10942.9
1699.02	10967.8
1700.05	10988.7
1701.08	10997.4
1702.11	10978.7
1703.14	10938.4
1704.16	10909.3
1705.19	10895.3
1706.22	10881.9
1707.25	10872.1
1708.27	10864.7
1709.3	10859.9
1710.33	10856.8
1711.35	10853.1
1712.38	10845.9
1713.41	10838.7
1714.43	10830.1
1715.46	10823.1
1716.48	10817.1
1717.51	10813.3
1718.53	10810
1719.56	10807.9
1720.58	10806.5
1721.61	10805.8
1722.63	10804.5
1723.66	10796.6
1724.68	10780.2
1725.71	10765.2
1726.73	10753.8
1727.75	10747.3
1728.78	10746.1
1729.8	10747.5
1730.83	10743.2
1731.85	10738.8
1732.87	10726.8
1733.89	10712.9
1734.92	10709.3
1735.94	10709.7
1736.96	10702.8
1737.98	10695.5
1739.01	10687.6
1740.03	10678.9
1741.05	10666.5
1742.07	10654.7
1743.09	10643.1
1744.12	10631.9
1745.14	10621.2
1746.16	10610.9
1747.18	10601.1
1748.2	10591.9
1749.22	10587.2
1750.24	10585.3
1751.26	10591.1
1752.28	10594.4
1753.3	10595.9
1754.32	10588.3
1755.34	10566.9
1756.36	10549.8
1757.38	10537
1758.4	10538.4
1759.42	10539.9
1760.44	10545.4
1761.45	10554.6
1762.47	10556.2
1763.49	10549.8
1764.51	10539.4
1765.53	10522.9
1766.55	10505.7
1767.56	10484.6
1768.58	10468.9
1769.6	10460.7
1770.61	10456.9
1771.63	10455.2
1772.65	10457.2
1773.67	10461.3
1774.68	10470.3
1775.7	10459.2
1776.72	10439.3
1777.73	10429.1
1778.75	10421.5
1779.76	10413.1
1780.78	10405.8
1781.79	10392.5
1782.81	10379.7
1783.83	10367.2
1784.84	10359
1785.85	10351.4
1786.87	10344.7
1787.88	10339.1
1788.9	10334
1789.91	10329.7
1790.93	10326.5
1791.94	10324.1
1792.95	10322.7
1793.97	10321.9
1794.98	10318.8
1796	10313.3
1797.01	10301.6
1798.02	10295.2
1799.03	10290.2
1800.05	10286.1
1801.06	10278.5
1802.07	10263.7
1803.08	10244
1804.1	10227.7
1805.11	10209.6
1806.12	10191.9
1807.13	10193.2
1808.14	10204.8
1809.15	10213.6
1810.17	10217.1
1811.18	10216
1812.19	10214.4
1813.2	10210.1
1814.21	10201.8
1815.22	10190.9
1816.23	10176
1817.24	10158.9
1818.25	10138.9
1819.26	10121
1820.27	10107.6
1821.28	10093.2
1822.29	10079.2
1823.3	10065.5
1824.3	10052.2
1825.31	10039.3
1826.32	10035.2
1827.33	10031.3
1828.34	10047.4
1829.35	10055.4
1830.35	10055.3
1831.36	10045.6
1832.37	10014.8
1833.38	10004.8
1834.38	9995.62
1835.39	9983.54
1836.4	9973.09
1837.41	9962.84
1838.41	9956.24
1839.42	9952.18
1840.43	9952.99
1841.43	9956.07
1842.44	9954.1
1843.44	9949.53
1844.45	9941.82
1845.46	9930.9
1846.46	9916.69
1847.47	9898.07
1848.47	9879.98
1849.48	9875.46
1850.48	9871.6
1851.49	9865.08
1852.49	9852.95
1853.49	9839.43
1854.5	9827.51
1855.5	9819.52
1856.51	9815.15
1857.51	9815.02
1858.51	9825
1859.52	9829.92
1860.52	9826.7
1861.52	9821.73
1862.53	9808.02
1863.53	9795.24
1864.53	9784.61
1865.54	9773.59
1866.54	9762.98
1867.54	9753.28
1868.54	9744
1869.54	9734.89
1870.55	9726.08
1871.55	9715.97
1872.55	9695.56
1873.55	9686.15
1874.55	9689.13
1875.55	9694.04
1876.55	9699.3
1877.55	9703.4
1878.55	9701.47
1879.55	9695.1
1880.56	9681.46
1881.55	9663.23
1882.56	9647.27
1883.55	9638.07
1884.55	9632.75
1885.55	9635.05
1886.55	9625.64
1887.55	9611.69
1888.55	9595.14
1889.55	9578.53
1890.55	9569.66
1891.55	9566.56
1892.55	9575.32
1893.54	9576.56
1894.54	9576.65
1895.54	9570.82
1896.54	9556.6
1897.54	9547.16
1898.53	9540.76
1899.53	9537.02
1900.53	9536.32
1901.52	9538.76
1902.52	9540.3
1903.52	9538.07
1904.51	9531.39
1905.51	9520.27
1906.51	9509.3
1907.5	9499.18
1908.5	9490.51
1909.49	9481.72
1910.49	9471.67
1911.49	9459.63
1912.48	9438.73
1913.48	9420.06
1914.47	9398.48
1915.46	9378.75
1916.46	9360.38
1917.45	9346.9
1918.45	9340.34
1919.44	9337.32
1920.44	9336.76
1921.43	9344.7
1922.43	9353.2
1923.42	9360.48
1924.41	9356.12
1925.41	9335.29
1926.4	9321.84
1927.39	9306.54
1928.38	9291.34
1929.38	9275.33
1930.37	9260.71
1931.36	9247.67
1932.35	9236.18
1933.35	9225.47
1934.34	9216.96
1935.33	9212.23
1936.32	9213.29
1937.31	9221.4
1938.3	9229.47
1939.29	9233.82
1940.29	9230.48
1941.28	9215.88
1942.27	9185.06
1943.26	9159.48
1944.25	9133.22
1945.24	9119.78
1946.23	9128.92
1947.22	9132.58
1948.21	9136.3
1949.2	9139.42
1950.19	9138.83
1951.18	9136.11
1952.17	9131.73
1953.16	9126.09
1954.14	9119.92
1955.13	9111.52
1956.12	9100.58
1957.11	9082.32
1958.1	9060.75
1959.09	9052.19
1960.07	9042
1961.06	9032.96
1962.05	9025.63
1963.04	9019.54
1964.02	9013.86
1965.01	9007.37
1966	8998.98
1966.99	8987.9
1967.97	8973.21
1968.96	8958.82
1969.95	8943.89
1970.93	8931.03
1971.92	8925.34
1972.9	8914.26
1973.89	8902.57
1974.88	8890.75
1975.86	8877.97
1976.85	8889.39
1977.83	8889.76
1978.82	8891.5
1979.8	8890.28
1980.79	8888.99
1981.77	8893.77
1982.76	8896.69
1983.74	8899.07
1984.72	8897.93
1985.71	8883.06
1986.69	8863.39
1987.67	8846.49
1988.66	8832.29
1989.64	8820.58
1990.62	8810.92
1991.61	8803.24
1992.59	8796.48
1993.57	8790.73
1994.56	8785.17
1995.54	8772.12
1996.52	8766.33
1997.5	8761.59
1998.49	8757.71
1999.47	8754.97
2000.45	8752.52
2001.43	8752.69
2002.41	8744.11
2003.39	8732.7
2004.38	8718.06
2005.36	8689.58
2006.34	8692.86
2007.32	8692
2008.3	8683.32
2009.28	8667.9
2010.26	8652.49
2011.24	8644.23
2012.22	8635.94
2013.2	8627.05
2014.18	8618.75
2015.16	8611.01
2016.14	8604.17
2017.12	8598.17
2018.1	8592.95
2019.07	8588.42
2020.05	8584.67
2021.03	8581.74
2022.01	8579.39
2022.99	8574.93
2023.97	8564.77
2024.95	8552.06
2025.92	8540
2026.9	8529.29
2027.88	8521.02
2028.86	8515
2029.83	8509.94
2030.81	8514.56
2031.79	8517.37
2032.76	8505.39
2033.74	8495.63
2034.72	8484.71
2035.69	8465.57
2036.67	8448.83
2037.65	8434.91
2038.62	8423.16
2039.6	8413.49
2040.57	8405.85
2041.55	8401.43
2042.52	8398.87
2043.5	8398.35
2044.47	8398.6
2045.45	8396.69
2046.42	8396.38
2047.4	8385.37
2048.37	8365.64
2049.35	8335.4
2050.32	8282.7
2051.29	8285.52
2052.27	8299.46
2053.24	8313.88
2054.21	8326.34
2055.19	8337.59
2056.16	8339.82
2057.13	8312.29
2058.11	8297
2059.08	8280.09
2060.05	8263.15
2061.02	8250.97
2062	8241.92
2062.97	8233.54
2063.94	8225.9
2064.91	8218.46
2065.89	8208.96
2066.86	8191.97
2067.83	8176.81
2068.8	8177.99
2069.77	8175.66
2070.74	8164.94
2071.71	8143.23
2072.68	8123.66
2073.65	8108.96
2074.62	8096.78
2075.59	8088.12
2076.56	8082.98
2077.53	8081.83
2078.5	8083.84
2079.47	8088.96
2080.44	8095.92
2081.41	8086.78
2082.38	8082.47
2083.35	8059.15
2084.32	8038.79
2085.29	8014.41
2086.26	7998.45
2087.23	7993.4
2088.19	7996.29
2089.16	8003.23
2090.13	7999.07
2091.1	7997.74
2092.07	7990.98
2093.03	7982.82
2094	7979.32
2094.97	7971.64
2095.94	7970.16
2096.9	7966.31
2097.87	7960.93
2098.84	7945.68
2099.8	7930.13
2100.77	7918.67
2101.74	7906.39
2102.7	7904.01
2103.67	7899.97
2104.63	7892.75
2105.6	7881.95
2106.56	7869.54
2107.53	7856.06
2108.49	7841.99
2109.46	7827.71
2110.42	7813.46
2111.39	7809.77
2112.35	7808.46
2113.32	7807.66
2114.28	7806.62
2115.25	7803.74
2116.21	7801.2
2117.17	7797.97
2118.14	7794.11
2119.1	7789.6
2120.07	7784.24
2121.03	7777.79
2121.99	7767.71
2122.96	7757.51
2123.92	7739.28
2124.88	7706.55
2125.84	7701.93
2126.81	7700.43
2127.77	7705.33
2128.73	7701.97
2129.69	7695.93
2130.65	7688.48
2131.62	7680.11
2132.58	7670.25
2133.54	7659.54
2134.5	7648.83
2135.46	7639.18
2136.42	7628.14
2137.38	7616.65
2138.34	7585.48
2139.3	7569.89
2140.26	7560.23
2141.22	7576.84
2142.18	7587.28
2143.14	7579.96
2144.1	7570.43
2145.06	7560.36
2146.02	7549.23
2146.98	7539.1
2147.94	7530.33
2148.9	7523.44
2149.86	7519.66
2150.82	7519.37
2151.78	7520.02
2152.74	7519.75
2153.69	7515.22
2154.65	7510.02
2155.61	7503.08
2156.57	7494.63
2157.53	7484.52
2158.48	7472.78
2159.44	7459.38
2160.4	7440.71
2161.36	7425.05
2162.31	7416.92
2163.27	7416.66
2164.23	7417.4
2165.18	7416.04
2166.14	7407.98
2167.1	7402.31
2168.05	7393.27
2169.01	7383.19
2169.96	7369.59
2170.92	7349.19
2171.88	7317
2172.83	7282.71
2173.79	7256.21
2174.74	7233.63
2175.7	7215.49
2176.65	7254.05
2177.6	7219.57
2178.56	7209.97
2179.51	7203.9
2180.47	7200.39
2181.42	7192.22
2182.38	7181.16
2183.33	7170.16
2184.28	7162.45
2185.24	7155.59
2186.19	7150.32
2187.14	7146.15
2188.1	7143.96
2189.05	7143.14
2190	7143.91
2190.96	7145.19
2191.91	7142.49
2192.86	7134.45
2193.81	7123.01
2194.76	7101.74
2195.72	7079.31
2196.67	7070.84
2197.62	7064.98
2198.57	7063.39
2199.52	7064.95
2200.47	7060.09
2201.43	7048.34
2202.38	7041.04
2203.33	7033.82
2204.28	7022.2
2205.23	7018.03
2206.18	7017.01
2207.13	7011.04
2208.08	7000.22
2209.03	6988.68
2209.98	6976.69
2210.93	6963.13
2211.88	6958.25
2212.83	6953.98
2213.78	6951.52
2214.73	6951.45
2215.67	6951.16
2216.62	6950.53
2217.57	6944.24
2218.52	6937.22
2219.47	6921.2
2220.42	6906.15
2221.37	6904.06
2222.31	6895.25
2223.26	6893.67
2224.21	6897.67
2225.16	6897.43
2226.1	6892.1
2227.05	6888.64
2228	6881.75
2228.94	6876.01
2229.89	6870.88
2230.84	6865.72
2231.78	6860.59
2232.73	6855
2233.68	6849.12
2234.62	6843.02
2235.57	6836.61
2236.51	6829.6
2237.46	6821.96
2238.41	6813.75
2239.35	6804.55
2240.3	6798.57
2241.24	6795.79
2242.19	6802.65
2243.13	6809.58
2244.07	6782.16
2245.02	6794.78
2245.96	6808.73
2246.91	6805.64
2247.85	6800.27
2248.8	6792.95
2249.74	6785
2250.68	6776.15
2251.63	6766.69
2252.57	6757.53
2253.51	6748.94
2254.46	6742.14
2255.4	6736.83
2256.34	6733.3
2257.28	6732.14
2258.23	6733.6
2259.17	6720.97
2260.11	6711.76
2261.05	6708.56
2262	6712.18
2262.94	6717.28
2263.88	6720.59
2264.82	6721.9
2265.76	6721.55
2266.7	6719.13
2267.64	6715.29
2268.58	6710.06
2269.53	6703.57
2270.47	6696.26
2271.41	6689.42
2272.35	6692.85
2273.29	6699.33
2274.23	6694.36
2275.17	6689.54
2276.11	6682.42
2277.05	6685.18
2277.99	6686.84
2278.93	6678.59
2279.86	6664.56
2280.8	6650.19
2281.74	6637.11
2282.68	6630.84
2283.62	6639.98
2284.56	6641.98
2285.5	6641.35
2286.44	6643
2287.37	6645.94
2288.31	6649.27
2289.25	6652.43
2290.19	6654.24
2291.12	6653.66
2292.06	6647.72
2293	6638.21
2293.94	6624.66
2294.87	6612.6
2295.81	6603.31
2296.75	6600.64
2297.68	6601.64
2298.62	6601.24
2299.55	6598.12
2300.49	6593.92
2301.43	6589.47
2302.36	6584.32
2303.3	6578.6
2304.23	6572.23
2305.17	6563.63
2306.1	6550.1
2307.04	6538.41
2307.98	6527.27
2308.91	6517.43
2309.84	6510.19
2310.78	6513.96
2311.71	6519.47
2312.65	6521.41
2313.58	6521.76
2314.52	6520.51
2315.45	6517.3
2316.38	6512.21
2317.32	6506.25
2317.72	6503.21
2318.66	6497.44
2319.6	6491.63
2320.54	6486.52
2321.48	6485.01
2322.41	6482.9
2323.35	6468.45
2324.29	6453.34
2325.23	6440.23
2326.16	6428.63
2327.1	6419.29
2328.04	6411.45
2328.97	6406.07
2329.91	6402.22
2330.85	6400.22
2331.78	6398.44
2332.72	6387.4
2333.66	6373.86
2334.59	6363.09
2335.53	6349.25
2336.46	6349.28
2337.4	6391.56
2338.33	6410.36
2339.27	6386.51
2340.2	6352
2341.14	6324.93
2342.07	6330.99
2343.01	6328.52
2343.94	6326.97
2344.88	6326.91
2345.81	6328.48
2346.75	6331.6
2347.68	6330.74
2348.61	6327.34
2349.55	6321.4
2350.48	6314.19
2351.41	6305.29
2352.35	6295.75
2353.28	6286.09
2354.21	6277.29
2355.15	6279.03
2356.08	6282.42
2357.01	6285.86
2357.94	6288.22
2358.88	6287.01
2359.81	6283.68
2360.74	6278.21
2361.67	6269.89
2362.6	6261.33
2363.54	6253.39
2364.47	6246.53
2365.4	6241.89
2366.33	6237.44
2367.26	6234.03
2368.19	6231.53
2369.12	6230.14
2370.05	6229.41
2370.98	6227.83
2371.91	6225.07
2372.84	6221.11
2373.77	6215.33
2374.7	6209.96
2375.63	6200.91
2376.56	6189.8
2377.49	6180.99
2378.42	6174.86
2379.35	6180.47
2380.28	6183.69
2381.21	6180.96
2382.14	6168.28
2383.07	6161.78
2384	6155.54
2384.92	6152.24
2385.85	6151.11
2386.78	6151.66
2387.71	6154.75
2388.64	6148.64
2389.56	6133.82
2390.49	6120.89
2391.42	6113.3
2392.35	6106.67
2393.27	6101.42
2394.2	6097.6
2395.13	6095.67
2396.05	6095.06
2396.98	6095.7
2397.91	6097.07
2398.83	6099.62
2399.76	6103
2400.69	6104.41
2401.61	6101.11
2402.54	6082.44
2403.46	6065.81
2404.39	6058.33
2405.31	6053.93
2406.24	6050.49
2407.17	6048.11
2408.09	6044.87
2409.01	6039.03
2409.94	6033.81
2410.86	6028.72
2411.79	6024.32
2412.71	6019.72
2413.64	6018.05
2414.56	6018.21
2415.49	6013.97
2416.41	6004.4
2417.33	5969.82
2418.26	5948.78
2419.18	5920.35
2420.1	5972.62
2421.03	5958.68
2421.95	5939.92
2422.87	5924.22
2423.79	5914.09
2424.72	5907.18
2425.64	5930.32
2426.56	5927.07
2427.48	5924.42
2428.41	5922.45
2429.33	5919.58
2430.25	5912.78
2431.17	5901.73
2432.09	5890.55
2433.01	5879.78
2433.93	5872.31
2434.86	5866.22
2435.78	5861.28
2436.7	5859.48
2437.62	5863.24
2438.54	5865.57
2439.46	5863.92
2440.38	5846.69
2441.3	5824.48
2442.22	5800.2
2443.14	5798.06
2444.06	5795.59
2444.98	5795.68
2445.9	5795.11
2446.82	5792.66
2447.73	5787.57
2448.65	5777.58
2449.57	5766.48
2450.49	5749.93
2451.41	5743.23
2452.33	5736.76
2453.25	5732.79
2454.17	5732.1
2455.08	5730.73
2456	5728.94
2456.92	5726.65
2457.84	5723.8
2458.75	5720.43
2459.67	5716.26
2460.59	5709.08
2461.51	5699.17
2462.42	5687.22
2463.34	5676.42
2464.26	5666.96
2465.17	5662.55
2466.09	5660.42
2467	5661.75
2467.92	5665.51
2468.84	5670.22
2469.75	5675.18
2470.67	5667.03
2471.58	5651.55
2472.5	5636.26
2473.42	5623.77
2474.33	5607.23
2475.25	5592.74
2476.16	5583.98
2477.08	5578.83
2477.99	5577.45
2478.9	5580.12
2479.82	5586.23
2480.73	5596.41
2481.65	5610.94
2482.56	5629.96
2483.47	5623.54
2484.39	5612.23
2485.3	5604.44
2486.22	5596.84
2487.13	5588.61
2488.04	5580.33
2488.96	5572.12
2489.87	5563.98
2490.78	5556.08
2491.69	5548.05
2492.61	5542.61
2493.52	5547.92
2494.43	5556.04
2495.34	5558.34
2496.25	5565.14
2497.17	5575.31
2498.08	5573.08
2498.99	5568.18
2499.9	5547.05
2500.81	5525.29
2501.72	5514.59
2502.63	5512.37
2503.55	5520.66
2504.46	5522.55
2505.37	5522.01
2506.28	5521.89
2507.19	5518.58
2508.1	5507.53
2509.01	5493.56
2509.92	5484.29
2510.83	5481.4
2511.74	5477.53
2512.65	5475.71
2513.56	5474.94
2514.47	5474.66
2515.37	5472.6
2516.28	5468.34
2517.19	5459.98
2518.1	5451.6
2519.01	5442.4
2519.92	5438.37
2520.83	5437.06
2521.73	5436.27
2522.64	5433.38
2523.55	5429.82
2524.46	5425.56
2525.37	5420.55
2526.27	5414.64
2527.18	5407.95
2528.09	5400.45
2529	5392.18
2529.9	5383.33
2530.81	5374.1
2531.72	5370.02
2532.62	5379.89
2533.53	5390.51
2534.44	5395.05
2535.34	5396.49
2536.25	5394.19
2537.15	5388.43
2538.06	5379.1
2538.96	5366.15
2539.87	5360
2540.78	5351.01
2541.68	5347.05
2542.59	5340.77
2543.49	5334.63
2544.4	5326.73
2545.3	5319.92
2546.21	5313.56
2547.11	5307.44
2548.01	5301.53
2548.92	5294.54
2549.82	5285.54
2550.73	5278.94
2551.63	5274.36
2552.53	5271.72
2553.44	5268.02
2554.34	5264.61
2555.24	5261.44
2556.15	5259.16
2557.05	5256.79
2557.95	5254.01
2558.86	5248.81
2559.76	5235.22
2560.66	5216.96
2561.56	5200.67
2562.46	5186.65
2563.37	5181.7
2564.27	5178.73
2565.17	5175.5
2566.07	5172.38
2566.97	5169.1
2567.88	5166.33
2568.78	5163.28
2569.68	5161.77
2570.58	5160.18
2571.48	5159.28
2572.38	5158.22
2573.28	5156.63
2574.18	5153.79
2575.08	5146.02
2575.98	5136.74
2576.88	5126.75
2577.78	5113.99
2578.68	5108.63
2579.58	5109.77
2580.48	5111.54
2581.38	5113
2582.28	5114.62
2583.18	5103.08
2584.08	5083.35
2584.98	5071.82
2585.88	5066.44
2586.77	5067.68
2587.67	5073.39
2588.57	5092.71
2589.47	5081.45
2590.37	5075.73
2591.27	5068.48
2592.16	5054.2
2593.06	5036.82
2593.96	5017.69
2594.86	5001.45
2595.75	4989.41
2596.65	4981.41
2597.55	4975.71
2598.45	4971.91
2599.34	4970.38
2600.24	4969.42
2601.13	4968.66
2602.03	4967.35
2602.93	4964.82
2603.82	4962.31
2604.72	4959.18
2605.62	4955.65
2606.51	4951.56
2607.41	4947.66
2608.3	4945.75
2609.2	4944.92
2610.09	4944.09
2610.99	4943.43
2611.88	4942.69
2612.78	4942.16
2613.67	4939.61
2614.57	4934.03
2615.46	4929.46
2616.36	4924.48
2617.25	4919.46
2618.14	4914.14
2619.04	4908.9
2619.93	4903.72
2620.83	4898.74
2621.72	4894.15
2622.61	4889.76
2623.5	4885.73
2624.4	4882.02
2625.29	4877.34
2626.18	4872.79
2627.08	4856.69
2627.97	4849.36
2628.86	4841.04
2629.75	4834.53
2630.65	4830.84
2631.54	4827.62
2632.43	4822.86
2633.32	4816.4
2634.21	4810.62
2635.11	4804.24
2636	4795.39
2636.89	4785.71
2637.78	4762.65
2638.67	4737.08
2639.56	4741.39
2640.45	4752.95
2641.34	4760.26
2642.23	4773.03
2643.12	4739.71
2644.01	4727.46
2644.9	4720.03
2645.79	4713.67
2646.68	4707.97
2647.57	4702.9
2648.46	4700.47
2649.35	4698.41
2650.24	4705.94
2651.13	4710.2
2652.02	4701.26
2652.91	4679.17
2653.8	4653.7
2654.69	4636.3
2655.58	4651
2656.46	4670.59
2657.35	4667.86
2658.24	4665.98
2659.13	4665.16
2660.02	4661.57
2660.9	4653.38
2661.79	4644.86
2662.68	4636.9
2663.57	4628.33
2664.45	4621.94
2665.34	4616.27
2666.23	4611.88
2667.11	4608.63
2668	4606.71
2668.89	4605.89
2669.77	4605.98
2670.66	4605.17
2671.55	4594.81
2672.43	4586.3
2673.32	4582.7
2674.21	4576.63
2675.09	4576.86
2675.98	4580.78
2676.86	4584.74
2677.75	4579.9
2678.63	4569.51
2679.52	4557.62
2680.4	4542.14
2681.29	4525.7
2682.17	4514.28
2683.06	4502.81
2683.94	4502.56
2684.82	4497.95
2685.71	4494.6
2686.59	4489.73
2687.48	4482.4
2688.36	4473.47
2689.24	4458.53
2690.13	4442.57
2691.01	4434.98
2691.89	4435.18
2692.78	4444.38
2693.66	4453.96
2694.54	4456.27
2695.43	4462.3
2696.31	4454.24
2697.19	4445.05
2698.07	4436.89
2698.96	4429.39
2699.84	4426.54
2700.72	4422.63
2701.6	4419.39
2702.48	4415.2
2703.36	4409.78
2704.25	4404.75
2705.13	4399.44
2706.01	4394.03
2706.89	4389.89
2707.77	4386.4
2708.65	4384.37
2709.53	4381.57
2710.41	4378.19
2711.29	4374.37
2712.17	4366.11
2713.05	4354.48
2713.93	4342.61
2714.81	4335.22
2715.69	4338.11
2716.57	4340.57
2717.45	4343.51
2718.33	4346
2719.21	4344.13
2720.09	4327.43
2720.97	4315.59
2721.85	4305.91
2722.73	4294.62
2723.61	4290.42
2724.48	4293.7
2725.36	4301.7
2726.24	4306.88
2727.12	4304.44
2728	4299.33
2728.88	4295.08
2729.75	4290.34
2730.63	4287.05
2731.51	4283.82
2732.39	4281.17
2733.26	4279.06
2734.14	4277.42
2735.02	4276.31
2735.89	4274.95
2736.77	4267.72
2737.65	4257.35
2738.52	4248.28
2739.4	4239.9
2740.28	4232.74
2741.15	4232.23
2742.03	4226.3
2742.9	4222.35
2743.78	4212.96
2744.65	4200.64
2745.53	4191.71
2746.41	4187.56
2747.28	4184.54
2748.16	4183.16
2749.03	4183.33
2749.91	4182.92
2750.78	4184.45
2751.66	4185.36
2752.53	4188.08
2753.4	4190.28
2754.28	4190.89
2755.15	4189.91
2756.02	4186.68
2756.9	4182.05
2757.77	4175.3
2758.65	4166.85
2759.52	4155.96
2760.39	4144.01
2761.27	4134.66
2762.14	4127.05
2763.01	4129.29
2763.88	4131.84
2764.76	4127.49
2765.63	4125.62
2766.5	4114.19
2767.37	4105.79
2768.25	4102.15
2769.12	4101.9
2769.99	4105.63
2770.86	4112.19
2771.73	4114.45
2772.61	4114.42
2773.48	4086.59
2774.35	4068.56
2775.22	4070.92
2776.09	4080.33
2776.96	4089.86
2777.83	4098.08
2778.7	4072.98
2779.57	4062.97
2780.44	4054.07
2781.31	4045.2
2782.18	4036.35
2783.05	4030.4
2783.92	4025.5
2784.79	4021.74
2785.66	4021.68
2786.53	4022.15
2787.4	4021.65
2788.27	4020.49
2789.14	4017.62
2790.01	4013.9
2790.88	4008.88
2791.75	4002.91
2792.62	3995.53
2793.48	3987.09
2794.35	3977.5
2795.22	3967.74
2796.09	3961.41
2796.96	3957.59
2797.82	3966.76
2798.69	3973.44
2799.56	3977.85
2800.43	3978.93
2801.29	3975.28
2802.16	3967.69
2803.03	3949.86
2803.9	3942.14
2804.76	3936.57
2805.63	3932.15
2806.5	3929.46
2807.36	3926.26
2808.23	3922.94
2809.09	3919.49
2809.96	3916.11
2810.83	3912.64
2811.69	3909.06
2812.56	3905.21
2813.42	3896.24
2814.29	3886.76
2815.15	3881.14
2816.02	3874.02
2816.88	3871.8
2817.75	3870.11
2818.61	3870.24
2819.48	3870.78
2820.34	3871.45
2821.21	3871.81
2822.07	3868.45
2822.94	3865.42
2823.8	3861.52
2824.66	3856.71
2825.53	3850.76
2826.39	3843.9
2827.26	3837.43
2828.12	3833.44
2828.98	3831.53
2829.85	3831.48
2830.71	3833.21
2831.57	3836.59
2832.43	3841.34
2833.3	3847.07
2834.16	3848.01
2835.02	3844.43
2835.88	3836.22
2836.75	3823.96
2837.61	3810.67
2838.47	3801.15
2839.33	3791.23
2840.19	3780.95
2841.06	3778.83
2841.92	3780.14
2842.78	3789.81
2843.64	3799.39
2844.5	3802.61
2845.36	3797.23
2846.22	3787.76
2847.08	3779.51
2847.94	3772.74
2848.81	3761.78
2849.67	3758.75
2850.53	3755.47
2851.39	3741.53
2852.25	3728.84
2853.11	3763.23
2853.97	3766.94
2854.82	3770.05
2855.68	3769.98
2856.54	3766.11
2857.4	3759.51
2858.26	3753.32
2859.12	3745.47
2859.98	3735.29
2860.84	3723.69
2861.7	3712.45
2862.56	3702.78
2863.41	3699.33
2864.27	3694.57
2865.13	3692.82
2865.99	3691.84
2866.85	3690.9
2867.7	3689.99
2868.56	3688.2
2869.42	3686.11
2870.28	3683.71
2871.13	3680.62
2871.99	3677.17
2872.85	3673.57
2873.7	3669.85
2874.56	3669.13
2875.42	3675.26
2876.27	3673.9
2877.13	3670.37
2877.99	3657.72
2878.84	3640.84
2879.7	3644.16
2880.56	3641.96
2881.41	3650.48
2882.27	3630.29
2883.12	3620.67
2883.98	3615.21
2884.83	3611.72
2885.69	3609.27
2886.54	3605.12
2887.4	3604.39
2888.25	3609.43
2889.11	3608.81
2889.96	3607.39
2890.82	3600.39
2891.67	3592.6
2892.52	3589.95
2893.38	3591.71
2894.23	3594.35
2895.09	3591.87
2895.94	3590.09
2896.79	3586.76
2897.65	3578.64
2898.5	3573.71
2899.35	3568.5
2900.21	3566.95
2901.06	3571.82
2901.91	3568.82
2902.76	3563.92
2903.62	3558.56
2904.47	3550.65
2905.32	3535.08
2906.17	3516.96
2907.03	3504.67
2907.88	3496.66
2908.73	3492.68
2909.58	3494.42
2910.43	3497.2
2911.28	3500.24
2912.14	3502.94
2912.99	3507.83
2913.84	3503.77
2914.69	3494.16
2915.54	3482.83
2916.39	3470.72
2917.24	3466.4
2918.09	3467.65
2918.94	3469.77
2919.79	3475.05
2920.64	3482.78
2921.49	3495.12
2922.34	3486.48
2923.19	3464.04
2924.04	3444.99
2924.89	3438.94
2925.74	3439.28
2926.59	3441.26
2927.44	3447.52
2928.29	3446.56
2929.14	3442.74
2929.98	3434.06
2930.83	3420.32
2931.68	3412.47
2932.53	3404.12
2933.38	3399.3
2934.23	3400.35
2935.07	3396.22
2935.92	3387.33
2936.77	3376.64
2937.62	3370.08
2938.47	3368.96
2939.31	3369.96
2940.16	3371.69
2941.01	3372.71
2941.85	3372.81
2942.7	3372.08
2943.55	3370.7
2944.39	3368.63
2945.24	3365.84
2946.09	3360.27
2946.93	3351.76
2947.78	3339.97
2948.63	3330.71
2949.47	3324.09
2950.32	3319.8
2951.16	3317.65
2952.01	3317.03
2952.85	3319.89
2953.7	3321.97
2954.55	3317.56
2955.39	3309.32
2956.24	3299.99
2957.08	3292.59
2957.92	3286.93
2958.77	3288.04
2959.61	3290.43
2960.46	3293.9
2961.3	3298.18
2962.15	3302.82
2962.99	3299.61
2963.83	3295.85
2964.68	3289.88
2965.52	3282.6
2966.37	3272.34
2967.21	3270.03
2968.05	3269.53
2968.9	3271.51
2969.74	3275.63
2970.58	3283.4
2971.42	3284.26
2972.27	3280.77
2973.11	3278.39
2973.95	3274.87
2974.79	3270.44
2975.64	3267.38
2976.48	3264.34
2977.32	3260.11
2978.16	3252.69
2979	3241.67
2979.85	3232.64
2980.69	3227.49
2981.53	3225.74
2982.37	3221.56
2983.21	3216.24
2984.05	3209.77
2984.89	3201.53
2985.73	3198.95
2986.57	3196.82
2987.41	3195.99
2988.25	3202.33
2989.1	3209.65
2989.94	3212.61
2990.77	3212.08
2991.62	3212.5
2992.45	3211.18
2993.29	3210.09
2994.13	3208.01
2994.97	3205.24
2995.81	3201.52
2996.65	3196.86
2997.49	3190.56
2998.33	3172.78
2999.17	3151.26
