200.833	11996.5
202.102	12005.6
203.371	12030.8
204.639	12048.2
205.907	12065.2
207.175	12083.1
208.442	12081.4
209.71	12081.1
210.977	12080.2
212.244	12085.4
213.511	12093.2
214.777	12102.6
216.042	12114
217.309	12127.9
218.575	12140.1
219.84	12152.3
221.106	12163.1
222.371	12175.5
223.635	12192
224.9	12213.3
226.165	12239.7
227.429	12270.6
228.694	12304.6
229.956	12338.8
231.22	12372
232.484	12402.5
233.747	12431.1
235.011	12457.1
236.272	12480.4
237.535	12500.7
238.798	12516.8
240.06	12531.5
241.321	12546.3
242.583	12560.2
243.845	12579.4
245.105	12602.8
246.367	12626
247.628	12648.6
248.888	12670
250.149	12686.7
251.409	12691.2
252.67	12694.1
253.928	12695.5
255.189	12685.5
256.447	12638.3
257.707	12656.5
258.966	12685.3
260.224	12720.3
261.483	12760.2
262.742	12783.6
263.999	12786.8
265.257	12768.6
266.514	12739.9
267.772	12665.3
269.028	12798.2
270.286	12878.6
271.543	12875.6
272.799	12868.8
274.056	12869.1
275.311	12874.5
276.568	12884.1
277.823	12894.4
279.079	12912.5
280.333	12934.4
281.589	12957.5
282.843	12981
284.099	12995.3
285.352	13008.9
286.607	13019.7
287.86	13025.5
289.114	13028.1
290.368	13026.7
291.621	13023.4
292.875	13066.1
294.127	13111.1
295.38	13151.9
296.632	13164.9
297.884	13169
299.137	13163.3
300.388	13152.8
301.641	13153
302.891	13152.6
304.142	13152.9
305.394	13153.5
306.644	13155.7
307.894	13158.3
309.146	13164.9
310.395	13184.1
311.645	13213.5
312.895	13226.1
314.144	13229.1
315.393	13227.2
316.642	13251.6
317.892	13271.6
319.14	13286.6
320.388	13298.6
321.637	13308.3
322.885	13316.3
324.132	13322.1
325.38	13324.7
326.628	13315.9
327.875	13298.2
329.122	13357
330.368	13402.8
331.614	13412.1
332.862	13407.4
334.108	13405.6
335.353	13407.7
336.599	13413
337.844	13420.7
339.089	13432.2
340.335	13444.4
341.58	13457.8
342.824	13469.5
344.068	13486.5
345.312	13505.5
346.556	13526.6
347.8	13548.5
349.043	13573.2
350.286	13590.7
351.53	13598.7
352.774	13597.4
354.016	13592.5
355.259	13586.7
356.501	13584.7
357.743	13584.3
358.985	13584.7
360.227	13586.1
361.468	13589.3
362.709	13593.6
363.95	13599.2
365.191	13604.3
366.432	13607.1
367.672	13606.1
368.912	13602.8
370.152	13599
371.392	13594.7
372.632	13594.1
373.871	13594.5
375.11	13600.4
376.348	13611.2
377.587	13630.1
378.825	13650
380.064	13680.1
381.302	13711.9
382.54	13739.9
383.778	13758.9
385.016	13756.3
386.253	13749
387.489	13738.6
388.726	13738
389.963	13743.1
391.199	13754.2
392.436	13771.1
393.672	13788.4
394.907	13799.5
396.142	13810.5
397.378	13817.5
398.614	13823.4
399.849	13830
401.082	13840.6
402.317	13851
403.552	13860.7
404.786	13877.1
406.019	13889.5
407.253	13896.8
408.487	13902.9
409.721	13905.5
410.953	13908.4
412.186	13912.6
413.419	13915.8
414.651	13918.5
415.883	13920.8
417.116	13922.4
418.347	13923.6
419.579	13924.6
420.811	13926.6
422.041	13930.2
423.272	13936.7
424.504	13948.1
425.733	13963.4
426.964	13975.5
428.194	13985
429.424	13978.8
430.654	13970.9
431.883	13964.6
433.113	13959.1
434.341	13966.8
435.571	13981.8
436.799	13995.5
438.028	14010.8
439.257	14026
440.484	14041.8
441.713	14056.2
442.94	14068.9
444.168	14079.9
445.394	14087.6
446.622	14093.5
447.848	14095
449.076	14094.1
450.301	14092.2
451.528	14089.9
452.754	14090.5
453.979	14092.2
455.205	14095.1
456.43	14098.5
457.656	14102.8
458.88	14106.2
460.106	14110.8
461.33	14115
462.554	14117.9
463.779	14119.5
465.002	14120.5
466.225	14121.4
467.45	14122
468.672	14121.9
469.895	14121.6
471.119	14121
472.341	14120.6
473.563	14120.9
474.786	14121.6
476.008	14124.5
477.229	14128.8
478.452	14137.2
479.673	14143.9
480.894	14145.8
482.115	14138.5
483.337	14130.1
484.557	14125.6
485.777	14117.9
486.997	14112.1
488.218	14097.3
489.438	14082.2
490.657	14073
491.876	14071.2
493.096	14078.8
494.315	14084.4
495.533	14090.6
496.752	14097.2
497.97	14104.3
499.188	14111.1
500.407	14116.3
501.625	14115.6
502.842	14084.7
504.059	14077.2
505.276	14094.7
506.493	14134.5
507.71	14169.5
508.926	14159.2
510.142	14127.4
511.358	14144.2
512.575	14164
513.791	14174.2
515.006	14178.2
516.222	14181.2
517.437	14185.7
518.651	14191
519.866	14196.9
521.081	14205.1
522.295	14218
523.509	14233.6
524.723	14248.2
525.937	14258.8
527.15	14264.8
528.363	14267.1
529.576	14262.6
530.789	14253.5
532.002	14241.7
533.215	14233
534.426	14243.3
535.638	14256.2
536.85	14270.3
538.061	14291.2
539.273	14310
540.484	14318.4
541.695	14321.6
542.906	14320.8
544.117	14316
545.327	14307.1
546.537	14295.6
547.747	14291.1
548.957	14292.5
550.167	14297.8
551.377	14306.4
552.585	14317.8
553.794	14333.1
555.003	14348.6
556.212	14347.1
557.421	14336.9
558.628	14323
559.836	14308.5
561.044	14292.2
562.252	14278.4
563.458	14270.7
564.666	14267.2
565.873	14267.4
567.08	14272.4
568.286	14286.8
569.493	14303
570.699	14318.1
571.904	14327.6
573.111	14335.3
574.317	14341.6
575.521	14347.7
576.727	14350.5
577.932	14351.6
579.136	14343.6
580.341	14329.8
581.544	14326
582.749	14341.2
583.954	14415.8
585.156	14393.4
586.361	14374.5
587.563	14357.4
588.767	14343.1
589.97	14325.8
591.172	14305.5
592.375	14309.9
593.577	14329.8
594.78	14350.2
595.981	14364.9
597.183	14375
598.384	14380.8
599.586	14382.8
600.786	14380.1
601.988	14373.3
603.188	14361.8
604.389	14346.1
605.589	14326.3
606.79	14304.5
607.989	14292.1
609.188	14293.8
610.389	14297.9
611.587	14302.6
612.787	14295.8
613.986	14287.6
615.184	14278.5
616.383	14267.1
617.581	14252.9
618.78	14241.9
619.977	14236.9
621.174	14257.1
622.373	14287.3
623.57	14238.7
624.766	14187.5
625.964	14128.3
627.16	14114.7
628.356	14182.8
629.554	14238.1
630.749	14218.2
631.945	14190.1
633.14	14145.9
634.337	14130.4
635.532	14136.9
636.726	14135.4
637.921	14131.6
639.117	14125.4
640.311	14122.1
641.505	14118.5
642.699	14116.5
643.892	14118.4
645.087	14122.5
646.28	14136.5
647.473	14149
648.666	14160.2
649.859	14169.2
651.051	14156.5
652.245	14141.6
653.437	14141.1
654.629	14138.9
655.821	14158.8
657.012	14172.3
658.204	14178.3
659.395	14177.6
660.586	14170
661.777	14157.3
662.967	14143.8
664.158	14127.6
665.349	14131.1
666.539	14138.4
667.729	14154
668.919	14178.6
670.109	14192.5
671.298	14186.1
672.487	14177.2
673.676	14172.5
674.865	14173.9
676.053	14180.5
677.242	14192.3
678.43	14207.9
679.616	14219.5
680.804	14226.6
681.992	14229.2
683.179	14226.8
684.366	14220.7
685.554	14200.9
686.74	14189.7
687.927	14179.4
689.114	14159.3
690.3	14159.8
691.486	14159.1
692.671	14157.8
693.856	14155.9
695.042	14152.8
696.227	14136.9
697.413	14134.7
698.598	14133.6
699.781	14156.7
700.966	14172.6
702.15	14171.4
703.334	14161.6
704.518	14142
705.701	14133.7
706.885	14123.3
708.068	14115.3
709.252	14109.8
710.433	14106.5
711.616	14103.7
712.799	14100.7
713.98	14095.7
715.163	14084.4
716.345	14074.1
717.527	14063.3
718.707	14051.1
719.889	14037.5
721.071	14026.5
722.25	14022.5
723.432	14030.9
724.611	14049.9
725.792	14073.6
726.972	14095.7
728.151	14119.4
729.332	14131
730.512	14129.1
731.69	14115
732.87	14096.3
734.048	14068
735.227	14045.7
736.405	14042.7
737.584	14047.2
738.761	14064.4
739.94	14079.6
741.117	14091.4
742.295	14098.3
743.471	14101.3
744.649	14104.4
745.825	14107.3
747.003	14110.5
748.179	14114.7
749.356	14119
750.531	14122.7
751.708	14126
752.883	14127.9
754.059	14128.5
755.234	14127.5
756.409	14125.1
757.585	14121.7
758.759	14119.4
759.934	14120.1
761.108	14118.3
762.282	14116
763.456	14101.9
764.63	14088.8
765.803	14079.1
766.977	14071.2
768.15	14064.9
769.323	14060
770.496	14055.2
771.668	14052.8
772.841	14044.4
774.014	14028.5
775.185	14014.9
776.357	14002.4
777.528	13992
778.701	13982.9
779.872	13975.1
781.042	13968.2
782.213	13961.5
783.383	13956.9
784.555	13949.1
785.725	13938
786.895	13923
788.064	13905.6
789.234	13893.9
790.404	13890.5
791.573	13887.4
792.742	13884.6
793.911	13881.8
795.08	13877.6
796.248	13870.1
797.416	13862.4
798.584	13853.6
799.753	13843.3
800.921	13832
802.088	13821.4
803.256	13819.3
804.423	13834.8
805.59	13874
806.756	13886.3
807.923	13849.3
809.089	13828
810.256	13824.6
811.422	13828
812.587	13849.3
813.753	13877.2
814.918	13822.4
816.084	13757.2
817.249	13798.3
818.414	13831.6
819.578	13856.3
820.743	13866.5
821.907	13867.3
823.072	13863.1
824.236	13827.4
825.399	13832.8
826.562	13834.7
827.725	13835.4
828.889	13846.1
830.052	13864.2
831.215	13885.9
832.377	13899.7
833.54	13907.5
834.701	13905.9
835.863	13901.4
837.025	13888.5
838.187	13870.5
839.349	13845.6
840.51	13822.1
841.67	13831.7
842.831	13847.1
843.992	13853
845.153	13851
846.312	13819.6
847.473	13807.6
848.633	13802.2
849.793	13797.3
850.951	13809.5
852.111	13821.8
853.27	13828.4
854.428	13829.6
855.588	13824.4
856.747	13814.9
857.904	13798.3
859.063	13776.6
860.221	13748.7
861.378	13718.2
862.536	13701.5
863.694	13718.9
864.85	13710.5
866.008	13700.2
867.164	13687.7
868.321	13674.1
869.478	13659.6
870.633	13645.4
871.79	13632.1
872.945	13619.3
874.101	13606.6
875.256	13594.5
876.412	13582.7
877.566	13571.5
878.722	13559.8
879.876	13552
881.031	13568.6
882.185	13553.4
883.34	13531.4
884.493	13472
885.647	13447.5
886.8	13450.1
887.954	13447.5
889.107	13460.4
890.261	13474
891.413	13486.3
892.565	13496.8
893.718	13502.4
894.87	13495.7
896.023	13488.4
897.174	13466.7
898.326	13461
899.478	13468.4
900.629	13479.4
901.779	13489.8
902.931	13497.4
904.081	13497.8
905.231	13490.9
906.383	13487.2
907.532	13471.7
908.682	13468.9
909.831	13477.3
910.982	13482.7
912.131	13479.3
913.28	13467
914.429	13450.1
915.578	13441.4
916.727	13449.1
917.875	13490.4
919.023	13503.2
920.171	13521.4
921.32	13526.4
922.467	13517.3
923.614	13471.6
924.761	13450.8
925.908	13442.9
927.055	13448.4
928.203	13466.2
929.349	13480.2
930.496	13472.7
931.642	13469.7
932.787	13464.4
933.933	13456.2
935.079	13446
936.224	13433.4
937.369	13421.9
938.514	13412.1
939.659	13404.3
940.804	13408.7
941.948	13415.8
943.092	13433.7
944.236	13439.3
945.38	13437.8
946.524	13425.9
947.667	13409
948.811	13388.4
949.954	13370.2
951.097	13353.3
952.24	13341.3
953.383	13336.4
954.525	13344.7
955.667	13343.6
956.81	13333.9
957.952	13316.5
959.093	13289.4
960.235	13270.3
961.376	13263
962.516	13260.3
963.658	13259.4
964.798	13268.4
965.939	13280.2
967.08	13289.4
968.22	13265.9
969.359	13243.7
970.499	13218.3
971.639	13208.2
972.779	13208.1
973.918	13205.7
975.056	13195.8
976.195	13182.7
977.334	13181.9
978.473	13190.2
979.61	13195.2
980.749	13199.8
981.887	13204.3
983.024	13208.3
984.162	13212.5
985.3	13218.1
986.437	13223.1
987.573	13226.9
988.711	13228.6
989.848	13229.2
990.983	13226.6
992.12	13223.5
993.255	13218.9
994.392	13212.9
995.528	13206.2
996.662	13199.7
997.798	13196
998.933	13192.2
1000.07	13191.6
1001.2	13194.9
1002.34	13199.5
1003.47	13204
1004.61	13208.1
1005.74	13211
1006.87	13212.6
1008.01	13212.3
1009.14	13210.3
1010.27	13207.1
1011.41	13205
1012.54	13203.7
1013.67	13209
1014.81	13206.1
1015.94	13204
1017.07	13197.2
1018.2	13184.8
1019.33	13167.1
1020.47	13144.9
1021.6	13117
1022.73	13095.9
1023.86	13087.2
1024.99	13090.2
1026.12	13105.5
1027.25	13114.6
1028.38	13120.8
1029.51	13119.6
1030.64	13106.5
1031.77	13097.5
1032.9	13066.6
1034.03	13042.5
1035.16	13027.1
1036.29	13019.3
1037.42	13014.4
1038.55	13010.9
1039.67	13008.1
1040.8	13004.4
1041.93	12998.4
1043.06	12990.1
1044.19	12967.2
1045.31	12945.6
1046.44	12927.9
1047.57	12913.8
1048.69	12900.5
1049.82	12894.6
1050.95	12899.8
1052.08	12916.3
1053.2	12928.2
1054.33	12936.9
1055.45	12930
1056.58	12913.8
1057.7	12888.7
1058.83	12869.9
1059.95	12855.3
1061.08	12845.1
1062.2	12838.2
1063.33	12835.3
1064.45	12835.7
1065.58	12840.1
1066.7	12846.9
1067.83	12848.6
1068.95	12843.5
1070.07	12820.9
1071.2	12801.2
1072.32	12786.3
1073.44	12775.4
1074.56	12769.2
1075.69	12767
1076.81	12769.4
1077.93	12775.8
1079.05	12785.9
1080.17	12798.3
1081.3	12804
1082.42	12823
1083.54	12825.1
1084.66	12820.9
1085.78	12788.3
1086.9	12782.7
1088.02	12780.9
1089.14	12785.3
1090.26	12793.5
1091.38	12799.3
1092.5	12799.2
1093.62	12799.5
1094.74	12798.8
1095.86	12797.3
1096.98	12794.8
1098.1	12791.8
1099.22	12788.3
1100.34	12784.5
1101.45	12781
1102.57	12777.9
1103.69	12773.7
1104.81	12765.3
1105.93	12753.6
1107.04	12738
1108.16	12735.9
1109.28	12754.6
1110.4	12761.4
1111.51	12762.5
1112.63	12762.8
1113.75	12753.2
1114.86	12738.3
1115.98	12717.4
1117.09	12692.4
1118.21	12664.9
1119.32	12637.2
1120.44	12635.9
1121.55	12642.1
1122.67	12632.1
1123.78	12620.5
1124.9	12605.8
1126.01	12587.8
1127.13	12573
1128.24	12561.1
1129.35	12559.4
1130.47	12557.9
1131.58	12552.5
1132.7	12544.5
1133.81	12532.7
1134.92	12518.2
1136.03	12477.6
1137.15	12436.5
1138.26	12409.8
1139.37	12390.4
1140.48	12383.2
1141.59	12400.6
1142.71	12400.2
1143.82	12396.2
1144.93	12376.5
1146.04	12370.2
1147.15	12362.1
1148.26	12356.4
1149.37	12351.3
1150.48	12348.4
1151.59	12348.5
1152.7	12351.9
1153.81	12360.2
1154.92	12372.3
1156.03	12386.9
1157.14	12406
1158.25	12327.7
1159.36	12205.2
1160.47	12234.2
1161.58	12243.3
1162.68	12263.1
1163.79	12284.5
1164.9	12289
1166.01	12291.7
1167.12	12290.4
1168.22	12286.6
1169.33	12281.4
1170.44	12276.4
1171.55	12281.7
1172.65	12284.5
1173.76	12287.9
1174.87	12291
1175.97	12294.6
1177.08	12297.8
1178.18	12300
1179.29	12302.1
1180.4	12292.8
1181.5	12278.7
1182.61	12270.2
1183.71	12265.5
1184.82	12264.7
1185.92	12267.6
1187.02	12274.6
1188.13	12284.6
1189.23	12297.5
1190.34	12313.2
1191.44	12331.4
1192.54	12344.2
1193.65	12331
1194.75	12307.3
1195.85	12266
1196.96	12251.4
1198.06	12241.3
1199.16	12234.8
1200.26	12236
1201.37	12246.4
1202.47	12259.5
1203.57	12268.3
1204.67	12270.6
1205.77	12269.9
1206.87	12267
1207.97	12260.8
1209.08	12248.7
1210.18	12236
1211.28	12223.6
1212.38	12218.9
1213.48	12216.1
1214.58	12216.2
1215.68	12219.1
1216.78	12224.6
1217.88	12231.2
1218.98	12223.7
1220.07	12203.8
1221.17	12188.8
1222.27	12174.6
1223.37	12164.4
1224.47	12159.4
1225.57	12162
1226.66	12168.7
1227.76	12163.2
1228.86	12149.7
1229.96	12138.7
1231.06	12131.8
1232.15	12127.4
1233.25	12125.6
1234.35	12129.1
1235.44	12135
1236.54	12139.1
1237.63	12140.1
1238.73	12114.2
1239.83	12080
1240.92	12049.6
1242.02	12024.4
1243.11	12002
1244.21	11986.4
1245.3	11978.2
1246.4	11978.1
1247.49	11977.7
1248.59	11977.6
1249.68	11977
1250.78	11976.7
1251.87	11976.2
1252.96	11974
1254.06	11970
1255.15	11961.1
1256.24	11948.8
1257.34	11933.4
1258.43	11914.5
1259.52	11911
1260.62	11908.9
1261.71	11923.7
1262.8	11943.7
1263.89	11955.3
1264.98	11961.3
1266.08	11951.6
1267.17	11922.4
1268.26	11910.3
1269.35	11895.4
1270.44	11920.3
1271.53	11922.5
1272.62	11924
1273.71	11926.4
1274.8	11929.2
1275.89	11933
1276.98	11936.6
1278.07	11941
1279.16	11946.3
1280.25	11953.2
1281.34	11962.3
1282.43	11971.5
1283.52	11967.6
1284.61	11952
1285.69	11934.3
1286.78	11921.9
1287.87	11918.2
1288.96	11918.9
1290.05	11921.4
1291.13	11926.7
1292.22	11935.2
1293.31	11944.8
1294.4	11949.8
1295.48	11951.3
1296.57	11948.4
1297.66	11905.9
1298.74	11896.5
1299.83	11910.5
1300.92	11932.3
1302	11925.3
1303.09	11923
1304.17	11917.8
1305.26	11915.4
1306.34	11905.2
1307.43	11901.9
1308.51	11900
1309.6	11900
1310.68	11901.1
1311.76	11902.9
1312.85	11904.2
1313.93	11898.1
1315.02	11886.6
1316.1	11879.1
1317.18	11872.3
1318.27	11864.3
1319.35	11855
1320.43	11852.4
1321.52	11854.1
1322.6	11848.7
1323.68	11841.6
1324.76	11830.8
1325.85	11824.3
1326.93	11818.1
1328.01	11810.7
1329.09	11802.5
1330.17	11792.1
1331.25	11783.2
1332.33	11775.5
1333.41	11770.4
1334.49	11766.4
1335.58	11763.3
1336.65	11760.5
1337.74	11757.8
1338.82	11753.9
1339.89	11752
1340.97	11754.2
1342.05	11760.1
1343.13	11756.7
1344.21	11747.9
1345.29	11725.8
1346.37	11711.4
1347.45	11693.5
1348.53	11671.1
1349.6	11666.5
1350.68	11665.6
1351.76	11667.3
1352.84	11669.8
1353.92	11673.5
1354.99	11677.1
1356.07	11680.8
1357.15	11684.7
1358.22	11673
1359.3	11664.7
1360.38	11666
1361.45	11665.7
1362.53	11668.5
1363.61	11670.1
1364.68	11671.8
1365.76	11673.3
1366.83	11675.5
1367.91	11677.8
1368.98	11681.3
1370.06	11681.6
1371.13	11675
1372.21	11663.7
1373.28	11646.9
1374.35	11634.9
1375.43	11622.6
1376.5	11612.8
1377.58	11603.8
1378.65	11597.3
1379.72	11599.6
1380.8	11614
1381.87	11631.9
1382.94	11644.3
1384.01	11652.1
1385.09	11655.4
1386.16	11638.5
1387.23	11619.3
1388.3	11601.8
1389.38	11587.1
1390.45	11576.1
1391.52	11569.1
1392.59	11565.7
1393.66	11563.2
1393.92	11561.7
1395	11560.9
1396.07	11558.9
1397.15	11556.4
1398.22	11553
1399.3	11548.8
1400.38	11544.1
1401.45	11538
1402.53	11530.8
1403.6	11523.4
1404.68	11515.9
1405.75	11509.3
1406.82	11505.7
1407.9	11507.8
1408.97	11524.5
1410.05	11526.2
1411.12	11513.9
1412.19	11484.7
1413.27	11453
1414.34	11425.6
1415.41	11405.9
1416.49	11391.2
1417.56	11384.4
1418.63	11385.2
1419.7	11389.7
1420.78	11394.2
1421.85	11396.1
1422.92	11396.9
1423.99	11398.2
1425.06	11399.6
1426.14	11401.9
1427.21	11405.4
1428.28	11409.3
1429.35	11414.1
1430.42	11418.3
1431.49	11421.3
1432.56	11420.7
1433.63	11417.5
1434.7	11410.4
1435.77	11399.8
1436.84	11385.1
1437.91	11368.4
1438.98	11359.3
1440.05	11353.4
1441.12	11350.1
1442.18	11344
1443.25	11328.4
1444.32	11318.7
1445.39	11301.8
1446.46	11295.3
1447.53	11302.1
1448.59	11320.8
1449.66	11349.6
1450.73	11357.2
1451.8	11352.9
1452.86	11341.4
1453.93	11320.9
1455	11297.5
1456.06	11282.7
1457.13	11273.2
1458.2	11271
1459.26	11271.5
1460.33	11269.2
1461.39	11263.4
1462.46	11252.9
1463.52	11248.2
1464.59	11254.1
1465.65	11258.5
1466.72	11261
1467.78	11260.2
1468.85	11259.5
1469.91	11260
1470.98	11262.6
1472.04	11266.2
1473.1	11271.6
1474.17	11279.5
1475.23	11289.7
1476.3	11302.8
1477.36	11319.2
1478.42	11283.4
1479.48	11244.1
1480.55	11215.9
1481.61	11241.3
1482.67	11259.3
1483.73	11256.9
1484.8	11246.4
1485.86	11241.4
1486.92	11237.1
1487.98	11232.4
1489.04	11226.2
1490.1	11219.3
1491.17	11211.9
1492.23	11203.9
1493.29	11195.7
1494.35	11187.2
1495.41	11178.8
1496.47	11172.2
1497.53	11168.4
1498.59	11183.7
1499.65	11189.2
1500.71	11186.2
1501.77	11172.3
1502.83	11149.9
1503.88	11134.8
1504.94	11122
1506	11109
1507.06	11097.1
1508.12	11087
1509.18	11079.6
1510.23	11074.5
1511.29	11072.5
1512.35	11073.8
1513.41	11071
1514.47	11066.1
1515.52	11058.2
1516.58	11048.1
1517.64	11036.1
1518.69	11022.2
1519.75	11024.8
1520.81	11039.6
1521.86	11029.8
1522.92	11018.2
1523.97	11004.2
1525.03	10992.4
1526.08	10981.3
1527.14	10976.8
1528.2	10972.6
1529.25	10969.6
1530.31	10967.3
1531.36	10966.3
1532.42	10962.6
1533.47	10956.5
1534.52	10946.4
1535.58	10920.5
1536.63	10903.6
1537.69	10908.6
1538.74	10909.7
1539.79	10914.8
1540.84	10928.7
1541.9	10935
1542.95	10931.1
1544	10926.1
1545.06	10918.3
1546.11	10909.1
1547.16	10899.8
1548.21	10892.6
1549.27	10886.1
1550.32	10880.1
1551.37	10875.5
1552.42	10872
1553.47	10869.9
1554.52	10869.9
1555.57	10872.1
1556.62	10873.6
1557.67	10873.9
1558.72	10872.3
1559.77	10871
1560.82	10867.4
1561.87	10864.2
1562.92	10861.4
1563.97	10862.4
1565.02	10866.8
1566.07	10869.7
1567.12	10873.2
1568.17	10876.6
1569.22	10880
1570.27	10882.7
1571.32	10884.3
1572.36	10885.1
1573.41	10886
1574.46	10885
1575.51	10882.6
1576.56	10877.3
1577.6	10868.8
1578.65	10862.4
1579.7	10855.2
1580.74	10846.7
1581.79	10837.5
1582.84	10827.3
1583.88	10818
1584.93	10822.3
1585.98	10845.8
1587.02	10834.3
1588.07	10765.8
1589.11	10695.4
1590.16	10791.1
1591.2	10788.9
1592.25	10774.8
1593.29	10769.9
1594.34	10753.6
1595.38	10733.7
1596.43	10723.5
1597.47	10726.1
1598.52	10723.8
1599.56	10719.3
1600.6	10710.9
1601.65	10697.4
1602.69	10679.7
1603.73	10660
1604.78	10642.1
1605.82	10625.6
1606.86	10611.5
1607.91	10607.9
1608.95	10604.7
1609.99	10606.9
1611.03	10611.8
1612.08	10616.4
1613.12	10619.5
1614.16	10619.4
1615.2	10615.6
1616.24	10608.6
1617.28	10599.3
1618.32	10587.1
1619.36	10572.1
1620.41	10553.8
1621.45	10541.2
1622.49	10538.9
1623.53	10535.1
1624.57	10526
1625.61	10518.7
1626.65	10508.2
1627.69	10496.7
1628.73	10483.5
1629.76	10469.4
1630.8	10454.1
1631.84	10444.9
1632.88	10452.7
1633.92	10450.6
1634.96	10450.9
1636	10442.9
1637.03	10419.9
1638.07	10401.7
1639.11	10396.1
1640.15	10397.1
1641.19	10397.3
1642.22	10405.3
1643.26	10416.5
1644.3	10414.3
1645.33	10400.2
1646.37	10380
1647.41	10365
1648.44	10350.5
1649.48	10337.6
1650.52	10326.6
1651.55	10318
1652.59	10311.7
1653.62	10307.5
1654.66	10306
1655.69	10306.8
1656.73	10335
1657.76	10353.5
1658.8	10331.8
1659.83	10267.7
1660.87	10281.8
1661.9	10287.9
1662.93	10293.4
1663.97	10302.2
1665	10309.9
1666.04	10314.6
1667.07	10313.5
1668.1	10297.2
1669.14	10283.7
1670.17	10270.7
1671.2	10256.9
1672.23	10247.1
1673.27	10243.4
1674.3	10244.3
1675.33	10248
1676.36	10244.8
1677.39	10238.6
1678.43	10229
1679.46	10219.7
1680.49	10207.5
1681.52	10196.1
1682.55	10186.2
1683.58	10180.7
1684.61	10183.7
1685.64	10175.2
1686.67	10166.2
1687.7	10157.5
1688.73	10150.8
1689.76	10145.5
1690.79	10141.2
1691.82	10137.9
1692.85	10136.2
1693.88	10135.8
1694.91	10136.1
1695.94	10136.1
1696.97	10133.2
1698	10129.8
1699.02	10125.9
1700.05	10119.9
1701.08	10110.4
1702.11	10098.6
1703.14	10089.7
1704.16	10082
1705.19	10078.6
1706.22	10076.2
1707.25	10075.3
1708.27	10074.7
1709.3	10073.9
1710.33	10072.4
1711.35	10069
1712.38	10062.7
1713.41	10054.2
1714.43	10044.5
1715.46	10033.2
1716.48	10021.8
1717.51	10011.2
1718.53	10001.2
1719.56	9991.53
1720.58	9982.56
1721.61	9974.54
1722.63	9968.44
1723.66	9964.94
1724.68	9963.02
1725.71	9963.34
1726.73	9960.13
1727.75	9955.16
1728.78	9943.12
1729.8	9923.35
1730.83	9896.17
1731.85	9873.16
1732.87	9857.93
1733.89	9876.69
1734.92	9861.08
1735.94	9854.44
1736.96	9852.64
1737.98	9851.33
1739.01	9850.08
1740.03	9847.53
1741.05	9844.44
1742.07	9839.25
1743.09	9831.3
1744.12	9820.19
1745.14	9808.72
1746.16	9797.28
1747.18	9787.25
1748.2	9780.58
1749.22	9776.75
1750.24	9780.85
1751.26	9784.3
1752.28	9787.57
1753.3	9783.21
1754.32	9760.98
1755.34	9747.89
1756.36	9729.26
1757.38	9722.44
1758.4	9718.23
1759.42	9721.88
1760.44	9729
1761.45	9736.72
1762.47	9739.72
1763.49	9739.01
1764.51	9737.28
1765.53	9731.85
1766.55	9723.78
1767.56	9712.16
1768.58	9696.99
1769.6	9676.31
1770.61	9653.29
1771.63	9634.65
1772.65	9622.78
1773.67	9619.05
1774.68	9626.89
1775.7	9638.54
1776.72	9638.58
1777.73	9628.56
1778.75	9616.81
1779.76	9602.7
1780.78	9585.12
1781.79	9571.57
1782.81	9567.77
1783.83	9567.78
1784.84	9574.35
1785.85	9578.38
1786.87	9575.36
1787.88	9569.62
1788.9	9561.48
1789.91	9551.28
1790.93	9543.13
1791.94	9535.06
1792.95	9554.27
1793.97	9575.25
1794.98	9574.63
1796	9562.53
1797.01	9546.88
1798.02	9539.31
1799.03	9535.64
1800.05	9524.11
1801.06	9511.69
1802.07	9497.78
1803.08	9483.64
1804.1	9471.03
1805.11	9459.53
1806.12	9455.28
1807.13	9447.28
1808.14	9433.67
1809.15	9420.13
1810.17	9406.44
1811.18	9399.16
1812.19	9390.96
1813.2	9384.89
1814.21	9379.54
1815.22	9375.84
1816.23	9373.37
1817.24	9367.08
1818.25	9350.71
1819.26	9330.56
1820.27	9318.21
1821.28	9311.54
1822.29	9305.68
1823.3	9300.72
1824.3	9296.47
1825.31	9284.98
1826.32	9271.2
1827.33	9257.37
1828.34	9245.18
1829.35	9240.69
1830.35	9237.62
1831.36	9237.74
1832.37	9243.07
1833.38	9247.63
1834.38	9229.57
1835.39	9215.53
1836.4	9206.14
1837.41	9202.44
1838.41	9200.66
1839.42	9198.84
1840.43	9197.58
1841.43	9193.71
1842.44	9187.17
1843.44	9177.41
1844.45	9159.15
1845.46	9138.7
1846.46	9118.75
1847.47	9101.5
1848.47	9094.53
1849.48	9098.24
1850.48	9101.05
1851.49	9097.63
1852.49	9088.83
1853.49	9081.52
1854.5	9076.81
1855.5	9071.74
1856.51	9066.88
1857.51	9062.47
1858.51	9058.96
1859.52	9054.97
1860.52	9048.45
1861.52	9038.04
1862.53	9029.53
1863.53	9023.67
1864.53	9019.61
1865.54	9016.17
1866.54	9015.04
1867.54	9015.03
1868.54	9016.21
1869.54	9016.88
1870.55	9012.64
1871.55	8996.19
1872.55	8980.89
1873.55	8955.83
1874.55	8937.82
1875.55	8923.05
1876.55	8919.73
1877.55	8922.67
1878.55	8925.64
1879.55	8926.32
1880.56	8919.45
1881.55	8912.23
1882.56	8903.98
1883.55	8895.96
1884.55	8882.39
1885.55	8868.97
1886.55	8859.16
1887.55	8850.38
1888.55	8847.09
1889.55	8851.54
1890.55	8862.62
1891.55	8871.54
1892.55	8873.01
1893.54	8867.84
1894.54	8854.48
1895.54	8833.46
1896.54	8812.77
1897.54	8802.62
1898.53	8801.33
1899.53	8803.05
1900.53	8805.68
1901.52	8802.38
1902.52	8793.98
1903.52	8779.73
1904.51	8755.13
1905.51	8721.62
1906.51	8705.87
1907.5	8702.8
1908.5	8700.71
1909.49	8697.44
1910.49	8693.67
1911.49	8689.56
1912.48	8685.69
1913.48	8681.95
1914.47	8678.58
1915.46	8676.82
1916.46	8675.14
1917.45	8675.78
1918.45	8676.09
1919.44	8675.41
1920.44	8669.15
1921.43	8653.06
1922.43	8631.81
1923.42	8613.06
1924.41	8599.31
1925.41	8591.64
1926.4	8586.93
1927.39	8583.94
1928.38	8582.29
1929.38	8578.17
1930.37	8574.41
1931.36	8570.46
1932.35	8566.7
1933.35	8562.5
1934.34	8557.58
1935.33	8550.1
1936.32	8529.71
1937.31	8504.11
1938.3	8490.14
1939.29	8482.45
1940.29	8477.84
1941.28	8478.64
1942.27	8478.27
1943.26	8473.77
1944.25	8468.55
1945.24	8461.29
1946.23	8451.51
1947.22	8440.05
1948.21	8425.42
1949.2	8408.87
1950.19	8389.08
1951.18	8371.18
1952.17	8369.73
1953.16	8366.48
1954.14	8366.99
1955.13	8369.18
1956.12	8363.03
1957.11	8349.8
1958.1	8333.01
1959.09	8317.43
1960.07	8301.04
1961.06	8292.3
1962.05	8291.57
1963.04	8295.98
1964.02	8299.41
1965.01	8301.44
1966	8297.95
1966.99	8292.1
1967.97	8283.5
1968.96	8271.67
1969.95	8256.94
1970.93	8238.81
1971.92	8219.37
1972.9	8203.36
1973.89	8194.29
1974.88	8186.91
1975.86	8181.94
1976.85	8179
1977.83	8178.3
1978.82	8179.73
1979.8	8177.53
1980.79	8172.02
1981.77	8162.42
1982.76	8156.1
1983.74	8154.23
1984.72	8153.91
1985.71	8154.01
1986.69	8152.92
1987.67	8147.04
1988.66	8139.94
1989.64	8131.33
1990.62	8119.75
1991.61	8107.12
1992.59	8094.81
1993.57	8084.12
1994.56	8082.11
1995.54	8079.8
1996.52	8068.35
1997.5	8057.66
1998.49	8043.06
1999.47	8027.55
2000.45	8014.63
2001.43	8005.29
2002.41	7998.1
2003.39	7992.76
2004.38	7989.88
2005.36	7988.8
2006.34	7990.28
2007.32	7993.94
2008.3	7998.77
2009.28	8003.34
2010.26	8003.27
2011.24	7997.79
2012.22	7989.11
2013.2	7977.2
2014.18	7964.49
2015.16	7952.02
2016.14	7944.87
2017.12	7942.41
2018.1	7941.97
2019.07	7944.1
2020.05	7946.53
2021.03	7948.2
2022.01	7943.37
2022.99	7937.06
2023.97	7927.9
2024.95	7916.03
2025.92	7901.29
2026.9	7883.47
2027.88	7862.94
2028.86	7841.35
2029.83	7821.72
2030.81	7803.76
2031.79	7791.08
2032.76	7783.83
2033.74	7791.77
2034.72	7802.91
2035.69	7793.53
2036.67	7785.49
2037.65	7776.9
2038.62	7759.82
2039.6	7745.96
2040.57	7733.49
2041.55	7732.26
2042.52	7729.14
2043.5	7736.82
2044.47	7734.08
2045.45	7715.85
2046.42	7699.88
2047.4	7689.68
2048.37	7683.12
2049.35	7684.38
2050.32	7678.15
2051.29	7664.81
2052.27	7642.09
2053.24	7621.41
2054.21	7602.24
2055.19	7586.85
2056.16	7580.04
2057.13	7588.63
2058.11	7597.07
2059.08	7604.62
2060.05	7606.06
2061.02	7598.22
2062	7578.4
2062.97	7556.15
2063.94	7531.45
2064.91	7521.57
2065.89	7521.85
2066.86	7529.57
2067.83	7548.32
2068.8	7550.52
2069.77	7555.66
2070.74	7547.09
2071.71	7523.33
2072.68	7507.03
2073.65	7502.54
2074.62	7500.2
2075.59	7490.89
2076.56	7477.7
2077.53	7464.3
2078.5	7453.1
2079.47	7444.53
2080.44	7435.51
2081.41	7428.35
2082.38	7422.63
2083.35	7418.12
2084.32	7412.09
2085.29	7405.09
2086.26	7398.44
2087.23	7390.34
2088.19	7381.61
2089.16	7371.65
2090.13	7358.56
2091.1	7341.74
2092.07	7326.74
2093.03	7309.29
2094	7295.23
2094.97	7292.8
2095.94	7292.29
2096.9	7293.57
2097.87	7296.14
2098.84	7292.44
2099.8	7282.01
2100.77	7266.77
2101.74	7250.34
2102.7	7238.61
2103.67	7233.73
2104.63	7235.78
2105.6	7232.44
2106.56	7231.42
2107.53	7227.6
2108.49	7217.78
2109.46	7210.07
2110.42	7203.98
2111.39	7199.77
2112.35	7197.53
2113.32	7197
2114.28	7196.61
2115.25	7170.04
2116.21	7164.62
2117.17	7161.68
2118.14	7158.85
2119.1	7157.28
2120.07	7152.05
2121.03	7146.41
2121.99	7139.52
2122.96	7131.31
2123.92	7121.91
2124.88	7111.29
2125.84	7099.69
2126.81	7087.43
2127.77	7075.51
2128.73	7067.28
2129.69	7065.62
2130.65	7076.7
2131.62	7090.39
2132.58	7097.13
2133.54	7092.35
2134.5	7073.13
2135.46	7059.36
2136.42	7044.65
2137.38	7023.48
2138.34	7009.68
2139.3	7003.85
2140.26	7001.03
2141.22	7003.03
2142.18	7006.96
2143.14	7003.71
2144.1	6993.73
2145.06	6979.74
2146.02	6965.38
2146.98	6951.5
2147.94	6944.3
2148.9	6937.82
2149.86	6931.98
2150.82	6926.23
2151.78	6920.48
2152.74	6913.66
2153.69	6907.27
2154.65	6900.83
2155.61	6894.52
2156.57	6887.6
2157.53	6873.5
2158.48	6854.2
2159.44	6838.56
2160.4	6822.42
2161.36	6807.02
2162.31	6800.49
2163.27	6810.95
2164.23	6818.43
2165.18	6822.61
2166.14	6809.35
2167.1	6787.7
2168.05	6763.46
2169.01	6748.67
2169.96	6735.48
2170.92	6723.13
2171.88	6712.11
2172.83	6702.88
2173.79	6694.98
2174.74	6686.44
2175.7	6676.73
2176.65	6663.81
2177.6	6651.93
2178.56	6639.94
2179.51	6627.3
2180.47	6614.74
2181.42	6611.5
2182.38	6614.7
2183.33	6610.85
2184.28	6600.71
2185.24	6585.84
2186.19	6575.51
2187.14	6566.01
2188.1	6555.94
2189.05	6547.25
2190	6538.57
2190.96	6531.5
2191.91	6525.72
2192.86	6524.22
2193.81	6535.62
2194.76	6537.16
2195.72	6533.88
2196.67	6525.82
2197.62	6513.32
2198.57	6496.58
2199.52	6484.12
2200.47	6474.91
2201.43	6469.24
2202.38	6477.66
2203.33	6478.75
2204.28	6467.36
2205.23	6452.76
2206.18	6435.79
2207.13	6424.19
2208.08	6414.62
2209.03	6412.09
2209.98	6410.59
2210.93	6407.83
2211.88	6404.37
2212.83	6400.05
2213.78	6395.13
2214.73	6389.7
2215.67	6383.51
2216.62	6376.72
2217.57	6369.07
2218.52	6361.1
2219.47	6356.25
2220.42	6352.87
2221.37	6355.03
2222.31	6349.49
2223.26	6345.56
2224.21	6336.4
2225.16	6327.29
2226.1	6313.48
2227.05	6305.19
2228	6300.88
2228.94	6298.55
2229.89	6300.25
2230.84	6292.56
2231.78	6275.03
2232.73	6249.71
2233.68	6277.48
2234.62	6292.89
2235.57	6283.3
2236.51	6284.35
2237.46	6279.31
2238.41	6286.9
2239.35	6292.53
2240.3	6294.69
2241.24	6293.83
2242.19	6289.68
2243.13	6282.77
2244.07	6298.49
2245.02	6260.94
2245.96	6199.31
2246.91	6216.89
2247.85	6226.15
2248.8	6236.73
2249.74	6229.67
2250.68	6217.19
2251.63	6203.49
2252.57	6197.53
2253.51	6189.27
2254.46	6197.81
2255.4	6200.55
2256.34	6203.29
2257.28	6205.36
2258.23	6207.36
2259.17	6204.72
2260.11	6200.23
2261.05	6192.17
2262	6175.66
2262.94	6161.56
2263.88	6149.83
2264.82	6144.06
2265.76	6144.98
2266.7	6151.65
2267.64	6156.58
2268.58	6163.98
2269.53	6173.11
2270.47	6177.68
2271.41	6180.57
2272.35	6186.81
2273.29	6180.72
2274.23	6171.39
2275.17	6158.36
2276.11	6143.12
2277.05	6133.66
2277.99	6133.09
2278.93	6135.64
2279.86	6133.15
2280.8	6114.25
2281.74	6100.4
2282.68	6085.75
2283.62	6083.69
2284.56	6110.24
2285.5	6112.49
2286.44	6106.79
2287.37	6102.14
2288.31	6100.44
2289.25	6100.13
2290.19	6098.72
2291.12	6098.04
2292.06	6095.51
2293	6091.19
2293.94	6086.48
2294.87	6085.16
2295.81	6085.1
2296.75	6083.54
2297.68	6081.01
2298.62	6075.56
2299.55	6066.54
2300.49	6054.75
2301.43	6041.37
2302.36	6026.73
2303.3	6018.45
2304.23	6018.68
2305.17	6019.15
2306.1	6019.9
2307.04	6018.54
2307.98	6014.33
2308.91	6009.08
2309.84	6003.29
2310.78	5997.01
2311.71	5991.03
2312.65	5985.9
2313.58	5981.12
2314.52	5976.65
2315.45	5971.8
2316.38	5966.5
2317.32	5960.78
2317.72	5958.59
2318.66	5954.25
2319.6	5949.94
2320.54	5946.42
2321.48	5946.8
2322.41	5954.19
2323.35	5953.73
2324.29	5951.48
2325.23	5947.97
2326.16	5940.96
2327.1	5932.02
2328.04	5921.03
2328.97	5908.07
2329.91	5893.27
2330.85	5876.61
2331.78	5857.2
2332.72	5839.42
2333.66	5839.11
2334.59	5841.04
2335.53	5835.29
2336.46	5829.15
2337.4	5824.82
2338.33	5821
2339.27	5817.89
2340.2	5815.89
2341.14	5814.81
2342.07	5815.1
2343.01	5816.13
2343.94	5817.81
2344.88	5818.7
2345.81	5813.56
2346.75	5801.88
2347.68	5791.07
2348.61	5781.77
2349.55	5775.83
2350.48	5771.4
2351.41	5773.16
2352.35	5766.9
2353.28	5753.91
2354.21	5733.18
2355.15	5715.01
2356.08	5700.12
2357.01	5698.02
2357.94	5703.92
2358.88	5712.84
2359.81	5722.44
2360.74	5732.64
2361.67	5741.2
2362.6	5731.58
2363.54	5712.16
2364.47	5700.11
2365.4	5693.41
2366.33	5717.83
2367.26	5737.52
2368.19	5724.37
2369.12	5709.97
2370.05	5695.37
2370.98	5688.23
2371.91	5689.35
2372.84	5711.06
2373.77	5702.31
2374.7	5692.83
2375.63	5683.93
2376.56	5675.42
2377.49	5667.4
2378.42	5659.33
2379.35	5653.86
2380.28	5652.23
2381.21	5653.71
2382.14	5653.36
2383.07	5648.65
2384	5644.27
2384.92	5639.83
2385.85	5635.49
2386.78	5631.11
2387.71	5627.03
2388.64	5625.43
2389.56	5623.85
2390.49	5622.54
2391.42	5621.48
2392.35	5618.83
2393.27	5614.24
2394.2	5608.14
2395.13	5602.33
2396.05	5600.54
2396.98	5602.06
2397.91	5600.39
2398.83	5590.54
2399.76	5582.82
2400.69	5572.05
2401.61	5563.67
2402.54	5556.73
2403.46	5551.68
2404.39	5547.26
2405.31	5544.43
2406.24	5542.59
2407.17	5541.77
2408.09	5541.47
2409.01	5542.55
2409.94	5542.69
2410.86	5543.34
2411.79	5535.71
2412.71	5524.79
2413.64	5515.95
2414.56	5508.53
2415.49	5504.91
2416.41	5503.26
2417.33	5503.38
2418.26	5503.4
2419.18	5503.21
2420.1	5501.57
2421.03	5495.39
2421.95	5487.28
2422.87	5477.69
2423.79	5459.45
2424.72	5441.04
2425.64	5421.5
2426.56	5409.51
2427.48	5411.7
2428.41	5423.09
2429.33	5425.65
2430.25	5418.35
2431.17	5413.15
2432.09	5407.09
2433.01	5397.84
2433.93	5387.25
2434.86	5376.16
2435.78	5366.83
2436.7	5357.56
2437.62	5349.41
2438.54	5344.23
2439.46	5340.04
2440.38	5337.36
2441.3	5336.36
2442.22	5337.6
2443.14	5339.34
2444.06	5341.57
2444.98	5342.89
2445.9	5344.95
2446.82	5341.76
2447.73	5335.96
2448.65	5328.68
2449.57	5315.71
2450.49	5301.5
2451.41	5286.67
2452.33	5272.92
2453.25	5266.7
2454.17	5260.96
2455.08	5257.69
2456	5244.63
2456.92	5234.08
2457.84	5226.03
2458.75	5220.67
2459.67	5218.25
2460.59	5219.79
2461.51	5200.84
2462.42	5192.34
2463.34	5186.46
2464.26	5179.21
2465.17	5178.39
2466.09	5178.81
2467	5181.38
2467.92	5182.01
2468.84	5182.01
2469.75	5181.29
2470.67	5179.68
2471.58	5177.18
2472.5	5175.36
2473.42	5173.5
2474.33	5173.55
2475.25	5171.18
2476.16	5168.06
2477.08	5163.42
2477.99	5153.63
2478.9	5144.14
2479.82	5133.59
2480.73	5122.21
2481.65	5110.68
2482.56	5112.61
2483.47	5115.88
2484.39	5130.94
2485.3	5139.23
2486.22	5142.84
2487.13	5111.27
2488.04	5102.57
2488.96	5113.4
2489.87	5116.94
2490.78	5104.63
2491.69	5082.09
2492.61	5064.54
2493.52	5047.72
2494.43	5056.15
2495.34	5096.86
2496.25	5059.18
2497.17	5062.92
2498.08	5060.35
2498.99	5060.58
2499.9	5062.63
2500.81	5048.95
2501.72	5042.49
2502.63	5032.12
2503.55	5033.43
2504.46	5045.12
2505.37	5053.08
2506.28	5055.56
2507.19	5046.04
2508.1	5024.13
2509.01	5000.18
2509.92	4985.23
2510.83	5002.29
2511.74	5012.06
2512.65	5018.66
2513.56	5024.81
2514.47	5026.01
2515.37	5018.13
2516.28	5009.56
2517.19	5000.05
2518.1	4989.85
2519.01	4981.45
2519.92	4981.92
2520.83	4982.23
2521.73	4983.84
2522.64	4989.78
2523.55	4994.01
2524.46	4986.87
2525.37	4972.93
2526.27	4957.98
2527.18	4941.63
2528.09	4925.69
2529	4922.19
2529.9	4920.43
2530.81	4922.54
2531.72	4929.06
2532.62	4937.33
2533.53	4943.66
2534.44	4946.05
2535.34	4944.68
2536.25	4940.45
2537.15	4933.15
2538.06	4922.48
2538.96	4908.58
2539.87	4891.18
2540.78	4870.73
2541.68	4863.83
2542.59	4896.02
2543.49	4899.13
2544.4	4899.73
2545.3	4874.63
2546.21	4858.98
2547.11	4851.26
2548.01	4842.6
2548.92	4834.36
2549.82	4827.57
2550.73	4823.43
2551.63	4820.9
2552.53	4820.34
2553.44	4820.16
2554.34	4819.82
2555.24	4816.3
2556.15	4811.98
2557.05	4806.28
2557.95	4799.11
2558.86	4790.45
2559.76	4780.08
2560.66	4769.12
2561.56	4760.88
2562.46	4765.52
2563.37	4778.73
2564.27	4776.52
2565.17	4777.58
2566.07	4744.89
2566.97	4746.36
2567.88	4739.7
2568.78	4733.75
2569.68	4729.15
2570.58	4725.27
2571.48	4721.9
2572.38	4718.37
2573.28	4712.81
2574.18	4706.64
2575.08	4700.05
2575.98	4692.99
2576.88	4685.68
2577.78	4677.78
2578.68	4670.88
2579.58	4664.69
2580.48	4659.41
2581.38	4655.23
2582.28	4652.21
2583.18	4651.15
2584.08	4650.89
2584.98	4648.51
2585.88	4644.68
2586.77	4639.37
2587.67	4632.73
2588.57	4625.38
2589.47	4616.71
2590.37	4606.72
2591.27	4595.62
2592.16	4584.72
2593.06	4575.46
2593.96	4571.3
2594.86	4587.55
2595.75	4594.32
2596.65	4596.08
2597.55	4594.5
2598.45	4583.03
2599.34	4569.93
2600.24	4558.08
2601.13	4553.48
2602.03	4551.09
2602.93	4549.61
2603.82	4548.71
2604.72	4548.44
2605.62	4547.65
2606.51	4533.15
2607.41	4525.92
2608.3	4522.56
2609.2	4524.34
2610.09	4530.09
2610.99	4536.78
2611.88	4541.42
2612.78	4543.15
2613.67	4543.36
2614.57	4536.46
2615.46	4528.64
2616.36	4513.13
2617.25	4498.63
2618.14	4485.66
2619.04	4471.92
2619.93	4461.58
2620.83	4455.62
2621.72	4451.57
2622.61	4449.65
2623.5	4449.81
2624.4	4452.26
2625.29	4455.1
2626.18	4453.16
2627.08	4447.76
2627.97	4436.89
2628.86	4428.67
2629.75	4427.12
2630.65	4431.31
2631.54	4433.35
2632.43	4432.12
2633.32	4429.07
2634.21	4415.84
2635.11	4388.78
2636	4371.99
2636.89	4357.91
2637.78	4347.74
2638.67	4340.66
2639.56	4336.66
2640.45	4335.44
2641.34	4338.52
2642.23	4344.4
2643.12	4353.22
2644.01	4357.88
2644.9	4342.3
2645.79	4303.3
2646.68	4299.49
2647.57	4295.41
2648.46	4291.77
2649.35	4284.92
2650.24	4279.27
2651.13	4276.78
2652.02	4276.29
2652.91	4276.47
2653.8	4278
2654.69	4274.63
2655.58	4270.49
2656.46	4265.26
2657.35	4258.93
2658.24	4250.88
2659.13	4242.31
2660.02	4235.7
2660.9	4237.32
2661.79	4233.73
2662.68	4234.4
2663.57	4228.32
2664.45	4219.5
2665.34	4221.54
2666.23	4224.82
2667.11	4227.78
2668	4226.44
2668.89	4225.63
2669.77	4221.32
2670.66	4213.54
2671.55	4202.58
2672.43	4187.85
2673.32	4177.01
2674.21	4171.31
2675.09	4176.25
2675.98	4176.57
2676.86	4172.21
2677.75	4169.27
2678.63	4165.64
2679.52	4160.32
2680.4	4153.85
2681.29	4146.77
2682.17	4139.81
2683.06	4133.96
2683.94	4129.67
2684.82	4127.84
2685.71	4120.78
2686.59	4114.51
2687.48	4108.43
2688.36	4102.56
2689.24	4100.25
2690.13	4099.01
2691.01	4098.6
2691.89	4095.08
2692.78	4082.88
2693.66	4060.97
2694.54	4041.11
2695.43	4059.63
2696.31	4059.48
2697.19	4055.24
2698.07	4048.87
2698.96	4041.79
2699.84	4028.57
2700.72	4019.61
2701.6	4009.1
2702.48	4004.11
2703.36	4003.11
2704.25	4008.62
2705.13	4008.26
2706.01	4008.63
2706.89	4004.37
2707.77	4001.06
2708.65	4002.49
2709.53	4004.06
2710.41	4001.25
2711.29	3996.65
2712.17	3991.17
2713.05	3985.96
2713.93	3980.41
2714.81	3974.24
2715.69	3968
2716.57	3961.82
2717.45	3956.03
2718.33	3950.67
2719.21	3946.34
2720.09	3943.58
2720.97	3941.57
2721.85	3940.15
2722.73	3938.8
2723.61	3936.76
2724.48	3932.02
2725.36	3933.38
2726.24	3934.62
2727.12	3934.66
2728	3934.21
2728.88	3931.45
2729.75	3928.36
2730.63	3919.44
2731.51	3910.65
2732.39	3901.89
2733.26	3893.73
2734.14	3890.74
2735.02	3888.15
2735.89	3886.28
2736.77	3884.85
2737.65	3876.84
2738.52	3868.32
2739.4	3861.26
2740.28	3857.64
2741.15	3854.04
2742.03	3852.15
2742.9	3852.34
2743.78	3857.95
2744.65	3854.26
2745.53	3847.83
2746.41	3840.24
2747.28	3835.73
2748.16	3830.39
2749.03	3826.48
2749.91	3823.68
2750.78	3821.08
2751.66	3817.81
2752.53	3814.27
2753.4	3809.97
2754.28	3805.9
2755.15	3803.35
2756.02	3801.43
2756.9	3800.15
2757.77	3799.34
2758.65	3799.54
2759.52	3800.11
2760.39	3798.38
2761.27	3795.2
2762.14	3784.45
2763.01	3771.67
2763.88	3692.82
2764.76	3764.89
2765.63	3768.85
2766.5	3773.47
2767.37	3773.83
2768.25	3771.6
2769.12	3768.57
2769.99	3763.47
2770.86	3756.37
2771.73	3747.68
2772.61	3737.69
2773.48	3726.98
2774.35	3721.98
2775.22	3719.21
2776.09	3721.49
2776.96	3721.3
2777.83	3720.91
2778.7	3719.14
2779.57	3713.48
2780.44	3701.6
2781.31	3694.72
2782.18	3694.42
2783.05	3697.77
2783.92	3693.08
2784.79	3688.11
2785.66	3682.47
2786.53	3675.81
2787.4	3667.58
2788.27	3661.07
2789.14	3659.06
2790.01	3658.31
2790.88	3656.09
2791.75	3651.66
2792.62	3647.67
2793.48	3643.83
2794.35	3640.17
2795.22	3636.53
2796.09	3633.13
2796.96	3631.45
2797.82	3629.92
2798.69	3628.03
2799.56	3625.46
2800.43	3620.81
2801.29	3616.33
2802.16	3611.77
2803.03	3606.13
2803.9	3600.51
2804.76	3595.16
2805.63	3590.46
2806.5	3586.41
2807.36	3582.81
2808.23	3579.76
2809.09	3577.17
2809.96	3574.99
2810.83	3573.32
2811.69	3568.81
2812.56	3563.24
2813.42	3557.72
2814.29	3552
2815.15	3546.52
2816.02	3541.22
2816.88	3536.29
2817.75	3532.29
2818.61	3529.38
2819.48	3528.34
2820.34	3528.34
2821.21	3529.33
2822.07	3530.18
2822.94	3530.31
2823.8	3528.97
2824.66	3524.21
2825.53	3519.77
2826.39	3515.27
2827.26	3510.4
2828.12	3505.89
2828.98	3502.83
2829.85	3500.76
2830.71	3499.83
2831.57	3499.42
2832.43	3499.65
2833.3	3498.34
2834.16	3497.05
2835.02	3497.42
2835.88	3498.09
2836.75	3498.76
2837.61	3498.97
2838.47	3497.62
2839.33	3484.11
2840.19	3468.27
2841.06	3461.85
2841.92	3457.33
2842.78	3468
2843.64	3476.37
2844.5	3464.07
2845.36	3461.48
2846.22	3461.15
2847.08	3459.42
2847.94	3456.6
2848.81	3451.94
2849.67	3445.01
2850.53	3435.51
2851.39	3428.75
2852.25	3423.71
2853.11	3419.64
2853.97	3416.22
2854.82	3413.6
2855.68	3411.73
2856.54	3410.68
2857.4	3410.68
2858.26	3410.11
2859.12	3407.82
2859.98	3401.55
2860.84	3395.49
2861.7	3390.87
2862.56	3386.83
2863.41	3381.59
2864.27	3380.44
2865.13	3379.67
2865.99	3379.14
2866.85	3377.93
2867.7	3374.98
2868.56	3371.12
2869.42	3366.81
2870.28	3361.88
2871.13	3356.83
2871.99	3352.11
2872.85	3347.88
2873.7	3344.22
2874.56	3341.73
2875.42	3340.81
2876.27	3340.64
2877.13	3341.93
2877.99	3344.21
2878.84	3346.92
2879.7	3349.6
2880.56	3348.05
2881.41	3344.64
2882.27	3339.5
2883.12	3332.56
2883.98	3324.11
2884.83	3314.02
2885.69	3304.95
2886.54	3301.16
2887.4	3298.46
2888.25	3295.8
2889.11	3293.88
2889.96	3293.22
2890.82	3294
2891.67	3283.71
2892.52	3273.99
2893.38	3258.48
2894.23	3246.2
2895.09	3237.16
2895.94	3238.13
2896.79	3239.68
2897.65	3242.11
2898.5	3246.12
2899.35	3247.08
2900.21	3242.85
2901.06	3240.87
2901.91	3232.89
2902.76	3230.47
2903.62	3237.15
2904.47	3230.94
2905.32	3222.56
2906.17	3212.29
2907.03	3200.7
2907.88	3192.61
2908.73	3187.65
2909.58	3204.41
2910.43	3206.04
2911.28	3204.89
2912.14	3205.14
2912.99	3195.45
2913.84	3184.61
2914.69	3177.23
2915.54	3165.25
2916.39	3152.3
2917.24	3143.68
2918.09	3141.53
2918.94	3146.51
2919.79	3151.6
2920.64	3160.85
2921.49	3165.24
2922.34	3164.92
2923.19	3159.88
2924.04	3149.42
2924.89	3141.39
2925.74	3133.3
2926.59	3127.21
2927.44	3126.07
2928.29	3125.23
2929.14	3123.53
2929.98	3120.58
2930.83	3113.86
2931.68	3103.02
2932.53	3095.99
2933.38	3091.16
2934.23	3092.49
2935.07	3090.29
2935.92	3088.36
2936.77	3087.91
2937.62	3087.77
2938.47	3088.74
2939.31	3089.97
2940.16	3091.26
2941.01	3092.1
2941.85	3081.77
2942.7	3070.38
2943.55	3059.8
2944.39	3049.56
2945.24	3042.89
2946.09	3037.5
2946.93	3033.56
2947.78	3031.57
2948.63	3031.21
2949.47	3032.39
2950.32	3034.75
2951.16	3036.41
2952.01	3036.89
2952.85	3037.06
2953.7	3036.51
2954.55	3035
2955.39	3032.48
2956.24	3028.83
2957.08	3023.99
2957.92	3017.66
2958.77	3009.53
2959.61	3001.71
2960.46	2996.69
2961.3	2999.29
2962.15	2997.65
2962.99	2999.08
2963.83	2997.47
2964.68	2995.28
2965.52	2986.73
2966.37	2975.46
2967.21	2964.85
2968.05	2973.58
2968.9	2977.36
2969.74	2964.28
2970.58	2953.97
2971.42	2948.88
2972.27	2945.17
2973.11	2939.72
2973.95	2935.25
2974.79	2930.08
2975.64	2923.39
2976.48	2921.86
2977.32	2921.09
2978.16	2921.56
2979	2923.21
2979.85	2928.37
2980.69	2933.08
2981.53	2928.03
2982.37	2919.17
2983.21	2920.13
2984.05	2929.54
2984.89	2947.53
2985.73	2945.04
2986.57	2935.14
2987.41	2921.48
2988.25	2904.56
2989.1	2907.61
2989.94	2903.1
2990.77	2899.73
2991.62	2897.68
2992.45	2896.75
2993.29	2893.45
2994.13	2894.41
2994.97	2896.15
2995.81	2896.04
2996.65	2888.01
2997.49	2889.5
2998.33	2893.75
2999.17	2927.93
