200.833	10798.1
202.102	10874.2
203.371	10913.6
204.639	10889.3
205.907	10883.8
207.175	10873.4
208.442	10894.3
209.71	10916.2
210.977	10939.4
212.244	10962.3
213.511	10983.5
214.777	11002.7
216.042	11015.1
217.309	11019.6
218.575	11012.8
219.84	11010.5
221.106	11021.9
222.371	11047.3
223.635	11081.9
224.9	11107.4
226.165	11137.6
227.429	11146.2
228.694	11156.1
229.956	11168.3
231.22	11180.8
232.484	11192
233.747	11216.6
235.011	11268
236.272	11290.5
237.535	11306.5
238.798	11319.1
240.06	11330.6
241.321	11342.9
242.583	11355.9
243.845	11371.3
245.105	11385.9
246.367	11401.2
247.628	11417.4
248.888	11434.7
250.149	11452
251.409	11469.1
252.67	11484.7
253.928	11497
255.189	11505.4
256.447	11512.3
257.707	11518.3
258.966	11523.1
260.224	11527.7
261.483	11531.1
262.742	11534.3
263.999	11537.3
265.257	11541
266.514	11550.5
267.772	11571.5
269.028	11599
270.286	11620.7
271.543	11639.8
272.799	11653.5
274.056	11665.9
275.311	11685.5
276.568	11702.8
277.823	11737.4
279.079	11749.5
280.333	11754.2
281.589	11756.5
282.843	11763.2
284.099	11770.4
285.352	11783
286.607	11797.9
287.86	11814.2
289.114	11831.6
290.368	11849.6
291.621	11867.2
292.875	11881
294.127	11891.8
295.38	11899.2
296.632	11906.2
297.884	11911.3
299.137	11915.7
300.388	11920.1
301.641	11924.7
302.891	11931.8
304.142	11937
305.394	11939.8
306.644	11939.2
307.894	11940
309.146	11941.5
310.395	11944
311.645	11948.5
312.895	11954.2
314.144	11962.4
315.393	11971.9
316.642	11981.1
317.892	11986.7
319.14	11992.2
320.388	12000.7
321.637	12009.6
322.885	12018.6
324.132	12028.3
325.38	12038.5
326.628	12049.5
327.875	12060.7
329.122	12069.6
330.368	12084.5
331.614	12106
332.862	12145.8
334.108	12176.4
335.353	12201.8
336.599	12222.6
337.844	12239
339.089	12253.1
340.335	12263.7
341.58	12270.7
342.824	12274
344.068	12273.9
345.312	12270.4
346.556	12262.5
347.8	12251.8
349.043	12251.6
350.286	12256.5
351.53	12274.3
352.774	12295.3
354.016	12315.7
355.259	12336.3
356.501	12351.5
357.743	12360.6
358.985	12354.7
360.227	12333.5
361.468	12290.7
362.709	12260.1
363.95	12260.5
365.191	12301.2
366.432	12342.8
367.672	12330
368.912	12323.7
370.152	12319.3
371.392	12319.4
372.632	12325.9
373.871	12337.6
375.11	12352.9
376.348	12371.2
377.587	12391.7
378.825	12411.9
380.064	12420.2
381.302	12420.1
382.54	12401.3
383.778	12372.9
385.016	12380.7
386.253	12412.6
387.489	12451.8
388.726	12462.2
389.963	12460.1
391.199	12469.8
392.436	12477
393.672	12523.7
394.907	12554.5
396.142	12536.9
397.378	12536.6
398.614	12541
399.849	12550.4
401.082	12562.2
402.317	12571
403.552	12568.3
404.786	12573.3
406.019	12580.9
407.253	12592.4
408.487	12603.8
409.721	12612.4
410.953	12618.3
412.186	12620.6
413.419	12618
414.651	12606.9
415.883	12604.9
417.116	12618.1
418.347	12632.4
419.579	12636.5
420.811	12648.4
422.041	12639.3
423.272	12629.5
424.504	12623.3
425.733	12621.4
426.964	12625.3
428.194	12631.1
429.424	12641
430.654	12653.8
431.883	12669.1
433.113	12685.2
434.341	12685.4
435.571	12683
436.799	12677.7
438.028	12663.6
439.257	12667.8
440.484	12663.4
441.713	12679.7
442.94	12701.3
444.168	12716.7
445.394	12726.4
446.622	12730.3
447.848	12729
449.076	12719.6
450.301	12707.1
451.528	12714.5
452.754	12728.4
453.979	12748.3
455.205	12770.5
456.43	12796.3
457.656	12822.1
458.88	12834.4
460.106	12841.8
461.33	12832.4
462.554	12821.1
463.779	12812.7
465.002	12806.7
466.225	12803.4
467.45	12809.7
468.672	12817.3
469.895	12822.1
471.119	12815.3
472.341	12808.4
473.563	12793.3
474.786	12779.3
476.008	12774.8
477.229	12775.3
478.452	12777.1
479.673	12781.5
480.894	12787.9
482.115	12795.8
483.337	12806
484.557	12806.8
485.777	12797.3
486.997	12771
488.218	12742.9
489.438	12731.2
490.657	12714
491.876	12757.6
493.096	12753.6
494.315	12750.6
495.533	12750.7
496.752	12753.7
497.97	12756.7
499.188	12762.2
500.407	12770.1
501.625	12780.9
502.842	12794.3
504.059	12811.7
505.276	12822
506.493	12819
507.71	12813.8
508.926	12805.7
510.142	12795.8
511.358	12786.2
512.575	12783.1
513.791	12791.3
515.006	12804.9
516.222	12837.1
517.437	12869.3
518.651	12889.8
519.866	12900.2
521.081	12903.4
522.295	12908.4
523.509	12912.1
524.723	12915.6
525.937	12918.9
527.15	12923.8
528.363	12928.4
529.576	12933.1
530.789	12937.9
532.002	12942.9
533.215	12947.8
534.426	12952.1
535.638	12950.4
536.85	12940.4
538.061	12928.7
539.273	12920.2
540.484	12921.8
541.695	12920.3
542.906	12929.6
544.117	12940.6
545.327	12953
546.537	12965.3
547.747	12975.7
548.957	12982.8
550.167	12976.1
551.377	12969.5
552.585	12963.4
553.794	12957.9
555.003	12960.1
556.212	12963.6
557.421	12971.9
558.628	12977.9
559.836	12980.1
561.044	12980.8
562.252	12979.9
563.458	12981.9
564.666	12982.3
565.873	12983
567.08	12978.7
568.286	12973.6
569.493	12970
570.699	12967.3
571.904	12964.2
573.111	12962.8
574.317	12967.3
575.521	12981.6
576.727	13012.2
577.932	13037.1
579.136	13045.2
580.341	13043.1
581.544	12995.4
582.749	12982.3
583.954	12981.6
585.156	12990
586.361	13006.5
587.563	13033.7
588.767	13032
589.97	13031.3
591.172	13032.7
592.375	13026.3
593.577	13027.5
594.78	13027.2
595.981	13027.1
597.183	13025.1
598.384	13019.5
599.586	13007.2
600.786	12989.4
601.988	12979.5
603.188	12971.2
604.389	12964.1
605.589	12957.2
606.79	12950.8
607.989	12944.7
609.188	12938.6
610.389	12932.2
611.587	12925.3
612.787	12918.9
613.986	12912.9
615.184	12908.4
616.383	12904.3
617.581	12906.3
618.78	12912.6
619.977	12931.2
621.174	12944.5
622.373	12951.8
623.57	12953.1
624.766	12948.2
625.964	12937.1
627.16	12918.8
628.356	12894.8
629.554	12872.7
630.749	12853.6
631.945	12839.7
633.14	12831
634.337	12828.5
635.532	12832
636.726	12840.8
637.921	12843.1
639.117	12835.7
640.311	12823.6
641.505	12814.5
642.699	12813.3
643.892	12815.6
645.087	12822.2
646.28	12833.1
647.473	12846.8
648.666	12851.8
649.859	12850.6
651.051	12840.1
652.245	12825.6
653.437	12824.8
654.629	12829
655.821	12834.5
657.012	12839.7
658.204	12844.8
659.395	12849.8
660.586	12850.9
661.777	12846.4
662.967	12828.5
664.158	12815.8
665.349	12817.6
666.539	12846.4
667.729	12858.3
668.919	12865.1
670.109	12871.4
671.298	12879.7
672.487	12886.3
673.676	12890.4
674.865	12892.4
676.053	12892.2
677.242	12890.1
678.43	12885.9
679.616	12879.4
680.804	12870.4
681.992	12866.8
683.179	12866.7
684.366	12871.4
685.554	12871.7
686.74	12872.2
687.927	12865.5
689.114	12861.2
690.3	12851.5
691.486	12842.9
692.671	12835.7
693.856	12832.1
695.042	12834.9
696.227	12843.9
697.413	12848.8
698.598	12849.2
699.781	12834.5
700.966	12822.3
702.15	12809.9
703.334	12798.4
704.518	12788.5
705.701	12780.1
706.885	12771.7
708.068	12764.1
709.252	12757.1
710.433	12750.7
711.616	12744.2
712.799	12738.5
713.98	12734.4
715.163	12732.9
716.345	12732.7
717.527	12733.2
718.707	12733.7
719.889	12733.8
721.071	12734
722.25	12734.4
723.432	12733.5
724.611	12731.4
725.792	12755.8
726.972	12786.2
728.151	12809.8
729.332	12817
730.512	12793
731.69	12774.4
732.87	12758.4
734.048	12742.3
735.227	12736.8
736.405	12754.1
737.584	12778.3
738.761	12803.1
739.94	12830.9
741.117	12849.4
742.295	12853.7
743.471	12847.9
744.649	12834.8
745.825	12818.8
747.003	12808.8
748.179	12798.7
749.356	12789.2
750.531	12781.1
751.708	12778.5
752.883	12781.1
754.059	12791
755.234	12807.4
756.409	12832.1
757.585	12839
758.759	12843.5
759.934	12821.9
761.108	12802
762.282	12779.7
763.456	12767.3
764.63	12759
765.803	12753.6
766.977	12753
768.15	12757.9
769.323	12766.8
770.496	12775.5
771.668	12777
772.841	12773
774.014	12758.6
775.185	12740.3
776.357	12723
777.528	12706.2
778.701	12702.6
779.872	12699.2
781.042	12687.4
782.213	12667.9
783.383	12646.8
784.555	12624.3
785.725	12609.1
786.895	12599.5
788.064	12592.8
789.234	12590
790.404	12589.4
791.573	12590.8
792.742	12592.3
793.911	12593
795.08	12597.4
796.248	12603
797.416	12610.3
798.584	12617.9
799.753	12597.2
800.921	12600.3
802.088	12606.7
803.256	12606.8
804.423	12608.1
805.59	12602
806.756	12594.7
807.923	12584.5
809.089	12572.5
810.256	12559.5
811.422	12547.3
812.587	12556.6
813.753	12563.1
814.918	12575.7
816.084	12591.1
817.249	12586.3
818.414	12570.3
819.578	12550.6
820.743	12544
821.907	12550.1
823.072	12568
824.236	12623.9
825.399	12620.7
826.562	12617.7
827.725	12606
828.889	12596.6
830.052	12582.4
831.215	12581.3
832.377	12579.5
833.54	12583.6
834.701	12591.9
835.863	12598.3
837.025	12606.3
838.187	12607.8
839.349	12607.4
840.51	12605
841.67	12600.7
842.831	12593.9
843.992	12585.5
845.153	12576.6
846.312	12568.8
847.473	12562.5
848.633	12557.6
849.793	12558.3
850.951	12547.1
852.111	12523.2
853.27	12497.1
854.428	12471
855.588	12450.8
856.747	12437.9
857.904	12427.6
859.063	12438.6
860.221	12470.6
861.378	12489.2
862.536	12488.8
863.694	12457.2
864.85	12427.5
866.008	12406.1
867.164	12387
868.321	12371.5
869.478	12360.7
870.633	12354.8
871.79	12353.1
872.945	12355.4
874.101	12360
875.256	12357.9
876.412	12357.6
877.566	12348.5
878.722	12335.5
879.876	12320.2
881.031	12305
882.185	12289.7
883.34	12275
884.493	12263.9
885.647	12253.1
886.8	12243
887.954	12234.6
889.107	12231.8
890.261	12232.3
891.413	12255.7
892.565	12274
893.718	12274.1
894.87	12265.5
896.023	12250.4
897.174	12243.3
898.326	12240
899.478	12242.2
900.629	12265.9
901.779	12259.3
902.931	12252.4
904.081	12242.9
905.231	12234.4
906.383	12227.9
907.532	12223.9
908.682	12230
909.831	12240.9
910.982	12245.2
912.131	12240.7
913.28	12233.1
914.429	12233.4
915.578	12232.7
916.727	12231.8
917.875	12230.5
919.023	12228.9
920.171	12226.5
921.32	12223.6
922.467	12211
923.614	12213.7
924.761	12236.7
925.908	12267.9
927.055	12302.5
928.203	12325.7
929.349	12320.6
930.496	12272.6
931.642	12244
932.787	12220
933.933	12196.2
935.079	12198.2
936.224	12212.6
937.369	12221.3
938.514	12227.1
939.659	12228.9
940.804	12226.1
941.948	12218.1
943.092	12208.6
944.236	12197.4
945.38	12184.6
946.524	12177
947.667	12179.6
948.811	12171.7
949.954	12155.8
951.097	12141.6
952.24	12130.3
953.383	12121.1
954.525	12113.6
955.667	12107
956.81	12101.9
957.952	12098
959.093	12095.7
960.235	12092.7
961.376	12087.9
962.516	12081.5
963.658	12072.8
964.798	12061.6
965.939	12045.6
967.08	12029.8
968.22	12033.9
969.359	12032
970.499	12027.5
971.639	12020.3
972.779	12009.9
973.918	12000
975.056	12000.2
976.195	12001
977.334	12003.8
978.473	12007.3
979.61	12015.2
980.749	12013.4
981.887	12001
983.024	12015.9
984.162	12032.3
985.3	12051.3
986.437	12077.1
987.573	12046
988.711	12008.4
989.848	11987.7
990.983	11989.1
992.12	12031.9
993.255	12051.4
994.392	12000.9
995.528	11965
996.662	11956.7
997.798	11956
998.933	11959.4
1000.07	11966.2
1001.2	11976.3
1002.34	11990
1003.47	12006.7
1004.61	12010.7
1005.74	11994.5
1006.87	11985.5
1008.01	11985.8
1009.14	11994
1010.27	12010.1
1011.41	12022.9
1012.54	12021.1
1013.67	12021.5
1014.81	12019.2
1015.94	12014.9
1017.07	12008.2
1018.2	11998.9
1019.33	11987.2
1020.47	11974.6
1021.6	11961.3
1022.73	11948.3
1023.86	11934.4
1024.99	11928.7
1026.12	11924.2
1027.25	11914.9
1028.38	11905.8
1029.51	11880.3
1030.64	11838.8
1031.77	11864.8
1032.9	11898
1034.03	11890.3
1035.16	11864.2
1036.29	11840.3
1037.42	11822.1
1038.55	11806.6
1039.67	11792.2
1040.8	11783.4
1041.93	11777
1043.06	11774.7
1044.19	11775.1
1045.31	11777.1
1046.44	11778.4
1047.57	11770
1048.69	11762.6
1049.82	11753.1
1050.95	11741.1
1052.08	11727.9
1053.2	11718
1054.33	11715.2
1055.45	11712.9
1056.58	11712.5
1057.7	11711.6
1058.83	11709.3
1059.95	11710
1061.08	11708.8
1062.2	11704.9
1063.33	11698.8
1064.45	11688.8
1065.58	11680
1066.7	11674.3
1067.83	11673.6
1068.95	11673.3
1070.07	11673.6
1071.2	11674.5
1072.32	11675.1
1073.44	11672.2
1074.56	11668.1
1075.69	11664.1
1076.81	11661.7
1077.93	11660.1
1079.05	11658.8
1080.17	11657.7
1081.3	11656.9
1082.42	11656.3
1083.54	11655.8
1084.66	11655.1
1085.78	11653.8
1086.9	11652.2
1088.02	11651.1
1089.14	11650.5
1090.26	11653.5
1091.38	11655.1
1092.5	11656.1
1093.62	11656.4
1094.74	11657.1
1095.86	11656.5
1096.98	11652.7
1098.1	11646.1
1099.22	11630.8
1100.34	11608.6
1101.45	11600.5
1102.57	11599.3
1103.69	11595
1104.81	11614.9
1105.93	11631.5
1107.04	11644.2
1108.16	11642.2
1109.28	11628.8
1110.4	11613.8
1111.51	11598.4
1112.63	11581.8
1113.75	11564.1
1114.86	11555.8
1115.98	11556.1
1117.09	11552.7
1118.21	11548.7
1119.32	11543.7
1120.44	11539.6
1121.55	11524.1
1122.67	11504.8
1123.78	11486.9
1124.9	11471.3
1126.01	11457.1
1127.13	11444.6
1128.24	11433.4
1129.35	11423
1130.47	11412.8
1131.58	11403
1132.7	11391.6
1133.81	11376.5
1134.92	11358.4
1136.03	11354.8
1137.15	11354.5
1138.26	11347.3
1139.37	11339.3
1140.48	11327.4
1141.59	11312.4
1142.71	11294.1
1143.82	11281.5
1144.93	11274.2
1146.04	11268.4
1147.15	11263.4
1148.26	11259.7
1149.37	11249.2
1150.48	11240
1151.59	11233.5
1152.7	11224.8
1153.81	11230.5
1154.92	11234.3
1156.03	11239.1
1157.14	11233.4
1158.25	11222.4
1159.36	11208
1160.47	11194.4
1161.58	11181.5
1162.68	11170.1
1163.79	11168.1
1164.9	11171.5
1166.01	11176.4
1167.12	11178.6
1168.22	11179.9
1169.33	11180.5
1170.44	11181.4
1171.55	11182.3
1172.65	11183.1
1173.76	11184.7
1174.87	11187.4
1175.97	11192.9
1177.08	11193.7
1178.18	11193.4
1179.29	11190.9
1180.4	11187.2
1181.5	11184.6
1182.61	11183.1
1183.71	11183.6
1184.82	11185
1185.92	11187.3
1187.02	11188.4
1188.13	11184.2
1189.23	11175.3
1190.34	11163.4
1191.44	11161.3
1192.54	11165.9
1193.65	11172.1
1194.75	11186.8
1195.85	11193
1196.96	11182.4
1198.06	11174.4
1199.16	11167.2
1200.26	11170.2
1201.37	11176.8
1202.47	11175.4
1203.57	11172.1
1204.67	11166.5
1205.77	11159.6
1206.87	11149.7
1207.97	11138.5
1209.08	11126.5
1210.18	11115.2
1211.28	11116.2
1212.38	11119.1
1213.48	11121.4
1214.58	11122.6
1215.68	11122
1216.78	11120.6
1217.88	11119.1
1218.98	11118.5
1220.07	11118.1
1221.17	11118.4
1222.27	11119.9
1223.37	11124.2
1224.47	11127.1
1225.57	11124.8
1226.66	11118.5
1227.76	11110.1
1228.86	11101
1229.96	11090.2
1231.06	11077.9
1232.15	11064.2
1233.25	11049.3
1234.35	11033.1
1235.44	11015.6
1236.54	10997
1237.63	10979.9
1238.73	10964.7
1239.83	10952.4
1240.92	10944.3
1242.02	10944.7
1243.11	10941.2
1244.21	10932.7
1245.3	10928
1246.4	10917.6
1247.49	10908
1248.59	10901.9
1249.68	10894.7
1250.78	10885.8
1251.87	10892.2
1252.96	10898.6
1254.06	10920
1255.15	10931.7
1256.24	10929.1
1257.34	10868.8
1258.43	10836.7
1259.52	10866
1260.62	10878.9
1261.71	10881.1
1262.8	10872.1
1263.89	10856.3
1264.98	10847.8
1266.08	10840.3
1267.17	10835
1268.26	10833.8
1269.35	10835
1270.44	10838.2
1271.53	10843.1
1272.62	10849
1273.71	10851.9
1274.8	10851.3
1275.89	10850.1
1276.98	10849.4
1278.07	10849.8
1279.16	10851.5
1280.25	10854.9
1281.34	10859
1282.43	10864.2
1283.52	10870.7
1284.61	10878.9
1285.69	10886.9
1286.78	10890.6
1287.87	10890.1
1288.96	10879.1
1290.05	10866.7
1291.13	10850.5
1292.22	10845.4
1293.31	10845.2
1294.4	10865.3
1295.48	10893.6
1296.57	10891.5
1297.66	10887.1
1298.74	10873.4
1299.83	10864.6
1300.92	10856.4
1302	10842.3
1303.09	10850.3
1304.17	10856.3
1305.26	10868.4
1306.34	10869.2
1307.43	10861.9
1308.51	10855.5
1309.6	10847
1310.68	10841.5
1311.76	10835.5
1312.85	10827.2
1313.93	10817.1
1315.02	10810
1316.1	10804.9
1317.18	10807.5
1318.27	10805.3
1319.35	10802.2
1320.43	10795.3
1321.52	10786.2
1322.6	10776.3
1323.68	10765.9
1324.76	10754.5
1325.85	10742.1
1326.93	10733.9
1328.01	10729
1329.09	10726
1330.17	10725.8
1331.25	10725.2
1332.33	10725.1
1333.41	10724.2
1334.49	10720.4
1335.58	10715.7
1336.65	10710.5
1337.74	10704.6
1338.82	10698.4
1339.89	10691.3
1340.97	10682.3
1342.05	10678.3
1343.13	10679.5
1344.21	10680.4
1345.29	10675.9
1346.37	10672.5
1347.45	10665.2
1348.53	10657.2
1349.6	10641.8
1350.68	10627
1351.76	10611.6
1352.84	10593.6
1353.92	10595.5
1354.99	10621.3
1356.07	10613
1357.15	10606.2
1358.22	10595.7
1359.3	10603.7
1360.38	10611.2
1361.45	10618.3
1362.53	10623.5
1363.61	10622.7
1364.68	10619.1
1365.76	10614.4
1366.83	10608.8
1367.91	10602
1368.98	10594.7
1370.06	10591.7
1371.13	10589.6
1372.21	10588.6
1373.28	10589.2
1374.35	10591.7
1375.43	10596.8
1376.5	10604.9
1377.58	10606.7
1378.65	10603.9
1379.72	10599.4
1380.8	10593.3
1381.87	10585.6
1382.94	10577.6
1384.01	10569.7
1385.09	10561.6
1386.16	10553.7
1387.23	10547
1388.3	10538.2
1389.38	10530
1390.45	10528.5
1391.52	10533.9
1392.59	10542.5
1393.66	10543.7
1393.92	10542.8
1395	10536.5
1396.07	10523.6
1397.15	10509
1398.22	10492.4
1399.3	10481.9
1400.38	10482.6
1401.45	10485.5
1402.53	10494.5
1403.6	10503.2
1404.68	10501.2
1405.75	10481.9
1406.82	10454
1407.9	10444.7
1408.97	10437.7
1410.05	10436.5
1411.12	10439.2
1412.19	10446.9
1413.27	10453.2
1414.34	10451
1415.41	10429.6
1416.49	10409.8
1417.56	10400
1418.63	10397.7
1419.7	10400.1
1420.78	10420.7
1421.85	10435.3
1422.92	10444.3
1423.99	10446.1
1425.06	10446.1
1426.14	10429
1427.21	10412
1428.28	10390.8
1429.35	10378.4
1430.42	10366
1431.49	10359.8
1432.56	10354.9
1433.63	10351.4
1434.7	10349.2
1435.77	10347.7
1436.84	10340.8
1437.91	10334
1438.98	10326.5
1440.05	10312.8
1441.12	10283.4
1442.18	10291.4
1443.25	10308.5
1444.32	10338.6
1445.39	10362.6
1446.46	10367.1
1447.53	10361.4
1448.59	10342.3
1449.66	10329.4
1450.73	10321.2
1451.8	10317.1
1452.86	10330.5
1453.93	10329.6
1455	10327.2
1456.06	10324.6
1457.13	10321.2
1458.2	10315.7
1459.26	10310.6
1460.33	10309.1
1461.39	10309.4
1462.46	10291
1463.52	10275.2
1464.59	10262.4
1465.65	10252.1
1466.72	10247
1467.78	10254.1
1468.85	10264
1469.91	10270.2
1470.98	10274.6
1472.04	10277.5
1473.1	10279.2
1474.17	10279.6
1475.23	10278.8
1476.3	10276.8
1477.36	10273.8
1478.42	10269.8
1479.48	10264
1480.55	10254.1
1481.61	10236.4
1482.67	10229.5
1483.73	10232.9
1484.8	10233.4
1485.86	10227.8
1486.92	10218.9
1487.98	10210.7
1489.04	10198.6
1490.1	10197.2
1491.17	10198
1492.23	10197
1493.29	10207.7
1494.35	10207.5
1495.41	10198.3
1496.47	10179.9
1497.53	10155.3
1498.59	10137.5
1499.65	10127.3
1500.71	10112.1
1501.77	10110.6
1502.83	10116.6
1503.88	10129
1504.94	10121.4
1506	10116.4
1507.06	10111.1
1508.12	10105.7
1509.18	10094.3
1510.23	10087.3
1511.29	10077.4
1512.35	10085.7
1513.41	10088
1514.47	10080.9
1515.52	10069.2
1516.58	10063.3
1517.64	10054.9
1518.69	10045.1
1519.75	10034.1
1520.81	10022.2
1521.86	10009.1
1522.92	9994.92
1523.97	9964.97
1525.03	9956.57
1526.08	9979.42
1527.14	10008.5
1528.2	10017.3
1529.25	10012.2
1530.31	10006.5
1531.36	10001.4
1532.42	9995.3
1533.47	9988.29
1534.52	9978.01
1535.58	9967.18
1536.63	9955.63
1537.69	9945.09
1538.74	9944.31
1539.79	9942.57
1540.84	9940.78
1541.9	9939.23
1542.95	9937.95
1544	9932.38
1545.06	9927.27
1546.11	9923.29
1547.16	9919.73
1548.21	9918.25
1549.27	9920.39
1550.32	9926.41
1551.37	9929.39
1552.42	9928.42
1553.47	9926.83
1554.52	9926.08
1555.57	9926.03
1556.62	9923.97
1557.67	9920.45
1558.72	9914.65
1559.77	9908.3
1560.82	9900.27
1561.87	9891.43
1562.92	9881.59
1563.97	9873.18
1565.02	9879.73
1566.07	9884.34
1567.12	9884.19
1568.17	9884.23
1569.22	9873.96
1570.27	9869.2
1571.32	9857.01
1572.36	9857.35
1573.41	9853.66
1574.46	9863.77
1575.51	9871.58
1576.56	9862.83
1577.6	9856.6
1578.65	9850.18
1579.7	9844.84
1580.74	9840.13
1581.79	9836.04
1582.84	9831.25
1583.88	9821.71
1584.93	9833.47
1585.98	9847.15
1587.02	9850.17
1588.07	9847.65
1589.11	9838.06
1590.16	9825.66
1591.2	9833.36
1592.25	9832.6
1593.29	9825.95
1594.34	9814.59
1595.38	9798.39
1596.43	9789.76
1597.47	9782.55
1598.52	9779.31
1599.56	9779.34
1600.6	9782.35
1601.65	9787.63
1602.69	9777.38
1603.73	9766.84
1604.78	9750.4
1605.82	9734.67
1606.86	9718.24
1607.91	9702.28
1608.95	9694.34
1609.99	9687.67
1611.03	9683.08
1612.08	9679.69
1613.12	9676.8
1614.16	9674.89
1615.2	9669.21
1616.24	9666.08
1617.28	9661.71
1618.32	9654.95
1619.36	9645.28
1620.41	9631.55
1621.45	9615.01
1622.49	9597.25
1623.53	9575.81
1624.57	9562.02
1625.61	9543.05
1626.65	9538.16
1627.69	9540.91
1628.73	9548.54
1629.76	9557.05
1630.8	9560.58
1631.84	9551
1632.88	9544.1
1633.92	9532.6
1634.96	9519.55
1636	9507.78
1637.03	9499.5
1638.07	9503.84
1639.11	9511.75
1640.15	9519.54
1641.19	9508.68
1642.22	9489.16
1643.26	9476.51
1644.3	9464.58
1645.33	9454.62
1646.37	9447.25
1647.41	9442.63
1648.44	9438.6
1649.48	9435.34
1650.52	9432.28
1651.55	9429.25
1652.59	9426.32
1653.62	9423.52
1654.66	9420.15
1655.69	9413.37
1656.73	9397.9
1657.76	9369.34
1658.8	9392.4
1659.83	9420.37
1660.87	9402.17
1661.9	9401.6
1662.93	9399.42
1663.97	9396
1665	9391.93
1666.04	9379.63
1667.07	9374.95
1668.1	9357.31
1669.14	9327.34
1670.17	9317.37
1671.2	9308.2
1672.23	9314.61
1673.27	9322.05
1674.3	9328.15
1675.33	9325.87
1676.36	9310.12
1677.39	9308.17
1678.43	9306.01
1679.46	9304
1680.49	9304.11
1681.52	9304.79
1682.55	9305.33
1683.58	9307.65
1684.61	9305.79
1685.64	9298.43
1686.67	9293
1687.7	9288.51
1688.73	9285
1689.76	9282.56
1690.79	9286.01
1691.82	9290.17
1692.85	9297.85
1693.88	9309.77
1694.91	9297.34
1695.94	9272.98
1696.97	9251.88
1698	9234.51
1699.02	9220.69
1700.05	9211.67
1701.08	9206.27
1702.11	9202.31
1703.14	9200.41
1704.16	9199.26
1705.19	9196.01
1706.22	9193.09
1707.25	9191.14
1708.27	9189.48
1709.3	9183.97
1710.33	9172.22
1711.35	9155.37
1712.38	9136.64
1713.41	9122.83
1714.43	9107.19
1715.46	9093.95
1716.48	9083.01
1717.51	9074.55
1718.53	9068.66
1719.56	9065.38
1720.58	9064.74
1721.61	9066.77
1722.63	9071.63
1723.66	9078.77
1724.68	9086.52
1725.71	9095.33
1726.73	9085.3
1727.75	9072.6
1728.78	9056.6
1729.8	9039.37
1730.83	9026.91
1731.85	9018.16
1732.87	9010.5
1733.89	9004.48
1734.92	8999.07
1735.94	8993.9
1736.96	8988.97
1737.98	8983.79
1739.01	8978.46
1740.03	8973.21
1741.05	8967.82
1742.07	8961.31
1743.09	8951.8
1744.12	8937.94
1745.14	8928.03
1746.16	8916.36
1747.18	8910.62
1748.2	8906.86
1749.22	8900.75
1750.24	8886.31
1751.26	8878.21
1752.28	8866.06
1753.3	8870.53
1754.32	8874.26
1755.34	8877.01
1756.36	8879.16
1757.38	8876.81
1758.4	8871.6
1759.42	8862.54
1760.44	8854.26
1761.45	8848.49
1762.47	8843.36
1763.49	8839.01
1764.51	8834.75
1765.53	8831.21
1766.55	8827.83
1767.56	8827.39
1768.58	8826.81
1769.6	8825.84
1770.61	8822.49
1771.63	8804.13
1772.65	8804.48
1773.67	8807.5
1774.68	8812.54
1775.7	8811.91
1776.72	8809.91
1777.73	8805.48
1778.75	8796.12
1779.76	8784.47
1780.78	8771.66
1781.79	8757.16
1782.81	8745.86
1783.83	8737.77
1784.84	8733.46
1785.85	8732.11
1786.87	8733.58
1787.88	8737
1788.9	8742.94
1789.91	8737.67
1790.93	8727
1791.94	8707.53
1792.95	8685.59
1793.97	8665.09
1794.98	8659.75
1796	8666.28
1797.01	8681.09
1798.02	8689.55
1799.03	8691.45
1800.05	8686.9
1801.06	8675.39
1802.07	8656.91
1803.08	8630.98
1804.1	8622.36
1805.11	8613.96
1806.12	8610.13
1807.13	8605.8
1808.14	8599
1809.15	8591.46
1810.17	8584.21
1811.18	8575.78
1812.19	8553.6
1813.2	8533.37
1814.21	8540.39
1815.22	8555.57
1816.23	8554.82
1817.24	8543.13
1818.25	8504.65
1819.26	8472.9
1820.27	8453.48
1821.28	8459.05
1822.29	8462.57
1823.3	8465.33
1824.3	8467.31
1825.31	8467.79
1826.32	8467.56
1827.33	8463.96
1828.34	8460.22
1829.35	8455.79
1830.35	8453.27
1831.36	8448.36
1832.37	8438.56
1833.38	8424.46
1834.38	8407.24
1835.39	8394.21
1836.4	8383.96
1837.41	8376.69
1838.41	8371.56
1839.42	8372.48
1840.43	8374.53
1841.43	8374.04
1842.44	8370.85
1843.44	8365.16
1844.45	8357.2
1845.46	8347.07
1846.46	8335.01
1847.47	8321.28
1848.47	8306.12
1849.48	8292.93
1850.48	8274.77
1851.49	8266.36
1852.49	8274.19
1853.49	8283.05
1854.5	8295.93
1855.5	8290.95
1856.51	8263.21
1857.51	8235.82
1858.51	8224.03
1859.52	8235.65
1860.52	8241.04
1861.52	8245.71
1862.53	8241.36
1863.53	8233.76
1864.53	8226.16
1865.54	8216.72
1866.54	8205.62
1867.54	8193.96
1868.54	8180.93
1869.54	8166.25
1870.55	8151.2
1871.55	8137.51
1872.55	8128.13
1873.55	8122.21
1874.55	8118.41
1875.55	8117.19
1876.55	8118.5
1877.55	8122.67
1878.55	8129.24
1879.55	8133.45
1880.56	8133.38
1881.55	8121.52
1882.56	8105.04
1883.55	8081.12
1884.55	8068.38
1885.55	8067.28
1886.55	8073.72
1887.55	8090.28
1888.55	8111.85
1889.55	8129.31
1890.55	8097.85
1891.55	8088.31
1892.55	8079.11
1893.54	8063.58
1894.54	8047.52
1895.54	8031.95
1896.54	8016.56
1897.54	8001.97
1898.53	7997.2
1899.53	7997.55
1900.53	8002.47
1901.52	8008.41
1902.52	8014.64
1903.52	8017.78
1904.51	8004.68
1905.51	7986.69
1906.51	7971.21
1907.5	7951.01
1908.5	7941.25
1909.49	7932.3
1910.49	7920.34
1911.49	7911.2
1912.48	7897.83
1913.48	7885.15
1914.47	7872.39
1915.46	7865.36
1916.46	7874.63
1917.45	7880.76
1918.45	7886.05
1919.44	7880.91
1920.44	7865.38
1921.43	7849.85
1922.43	7833.11
1923.42	7812.38
1924.41	7806.47
1925.41	7803.75
1926.4	7805.28
1927.39	7816.37
1928.38	7818.12
1929.38	7824.43
1930.37	7828.38
1931.36	7833.72
1932.35	7840.03
1933.35	7825.28
1934.34	7807.02
1935.33	7784.52
1936.32	7757.66
1937.31	7742.44
1938.3	7732.41
1939.29	7734.38
1940.29	7730.25
1941.28	7726.93
1942.27	7723.09
1943.26	7717.2
1944.25	7709.38
1945.24	7700.31
1946.23	7690.08
1947.22	7678.89
1948.21	7667.52
1949.2	7662.57
1950.19	7658.05
1951.18	7654.52
1952.17	7651.99
1953.16	7650.69
1954.14	7650.79
1955.13	7650.24
1956.12	7640.57
1957.11	7627.92
1958.1	7616.11
1959.09	7605.43
1960.07	7596.11
1961.06	7592.69
1962.05	7585.23
1963.04	7576.66
1964.02	7568.88
1965.01	7561.5
1966	7554.39
1966.99	7547.34
1967.97	7540.06
1968.96	7533.04
1969.95	7528.18
1970.93	7524.31
1971.92	7521.14
1972.9	7517.4
1973.89	7511.16
1974.88	7505.41
1975.86	7497.06
1976.85	7486.49
1977.83	7473.9
1978.82	7460.21
1979.8	7449.64
1980.79	7443
1981.77	7442.87
1982.76	7445.29
1983.74	7455.83
1984.72	7465.59
1985.71	7462.85
1986.69	7450.32
1987.67	7434.69
1988.66	7424.06
1989.64	7416.26
1990.62	7406.01
1991.61	7406.27
1992.59	7406.05
1993.57	7408.49
1994.56	7398.53
1995.54	7381.11
1996.52	7366.63
1997.5	7359.39
1998.49	7356.49
1999.47	7354.19
2000.45	7355.02
2001.43	7362.73
2002.41	7365.05
2003.39	7349.5
2004.38	7332.73
2005.36	7316.73
2006.34	7303.39
2007.32	7299.77
2008.3	7306.22
2009.28	7302.92
2010.26	7302.64
2011.24	7305.32
2012.22	7307.79
2013.2	7293.15
2014.18	7270.18
2015.16	7249.62
2016.14	7232.55
2017.12	7223.4
2018.1	7221.73
2019.07	7226.1
2020.05	7224.78
2021.03	7227.58
2022.01	7233.8
2022.99	7230.89
2023.97	7222.22
2024.95	7216.55
2025.92	7212.89
2026.9	7207.09
2027.88	7200.05
2028.86	7191.74
2029.83	7182.2
2030.81	7171.49
2031.79	7159.61
2032.76	7146.75
2033.74	7132.78
2034.72	7117.95
2035.69	7102.26
2036.67	7086.09
2037.65	7070.26
2038.62	7055.02
2039.6	7042.01
2040.57	7033.36
2041.55	7023.04
2042.52	7014.09
2043.5	7003.85
2044.47	6997.27
2045.45	6993.65
2046.42	6992.46
2047.4	6991.18
2048.37	6989.6
2049.35	6987.81
2050.32	6985.44
2051.29	6979.55
2052.27	6995.61
2053.24	6993.41
2054.21	6987.27
2055.19	6979.19
2056.16	6963.26
2057.13	6950.04
2058.11	6937.41
2059.08	6925.48
2060.05	6913.7
2061.02	6908.53
2062	6914.95
2062.97	6915.92
2063.94	6921.25
2064.91	6916.71
2065.89	6908.38
2066.86	6891.99
2067.83	6867.4
2068.8	6847.43
2069.77	6835.64
2070.74	6826.18
2071.71	6828.42
2072.68	6841.01
2073.65	6855.31
2074.62	6858.58
2075.59	6861.12
2076.56	6854.73
2077.53	6839.96
2078.5	6827.28
2079.47	6814.13
2080.44	6800.29
2081.41	6787.08
2082.38	6775.52
2083.35	6765.31
2084.32	6755.8
2085.29	6749.23
2086.26	6744.25
2087.23	6740.67
2088.19	6738.63
2089.16	6738.27
2090.13	6738.05
2091.1	6723.21
2092.07	6704.19
2093.03	6691.87
2094	6684.67
2094.97	6680.5
2095.94	6682.22
2096.9	6683.1
2097.87	6683.95
2098.84	6684.23
2099.8	6682.29
2100.77	6676.93
2101.74	6667.68
2102.7	6652.07
2103.67	6635.91
2104.63	6624.56
2105.6	6616.04
2106.56	6611.37
2107.53	6608.14
2108.49	6605.36
2109.46	6602.09
2110.42	6598.56
2111.39	6593.96
2112.35	6582.94
2113.32	6567.37
2114.28	6551.38
2115.25	6545.16
2116.21	6544.53
2117.17	6546.26
2118.14	6545.42
2119.1	6539.4
2120.07	6532.49
2121.03	6522.93
2121.99	6511.05
2122.96	6497.13
2123.92	6481.44
2124.88	6466.77
2125.84	6454.79
2126.81	6444.96
2127.77	6439.38
2128.73	6434.25
2129.69	6432.19
2130.65	6431.58
2131.62	6431.61
2132.58	6430.74
2133.54	6429.41
2134.5	6423.79
2135.46	6415.59
2136.42	6408.88
2137.38	6402.18
2138.34	6396.63
2139.3	6391.94
2140.26	6388.29
2141.22	6385.24
2142.18	6383.04
2143.14	6380.92
2144.1	6376.26
2145.06	6367.23
2146.02	6355.87
2146.98	6347.1
2147.94	6338.62
2148.9	6328.3
2149.86	6318.84
2150.82	6309.77
2151.78	6310.29
2152.74	6317.58
2153.69	6316.96
2154.65	6317.32
2155.61	6312.89
2156.57	6305.24
2157.53	6294.7
2158.48	6281.7
2159.44	6269.8
2160.4	6259.77
2161.36	6258.04
2162.31	6252.69
2163.27	6246.45
2164.23	6240.09
2165.18	6232.96
2166.14	6226.55
2167.1	6219.08
2168.05	6215.86
2169.01	6216.89
2169.96	6207.73
2170.92	6184.91
2171.88	6161.18
2172.83	6148.26
2173.79	6140.3
2174.74	6130.73
2175.7	6121.46
2176.65	6112.24
2177.6	6102.87
2178.56	6093.26
2179.51	6079.79
2180.47	6066.52
2181.42	6056.11
2182.38	6047.7
2183.33	6046.53
2184.28	6038.64
2185.24	6030.53
2186.19	6022.25
2187.14	6013.13
2188.1	6003.58
2189.05	5994.68
2190	5986.91
2190.96	5980.11
2191.91	5978.3
2192.86	5973.58
2193.81	5968.82
2194.76	5963.55
2195.72	5958.29
2196.67	5951.43
2197.62	5944.2
2198.57	5937.37
2199.52	5931.23
2200.47	5926.47
2201.43	5922.55
2202.38	5919.16
2203.33	5916.48
2204.28	5914.61
2205.23	5913.35
2206.18	5883.63
2207.13	5882.11
2208.08	5882.47
2209.03	5890.21
2209.98	5895.53
2210.93	5897.13
2211.88	5893.9
2212.83	5863.16
2213.78	5848.01
2214.73	5834.56
2215.67	5826.48
2216.62	5822.04
2217.57	5824.68
2218.52	5841.36
2219.47	5841.98
2220.42	5830.99
2221.37	5815.27
2222.31	5801.78
2223.26	5793.45
2224.21	5791.73
2225.16	5793.08
2226.1	5785.09
2227.05	5779.63
2228	5773.65
2228.94	5767.29
2229.89	5761.07
2230.84	5756.25
2231.78	5752.81
2232.73	5749.76
2233.68	5747.23
2234.62	5745.19
2235.57	5742.66
2236.51	5739.64
2237.46	5735.8
2238.41	5727.72
2239.35	5723.8
2240.3	5725.83
2241.24	5730.93
2242.19	5738.04
2243.13	5742.69
2244.07	5741.34
2245.02	5723.57
2245.96	5713.94
2246.91	5702.03
2247.85	5686.51
2248.8	5678.36
2249.74	5676.72
2250.68	5680.35
2251.63	5689.24
2252.57	5695.44
2253.51	5697.34
2254.46	5696.2
2255.4	5693.03
2256.34	5689.19
2257.28	5684.19
2258.23	5678.6
2259.17	5666.63
2260.11	5654.8
2261.05	5647.97
2262	5641.44
2262.94	5635.42
2263.88	5629.07
2264.82	5624.54
2265.76	5624.3
2266.7	5628.73
2267.64	5632.17
2268.58	5633.58
2269.53	5632.47
2270.47	5627.07
2271.41	5620.63
2272.35	5606.91
2273.29	5624.91
2274.23	5602.48
2275.17	5596.79
2276.11	5596.08
2277.05	5600.15
2277.99	5604.33
2278.93	5611.79
2279.86	5620.27
2280.8	5626.15
2281.74	5626.89
2282.68	5623.01
2283.62	5613.71
2284.56	5602.34
2285.5	5595.22
2286.44	5589.55
2287.37	5589.99
2288.31	5594.03
2289.25	5602.91
2290.19	5612.64
2291.12	5609.55
2292.06	5596.09
2293	5584.33
2293.94	5577.86
2294.87	5575.47
2295.81	5572.81
2296.75	5569.46
2297.68	5566.55
2298.62	5563.4
2299.55	5560.49
2300.49	5557.67
2301.43	5554.07
2302.36	5549.5
2303.3	5541.9
2304.23	5529.47
2305.17	5516.04
2306.1	5504.32
2307.04	5495.8
2307.98	5493.37
2308.91	5501.03
2309.84	5506.01
2310.78	5508.54
2311.71	5508.43
2312.65	5501
2313.58	5487.55
2314.52	5475.39
2315.45	5470.01
2316.38	5471.78
2317.32	5475.48
2317.72	5477.34
2318.66	5468.21
2319.6	5463.72
2320.54	5452.16
2321.48	5439.59
2322.41	5425.67
2323.35	5411.05
2324.29	5401.43
2325.23	5395.43
2326.16	5391.51
2327.1	5389.22
2328.04	5388.36
2328.97	5387.53
2329.91	5381.92
2330.85	5377.41
2331.78	5372.29
2332.72	5366.8
2333.66	5361.06
2334.59	5355.06
2335.53	5348.81
2336.46	5342.92
2337.4	5336.65
2338.33	5330.28
2339.27	5324.1
2340.2	5319.5
2341.14	5320.44
2342.07	5325.06
2343.01	5326.11
2343.94	5328.56
2344.88	5324.13
2345.81	5319.49
2346.75	5312.27
2347.68	5304.81
2348.61	5298.61
2349.55	5293.64
2350.48	5293.41
2351.41	5291.84
2352.35	5290.1
2353.28	5288.48
2354.21	5285.05
2355.15	5281.62
2356.08	5277.36
2357.01	5272.91
2357.94	5268.6
2358.88	5264.58
2359.81	5262.86
2360.74	5260.97
2361.67	5260.02
2362.6	5259.53
2363.54	5260.08
2364.47	5259.93
2365.4	5244.23
2366.33	5233.42
2367.26	5224.24
2368.19	5218.11
2369.12	5212.12
2370.05	5207.72
2370.98	5210.98
2371.91	5218.07
2372.84	5226.83
2373.77	5231.78
2374.7	5231.94
2375.63	5229.08
2376.56	5222.94
2377.49	5213.11
2378.42	5200.11
2379.35	5181.9
2380.28	5167.19
2381.21	5164.12
2382.14	5162.44
2383.07	5163.88
2384	5169.87
2384.92	5167.27
2385.85	5155.68
2386.78	5148.76
2387.71	5141.99
2388.64	5137.74
2389.56	5136.06
2390.49	5135.5
2391.42	5134.99
2392.35	5134.75
2393.27	5134.62
2394.2	5129.11
2395.13	5122.96
2396.05	5114.27
2396.98	5109.05
2397.91	5105.46
2398.83	5104.51
2399.76	5101.63
2400.69	5097.7
2401.61	5094.23
2402.54	5090.68
2403.46	5086.97
2404.39	5083.34
2405.31	5079.26
2406.24	5075.48
2407.17	5072.17
2408.09	5069.15
2409.01	5067.02
2409.94	5064.8
2410.86	5062.55
2411.79	5060.31
2412.71	5058.04
2413.64	5054.25
2414.56	5049.53
2415.49	5042.5
2416.41	5034.67
2417.33	5027.56
2418.26	5020.91
2419.18	5013.9
2420.1	5008.99
2421.03	5006.96
2421.95	5004.02
2422.87	5000.41
2423.79	4995.77
2424.72	4990.02
2425.64	4983.11
2426.56	4974.6
2427.48	4964.93
2428.41	4952.6
2429.33	4943.54
2430.25	4941.23
2431.17	4939.93
2432.09	4939.8
2433.01	4941.02
2433.93	4941.21
2434.86	4939.1
2435.78	4935.79
2436.7	4931.98
2437.62	4926.6
2438.54	4920.59
2439.46	4913.62
2440.38	4906.63
2441.3	4899.68
2442.22	4892.89
2443.14	4885.58
2444.06	4878.6
2444.98	4871.97
2445.9	4865.76
2446.82	4860.71
2447.73	4856.1
2448.65	4852.18
2449.57	4849.07
2450.49	4846.9
2451.41	4838.99
2452.33	4828.02
2453.25	4812.59
2454.17	4797.75
2455.08	4791.76
2456	4786.28
2456.92	4784.14
2457.84	4782.35
2458.75	4785.18
2459.67	4776.03
2460.59	4763.15
2461.51	4759.11
2462.42	4762.88
2463.34	4776.01
2464.26	4780.1
2465.17	4784.86
2466.09	4780.06
2467	4761.59
2467.92	4754.89
2468.84	4749.4
2469.75	4761.44
2470.67	4762.83
2471.58	4770.47
2472.5	4761.78
2473.42	4742.39
2474.33	4717.03
2475.25	4701.13
2476.16	4701.55
2477.08	4701.34
2477.99	4743.08
2478.9	4729.32
2479.82	4721.87
2480.73	4718.21
2481.65	4715.27
2482.56	4710
2483.47	4703.91
2484.39	4698.63
2485.3	4694.69
2486.22	4691
2487.13	4687.81
2488.04	4683.56
2488.96	4674.85
2489.87	4669.58
2490.78	4666.94
2491.69	4666.85
2492.61	4668.9
2493.52	4673.35
2494.43	4679.81
2495.34	4689.16
2496.25	4685.78
2497.17	4669.47
2498.08	4653.68
2498.99	4629.18
2499.9	4644.52
2500.81	4656.72
2501.72	4660.26
2502.63	4635.85
2503.55	4615.27
2504.46	4610.78
2505.37	4608.05
2506.28	4605.43
2507.19	4602.82
2508.1	4599.9
2509.01	4596.79
2509.92	4593.31
2510.83	4589.44
2511.74	4585.5
2512.65	4581.5
2513.56	4585.19
2514.47	4589.26
2515.37	4586.46
2516.28	4583.57
2517.19	4570.13
2518.1	4559.08
2519.01	4551.14
2519.92	4546.39
2520.83	4545.5
2521.73	4547.55
2522.64	4558.13
2523.55	4567.47
2524.46	4570.31
2525.37	4565.73
2526.27	4554.02
2527.18	4545.36
2528.09	4538.25
2529	4531.34
2529.9	4527.47
2530.81	4523.95
2531.72	4520.6
2532.62	4517.25
2533.53	4513.67
2534.44	4509.99
2535.34	4505.87
2536.25	4501.64
2537.15	4497.42
2538.06	4493.26
2538.96	4492.28
2539.87	4492.68
2540.78	4506.93
2541.68	4499.38
2542.59	4483.74
2543.49	4468.33
2544.4	4451.52
2545.3	4435.92
2546.21	4422.36
2547.11	4417.72
2548.01	4429.67
2548.92	4446
2549.82	4443.34
2550.73	4425.17
2551.63	4414.41
2552.53	4402.15
2553.44	4408.06
2554.34	4413.02
2555.24	4417.25
2556.15	4419.18
2557.05	4418.33
2557.95	4416.66
2558.86	4412.79
2559.76	4407.14
2560.66	4399.32
2561.56	4388.84
2562.46	4375.35
2563.37	4358.11
2564.27	4338.61
2565.17	4325.65
2566.07	4322.79
2566.97	4321.08
2567.88	4320.46
2568.78	4319.49
2569.68	4317.27
2570.58	4315.57
2571.48	4313.94
2572.38	4312.45
2573.28	4310.91
2574.18	4309.74
2575.08	4311.26
2575.98	4312.75
2576.88	4311.87
2577.78	4308.13
2578.68	4299.67
2579.58	4283.64
2580.48	4284.84
2581.38	4279.43
2582.28	4272.52
2583.18	4268.53
2584.08	4258.95
2584.98	4250.05
2585.88	4242.62
2586.77	4236.1
2587.67	4230.62
2588.57	4225.92
2589.47	4223.28
2590.37	4221.41
2591.27	4220.08
2592.16	4218.66
2593.06	4215.11
2593.96	4208.46
2594.86	4203.15
2595.75	4202.5
2596.65	4202.23
2597.55	4202.58
2598.45	4203.61
2599.34	4206.66
2600.24	4209.42
2601.13	4208.08
2602.03	4204.76
2602.93	4195.3
2603.82	4183.17
2604.72	4171.57
2605.62	4161.08
2606.51	4150.93
2607.41	4143.84
2608.3	4137.64
2609.2	4132.53
2610.09	4128.43
2610.99	4125.46
2611.88	4123.83
2612.78	4120.4
2613.67	4115.86
2614.57	4105.3
2615.46	4103.73
2616.36	4113.9
2617.25	4117.7
2618.14	4115.73
2619.04	4113.77
2619.93	4110.5
2620.83	4106.41
2621.72	4101.12
2622.61	4095.18
2623.5	4089.67
2624.4	4084.18
2625.29	4079.53
2626.18	4076.02
2627.08	4076.35
2627.97	4074.63
2628.86	4072.42
2629.75	4069.63
2630.65	4065.31
2631.54	4059.81
2632.43	4052.13
2633.32	4042.35
2634.21	4029.99
2635.11	4016.87
2636	4004.2
2636.89	3997.56
2637.78	3998.15
2638.67	4000.81
2639.56	3999.84
2640.45	3990.55
2641.34	3984.22
2642.23	3966.78
2643.12	3959.39
2644.01	3952.65
2644.9	3949.18
2645.79	3952.31
2646.68	3960.28
2647.57	3965.84
2648.46	3952.49
2649.35	3935.12
2650.24	3919.32
2651.13	3915.49
2652.02	3913.88
2652.91	3911.18
2653.8	3909.65
2654.69	3908.93
2655.58	3907.78
2656.46	3906.68
2657.35	3905.57
2658.24	3904.38
2659.13	3903.48
2660.02	3903.08
2660.9	3902.25
2661.79	3900.9
2662.68	3898.14
2663.57	3894.9
2664.45	3890.92
2665.34	3886.32
2666.23	3881
2667.11	3876.05
2668	3871.27
2668.89	3866.62
2669.77	3862.04
2670.66	3857.48
2671.55	3852.77
2672.43	3847.42
2673.32	3842.32
2674.21	3838.05
2675.09	3834.15
2675.98	3832.23
2676.86	3835.66
2677.75	3837.63
2678.63	3840.42
2679.52	3844.6
2680.4	3847.43
2681.29	3835.01
2682.17	3826.29
2683.06	3809.9
2683.94	3794.74
2684.82	3785.13
2685.71	3780.28
2686.59	3773.01
2687.48	3766
2688.36	3758.33
2689.24	3751.87
2690.13	3744.91
2691.01	3738.56
2691.89	3733.48
2692.78	3730.33
2693.66	3733.47
2694.54	3734.07
2695.43	3731.11
2696.31	3723.76
2697.19	3716.29
2698.07	3707.1
2698.96	3693.58
2699.84	3677.64
2700.72	3670.97
2701.6	3668.8
2702.48	3669.67
2703.36	3674.22
2704.25	3681.01
2705.13	3695.92
2706.01	3708.35
2706.89	3711.81
2707.77	3704.54
2708.65	3691.67
2709.53	3680.71
2710.41	3666.38
2711.29	3649.65
2712.17	3639.48
2713.05	3639.12
2713.93	3644.68
2714.81	3647.24
2715.69	3649.42
2716.57	3650.7
2717.45	3643.7
2718.33	3632
2719.21	3613.97
2720.09	3601.09
2720.97	3597.38
2721.85	3597.56
2722.73	3599.31
2723.61	3604.05
2724.48	3611.63
2725.36	3622.43
2726.24	3619.5
2727.12	3611.21
2728	3598.51
2728.88	3591.54
2729.75	3591.13
2730.63	3592.78
2731.51	3592.68
2732.39	3594.16
2733.26	3594.97
2734.14	3593.8
2735.02	3591.01
2735.89	3586.65
2736.77	3581.04
2737.65	3571.79
2738.52	3568.39
2739.4	3563.69
2740.28	3562.3
2741.15	3560.14
2742.03	3556.76
2742.9	3552.58
2743.78	3547.44
2744.65	3541.13
2745.53	3533.12
2746.41	3523.6
2747.28	3510.99
2748.16	3498.96
2749.03	3503.42
2749.91	3511.94
2750.78	3518.56
2751.66	3513.41
2752.53	3502.97
2753.4	3499.52
2754.28	3498.69
2755.15	3499.24
2756.02	3500.28
2756.9	3500.93
2757.77	3501.28
2758.65	3501.33
2759.52	3500.87
2760.39	3498.89
2761.27	3496.95
2762.14	3494.56
2763.01	3491.37
2763.88	3487.48
2764.76	3481.87
2765.63	3470.97
2766.5	3462.75
2767.37	3457.86
2768.25	3456.59
2769.12	3456.34
2769.99	3456.07
2770.86	3455.55
2771.73	3448.74
2772.61	3442.03
2773.48	3434.12
2774.35	3425.97
2775.22	3421.54
2776.09	3418.3
2776.96	3421.43
2777.83	3420.33
2778.7	3416.64
2779.57	3411.24
2780.44	3408.03
2781.31	3404.94
2782.18	3401.54
2783.05	3397.92
2783.92	3394.2
2784.79	3390.11
2785.66	3385.34
2786.53	3379.05
2787.4	3368.66
2788.27	3362.7
2789.14	3359.13
2790.01	3365.01
2790.88	3370.48
2791.75	3372.82
2792.62	3370.95
2793.48	3361.59
2794.35	3356.15
2795.22	3351.74
2796.09	3347.62
2796.96	3342.97
2797.82	3338.15
2798.69	3332.1
2799.56	3325.58
2800.43	3319.76
2801.29	3320.09
2802.16	3321.33
2803.03	3318.02
2803.9	3314.34
2804.76	3310.74
2805.63	3307.11
2806.5	3303.06
2807.36	3298.89
2808.23	3294.6
2809.09	3290.21
2809.96	3285.56
2810.83	3280.81
2811.69	3275.72
2812.56	3270.96
2813.42	3270.11
2814.29	3274.88
2815.15	3282.61
2816.02	3285.88
2816.88	3286.18
2817.75	3280.19
2818.61	3255.8
2819.48	3251.09
2820.34	3249.26
2821.21	3252.14
2822.07	3267.46
2822.94	3271.06
2823.8	3275.33
2824.66	3260.51
2825.53	3250.18
2826.39	3229.75
2827.26	3216.56
2828.12	3210.24
2828.98	3210.56
2829.85	3220.51
2830.71	3210.43
2831.57	3205.51
2832.43	3199.55
2833.3	3205.46
2834.16	3213.76
2835.02	3218.28
2835.88	3220.34
2836.75	3199.37
2837.61	3195.89
2838.47	3197.26
2839.33	3197.67
2840.19	3196.93
2841.06	3196.25
2841.92	3196.61
2842.78	3197.63
2843.64	3192.84
2844.5	3187.95
2845.36	3179.18
2846.22	3172.46
2847.08	3167.15
2847.94	3162.21
2848.81	3158
2849.67	3154.95
2850.53	3152.41
2851.39	3149.99
2852.25	3147.06
2853.11	3143.65
2853.97	3139.9
2854.82	3135.78
2855.68	3132.38
2856.54	3129.32
2857.4	3127.95
2858.26	3128.76
2859.12	3128.57
2859.98	3123.01
2860.84	3105.22
2861.7	3093.8
2862.56	3087.51
2863.41	3088.49
2864.27	3102.12
2865.13	3103.24
2865.99	3102.06
2866.85	3092.88
2867.7	3091.28
2868.56	3087.92
2869.42	3084.81
2870.28	3082.76
2871.13	3081.63
2871.99	3081.6
2872.85	3082.3
2873.7	3083.05
2874.56	3082.1
2875.42	3078.58
2876.27	3074.66
2877.13	3070.3
2877.99	3065.56
2878.84	3060.57
2879.7	3055.71
2880.56	3051.36
2881.41	3047.39
2882.27	3043.87
2883.12	3041.62
2883.98	3041.49
2884.83	3042.63
2885.69	3045.67
2886.54	3047.89
2887.4	3047.48
2888.25	3045.32
2889.11	3041.81
2889.96	3036.99
2890.82	3031.19
2891.67	3024.58
2892.52	3017.96
2893.38	3013.3
2894.23	3011.42
2895.09	3013.35
2895.94	3007.3
2896.79	3002.42
2897.65	2999.15
2898.5	2997.52
2899.35	2996.7
2900.21	2994.46
2901.06	2990.83
2901.91	2985.07
2902.76	2977.8
2903.62	2968.97
2904.47	2958.27
2905.32	2953.6
2906.17	2952.27
2907.03	2957.23
2907.88	2960.43
2908.73	2961.23
2909.58	2958.83
2910.43	2956.13
2911.28	2944.8
2912.14	2935.85
2912.99	2927.09
2913.84	2922.87
2914.69	2928.26
2915.54	2938.15
2916.39	2933.49
2917.24	2928.46
2918.09	2923.53
2918.94	2918.47
2919.79	2913.12
2920.64	2907.81
2921.49	2899.62
2922.34	2891.78
2923.19	2884.94
2924.04	2880.07
2924.89	2875.38
2925.74	2871.06
2926.59	2867.78
2927.44	2865.07
2928.29	2862.95
2929.14	2861.43
2929.98	2860.52
2930.83	2860.21
2931.68	2858.93
2932.53	2855.23
2933.38	2849.45
2934.23	2848.06
2935.07	2845.12
2935.92	2842.33
2936.77	2839.48
2937.62	2836.65
2938.47	2833.81
2939.31	2830.94
2940.16	2827.91
2941.01	2824.79
2941.85	2821.61
2942.7	2818.26
2943.55	2814.82
2944.39	2811.21
2945.24	2807.5
2946.09	2803.8
2946.93	2800.17
2947.78	2797.46
2948.63	2794.79
2949.47	2792.62
2950.32	2790.62
2951.16	2788.54
2952.01	2786.58
2952.85	2784.62
2953.7	2782.68
2954.55	2780.66
2955.39	2778.54
2956.24	2777.97
2957.08	2778.27
2957.92	2781.57
2958.77	2781.75
2959.61	2773.58
2960.46	2751.83
2961.3	2751.49
2962.15	2746.79
2962.99	2744.62
2963.83	2744.84
2964.68	2747.07
2965.52	2752.91
2966.37	2758.09
2967.21	2759.68
2968.05	2758.2
2968.9	2753.7
2969.74	2746.22
2970.58	2736.1
2971.42	2726.35
2972.27	2719.64
2973.11	2718.1
2973.95	2722.76
2974.79	2726.53
2975.64	2729.3
2976.48	2730.63
2977.32	2731.57
2978.16	2722.22
2979	2708.04
2979.85	2670
2980.69	2679.05
2981.53	2681.38
2982.37	2686.1
2983.21	2701.93
2984.05	2697.9
2984.89	2691.83
2985.73	2684.9
2986.57	2676.94
2987.41	2670.48
2988.25	2669.21
2989.1	2673.13
2989.94	2674.6
2990.77	2676.99
2991.62	2679.26
2992.45	2680.97
2993.29	2681.84
2994.13	2681.61
2994.97	2680.54
2995.81	2678.37
2996.65	2674.2
2997.49	2669.84
2998.33	2664.05
2999.17	2621
