200.833	11603.7
202.102	11537.5
203.371	11581.1
204.639	11602.2
205.907	11615.1
207.175	11621.2
208.442	11624
209.71	11625.4
210.977	11628
212.244	11637.9
213.511	11651
214.777	11673.1
216.042	11696.5
217.309	11719.8
218.575	11742.4
219.84	11763.7
221.106	11784.4
222.371	11804
223.635	11822.9
224.9	11840.8
226.165	11858
227.429	11876.3
228.694	11899.5
229.956	11922.6
231.22	11938.4
232.484	11954.7
233.747	11972.8
235.011	11988.8
236.272	12012.7
237.535	12046.7
238.798	12079.4
240.06	12108.4
241.321	12131.4
242.583	12148.9
243.845	12164.5
245.105	12177.7
246.367	12188.3
247.628	12196.4
248.888	12202.2
250.149	12205.5
251.409	12205.9
252.67	12204.7
253.928	12205.6
255.189	12208.3
256.447	12212.9
257.707	12219
258.966	12227.3
260.224	12238.1
261.483	12255.7
262.742	12283.1
263.999	12309.5
265.257	12344.3
266.514	12363.8
267.772	12376.1
269.028	12380.2
270.286	12381
271.543	12396.1
272.799	12412.4
274.056	12454.9
275.311	12463.1
276.568	12449.4
277.823	12469
279.079	12493.2
280.333	12522
281.589	12540
282.843	12546.9
284.099	12552.2
285.352	12556.5
286.607	12558.3
287.86	12563.4
289.114	12570.9
290.368	12585.8
291.621	12605.3
292.875	12625.3
294.127	12645.5
295.38	12665.6
296.632	12685.5
297.884	12704.5
299.137	12719.1
300.388	12722.1
301.641	12716.1
302.891	12698.8
304.142	12669.6
305.394	12697.4
306.644	12739.1
307.894	12740.5
309.146	12731.9
310.395	12735.9
311.645	12746.6
312.895	12761.3
314.144	12777.4
315.393	12788.4
316.642	12796
317.892	12802.3
319.14	12806.1
320.388	12807.5
321.637	12805.6
322.885	12807.7
324.132	12822
325.38	12837
326.628	12855
327.875	12873.6
329.122	12892.7
330.368	12912.6
331.614	12933
332.862	12954.1
334.108	12975.7
335.353	12991.7
336.599	12998.6
337.844	12997.5
339.089	13004.1
340.335	13010.8
341.58	13018.6
342.824	13028.6
344.068	13040.3
345.312	13053.6
346.556	13068.8
347.8	13084
349.043	13088.4
350.286	13065.1
351.53	13049.4
352.774	13035.4
354.016	13058.3
355.259	13071.6
356.501	13090.1
357.743	13111
358.985	13129
360.227	13143.5
361.468	13154.5
362.709	13162.8
363.95	13167.4
365.191	13168.4
366.432	13165.4
367.672	13158.2
368.912	13146
370.152	13137.7
371.392	13146.7
372.632	13163.6
373.871	13185.4
375.11	13207
376.348	13231.1
377.587	13233.4
378.825	13217.8
380.064	13181
381.302	13178.1
382.54	13192
383.778	13214.3
385.016	13230.8
386.253	13254
387.489	13277.4
388.726	13303.8
389.963	13329.2
391.199	13346.2
392.436	13351.9
393.672	13314.6
394.907	13334.9
396.142	13361.6
397.378	13392.8
398.614	13407
399.849	13409.6
401.082	13410.4
402.317	13404
403.552	13394.3
404.786	13381.5
406.019	13366.9
407.253	13348.8
408.487	13450.4
409.721	13472.5
410.953	13473.3
412.186	13464
413.419	13448.9
414.651	13432.2
415.883	13421.7
417.116	13413.9
418.347	13422.6
419.579	13447.8
420.811	13464.5
422.041	13478.9
423.272	13487.7
424.504	13493.2
425.733	13494
426.964	13493.4
428.194	13497.3
429.424	13501.7
430.654	13516.1
431.883	13527
433.113	13530.8
434.341	13531.9
435.571	13529.9
436.799	13524.8
438.028	13514.6
439.257	13502.3
440.484	13529.9
441.713	13569.3
442.94	13596.8
444.168	13612.7
445.394	13617.4
446.622	13611.5
447.848	13596.6
449.076	13579.1
450.301	13555
451.528	13548.2
452.754	13566.1
453.979	13622.9
455.205	13650.2
456.43	13668.9
457.656	13679.8
458.88	13683.9
460.106	13681.5
461.33	13672.9
462.554	13657.8
463.779	13651.6
465.002	13681.4
466.225	13693.5
467.45	13689.2
468.672	13669.4
469.895	13634.9
471.119	13622.4
472.341	13620
473.563	13625
474.786	13646.4
476.008	13669.1
477.229	13687.4
478.452	13700.4
479.673	13709.2
480.894	13706.4
482.115	13683.9
483.337	13670
484.557	13657.2
485.777	13645.5
486.997	13633
488.218	13619.2
489.438	13602
490.657	13585.4
491.876	13572.8
493.096	13571.4
494.315	13577.2
495.533	13590.1
496.752	13607.3
497.97	13620.9
499.188	13635.8
500.407	13647.5
501.625	13652.4
502.842	13653
504.059	13653
505.276	13653.2
506.493	13658.1
507.71	13659.9
508.926	13663.8
510.142	13667.5
511.358	13673.5
512.575	13684.3
513.791	13703.8
515.006	13741
516.222	13774
517.437	13760.9
518.651	13759.6
519.866	13755.6
521.081	13748
522.295	13746.7
523.509	13752.2
524.723	13760
525.937	13769.1
527.15	13780.4
528.363	13793.4
529.576	13809.8
530.789	13827.6
532.002	13847.5
533.215	13866.4
534.426	13873.3
535.638	13857.3
536.85	13852.2
538.061	13845.4
539.273	13838.6
540.484	13832.7
541.695	13821.9
542.906	13812.6
544.117	13806.8
545.327	13805.1
546.537	13808.6
547.747	13822.1
548.957	13842.8
550.167	13866.4
551.377	13880
552.585	13889.8
553.794	13867.9
555.003	13858.5
556.212	13846.8
557.421	13836.2
558.628	13829.2
559.836	13824.5
561.044	13825.8
562.252	13829.4
563.458	13835.4
564.666	13842.5
565.873	13841.8
567.08	13841.2
568.286	13839.5
569.493	13837.6
570.699	13837
571.904	13836
573.111	13835.2
574.317	13834.6
575.521	13833.9
576.727	13834.1
577.932	13836.2
579.136	13845.3
580.341	13862.6
581.544	13876.4
582.749	13885.3
583.954	13889.8
585.156	13889.7
586.361	13890.6
587.563	13892.2
588.767	13895.9
589.97	13895.2
591.172	13888
592.375	13882.4
593.577	13875.1
594.78	13875.4
595.981	13884.3
597.183	13901.2
598.384	13921.5
599.586	13925.8
600.786	13921.6
601.988	13901.8
603.188	13893.3
604.389	13880.9
605.589	13873.4
606.79	13873.3
607.989	13878.1
609.188	13876.5
610.389	13870.5
611.587	13858.5
612.787	13845.3
613.986	13828.7
615.184	13812.7
616.383	13797.9
617.581	13784.4
618.78	13775.4
619.977	13767.6
621.174	13762.4
622.373	13759.4
623.57	13758
624.766	13758.7
625.964	13728.2
627.16	13697.6
628.356	13682
629.554	13683.7
630.749	13693.4
631.945	13700.5
633.14	13705.4
634.337	13705
635.532	13688.5
636.726	13675.8
637.921	13660
639.117	13649.1
640.311	13651.1
641.505	13660.1
642.699	13679.6
643.892	13701.3
645.087	13713.8
646.28	13721.7
647.473	13729
648.666	13724.2
649.859	13705.5
651.051	13682.8
652.245	13672.9
653.437	13667.6
654.629	13665.8
655.821	13668.1
657.012	13674.1
658.204	13682.5
659.395	13691.4
660.586	13699.2
661.777	13696.8
662.967	13699.5
664.158	13702.4
665.349	13705.4
666.539	13709.1
667.729	13714
668.919	13720.5
670.109	13729.2
671.298	13740.6
672.487	13752.5
673.676	13760.8
674.865	13767.5
676.053	13762.5
677.242	13755.8
678.43	13744.3
679.616	13728.6
680.804	13705.9
681.992	13688.5
683.179	13687.5
684.366	13689.1
685.554	13695.3
686.74	13705.9
687.927	13715.2
689.114	13721.1
690.3	13719
691.486	13717.8
692.671	13718.8
693.856	13721.3
695.042	13729.2
696.227	13718.3
697.413	13704.4
698.598	13688.2
699.781	13670.3
700.966	13651.4
702.15	13631.2
703.334	13627.8
704.518	13631.7
705.701	13634.1
706.885	13637.7
708.068	13639
709.252	13637.4
710.433	13631.6
711.616	13620.7
712.799	13607.3
713.98	13600.4
715.163	13605.2
716.345	13614.8
717.527	13617.3
718.707	13617.3
719.889	13615
721.071	13609.4
722.25	13599.5
723.432	13590.5
724.611	13593.4
725.792	13601.8
726.972	13609.1
728.151	13615.8
729.332	13621.3
730.512	13626.2
731.69	13632.8
732.87	13638.5
734.048	13641.7
735.227	13638.3
736.405	13621.4
737.584	13613.5
738.761	13611.6
739.94	13619
741.117	13654.9
742.295	13680.6
743.471	13704.3
744.649	13726.5
745.825	13724.7
747.003	13717.8
748.179	13706.1
749.356	13689.3
750.531	13683.3
751.708	13680.5
752.883	13679.4
754.059	13679.6
755.234	13680.7
756.409	13681.1
757.585	13679.6
758.759	13676
759.934	13669.6
761.108	13660.7
762.282	13649.3
763.456	13637
764.63	13623.2
765.803	13611.2
766.977	13601.6
768.15	13595
769.323	13593.1
770.496	13593.7
771.668	13596.6
772.841	13603
774.014	13605.3
775.185	13593.5
776.357	13586.2
777.528	13581.7
778.701	13608.9
779.872	13647
781.042	13618.1
782.213	13581.8
783.383	13547.3
784.555	13538.5
785.725	13521.4
786.895	13504.5
788.064	13489
789.234	13477.7
790.404	13468.7
791.573	13461.9
792.742	13457
793.911	13455.1
795.08	13455.1
796.248	13456.7
797.416	13458.6
798.584	13454.1
799.753	13448
800.921	13434.6
802.088	13423.3
803.256	13411.3
804.423	13399.2
805.59	13395.6
806.756	13393.5
807.923	13396.8
809.089	13398.7
810.256	13400.3
811.422	13402
812.587	13401.1
813.753	13401
814.918	13397.6
816.084	13394.1
817.249	13391
818.414	13392.8
819.578	13420.9
820.743	13431.8
821.907	13439.7
823.072	13443.2
824.236	13437
825.399	13434.9
826.562	13436
827.725	13441.7
828.889	13450
830.052	13458.8
831.215	13467.7
832.377	13476
833.54	13480.7
834.701	13472.1
835.863	13464.6
837.025	13454.9
838.187	13439.7
839.349	13427.5
840.51	13428.4
841.67	13434.7
842.831	13442.8
843.992	13448.5
845.153	13452.3
846.312	13449.7
847.473	13442.1
848.633	13429.8
849.793	13413.5
850.951	13392.6
852.111	13367.6
853.27	13338.3
854.428	13316.6
855.588	13325.4
856.747	13330.4
857.904	13328.4
859.063	13323.1
860.221	13317.8
861.378	13311.2
862.536	13297
863.694	13279.5
864.85	13250.1
866.008	13227.9
867.164	13224.2
868.321	13225.2
869.478	13231.4
870.633	13246.7
871.79	13247
872.945	13240.7
874.101	13229.6
875.256	13214.9
876.412	13200.7
877.566	13182.9
878.722	13163.5
879.876	13141.8
881.031	13118.6
882.185	13094.8
883.34	13073
884.493	13059
885.647	13062.9
886.8	13081.1
887.954	13098.8
889.107	13107.3
890.261	13101.3
891.413	13085.6
892.565	13077.3
893.718	13068.4
894.87	13060.1
896.023	13058.4
897.174	13059.8
898.326	13064.8
899.478	13071.6
900.629	13078.9
901.779	13084.5
902.931	13079.5
904.081	13082.5
905.231	13086.7
906.383	13090.2
907.532	13093.6
908.682	13095.7
909.831	13096.8
910.982	13093.3
912.131	13078.4
913.28	13076.1
914.429	13073.3
915.578	13069.6
916.727	13065.8
917.875	13062.1
919.023	13058.4
920.171	13055.5
921.32	13052.7
922.467	13057.6
923.614	13062.6
924.761	13071.2
925.908	13079.1
927.055	13083.3
928.203	13083.2
929.349	13075.3
930.496	13066.4
931.642	13056.1
932.787	13048.6
933.933	13041.7
935.079	13035.9
936.224	13031.2
937.369	13028.7
938.514	13027.2
939.659	13027.6
940.804	13028.1
941.948	13013.5
943.092	12996.2
944.236	12981.1
945.38	12969.7
946.524	12962.1
947.667	12958.7
948.811	12960.7
949.954	12976.5
951.097	12988.5
952.24	12975
953.383	12946.6
954.525	12912
955.667	12890.5
956.81	12890.5
957.952	12892.3
959.093	12895.7
960.235	12899.8
961.376	12904.3
962.516	12903
963.658	12894.1
964.798	12888.4
965.939	12884
967.08	12880.5
968.22	12878.2
969.359	12873.7
970.499	12865.6
971.639	12855.8
972.779	12845.2
973.918	12837.9
975.056	12830.5
976.195	12822.4
977.334	12815.6
978.473	12808.8
979.61	12804.9
980.749	12804.7
981.887	12807
983.024	12809.5
984.162	12810.7
985.3	12813.3
986.437	12816.3
987.573	12819.8
988.711	12823.9
989.848	12828.3
990.983	12833.1
992.12	12837.7
993.255	12842.2
994.392	12845.5
995.528	12841.6
996.662	12802
997.798	12771.1
998.933	12758.7
1000.07	12771.2
1001.2	12789.1
1002.34	12808.8
1003.47	12819.8
1004.61	12827.6
1005.74	12831.3
1006.87	12831.4
1008.01	12825.7
1009.14	12816.3
1010.27	12803.3
1011.41	12788.5
1012.54	12780.9
1013.67	12779.2
1014.81	12778.8
1015.94	12780.1
1017.07	12783.3
1018.2	12781
1019.33	12773.8
1020.47	12771.1
1021.6	12772.8
1022.73	12778.7
1023.86	12782.6
1024.99	12780.2
1026.12	12770.8
1027.25	12759.9
1028.38	12747.4
1029.51	12733.5
1030.64	12719.2
1031.77	12702.7
1032.9	12685.6
1034.03	12668
1035.16	12651.6
1036.29	12635.3
1037.42	12620.1
1038.55	12607.6
1039.67	12596.7
1040.8	12587.3
1041.93	12579.5
1043.06	12567
1044.19	12555.1
1045.31	12556
1046.44	12558.4
1047.57	12557.3
1048.69	12553.9
1049.82	12549.3
1050.95	12542.6
1052.08	12534.2
1053.2	12523.8
1054.33	12512.2
1055.45	12500.2
1056.58	12492.6
1057.7	12482.5
1058.83	12473.4
1059.95	12463.7
1061.08	12455
1062.2	12447
1063.33	12443.4
1064.45	12449.5
1065.58	12450
1066.7	12446.4
1067.83	12440.3
1068.95	12434.2
1070.07	12427.5
1071.2	12421.1
1072.32	12415.8
1073.44	12423.3
1074.56	12432.2
1075.69	12441.2
1076.81	12452.9
1077.93	12453.5
1079.05	12456.1
1080.17	12432.5
1081.3	12389.5
1082.42	12404.3
1083.54	12415.8
1084.66	12434.9
1085.78	12429.5
1086.9	12427.6
1088.02	12429.3
1089.14	12432.5
1090.26	12446.9
1091.38	12457.5
1092.5	12467.5
1093.62	12478.4
1094.74	12483.5
1095.86	12474.5
1096.98	12421.6
1098.1	12470.2
1099.22	12461.5
1100.34	12455.1
1101.45	12449.8
1102.57	12446.6
1103.69	12444
1104.81	12440.4
1105.93	12431.5
1107.04	12415.3
1108.16	12385.9
1109.28	12373.7
1110.4	12383.7
1111.51	12397.6
1112.63	12364.5
1113.75	12352.4
1114.86	12343.3
1115.98	12330.5
1117.09	12316.9
1118.21	12299.5
1119.32	12286
1120.44	12275.5
1121.55	12268
1122.67	12264.1
1123.78	12263.5
1124.9	12268.1
1126.01	12272.5
1127.13	12272.7
1128.24	12255.3
1129.35	12228.3
1130.47	12200.5
1131.58	12182.2
1132.7	12163.5
1133.81	12146.7
1134.92	12131.6
1136.03	12118.3
1137.15	12106.8
1138.26	12096.9
1139.37	12089
1140.48	12082.5
1141.59	12077.1
1142.71	12070
1143.82	12042.5
1144.93	12013.6
1146.04	11981.5
1147.15	11966.1
1148.26	11977.4
1149.37	11977.6
1150.48	11979.3
1151.59	11981.3
1152.7	11982.1
1153.81	11981.6
1154.92	11979.7
1156.03	11978.1
1157.14	11976.6
1158.25	11975.5
1159.36	11977.2
1160.47	11973.1
1161.58	11966.3
1162.68	11957
1163.79	11946
1164.9	11932.8
1166.01	11917.2
1167.12	11899.1
1168.22	11889.1
1169.33	11893.3
1170.44	11907.8
1171.55	11918.2
1172.65	11925.1
1173.76	11931.8
1174.87	11936.8
1175.97	11941.3
1177.08	11943.8
1178.18	11945.7
1179.29	11946.8
1180.4	11950.7
1181.5	11959.3
1182.61	11960.3
1183.71	11911.4
1184.82	11899.4
1185.92	11898.4
1187.02	11904.2
1188.13	11911.5
1189.23	11921.3
1190.34	11937.6
1191.44	11948.7
1192.54	11952.3
1193.65	11949.2
1194.75	11938.3
1195.85	11928.7
1196.96	11916.9
1198.06	11919.7
1199.16	11920.5
1200.26	11926
1201.37	11937.3
1202.47	11938.2
1203.57	11949.2
1204.67	11957.2
1205.77	11941.5
1206.87	11925.4
1207.97	11908.8
1209.08	11901.1
1210.18	11909.5
1211.28	11917.9
1212.38	11902.5
1213.48	11887.7
1214.58	11872.3
1215.68	11856.7
1216.78	11840.6
1217.88	11833.5
1218.98	11829.1
1220.07	11829.1
1221.17	11831.5
1222.27	11837.8
1223.37	11845.6
1224.47	11849.1
1225.57	11846.8
1226.66	11841.4
1227.76	11832.1
1228.86	11818.4
1229.96	11800.6
1231.06	11778.6
1232.15	11753.2
1233.25	11732.7
1234.35	11730.7
1235.44	11732.3
1236.54	11744.2
1237.63	11758.4
1238.73	11769.9
1239.83	11757.8
1240.92	11724.8
1242.02	11692.3
1243.11	11661.8
1244.21	11632.6
1245.3	11622.3
1246.4	11643.1
1247.49	11648
1248.59	11653
1249.68	11653.6
1250.78	11644.9
1251.87	11629.6
1252.96	11608.5
1254.06	11590.1
1255.15	11567.7
1256.24	11565.1
1257.34	11567.6
1258.43	11575.7
1259.52	11586.3
1260.62	11593.6
1261.71	11600.9
1262.8	11606.8
1263.89	11612.4
1264.98	11610.5
1266.08	11607.6
1267.17	11601.8
1268.26	11602.7
1269.35	11611.5
1270.44	11620.7
1271.53	11628.9
1272.62	11632.9
1273.71	11633.7
1274.8	11631.9
1275.89	11629.4
1276.98	11625.1
1278.07	11620.7
1279.16	11624.2
1280.25	11622.3
1281.34	11621.7
1282.43	11619.1
1283.52	11618
1284.61	11618.3
1285.69	11623.5
1286.78	11635.7
1287.87	11628.8
1288.96	11618.7
1290.05	11604
1291.13	11590.7
1292.22	11585.6
1293.31	11582.7
1294.4	11582.2
1295.48	11585.3
1296.57	11584.3
1297.66	11578.9
1298.74	11573.2
1299.83	11568.2
1300.92	11562.4
1302	11559.3
1303.09	11564.8
1304.17	11569
1305.26	11572.7
1306.34	11575
1307.43	11571.5
1308.51	11550.1
1309.6	11534.3
1310.68	11531
1311.76	11541.5
1312.85	11552.2
1313.93	11551.9
1315.02	11546.3
1316.1	11543.4
1317.18	11549.6
1318.27	11543.4
1319.35	11526.1
1320.43	11511.7
1321.52	11501
1322.6	11493.8
1323.68	11486.7
1324.76	11480.4
1325.85	11474.5
1326.93	11469.6
1328.01	11465.3
1329.09	11460
1330.17	11453.2
1331.25	11444.4
1332.33	11437.3
1333.41	11449
1334.49	11455.6
1335.58	11454.9
1336.65	11446.8
1337.74	11434.6
1338.82	11419.6
1339.89	11408.3
1340.97	11396.8
1342.05	11387
1343.13	11379.1
1344.21	11372.9
1345.29	11367
1346.37	11362.7
1347.45	11362.5
1348.53	11360.2
1349.6	11358.6
1350.68	11356.7
1351.76	11354.5
1352.84	11351.8
1353.92	11349.6
1354.99	11347.7
1356.07	11345.6
1357.15	11343.5
1358.22	11334.9
1359.3	11326.6
1360.38	11339.5
1361.45	11364.8
1362.53	11370
1363.61	11369.9
1364.68	11355.6
1365.76	11342.1
1366.83	11346.9
1367.91	11339.7
1368.98	11332.5
1370.06	11329
1371.13	11322
1372.21	11315.8
1373.28	11311.1
1374.35	11307.4
1375.43	11304.8
1376.5	11303.2
1377.58	11302.5
1378.65	11300.2
1379.72	11298.4
1380.8	11296.2
1381.87	11290.8
1382.94	11283.3
1384.01	11272
1385.09	11260.3
1386.16	11246.8
1387.23	11236.3
1388.3	11241.3
1389.38	11244.3
1390.45	11249.8
1391.52	11257.4
1392.59	11263.5
1393.66	11276.7
1393.92	11279.5
1395	11289.7
1396.07	11269.1
1397.15	11245
1398.22	11221
1399.3	11198.7
1400.38	11177.1
1401.45	11161.2
1402.53	11155.6
1403.6	11153.6
1404.68	11155.1
1405.75	11160.4
1406.82	11169
1407.9	11181.4
1408.97	11192.4
1410.05	11201.3
1411.12	11202.7
1412.19	11183.8
1413.27	11170.7
1414.34	11156.8
1415.41	11145.9
1416.49	11139.3
1417.56	11134.3
1418.63	11131.5
1419.7	11129.9
1420.78	11128.7
1421.85	11127.6
1422.92	11123.2
1423.99	11118.9
1425.06	11113.4
1426.14	11107
1427.21	11099.6
1428.28	11091.1
1429.35	11081.8
1430.42	11072.4
1431.49	11066.4
1432.56	11064.2
1433.63	11069.4
1434.7	11079.6
1435.77	11075.3
1436.84	11072.1
1437.91	11069.2
1438.98	11052.1
1440.05	11046.7
1441.12	11042.1
1442.18	11035
1443.25	11031.7
1444.32	11041.8
1445.39	11037
1446.46	11008.7
1447.53	11001.5
1448.59	10998.3
1449.66	11002.9
1450.73	11009.4
1451.8	11003.9
1452.86	10997.2
1453.93	10990.3
1455	10985
1456.06	10979.8
1457.13	10974.5
1458.2	10969.6
1459.26	10964.7
1460.33	10960.2
1461.39	10955.9
1462.46	10951.1
1463.52	10945.7
1464.59	10934.6
1465.65	10931.7
1466.72	10948.8
1467.78	10964.8
1468.85	10976.5
1469.91	10982
1470.98	10981.1
1472.04	10979.6
1473.1	10973
1474.17	10968
1475.23	10969.6
1476.3	10971.7
1477.36	10973.4
1478.42	10970.7
1479.48	10958.6
1480.55	10945.1
1481.61	10933.2
1482.67	10919.4
1483.73	10903.6
1484.8	10888.4
1485.86	10874.4
1486.92	10864.2
1487.98	10857.3
1489.04	10854.5
1490.1	10858.7
1491.17	10865.7
1492.23	10877.8
1493.29	10889.9
1494.35	10897.2
1495.41	10890.9
1496.47	10877.8
1497.53	10870.5
1498.59	10862.2
1499.65	10852.8
1500.71	10844.1
1501.77	10835.9
1502.83	10829
1503.88	10824.4
1504.94	10822.2
1506	10819
1507.06	10799.7
1508.12	10781.6
1509.18	10768.4
1510.23	10761.6
1511.29	10761.5
1512.35	10769.8
1513.41	10782.5
1514.47	10788.5
1515.52	10781.7
1516.58	10771.1
1517.64	10755.4
1518.69	10726.5
1519.75	10707.2
1520.81	10700.9
1521.86	10707.6
1522.92	10717.7
1523.97	10723.8
1525.03	10726.5
1526.08	10725.4
1527.14	10719.4
1528.2	10703.2
1529.25	10682
1530.31	10669.2
1531.36	10657.6
1532.42	10649.5
1533.47	10646.4
1534.52	10647.5
1535.58	10649
1536.63	10649.7
1537.69	10641.9
1538.74	10628.9
1539.79	10614.5
1540.84	10602.5
1541.9	10590.7
1542.95	10595.9
1544	10612.9
1545.06	10611.1
1546.11	10609.1
1547.16	10606.9
1548.21	10603.5
1549.27	10599.2
1550.32	10594.8
1551.37	10590.1
1552.42	10584.9
1553.47	10579.7
1554.52	10581.2
1555.57	10585.2
1556.62	10592.5
1557.67	10598.1
1558.72	10599
1559.77	10598.9
1560.82	10596.4
1561.87	10586.3
1562.92	10577.5
1563.97	10570.7
1565.02	10565.6
1566.07	10566.5
1567.12	10565.7
1568.17	10561
1569.22	10549.8
1570.27	10538
1571.32	10524.1
1572.36	10508.9
1573.41	10499.7
1574.46	10503.8
1575.51	10512.1
1576.56	10519.9
1577.6	10527.2
1578.65	10533.2
1579.7	10537.8
1580.74	10541.6
1581.79	10544.3
1582.84	10545.8
1583.88	10546.1
1584.93	10544.4
1585.98	10532
1587.02	10510.7
1588.07	10486.6
1589.11	10469.3
1590.16	10456.9
1591.2	10451.1
1592.25	10451.8
1593.29	10464.6
1594.34	10485
1595.38	10495.5
1596.43	10495
1597.47	10488.9
1598.52	10472.8
1599.56	10456.1
1600.6	10439.4
1601.65	10425.1
1602.69	10410.1
1603.73	10395.3
1604.78	10380.6
1605.82	10367
1606.86	10355.1
1607.91	10344.4
1608.95	10336.6
1609.99	10329
1611.03	10322.9
1612.08	10317.8
1613.12	10314.1
1614.16	10311
1615.2	10308.3
1616.24	10305.2
1617.28	10300.3
1618.32	10292
1619.36	10283.3
1620.41	10270.2
1621.45	10256.3
1622.49	10247
1623.53	10245.6
1624.57	10243.3
1625.61	10239.1
1626.65	10233.5
1627.69	10225.7
1628.73	10215.8
1629.76	10204.7
1630.8	10192.4
1631.84	10179.2
1632.88	10165.4
1633.92	10151
1634.96	10135.6
1636	10119.3
1637.03	10110
1638.07	10120.3
1639.11	10121.7
1640.15	10125.1
1641.19	10124
1642.22	10121.1
1643.26	10116.4
1644.3	10110.3
1645.33	10103.3
1646.37	10095.7
1647.41	10085.9
1648.44	10075.8
1649.48	10066.3
1650.52	10058.5
1651.55	10052.8
1652.59	10048.8
1653.62	10046.3
1654.66	10045.3
1655.69	10045.8
1656.73	10048
1657.76	10050.1
1658.8	10047.4
1659.83	10033.7
1660.87	10023.2
1661.9	10014.2
1662.93	10006.7
1663.97	10000.1
1665	9996.52
1666.04	9994.5
1667.07	9994.03
1668.1	9994.87
1669.14	9996.3
1670.17	9994.06
1671.2	9988.1
1672.23	9977.53
1673.27	9970.89
1674.3	9973.8
1675.33	9970.58
1676.36	9965.14
1677.39	9959.03
1678.43	9953.16
1679.46	9950.47
1680.49	9947.71
1681.52	9945.61
1682.55	9943.99
1683.58	9943.29
1684.61	9942.32
1685.64	9937.8
1686.67	9929.27
1687.7	9914.42
1688.73	9904.56
1689.76	9900.34
1690.79	9896.36
1691.82	9893.4
1692.85	9891.33
1693.88	9891.34
1694.91	9889.64
1695.94	9881.92
1696.97	9858.27
1698	9834.5
1699.02	9818.75
1700.05	9811.95
1701.08	9802.94
1702.11	9804.05
1703.14	9808.68
1704.16	9809.92
1705.19	9812.15
1706.22	9814.6
1707.25	9816.1
1708.27	9817.35
1709.3	9818.02
1710.33	9818.15
1711.35	9816.56
1712.38	9806.02
1713.41	9781.95
1714.43	9763.11
1715.46	9748.52
1716.48	9735.06
1717.51	9723.57
1718.53	9715.97
1719.56	9710.89
1720.58	9707.82
1721.61	9706.31
1722.63	9704.84
1723.66	9701.53
1724.68	9694.48
1725.71	9687.82
1726.73	9681.38
1727.75	9675.04
1728.78	9668.28
1729.8	9661.42
1730.83	9653.98
1731.85	9645.99
1732.87	9635.8
1733.89	9615.69
1734.92	9595.22
1735.94	9589.97
1736.96	9587.73
1737.98	9580.32
1739.01	9570.58
1740.03	9549.97
1741.05	9544.45
1742.07	9544.02
1743.09	9546.08
1744.12	9551.6
1745.14	9556.85
1746.16	9553.57
1747.18	9556.66
1748.2	9556.1
1749.22	9542.66
1750.24	9521.24
1751.26	9503.69
1752.28	9498.31
1753.3	9494.69
1754.32	9499.46
1755.34	9526.5
1756.36	9508.09
1757.38	9486.74
1758.4	9471.86
1759.42	9458.48
1760.44	9444.67
1761.45	9436.05
1762.47	9433.74
1763.49	9426.77
1764.51	9419.95
1765.53	9411.27
1766.55	9403.91
1767.56	9398.66
1768.58	9396.98
1769.6	9397.24
1770.61	9399.45
1771.63	9402.79
1772.65	9408.81
1773.67	9412.71
1774.68	9403.82
1775.7	9387.08
1776.72	9373.51
1777.73	9363.95
1778.75	9357.83
1779.76	9355.69
1780.78	9356.97
1781.79	9359.41
1782.81	9366.84
1783.83	9363.38
1784.84	9364.11
1785.85	9356.43
1786.87	9340.65
1787.88	9324.44
1788.9	9315.78
1789.91	9309.62
1790.93	9305.66
1791.94	9304.39
1792.95	9304.65
1793.97	9309.86
1794.98	9304.43
1796	9292.43
1797.01	9271.71
1798.02	9251.41
1799.03	9238.81
1800.05	9228.46
1801.06	9219.72
1802.07	9211.92
1803.08	9203.89
1804.1	9195.79
1805.11	9187.52
1806.12	9178.8
1807.13	9168.52
1808.14	9158.9
1809.15	9148.64
1810.17	9139.33
1811.18	9130.97
1812.19	9125.59
1813.2	9125.81
1814.21	9128.74
1815.22	9127.58
1816.23	9119.51
1817.24	9106.45
1818.25	9092.03
1819.26	9077.02
1820.27	9062.79
1821.28	9049.82
1822.29	9037.99
1823.3	9027.97
1824.3	9019.91
1825.31	9014.22
1826.32	9010.44
1827.33	9009.1
1828.34	9008.51
1829.35	9007.51
1830.35	9003.43
1831.36	8993.64
1832.37	8979.91
1833.38	8971.29
1834.38	8959.08
1835.39	8961.36
1836.4	8969.2
1837.41	8977.35
1838.41	8970.51
1839.42	8955.19
1840.43	8938.03
1841.43	8920.46
1842.44	8903.19
1843.44	8882.29
1844.45	8863.09
1845.46	8845.54
1846.46	8829.88
1847.47	8822.36
1848.47	8820.06
1849.48	8825.1
1850.48	8830.77
1851.49	8837.92
1852.49	8843.93
1853.49	8850.99
1854.5	8858.36
1855.5	8864.43
1856.51	8867.75
1857.51	8867.76
1858.51	8863.1
1859.52	8854.35
1860.52	8839.28
1861.52	8820.26
1862.53	8798.64
1863.53	8778.7
1864.53	8782.84
1865.54	8789.16
1866.54	8789.2
1867.54	8785.33
1868.54	8760.15
1869.54	8745
1870.55	8731.61
1871.55	8720.09
1872.55	8711.06
1873.55	8704.36
1874.55	8700.79
1875.55	8699.22
1876.55	8698.47
1877.55	8692.98
1878.55	8668.98
1879.55	8660.02
1880.56	8649.97
1881.55	8644.33
1882.56	8640.79
1883.55	8640.85
1884.55	8640.45
1885.55	8625.8
1886.55	8606.58
1887.55	8588.69
1888.55	8587.17
1889.55	8648.41
1890.55	8640.07
1891.55	8618.11
1892.55	8595.75
1893.54	8603.61
1894.54	8607.54
1895.54	8606.26
1896.54	8601.24
1897.54	8591.4
1898.53	8578.02
1899.53	8562.42
1900.53	8546.61
1901.52	8537.61
1902.52	8534.58
1903.52	8534.42
1904.51	8534.18
1905.51	8530.88
1906.51	8524.1
1907.5	8513.75
1908.5	8495.24
1909.49	8478.26
1910.49	8462.73
1911.49	8448.91
1912.48	8437.5
1913.48	8428.13
1914.47	8421.42
1915.46	8416.68
1916.46	8414.55
1917.45	8415.02
1918.45	8417.21
1919.44	8418.97
1920.44	8414.01
1921.43	8394.8
1922.43	8380.54
1923.42	8366.43
1924.41	8351.84
1925.41	8345.38
1926.4	8341.07
1927.39	8337.49
1928.38	8334.13
1929.38	8330.69
1930.37	8326.98
1931.36	8320.23
1932.35	8315
1933.35	8310.67
1934.34	8307.4
1935.33	8306.2
1936.32	8306.32
1937.31	8306.43
1938.3	8303.98
1939.29	8298.32
1940.29	8287.59
1941.28	8261.9
1942.27	8242.74
1943.26	8220.8
1944.25	8240.94
1945.24	8229.9
1946.23	8213.91
1947.22	8202.47
1948.21	8194.76
1949.2	8192.84
1950.19	8186.14
1951.18	8180.61
1952.17	8177.99
1953.16	8171.88
1954.14	8160.9
1955.13	8146.25
1956.12	8131.08
1957.11	8124.54
1958.1	8126.05
1959.09	8118.32
1960.07	8103.69
1961.06	8092.23
1962.05	8084.95
1963.04	8094.44
1964.02	8095.52
1965.01	8093.83
1966	8090.06
1966.99	8085.04
1967.97	8078.92
1968.96	8072.12
1969.95	8064.29
1970.93	8055.48
1971.92	8046.08
1972.9	8035.91
1973.89	8024.99
1974.88	8012.55
1975.86	7990.58
1976.85	7961.94
1977.83	7948.32
1978.82	7937.44
1979.8	7967.31
1980.79	7974.09
1981.77	7980.8
1982.76	7984.24
1983.74	7984.75
1984.72	7976.82
1985.71	7968.59
1986.69	7959.17
1987.67	7948.52
1988.66	7936.13
1989.64	7922.47
1990.62	7908.29
1991.61	7894.88
1992.59	7882.79
1993.57	7876
1994.56	7869
1995.54	7864.85
1996.52	7861.1
1997.5	7858.52
1998.49	7855.79
1999.47	7849.55
2000.45	7840.78
2001.43	7830.8
2002.41	7819.12
2003.39	7807.28
2004.38	7792.4
2005.36	7791.93
2006.34	7791.02
2007.32	7789.05
2008.3	7786
2009.28	7781.44
2010.26	7775.7
2011.24	7768.77
2012.22	7760.31
2013.2	7762.32
2014.18	7769.61
2015.16	7748.64
2016.14	7728.13
2017.12	7679.93
2018.1	7654.86
2019.07	7672.7
2020.05	7670
2021.03	7666.41
2022.01	7663.2
2022.99	7659.71
2023.97	7657.16
2024.95	7650.7
2025.92	7645.1
2026.9	7647.26
2027.88	7651.67
2028.86	7655.77
2029.83	7653.72
2030.81	7657.65
2031.79	7655.06
2032.76	7644.98
2033.74	7629.99
2034.72	7611.74
2035.69	7597.01
2036.67	7583.95
2037.65	7571.46
2038.62	7559.52
2039.6	7548.61
2040.57	7538.78
2041.55	7529.92
2042.52	7521.76
2043.5	7514.23
2044.47	7507.16
2045.45	7500
2046.42	7492.25
2047.4	7485.48
2048.37	7475.02
2049.35	7464.1
2050.32	7452.14
2051.29	7442.5
2052.27	7434.72
2053.24	7429.97
2054.21	7429.96
2055.19	7431.71
2056.16	7437.46
2057.13	7445.05
2058.11	7441.47
2059.08	7422.09
2060.05	7400.96
2061.02	7378.24
2062	7355.3
2062.97	7339.92
2063.94	7344.49
2064.91	7345.26
2065.89	7351.06
2066.86	7361.25
2067.83	7366.95
2068.8	7363.44
2069.77	7352.35
2070.74	7337.01
2071.71	7323.16
2072.68	7316.49
2073.65	7313.14
2074.62	7301.49
2075.59	7291.14
2076.56	7279.48
2077.53	7267.89
2078.5	7256.62
2079.47	7244
2080.44	7234.62
2081.41	7227.12
2082.38	7221.65
2083.35	7216.9
2084.32	7208.5
2085.29	7196.2
2086.26	7168.15
2087.23	7153.99
2088.19	7147.05
2089.16	7143.8
2090.13	7140.17
2091.1	7138.69
2092.07	7138.95
2093.03	7140.95
2094	7144.07
2094.97	7149.45
2095.94	7152.79
2096.9	7144.84
2097.87	7138.52
2098.84	7122.94
2099.8	7108.02
2100.77	7096.81
2101.74	7082.82
2102.7	7076.92
2103.67	7068.25
2104.63	7069.31
2105.6	7070.31
2106.56	7070.62
2107.53	7070.45
2108.49	7070.83
2109.46	7067.96
2110.42	7060.17
2111.39	7050.42
2112.35	7040.38
2113.32	7028.37
2114.28	7014.95
2115.25	7000.19
2116.21	6986.11
2117.17	6974.83
2118.14	6966.08
2119.1	6960.57
2120.07	6956.85
2121.03	6954.84
2121.99	6952.55
2122.96	6950.05
2123.92	6945.43
2124.88	6937
2125.84	6929.08
2126.81	6920.05
2127.77	6909.23
2128.73	6902.47
2129.69	6904.23
2130.65	6900.57
2131.62	6895.05
2132.58	6890.47
2133.54	6884.56
2134.5	6879.36
2135.46	6872.86
2136.42	6864.47
2137.38	6853.24
2138.34	6841.15
2139.3	6831.47
2140.26	6822.9
2141.22	6814.55
2142.18	6807.2
2143.14	6798.32
2144.1	6785.29
2145.06	6771.06
2146.02	6757.76
2146.98	6747.35
2147.94	6758.13
2148.9	6760.43
2149.86	6759.26
2150.82	6750.3
2151.78	6740.4
2152.74	6728.68
2153.69	6715.5
2154.65	6702.48
2155.61	6695.19
2156.57	6691.98
2157.53	6694.41
2158.48	6694.36
2159.44	6685.78
2160.4	6677.37
2161.36	6666.11
2162.31	6656.78
2163.27	6650.27
2164.23	6646.03
2165.18	6644.05
2166.14	6636.98
2167.1	6623.3
2168.05	6610.01
2169.01	6595.47
2169.96	6580.03
2170.92	6562.66
2171.88	6562.62
2172.83	6580.9
2173.79	6552.84
2174.74	6533.04
2175.7	6515.52
2176.65	6503.64
2177.6	6494.22
2178.56	6473.3
2179.51	6461.84
2180.47	6451.22
2181.42	6441.36
2182.38	6432.04
2183.33	6423.22
2184.28	6415
2185.24	6407.35
2186.19	6400.28
2187.14	6393.8
2188.1	6387.86
2189.05	6382.66
2190	6378.16
2190.96	6374
2191.91	6370.22
2192.86	6365.11
2193.81	6358.59
2194.76	6351.68
2195.72	6346.26
2196.67	6342.5
2197.62	6342.17
2198.57	6339.82
2199.52	6333.27
2200.47	6325.86
2201.43	6316.1
2202.38	6304.23
2203.33	6290.24
2204.28	6275.01
2205.23	6268.88
2206.18	6261.22
2207.13	6257.36
2208.08	6255.17
2209.03	6255.97
2209.98	6254.74
2210.93	6250.75
2211.88	6239.94
2212.83	6233.53
2213.78	6230.66
2214.73	6228.56
2215.67	6226.86
2216.62	6224.31
2217.57	6222.58
2218.52	6220.86
2219.47	6219.5
2220.42	6218.19
2221.37	6216.85
2222.31	6215.08
2223.26	6213.62
2224.21	6205.84
2225.16	6193.51
2226.1	6177.97
2227.05	6160.99
2228	6151.44
2228.94	6140.15
2229.89	6142.43
2230.84	6149
2231.78	6156.16
2232.73	6158.75
2233.68	6149.09
2234.62	6141.9
2235.57	6137.3
2236.51	6131.22
2237.46	6148.23
2238.41	6146.52
2239.35	6118.34
2240.3	6105.33
2241.24	6096.84
2242.19	6089.32
2243.13	6083.22
2244.07	6078.07
2245.02	6073.73
2245.96	6070.13
2246.91	6068.24
2247.85	6062.99
2248.8	6056.89
2249.74	6062.47
2250.68	6067.92
2251.63	6071.9
2252.57	6074.39
2253.51	6075.4
2254.46	6075.04
2255.4	6073.52
2256.34	6071
2257.28	6066.92
2258.23	6061.87
2259.17	6054.74
2260.11	6046.06
2261.05	6034.64
2262	6025.98
2262.94	6021.76
2263.88	6019.25
2264.82	6024.11
2265.76	6030.66
2266.7	6033.7
2267.64	6032.66
2268.58	6029.15
2269.53	6025.26
2270.47	6021.34
2271.41	6016.81
2272.35	6011.15
2273.29	6004.5
2274.23	5997.56
2275.17	5988.97
2276.11	5979.72
2277.05	5986.91
2277.99	5998.61
2278.93	6008.82
2279.86	6010.48
2280.8	6004.86
2281.74	5991.21
2282.68	5977.49
2283.62	5968.98
2284.56	5962.22
2285.5	5960.1
2286.44	5965.5
2287.37	5967.73
2288.31	5965.73
2289.25	5960.21
2290.19	5954.49
2291.12	5952.37
2292.06	5953.5
2293	5956.54
2293.94	5959.13
2294.87	5959.76
2295.81	5951.15
2296.75	5931.31
2297.68	5897.75
2298.62	5871.49
2299.55	5896.36
2300.49	5909.38
2301.43	5897.35
2302.36	5885.11
2303.3	5876.14
2304.23	5869.72
2305.17	5862.9
2306.1	5860.09
2307.04	5859.71
2307.98	5862.03
2308.91	5865.27
2309.84	5869.01
2310.78	5867.5
2311.71	5862.75
2312.65	5857.87
2313.58	5852.33
2314.52	5846.06
2315.45	5839.36
2316.38	5832.01
2317.32	5823.77
2317.72	5820.18
2318.66	5812.34
2319.6	5798.64
2320.54	5781.02
2321.48	5764.22
2322.41	5749.83
2323.35	5743.98
2324.29	5739.01
2325.23	5736.39
2326.16	5736.65
2327.1	5740.19
2328.04	5744.36
2328.97	5748.23
2329.91	5750.92
2330.85	5752.27
2331.78	5751.33
2332.72	5749.6
2333.66	5746.27
2334.59	5741.11
2335.53	5733.73
2336.46	5720.87
2337.4	5707.18
2338.33	5693.79
2339.27	5685
2340.2	5677.96
2341.14	5674.15
2342.07	5674.61
2343.01	5677.85
2343.94	5679.72
2344.88	5680.21
2345.81	5668.84
2346.75	5656.15
2347.68	5650.27
2348.61	5642.14
2349.55	5645.29
2350.48	5638.16
2351.41	5631.56
2352.35	5623.55
2353.28	5611.37
2354.21	5598.78
2355.15	5593.07
2356.08	5598.1
2357.01	5608.85
2357.94	5614.07
2358.88	5607.8
2359.81	5601.89
2360.74	5594.97
2361.67	5587.8
2362.6	5585.28
2363.54	5587.51
2364.47	5594.43
2365.4	5597.03
2366.33	5598.38
2367.26	5599.6
2368.19	5595.36
2369.12	5589.59
2370.05	5581.32
2370.98	5571.15
2371.91	5559.4
2372.84	5546.27
2373.77	5534.59
2374.7	5525.37
2375.63	5520.51
2376.56	5518.42
2377.49	5528.69
2378.42	5543.59
2379.35	5553.78
2380.28	5554.63
2381.21	5544.66
2382.14	5522.76
2383.07	5521.13
2384	5523.01
2384.92	5523.24
2385.85	5519.97
2386.78	5519.32
2387.71	5519.24
2388.64	5519.01
2389.56	5510.73
2390.49	5502.49
2391.42	5493.05
2392.35	5483.92
2393.27	5475.57
2394.2	5470.63
2395.13	5467.63
2396.05	5465.54
2396.98	5463.56
2397.91	5461.72
2398.83	5460.88
2399.76	5450.89
2400.69	5439.96
2401.61	5430.55
2402.54	5422.66
2403.46	5417.45
2404.39	5413.16
2405.31	5410.43
2406.24	5408.94
2407.17	5409.01
2408.09	5410.35
2409.01	5412.09
2409.94	5414.83
2410.86	5414.5
2411.79	5406.72
2412.71	5399.21
2413.64	5389.96
2414.56	5378.14
2415.49	5363.75
2416.41	5349.14
2417.33	5336.75
2418.26	5333.17
2419.18	5332.35
2420.1	5337.15
2421.03	5340.66
2421.95	5345.08
2422.87	5343.16
2423.79	5336.67
2424.72	5329.7
2425.64	5320.16
2426.56	5311.64
2427.48	5304.66
2428.41	5298.99
2429.33	5294.41
2430.25	5287.92
2431.17	5279.97
2432.09	5270.74
2433.01	5261.03
2433.93	5249.8
2434.86	5240.4
2435.78	5236.86
2436.7	5238.27
2437.62	5244.94
2438.54	5247.51
2439.46	5245.45
2440.38	5243.44
2441.3	5234.13
2442.22	5221.29
2443.14	5204.71
2444.06	5185
2444.98	5162.63
2445.9	5138.95
2446.82	5151.44
2447.73	5169.19
2448.65	5177.36
2449.57	5183.21
2450.49	5179.84
2451.41	5172.85
2452.33	5162.75
2453.25	5150.36
2454.17	5136.49
2455.08	5121.75
2456	5117.35
2456.92	5122.03
2457.84	5121.72
2458.75	5126.33
2459.67	5125.57
2460.59	5120.4
2461.51	5113.43
2462.42	5105.5
2463.34	5096.6
2464.26	5086.54
2465.17	5086.38
2466.09	5086.69
2467	5087.17
2467.92	5085.6
2468.84	5079.81
2469.75	5073.4
2470.67	5066.19
2471.58	5058.14
2472.5	5049.51
2473.42	5040.16
2474.33	5031.01
2475.25	5023.44
2476.16	5016.66
2477.08	5011.33
2477.99	5007.01
2478.9	5005.8
2479.82	5005.62
2480.73	5006.16
2481.65	5007.65
2482.56	5000.13
2483.47	4990.61
2484.39	4982.2
2485.3	4977.39
2486.22	4975.57
2487.13	4976.63
2488.04	4980.85
2488.96	4986.96
2489.87	5000.57
2490.78	4984.02
2491.69	4968.44
2492.61	4956.25
2493.52	4947.58
2494.43	4941.92
2495.34	4939.47
2496.25	4939.24
2497.17	4942.59
2498.08	4949.9
2498.99	4958.75
2499.9	4967.12
2500.81	4967.65
2501.72	4966.26
2502.63	4960.55
2503.55	4951.19
2504.46	4938.3
2505.37	4920.8
2506.28	4901.25
2507.19	4905.47
2508.1	4907.39
2509.01	4915.04
2509.92	4924.03
2510.83	4944.8
2511.74	4887.27
2512.65	4851.92
2513.56	4924.2
2514.47	4915.88
2515.37	4910.66
2516.28	4905.64
2517.19	4901.5
2518.1	4898.28
2519.01	4895.35
2519.92	4891.74
2520.83	4887.13
2521.73	4878.5
2522.64	4867.21
2523.55	4853.05
2524.46	4844.83
2525.37	4837.45
2526.27	4832.81
2527.18	4830.08
2528.09	4835.57
2529	4840.35
2529.9	4843.29
2530.81	4844.99
2531.72	4837.28
2532.62	4829.54
2533.53	4820.71
2534.44	4809.47
2535.34	4797.8
2536.25	4787.52
2537.15	4784.88
2538.06	4784.01
2538.96	4784.71
2539.87	4786.22
2540.78	4787.64
2541.68	4787.95
2542.59	4786.99
2543.49	4784.3
2544.4	4774.74
2545.3	4763.05
2546.21	4754.39
2547.11	4747.39
2548.01	4740.93
2548.92	4737.28
2549.82	4736.57
2550.73	4737.72
2551.63	4740.4
2552.53	4743.88
2553.44	4747.27
2554.34	4739.27
2555.24	4730.95
2556.15	4719.52
2557.05	4704.2
2557.95	4689.46
2558.86	4686.04
2559.76	4681.34
2560.66	4680.2
2561.56	4678.97
2562.46	4667.25
2563.37	4656.69
2564.27	4653.42
2565.17	4649.5
2566.07	4645.72
2566.97	4641.26
2567.88	4636.03
2568.78	4629.61
2569.68	4622.78
2570.58	4615.26
2571.48	4607.2
2572.38	4602.25
2573.28	4600.41
2574.18	4599.23
2575.08	4598.05
2575.98	4596.74
2576.88	4596.08
2577.78	4581.07
2578.68	4564.93
2579.58	4563.9
2580.48	4566.28
2581.38	4575.58
2582.28	4580.33
2583.18	4563.72
2584.08	4560.69
2584.98	4557.05
2585.88	4551.57
2586.77	4545.09
2587.67	4537.96
2588.57	4530.75
2589.47	4519.32
2590.37	4507.1
2591.27	4487.66
2592.16	4472.54
2593.06	4462.48
2593.96	4457.61
2594.86	4485.41
2595.75	4476.85
2596.65	4471.03
2597.55	4465.53
2598.45	4459.92
2599.34	4453.74
2600.24	4446.64
2601.13	4443.93
2602.03	4443.44
2602.93	4445.39
2603.82	4447.46
2604.72	4445.1
2605.62	4442.6
2606.51	4439.99
2607.41	4437.19
2608.3	4434.18
2609.2	4430.81
2610.09	4427.01
2610.99	4422.56
2611.88	4415.5
2612.78	4405.6
2613.67	4397.36
2614.57	4389.68
2615.46	4386.26
2616.36	4389.3
2617.25	4391.59
2618.14	4389.22
2619.04	4387.05
2619.93	4379.92
2620.83	4351.69
2621.72	4338.98
2622.61	4334.39
2623.5	4332.97
2624.4	4337.63
2625.29	4357.43
2626.18	4373.01
2627.08	4367.84
2627.97	4356.09
2628.86	4342.51
2629.75	4324.62
2630.65	4306.36
2631.54	4294.84
2632.43	4291.27
2633.32	4294.99
2634.21	4303.67
2635.11	4306.6
2636	4309.73
2636.89	4309.52
2637.78	4302.21
2638.67	4291.96
2639.56	4284.23
2640.45	4278.61
2641.34	4273.11
2642.23	4268.51
2643.12	4264.73
2644.01	4261.69
2644.9	4259.38
2645.79	4257.12
2646.68	4248.05
2647.57	4231.86
2648.46	4215.29
2649.35	4202.89
2650.24	4195.1
2651.13	4190.99
2652.02	4189.32
2652.91	4188.53
2653.8	4184.67
2654.69	4176.81
2655.58	4171.28
2656.46	4171.58
2657.35	4170.94
2658.24	4172.28
2659.13	4171.92
2660.02	4170.29
2660.9	4167.1
2661.79	4163.2
2662.68	4156.79
2663.57	4148.32
2664.45	4138.26
2665.34	4131.67
2666.23	4130.09
2667.11	4130.98
2668	4131.84
2668.89	4131.94
2669.77	4131.66
2670.66	4131.18
2671.55	4130.18
2672.43	4130.63
2673.32	4126.09
2674.21	4115.36
2675.09	4102.6
2675.98	4092.39
2676.86	4083.54
2677.75	4077.05
2678.63	4069.25
2679.52	4063.91
2680.4	4061.33
2681.29	4064.33
2682.17	4050.64
2683.06	4039.88
2683.94	4036.62
2684.82	4037.9
2685.71	4041.89
2686.59	4059.48
2687.48	4051.16
2688.36	4040.39
2689.24	4028.67
2690.13	4012.21
2691.01	3994.19
2691.89	3976.39
2692.78	3965.31
2693.66	3959.19
2694.54	3957.73
2695.43	3960.63
2696.31	3966.88
2697.19	3978.84
2698.07	3988.37
2698.96	3988.03
2699.84	3984.97
2700.72	3978.98
2701.6	3972.43
2702.48	3967.05
2703.36	3964.79
2704.25	3952.17
2705.13	3856.74
2706.01	3898.92
2706.89	3914.3
2707.77	3922.17
2708.65	3923.17
2709.53	3917.84
2710.41	3909.11
2711.29	3898.31
2712.17	3887.95
2713.05	3881.58
2713.93	3877.95
2714.81	3885.45
2715.69	3887.71
2716.57	3887.64
2717.45	3884.95
2718.33	3879.33
2719.21	3864.56
2720.09	3858.98
2720.97	3854.97
2721.85	3856.8
2722.73	3862.75
2723.61	3861.71
2724.48	3859.76
2725.36	3853.44
2726.24	3846.37
2727.12	3842.55
2728	3839.55
2728.88	3837.51
2729.75	3836.21
2730.63	3835.91
2731.51	3836.21
2732.39	3836.63
2733.26	3836.05
2734.14	3834.1
2735.02	3830.39
2735.89	3821.44
2736.77	3812.48
2737.65	3801.79
2738.52	3791.51
2739.4	3783.99
2740.28	3780.27
2741.15	3780.66
2742.03	3786.72
2742.9	3784.94
2743.78	3780.08
2744.65	3777.43
2745.53	3775.19
2746.41	3769.86
2747.28	3770.53
2748.16	3771.19
2749.03	3772.19
2749.91	3772.09
2750.78	3770.07
2751.66	3766.48
2752.53	3760.46
2753.4	3754.71
2754.28	3748.69
2755.15	3742.26
2756.02	3735.9
2756.9	3731.66
2757.77	3727.27
2758.65	3722.59
2759.52	3717.4
2760.39	3711.34
2761.27	3705.02
2762.14	3698.86
2763.01	3694.01
2763.88	3690.28
2764.76	3689.66
2765.63	3690.31
2766.5	3705.63
2767.37	3680.25
2768.25	3671.99
2769.12	3674.04
2769.99	3675.75
2770.86	3674.59
2771.73	3670.11
2772.61	3665.61
2773.48	3660.15
2774.35	3655.22
2775.22	3650.95
2776.09	3647.56
2776.96	3644.61
2777.83	3642.32
2778.7	3640.48
2779.57	3639
2780.44	3637.64
2781.31	3630.17
2782.18	3624.94
2783.05	3617.99
2783.92	3614.45
2784.79	3611.22
2785.66	3608.57
2786.53	3608.8
2787.4	3611.85
2788.27	3617.22
2789.14	3617.73
2790.01	3618.23
2790.88	3613.21
2791.75	3597.29
2792.62	3580.62
2793.48	3568.52
2794.35	3561.94
2795.22	3560.64
2796.09	3564
2796.96	3564.48
2797.82	3564.12
2798.69	3560.59
2799.56	3549.91
2800.43	3546.43
2801.29	3543.03
2802.16	3539.22
2803.03	3534.75
2803.9	3532.45
2804.76	3526.88
2805.63	3521.67
2806.5	3516.35
2807.36	3511.43
2808.23	3507.41
2809.09	3505.26
2809.96	3511.42
2810.83	3508.71
2811.69	3504.11
2812.56	3498.64
2813.42	3491.9
2814.29	3483.18
2815.15	3478.08
2816.02	3477.76
2816.88	3481.78
2817.75	3485.12
2818.61	3487.72
2819.48	3489.54
2820.34	3490.37
2821.21	3490.66
2822.07	3484.46
2822.94	3472.81
2823.8	3463.39
2824.66	3455.27
2825.53	3448.13
2826.39	3441.7
2827.26	3435.77
2828.12	3430.67
2828.98	3426.1
2829.85	3422.38
2830.71	3419.13
2831.57	3418.32
2832.43	3422.22
2833.3	3429.13
2834.16	3432.81
2835.02	3434.86
2835.88	3435.01
2836.75	3433.64
2837.61	3430.07
2838.47	3424.72
2839.33	3417.47
2840.19	3411.63
2841.06	3408.73
2841.92	3405.18
2842.78	3401.73
2843.64	3398.42
2844.5	3395.37
2845.36	3391.92
2846.22	3387.65
2847.08	3380.94
2847.94	3368.24
2848.81	3363.08
2849.67	3360.39
2850.53	3356.94
2851.39	3361.18
2852.25	3369.45
2853.11	3373.52
2853.97	3369.36
2854.82	3366.74
2855.68	3358.93
2856.54	3349.82
2857.4	3339.42
2858.26	3331.06
2859.12	3330.39
2859.98	3333.67
2860.84	3341.6
2861.7	3347.48
2862.56	3349.87
2863.41	3349.44
2864.27	3344.46
2865.13	3334.11
2865.99	3318.23
2866.85	3311.98
2867.7	3304.42
2868.56	3298.52
2869.42	3294.83
2870.28	3288.69
2871.13	3284.31
2871.99	3282
2872.85	3282.13
2873.7	3285.57
2874.56	3291.05
2875.42	3283.23
2876.27	3282.27
2877.13	3282.52
2877.99	3281.66
2878.84	3279.62
2879.7	3276.57
2880.56	3272.47
2881.41	3267.41
2882.27	3261.37
2883.12	3254.42
2883.98	3246.64
2884.83	3238.05
2885.69	3232.05
2886.54	3228.29
2887.4	3226.51
2888.25	3225.9
2889.11	3225.88
2889.96	3225.96
2890.82	3225.67
2891.67	3223.07
2892.52	3220.49
2893.38	3217.87
2894.23	3215.18
2895.09	3212.37
2895.94	3209.57
2896.79	3206.74
2897.65	3203.57
2898.5	3199.85
2899.35	3195.14
2900.21	3189.27
2901.06	3182.49
2901.91	3178.04
2902.76	3174.56
2903.62	3172.35
2904.47	3171.13
2905.32	3166.23
2906.17	3162.03
2907.03	3151.42
2907.88	3141.35
2908.73	3137.54
2909.58	3134.19
2910.43	3130.95
2911.28	3127.73
2912.14	3124.38
2912.99	3120.96
2913.84	3117.25
2914.69	3113.66
2915.54	3110.05
2916.39	3106.53
2917.24	3103.26
2918.09	3100.52
2918.94	3098.26
2919.79	3096.92
2920.64	3096.46
2921.49	3093.95
2922.34	3086.33
2923.19	3078.02
2924.04	3073.04
2924.89	3072.24
2925.74	3068.45
2926.59	3066.47
2927.44	3065.23
2928.29	3064.5
2929.14	3063.63
2929.98	3049.33
2930.83	3038.15
2931.68	3031.61
2932.53	3029.41
2933.38	3031.46
2934.23	3032.13
2935.07	3033.03
2935.92	3034.32
2936.77	3035.82
2937.62	3032.26
2938.47	3030.51
2939.31	3022.76
2940.16	3022.02
2941.01	3020.08
2941.85	3021.56
2942.7	3020.59
2943.55	3017.55
2944.39	3012.93
2945.24	3007.22
2946.09	3000.08
2946.93	2992.33
2947.78	2982.63
2948.63	2979.81
2949.47	2983.89
2950.32	2989.34
2951.16	2990.65
2952.01	2986.61
2952.85	2977.49
2953.7	2969.59
2954.55	2962.89
2955.39	2957.56
2956.24	2953.5
2957.08	2950.88
2957.92	2950.05
2958.77	2950.75
2959.61	2949.33
2960.46	2946.15
2961.3	2936.43
2962.15	2937.08
2962.99	2936.77
2963.83	2936.34
2964.68	2931.58
2965.52	2924.33
2966.37	2917.42
2967.21	2911.9
2968.05	2907.94
2968.9	2908.97
2969.74	2910.45
2970.58	2916.93
2971.42	2925.75
2972.27	2935.53
2973.11	2944.1
2973.95	2941.72
2974.79	2932.95
2975.64	2917.91
2976.48	2901.35
2977.32	2889.78
2978.16	2878.16
2979	2888.26
2979.85	2892.34
2980.69	2889.19
2981.53	2888.16
2982.37	2863.68
2983.21	2859.31
2984.05	2858.74
2984.89	2861.01
2985.73	2880.5
2986.57	2889.03
2987.41	2898.45
2988.25	2896.84
2989.1	2881.34
2989.94	2873.09
2990.77	2866.77
2991.62	2861.81
2992.45	2857.98
2993.29	2855.14
2994.13	2853.5
2994.97	2852.84
2995.81	2853.6
2996.65	2855.69
2997.49	2854.45
2998.33	2855.51
2999.17	2829
