200.833	7083.06
202.102	7122.04
203.371	7108.03
204.639	7106.75
205.907	7110.56
207.175	7109.9
208.442	7129.56
209.71	7133.78
210.977	7124.93
212.244	7125.43
213.511	7129.11
214.777	7134.14
216.042	7138.9
217.309	7143.44
218.575	7147.85
219.84	7145.67
221.106	7153.21
222.371	7167.28
223.635	7185.17
224.9	7203.18
226.165	7220.37
227.429	7237.07
228.694	7253.45
229.956	7269.3
231.22	7284.9
232.484	7300.18
233.747	7315.58
235.011	7330.48
236.272	7346.67
237.535	7362.61
238.798	7379.2
240.06	7395.89
241.321	7411.12
242.583	7421.73
243.845	7429.92
245.105	7435.91
246.367	7439.97
247.628	7441.31
248.888	7447.73
250.149	7455.99
251.409	7475.99
252.67	7499.28
253.928	7494.85
255.189	7490.19
256.447	7447.83
257.707	7438.17
258.966	7451.7
260.224	7468.06
261.483	7488.02
262.742	7509.16
263.999	7529.55
265.257	7545.52
266.514	7553.57
267.772	7560.97
269.028	7562.32
270.286	7559.86
271.543	7555.39
272.799	7549.37
274.056	7547.34
275.311	7556.9
276.568	7565.6
277.823	7576.63
279.079	7588.76
280.333	7601.61
281.589	7612.84
282.843	7624.55
284.099	7636.83
285.352	7648.8
286.607	7660.6
287.86	7671.95
289.114	7681.75
290.368	7690.07
291.621	7699.78
292.875	7710.96
294.127	7720.35
295.38	7728.7
296.632	7736.24
297.884	7743.29
299.137	7750.65
300.388	7767.37
301.641	7761.46
302.891	7746.36
304.142	7734.45
305.394	7731.42
306.644	7732.8
307.894	7735.74
309.146	7736.93
310.395	7737.91
311.645	7739.44
312.895	7744.51
314.144	7753.21
315.393	7765.92
316.642	7784.18
317.892	7806.46
319.14	7826.56
320.388	7831.08
321.637	7829.9
322.885	7817.37
324.132	7814.38
325.38	7807.35
326.628	7793.02
327.875	7792.06
329.122	7814.99
330.368	7836
331.614	7852.36
332.862	7862.14
334.108	7866.83
335.353	7874.63
336.599	7897.37
337.844	7915.13
339.089	7929.35
340.335	7940.03
341.58	7947.74
342.824	7952.73
344.068	7954.77
345.312	7954.46
346.556	7951.53
347.8	7947.3
349.043	7948.74
350.286	7960.41
351.53	7968.82
352.774	7972.3
354.016	7973.56
355.259	7975.19
356.501	7974.48
357.743	7970.66
358.985	7967.3
360.227	7964.72
361.468	7968.07
362.709	7972.5
363.95	7979.83
365.191	7989.98
366.432	7994.37
367.672	7994.69
368.912	7990.48
370.152	7980.59
371.392	7979.01
372.632	7978.15
373.871	7979.69
375.11	7986.02
376.348	7992.85
377.587	7999.48
378.825	8005.38
380.064	8011.07
381.302	8016.59
382.54	8021.74
383.778	8026.64
385.016	8030.99
386.253	8035.12
387.489	8039.08
388.726	8043.63
389.963	8056.82
391.199	8079.66
392.436	8102.71
393.672	8121.91
394.907	8130.2
396.142	8125.22
397.378	8110.56
398.614	8105.01
399.849	8097.03
401.082	8091.62
402.317	8107.05
403.552	8125.54
404.786	8147.37
406.019	8162.69
407.253	8162.04
408.487	8153.08
409.721	8140.35
410.953	8128.81
412.186	8118.4
413.419	8113.07
414.651	8110.33
415.883	8111.52
417.116	8116.21
418.347	8124.4
419.579	8136.1
420.811	8150.9
422.041	8163.81
423.272	8157.82
424.504	8166.55
425.733	8175.14
426.964	8188.25
428.194	8196.87
429.424	8200.06
430.654	8198.47
431.883	8192.03
433.113	8180.8
434.341	8164.21
435.571	8159.64
436.799	8165.92
438.028	8170.41
439.257	8182.39
440.484	8191.38
441.713	8201.24
442.94	8210.12
444.168	8208.89
445.394	8203.76
446.622	8199.71
447.848	8199.41
449.076	8197.25
450.301	8196.84
451.528	8198.17
452.754	8201.12
453.979	8206.06
455.205	8213.39
456.43	8221.79
457.656	8223.99
458.88	8226.58
460.106	8233.13
461.33	8241.51
462.554	8250.85
463.779	8261.76
465.002	8274.03
466.225	8288.02
467.45	8299.55
468.672	8298.94
469.895	8291.25
471.119	8276.33
472.341	8248.63
473.563	8213.79
474.786	8153.6
476.008	8163.06
477.229	8213.36
478.452	8242.46
479.673	8261.65
480.894	8266.09
482.115	8260.31
483.337	8250.49
484.557	8242.41
485.777	8238.25
486.997	8233.63
488.218	8229.67
489.438	8226.9
490.657	8224.98
491.876	8223.5
493.096	8222.31
494.315	8220.33
495.533	8218.33
496.752	8214.86
497.97	8214.18
499.188	8214.71
500.407	8215.83
501.625	8213.8
502.842	8210.12
504.059	8200.58
505.276	8194.12
506.493	8202.72
507.71	8214.9
508.926	8226.56
510.142	8237.35
511.358	8247.15
512.575	8256.23
513.791	8264.26
515.006	8270.63
516.222	8276.58
517.437	8284.63
518.651	8292.3
519.866	8299.02
521.081	8305.07
522.295	8311.16
523.509	8316.01
524.723	8316.66
525.937	8312.48
527.15	8299.94
528.363	8297.02
529.576	8296.33
530.789	8296.88
532.002	8298.89
533.215	8302.79
534.426	8307.92
535.638	8314.13
536.85	8318.46
538.061	8316.28
539.273	8312.9
540.484	8313.74
541.695	8315
542.906	8316.3
544.117	8316.95
545.327	8317.48
546.537	8318.02
547.747	8318.14
548.957	8318.22
550.167	8317.9
551.377	8317.48
552.585	8317.24
553.794	8317.78
555.003	8325.02
556.212	8336.05
557.421	8331.78
558.628	8305.78
559.836	8326.08
561.044	8338.24
562.252	8347.05
563.458	8352.71
564.666	8354.43
565.873	8351.65
567.08	8345.81
568.286	8337.35
569.493	8329.28
570.699	8326.81
571.904	8325.62
573.111	8325.2
574.317	8325.65
575.521	8327.56
576.727	8329.88
577.932	8332.19
579.136	8334.47
580.341	8336.07
581.544	8336.18
582.749	8335.56
583.954	8335.04
585.156	8334.79
586.361	8337.01
587.563	8341.53
588.767	8345.81
589.97	8348.07
591.172	8348.99
592.375	8349.74
593.577	8350.91
594.78	8352.06
595.981	8360.77
597.183	8375.28
598.384	8380.03
599.586	8373.08
600.786	8354.24
601.988	8322.31
603.188	8278.2
604.389	8259.01
605.589	8293.4
606.79	8306.71
607.989	8318.19
609.188	8326.69
610.389	8329.22
611.587	8323.75
612.787	8311.3
613.986	8293.89
615.184	8272.58
616.383	8251.52
617.581	8256.95
618.78	8256.13
619.977	8255.78
621.174	8256.65
622.373	8254.85
623.57	8250.2
624.766	8247.33
625.964	8244.75
627.16	8242.42
628.356	8240.8
629.554	8242.25
630.749	8244.41
631.945	8247.78
633.14	8251.51
634.337	8254.76
635.532	8254.16
636.726	8250.69
637.921	8244.11
639.117	8229.92
640.311	8216.94
641.505	8204.22
642.699	8192.63
643.892	8182.45
645.087	8183.21
646.28	8187.69
647.473	8201.3
648.666	8226.08
649.859	8233.4
651.051	8237.43
652.245	8240.88
653.437	8238.85
654.629	8236.77
655.821	8233.97
657.012	8230.83
658.204	8226.96
659.395	8223.54
660.586	8222.27
661.777	8221.96
662.967	8222.37
664.158	8223.32
665.349	8223.17
666.539	8222.29
667.729	8218.77
668.919	8217.8
670.109	8219.92
671.298	8225.02
672.487	8237.96
673.676	8250.74
674.865	8261.83
676.053	8272.93
677.242	8257.5
678.43	8244.65
679.616	8234.82
680.804	8227.71
681.992	8223.65
683.179	8221.85
684.366	8218.64
685.554	8210.89
686.74	8204.94
687.927	8204.4
689.114	8205.08
690.3	8208.48
691.486	8213.19
692.671	8215.42
693.856	8216.16
695.042	8215.58
696.227	8213.07
697.413	8209.05
698.598	8203.14
699.781	8197.45
700.966	8192.72
702.15	8189.41
703.334	8199.43
704.518	8198.88
705.701	8195.83
706.885	8192.83
708.068	8189.72
709.252	8186.48
710.433	8183.1
711.616	8179.58
712.799	8175.77
713.98	8171.79
715.163	8167.69
716.345	8156.34
717.527	8140.85
718.707	8132.15
719.889	8125.93
721.071	8122.94
722.25	8122.72
723.432	8127.68
724.611	8135.29
725.792	8145.85
726.972	8157.48
728.151	8158.69
729.332	8163.22
730.512	8167.59
731.69	8169.34
732.87	8174.38
734.048	8177.37
735.227	8177.26
736.405	8173.59
737.584	8155.61
738.761	8138.81
739.94	8131.2
741.117	8143.87
742.295	8154.77
743.471	8165.98
744.649	8175.12
745.825	8181.68
747.003	8181.54
748.179	8176.99
749.356	8170.35
750.531	8164
751.708	8155.53
752.883	8156.57
754.059	8154.58
755.234	8159.87
756.409	8165.34
757.585	8172
758.759	8176.49
759.934	8179.57
761.108	8178.53
762.282	8176.04
763.456	8171.74
764.63	8166.19
765.803	8158.83
766.977	8151
768.15	8144.64
769.323	8138.7
770.496	8134.34
771.668	8129.38
772.841	8120.88
774.014	8109.47
775.185	8089.58
776.357	8073.78
777.528	8056.46
778.701	8103.55
779.872	8142.32
781.042	8162.23
782.213	8150.75
783.383	8120.36
784.555	8092.35
785.725	8063.64
786.895	8051
788.064	8039.51
789.234	8035.81
790.404	8036.58
791.573	8040.29
792.742	8043.6
793.911	8047.91
795.08	8046.84
796.248	8053.34
797.416	8041.68
798.584	8023.48
799.753	8002.33
800.921	7988.79
802.088	7983.84
803.256	7986.68
804.423	7997
805.59	8014.01
806.756	8032.71
807.923	8043.16
809.089	8050.87
810.256	8048.65
811.422	8039.39
812.587	8027.1
813.753	8018.11
814.918	8012.73
816.084	8010.41
817.249	8010.27
818.414	8013.1
819.578	8019
820.743	8027.73
821.907	8039.61
823.072	8053.14
824.236	8060.43
825.399	8061.27
826.562	8061.16
827.725	8056.86
828.889	8049.16
830.052	8038.58
831.215	8025.91
832.377	8020.12
833.54	8020.89
834.701	8024.55
835.863	8024.16
837.025	8023.45
838.187	8022.22
839.349	8020.28
840.51	8016.79
841.67	8012.67
842.831	8006.92
843.992	8001.96
845.153	8006.03
846.312	8015.67
847.473	8017.7
848.633	8021.45
849.793	8019.5
850.951	8014.66
852.111	8006.27
853.27	7992.32
854.428	7977.16
855.588	7965.65
856.747	7954.89
857.904	7945.82
859.063	7937.99
860.221	7934.94
861.378	7922.9
862.536	7912.73
863.694	7907.84
864.85	7907.81
866.008	7909.25
867.164	7912.64
868.321	7915.46
869.478	7922.92
870.633	7918.33
871.79	7914.88
872.945	7890.45
874.101	7863.96
875.256	7827.99
876.412	7814.09
877.566	7810.81
878.722	7816.55
879.876	7825.39
881.031	7820.73
882.185	7816.71
883.34	7813.64
884.493	7810.06
885.647	7805.39
886.8	7800.1
887.954	7794.3
889.107	7789.03
890.261	7784.12
891.413	7780.02
892.565	7776.62
893.718	7775.1
894.87	7774.24
896.023	7774.69
897.174	7777.08
898.326	7781.29
899.478	7799.04
900.629	7812.16
901.779	7822.76
902.931	7827.51
904.081	7784.23
905.231	7775.05
906.383	7791.01
907.532	7803.98
908.682	7816.1
909.831	7824.01
910.982	7828.78
912.131	7807.61
913.28	7804.47
914.429	7802.65
915.578	7799.27
916.727	7799.24
917.875	7805.59
919.023	7811.15
920.171	7814.97
921.32	7817.29
922.467	7819.16
923.614	7819.42
924.761	7818.13
925.908	7815.4
927.055	7811.06
928.203	7805.07
929.349	7798.49
930.496	7790.54
931.642	7788.57
932.787	7792.33
933.933	7801.95
935.079	7810.48
936.224	7806.11
937.369	7798.71
938.514	7790.82
939.659	7783.52
940.804	7776.64
941.948	7769.99
943.092	7763.83
944.236	7758.11
945.38	7752.66
946.524	7747.77
947.667	7743.21
948.811	7740.13
949.954	7739.24
951.097	7737.55
952.24	7726.92
953.383	7683.8
954.525	7677.15
955.667	7694.71
956.81	7697.72
957.952	7691.8
959.093	7684.8
960.235	7676.82
961.376	7670.79
962.516	7664.36
963.658	7660.97
964.798	7669.03
965.939	7676.04
967.08	7681.54
968.22	7687.35
969.359	7678.06
970.499	7669.65
971.639	7650.32
972.779	7643.4
973.918	7641.73
975.056	7642.55
976.195	7644.55
977.334	7651.85
978.473	7658.18
979.61	7665.13
980.749	7672.38
981.887	7679.12
983.024	7684.16
984.162	7687.79
985.3	7689.58
986.437	7678.54
987.573	7666.27
988.711	7651.78
989.848	7632.57
990.983	7619.53
992.12	7612.64
993.255	7606.68
994.392	7605.7
995.528	7622.71
996.662	7643.65
997.798	7658.52
998.933	7661.93
1000.07	7658.7
1001.2	7649.66
1002.34	7640.16
1003.47	7627.82
1004.61	7616.44
1005.74	7617.44
1006.87	7632.34
1008.01	7674.73
1009.14	7740.08
1010.27	7613.26
1011.41	7632.18
1012.54	7644
1013.67	7642.8
1014.81	7639.05
1015.94	7633.6
1017.07	7627.61
1018.2	7621.64
1019.33	7612.92
1020.47	7604.14
1021.6	7594.17
1022.73	7584.25
1023.86	7574.93
1024.99	7567.2
1026.12	7562.4
1027.25	7560.57
1028.38	7561.15
1029.51	7562.38
1030.64	7562.95
1031.77	7560.08
1032.9	7555.09
1034.03	7548.56
1035.16	7540.78
1036.29	7530.69
1037.42	7519.1
1038.55	7506.39
1039.67	7494.78
1040.8	7491.72
1041.93	7493.36
1043.06	7502.34
1044.19	7509.27
1045.31	7530.91
1046.44	7528.53
1047.57	7516.42
1048.69	7502.18
1049.82	7488.26
1050.95	7476.59
1052.08	7465.98
1053.2	7456.19
1054.33	7445.96
1055.45	7435.85
1056.58	7425.69
1057.7	7416.01
1058.83	7403.11
1059.95	7392.57
1061.08	7385.93
1062.2	7390.15
1063.33	7409.5
1064.45	7424.42
1065.58	7432.53
1066.7	7426.07
1067.83	7424.97
1068.95	7424.04
1070.07	7424.2
1071.2	7426.05
1072.32	7429.01
1073.44	7432.56
1074.56	7435.32
1075.69	7438.67
1076.81	7419.78
1077.93	7402.99
1079.05	7392.52
1080.17	7387.95
1081.3	7402.51
1082.42	7418.45
1083.54	7425.84
1084.66	7429.54
1085.78	7431.04
1086.9	7428.69
1088.02	7423.93
1089.14	7417.1
1090.26	7409.19
1091.38	7401.6
1092.5	7393.98
1093.62	7385.78
1094.74	7377.13
1095.86	7367.16
1096.98	7360.91
1098.1	7369.28
1099.22	7392.14
1100.34	7408.64
1101.45	7414.48
1102.57	7419.9
1103.69	7420.32
1104.81	7413.88
1105.93	7401.46
1107.04	7384.58
1108.16	7367.14
1109.28	7380.04
1110.4	7400.83
1111.51	7400.48
1112.63	7398.92
1113.75	7394.5
1114.86	7387.52
1115.98	7377.45
1117.09	7359.45
1118.21	7340.53
1119.32	7327.53
1120.44	7319.57
1121.55	7316.72
1122.67	7319.3
1123.78	7322.73
1124.9	7311.24
1126.01	7300.59
1127.13	7291.31
1128.24	7283.25
1129.35	7277.01
1130.47	7271.47
1131.58	7266.25
1132.7	7261.01
1133.81	7254.58
1134.92	7247.19
1136.03	7238.78
1137.15	7229.2
1138.26	7217.62
1139.37	7204.7
1140.48	7191.53
1141.59	7180.56
1142.71	7172.38
1143.82	7167.33
1144.93	7164.65
1146.04	7164.48
1147.15	7166.33
1148.26	7170.82
1149.37	7164.12
1150.48	7149.87
1151.59	7137.32
1152.7	7126.45
1153.81	7117.78
1154.92	7111.26
1156.03	7106.66
1157.14	7104.11
1158.25	7103.49
1159.36	7104.99
1160.47	7108.35
1161.58	7113.85
1162.68	7121.17
1163.79	7129.96
1164.9	7140.01
1166.01	7134.84
1167.12	7120.47
1168.22	7108.25
1169.33	7099.3
1170.44	7093.07
1171.55	7091.23
1172.65	7091.79
1173.76	7094.99
1174.87	7100.52
1175.97	7107.5
1177.08	7115.03
1178.18	7123.29
1179.29	7132.24
1180.4	7139.55
1181.5	7138.26
1182.61	7122.31
1183.71	7112.95
1184.82	7108.42
1185.92	7100.93
1187.02	7100.1
1188.13	7101.25
1189.23	7105.7
1190.34	7110.3
1191.44	7115.47
1192.54	7114.81
1193.65	7107.31
1194.75	7103.53
1195.85	7100.58
1196.96	7097.62
1198.06	7096.01
1199.16	7095.38
1200.26	7096.53
1201.37	7101.16
1202.47	7111.12
1203.57	7118.02
1204.67	7115.47
1205.77	7105.99
1206.87	7097.75
1207.97	7091.46
1209.08	7086.81
1210.18	7082.97
1211.28	7081.01
1212.38	7080.25
1213.48	7079.87
1214.58	7074.96
1215.68	7067.71
1216.78	7062.95
1217.88	7060.33
1218.98	7060.29
1220.07	7061.59
1221.17	7063.8
1222.27	7066.15
1223.37	7068.36
1224.47	7070.22
1225.57	7071.38
1226.66	7061.86
1227.76	7044.47
1228.86	7033.47
1229.96	7029.4
1231.06	7023.03
1232.15	7027.02
1233.25	7030.96
1234.35	7034.7
1235.44	7035.61
1236.54	7032.69
1237.63	7025.25
1238.73	7015.35
1239.83	7001.63
1240.92	6984.06
1242.02	6959.6
1243.11	6949.16
1244.21	6947.98
1245.3	7005.67
1246.4	7000.89
1247.49	6984.22
1248.59	6976.55
1249.68	6969.02
1250.78	6956.33
1251.87	6945.13
1252.96	6934.14
1254.06	6924.5
1255.15	6917.51
1256.24	6914.02
1257.34	6929.61
1258.43	6925.33
1259.52	6922.21
1260.62	6916.55
1261.71	6914.46
1262.8	6913.88
1263.89	6914.75
1264.98	6918.65
1266.08	6925.51
1267.17	6932.59
1268.26	6939.73
1269.35	6946.61
1270.44	6946.24
1271.53	6940.77
1272.62	6938.31
1273.71	6941.36
1274.8	6943.19
1275.89	6943.75
1276.98	6943.55
1278.07	6942.75
1279.16	6941.09
1280.25	6938.35
1281.34	6935.33
1282.43	6931.94
1283.52	6928.9
1284.61	6928.26
1285.69	6927.42
1286.78	6926.33
1287.87	6925.45
1288.96	6925.41
1290.05	6926.09
1291.13	6927.56
1292.22	6929.51
1293.31	6930.97
1294.4	6932.24
1295.48	6932.98
1296.57	6926.69
1297.66	6923.46
1298.74	6923.31
1299.83	6922.87
1300.92	6921.87
1302	6920
1303.09	6917.69
1304.17	6912.76
1305.26	6898.44
1306.34	6898.8
1307.43	6902.56
1308.51	6910.1
1309.6	6918.43
1310.68	6919.74
1311.76	6911.28
1312.85	6901.47
1313.93	6891.03
1315.02	6879.43
1316.1	6868.35
1317.18	6868.38
1318.27	6871.08
1319.35	6875.89
1320.43	6884.06
1321.52	6885.29
1322.6	6862.26
1323.68	6858.66
1324.76	6857.7
1325.85	6853.37
1326.93	6846.38
1328.01	6838.61
1329.09	6831.58
1330.17	6824.04
1331.25	6818.38
1332.33	6819
1333.41	6822.91
1334.49	6828.59
1335.58	6835.83
1336.65	6839.92
1337.74	6839.6
1338.82	6834.73
1339.89	6828.29
1340.97	6823.12
1342.05	6818.43
1343.13	6815.22
1344.21	6811.06
1345.29	6807.16
1346.37	6803.72
1347.45	6801.07
1348.53	6798.29
1349.6	6795.73
1350.68	6791.4
1351.76	6784.22
1352.84	6778.14
1353.92	6778.94
1354.99	6782.72
1356.07	6789.81
1357.15	6792.85
1358.22	6792.67
1359.3	6784.57
1360.38	6774.43
1361.45	6765.63
1362.53	6761.04
1363.61	6767.78
1364.68	6779.25
1365.76	6794.35
1366.83	6803.83
1367.91	6805.28
1368.98	6796.86
1370.06	6790.34
1371.13	6778.96
1372.21	6769.71
1373.28	6761.43
1374.35	6766.37
1375.43	6770.54
1376.5	6762.91
1377.58	6748.89
1378.65	6733.04
1379.72	6725.81
1380.8	6730.42
1381.87	6738.3
1382.94	6745.2
1384.01	6750.61
1385.09	6754.99
1386.16	6758.14
1387.23	6759.89
1388.3	6760.68
1389.38	6761.04
1390.45	6763.37
1391.52	6755.55
1392.59	6737.4
1393.66	6719.37
1393.92	6714.86
1395	6700.16
1396.07	6714.92
1397.15	6740.46
1398.22	6732.2
1399.3	6737.16
1400.38	6654.28
1401.45	6680.52
1402.53	6692.72
1403.6	6688.27
1404.68	6684.97
1405.75	6680.24
1406.82	6676.17
1407.9	6674.25
1408.97	6668.33
1410.05	6666.97
1411.12	6667.84
1412.19	6670.31
1413.27	6674.04
1414.34	6678.25
1415.41	6684.44
1416.49	6688.24
1417.56	6688
1418.63	6684.12
1419.7	6675.22
1420.78	6667.72
1421.85	6654.95
1422.92	6645.42
1423.99	6631.96
1425.06	6639.32
1426.14	6651.27
1427.21	6659.11
1428.28	6662.61
1429.35	6662.34
1430.42	6658.28
1431.49	6649.82
1432.56	6637.02
1433.63	6619.75
1434.7	6598.52
1435.77	6599.28
1436.84	6604.98
1437.91	6625.59
1438.98	6612.38
1440.05	6593.65
1441.12	6576.82
1442.18	6565.09
1443.25	6559.49
1444.32	6559.37
1445.39	6565.26
1446.46	6573.71
1447.53	6581.21
1448.59	6589.27
1449.66	6596.8
1450.73	6604.01
1451.8	6609.07
1452.86	6608.87
1453.93	6602.84
1455	6592.46
1456.06	6582.03
1457.13	6569.36
1458.2	6562.99
1459.26	6557.71
1460.33	6554.99
1461.39	6554.01
1462.46	6554.67
1463.52	6556.5
1464.59	6560.1
1465.65	6562.79
1466.72	6565.17
1467.78	6565.88
1468.85	6558.92
1469.91	6544.74
1470.98	6534.41
1472.04	6531.41
1473.1	6526.67
1474.17	6532.28
1475.23	6538.37
1476.3	6545.08
1477.36	6547.66
1478.42	6547.18
1479.48	6546.35
1480.55	6544.57
1481.61	6541.54
1482.67	6537.58
1483.73	6532.43
1484.8	6526.78
1485.86	6519.84
1486.92	6511.97
1487.98	6501.93
1489.04	6494.18
1490.1	6488.69
1491.17	6488.58
1492.23	6494.01
1493.29	6492.97
1494.35	6488.47
1495.41	6478.79
1496.47	6470.73
1497.53	6463.09
1498.59	6455.99
1499.65	6454.81
1500.71	6453.21
1501.77	6453.48
1502.83	6454.7
1503.88	6456.8
1504.94	6459.96
1506	6465.24
1507.06	6469.88
1508.12	6471.71
1509.18	6469.27
1510.23	6461.65
1511.29	6452.49
1512.35	6440.83
1513.41	6428.4
1514.47	6415.35
1515.52	6421.42
1516.58	6426.04
1517.64	6431.96
1518.69	6437
1519.75	6431.4
1520.81	6416.45
1521.86	6400.15
1522.92	6379.4
1523.97	6365.32
1525.03	6350.85
1526.08	6352.66
1527.14	6363.9
1528.2	6379.2
1529.25	6388.73
1530.31	6400.24
1531.36	6402.34
1532.42	6405.1
1533.47	6396.37
1534.52	6386.28
1535.58	6377.78
1536.63	6371.45
1537.69	6366.67
1538.74	6363.22
1539.79	6360.88
1540.84	6359.09
1541.9	6358.18
1542.95	6358.14
1544	6358.85
1545.06	6360.18
1546.11	6361.75
1547.16	6358.94
1548.21	6352.45
1549.27	6344.55
1550.32	6340.98
1551.37	6342.72
1552.42	6354.01
1553.47	6360
1554.52	6370.01
1555.57	6366.81
1556.62	6362.01
1557.67	6355.04
1558.72	6348.17
1559.77	6343.34
1560.82	6339.98
1561.87	6338.12
1562.92	6338.32
1563.97	6322.67
1565.02	6320.81
1566.07	6324.07
1567.12	6328.08
1568.17	6333.3
1569.22	6328.67
1570.27	6319.91
1571.32	6310.56
1572.36	6304.5
1573.41	6299.96
1574.46	6296.13
1575.51	6293.96
1576.56	6292.94
1577.6	6292.93
1578.65	6293.75
1579.7	6294.74
1580.74	6290.5
1581.79	6280.59
1582.84	6274.56
1583.88	6269.71
1584.93	6261.63
1585.98	6255.73
1587.02	6250.94
1588.07	6252.46
1589.11	6257.07
1590.16	6260.53
1591.2	6262.37
1592.25	6262.93
1593.29	6261.64
1594.34	6258.83
1595.38	6252.18
1596.43	6243.79
1597.47	6234.99
1598.52	6226.58
1599.56	6220.48
1600.6	6215.48
1601.65	6210.52
1602.69	6207.01
1603.73	6204.33
1604.78	6203.2
1605.82	6204.48
1606.86	6209.42
1607.91	6209.39
1608.95	6202.33
1609.99	6195.89
1611.03	6190.55
1612.08	6185.58
1613.12	6180.87
1614.16	6176.13
1615.2	6172.4
1616.24	6168.97
1617.28	6165.38
1618.32	6161.36
1619.36	6155.4
1620.41	6148.42
1621.45	6140.36
1622.49	6131.59
1623.53	6121.81
1624.57	6111.62
1625.61	6102.45
1626.65	6095.11
1627.69	6089.75
1628.73	6085.97
1629.76	6083.83
1630.8	6083.26
1631.84	6084.56
1632.88	6087.61
1633.92	6093.41
1634.96	6097.58
1636	6099.11
1637.03	6098.17
1638.07	6088.7
1639.11	6075.07
1640.15	6065.61
1641.19	6059.46
1642.22	6065.72
1643.26	6084.3
1644.3	6095.21
1645.33	6090.17
1646.37	6074.52
1647.41	6050.28
1648.44	6021.63
1649.48	5996.31
1650.52	5987.31
1651.55	5983.21
1652.59	5995.68
1653.62	6005.26
1654.66	6012.6
1655.69	6018.28
1656.73	6019.3
1657.76	6018.54
1658.8	6015.99
1659.83	6011.98
1660.87	6006.3
1661.9	5998.88
1662.93	5991.28
1663.97	5979.5
1665	5966.82
1666.04	5959.27
1667.07	5955.08
1668.1	5952.55
1669.14	5951.45
1670.17	5951.39
1671.2	5952.13
1672.23	5953.27
1673.27	5954.7
1674.3	5956.22
1675.33	5958.09
1676.36	5960.2
1677.39	5962.36
1678.43	5963.96
1679.46	5962.35
1680.49	5956.93
1681.52	5952.43
1682.55	5948.31
1683.58	5943.63
1684.61	5940.05
1685.64	5940.49
1686.67	5942.22
1687.7	5945.19
1688.73	5943.92
1689.76	5939.63
1690.79	5929.58
1691.82	5916.04
1692.85	5899.53
1693.88	5881.8
1694.91	5864.39
1695.94	5856.85
1696.97	5862.97
1698	5868.44
1699.02	5891.4
1700.05	5910.91
1701.08	5912.67
1702.11	5908.33
1703.14	5895.64
1704.16	5876.44
1705.19	5867.77
1706.22	5861.01
1707.25	5856.64
1708.27	5852.14
1709.3	5848.17
1710.33	5845.18
1711.35	5843.38
1712.38	5842.22
1713.41	5841.73
1714.43	5841.11
1715.46	5835.26
1716.48	5822.78
1717.51	5812.79
1718.53	5807.46
1719.56	5802.38
1720.58	5795.19
1721.61	5783.61
1722.63	5772.88
1723.66	5764.1
1724.68	5757.44
1725.71	5752.76
1726.73	5750.31
1727.75	5750.06
1728.78	5752.23
1729.8	5756.96
1730.83	5763.78
1731.85	5766.01
1732.87	5755.25
1733.89	5749.07
1734.92	5742.46
1735.94	5737.44
1736.96	5735.39
1737.98	5734.04
1739.01	5733.64
1740.03	5733.47
1741.05	5732.85
1742.07	5730.71
1743.09	5714.78
1744.12	5711.61
1745.14	5714.63
1746.16	5737.28
1747.18	5724.01
1748.2	5714.12
1749.22	5705.45
1750.24	5698.28
1751.26	5692.67
1752.28	5690.6
1753.3	5691.32
1754.32	5692.63
1755.34	5693.04
1756.36	5690.84
1757.38	5675.4
1758.4	5664.35
1759.42	5653.32
1760.44	5642.64
1761.45	5631.4
1762.47	5635.28
1763.49	5647.15
1764.51	5662.56
1765.53	5677
1766.55	5684.39
1767.56	5665.47
1768.58	5653.57
1769.6	5638.68
1770.61	5624.31
1771.63	5604.15
1772.65	5600.12
1773.67	5606.19
1774.68	5610.99
1775.7	5613.07
1776.72	5614.15
1777.73	5614.22
1778.75	5613.44
1779.76	5611.88
1780.78	5609.52
1781.79	5606.35
1782.81	5602.05
1783.83	5596.71
1784.84	5590.03
1785.85	5581.48
1786.87	5569.13
1787.88	5558.75
1788.9	5551.95
1789.91	5546.71
1790.93	5540.07
1791.94	5533.59
1792.95	5527.57
1793.97	5521.91
1794.98	5516.73
1796	5512.18
1797.01	5508.5
1798.02	5505.6
1799.03	5503.81
1800.05	5502.98
1801.06	5503.66
1802.07	5506.19
1803.08	5510.32
1804.1	5510.22
1805.11	5485
1806.12	5463
1807.13	5460.92
1808.14	5470.19
1809.15	5470.99
1810.17	5470.76
1811.18	5470.12
1812.19	5467.08
1813.2	5459.81
1814.21	5449.92
1815.22	5436.38
1816.23	5419.19
1817.24	5436.91
1818.25	5444.89
1819.26	5444.4
1820.27	5433.32
1821.28	5420.62
1822.29	5409.35
1823.3	5399.3
1824.3	5392.96
1825.31	5393.5
1826.32	5392.1
1827.33	5389.52
1828.34	5387.67
1829.35	5381.26
1830.35	5372.96
1831.36	5363.86
1832.37	5354.89
1833.38	5347.11
1834.38	5341.34
1835.39	5346.19
1836.4	5355.12
1837.41	5350.68
1838.41	5348.43
1839.42	5344.79
1840.43	5341.17
1841.43	5341.09
1842.44	5341.88
1843.44	5343.26
1844.45	5344.16
1845.46	5344.4
1846.46	5343.7
1847.47	5339.25
1848.47	5334.46
1849.48	5328.39
1850.48	5320.75
1851.49	5311.67
1852.49	5301.38
1853.49	5290.37
1854.5	5281.44
1855.5	5275.26
1856.51	5271.38
1857.51	5269.42
1858.51	5269.06
1859.52	5269.94
1860.52	5264.41
1861.52	5256.96
1862.53	5261.59
1863.53	5269.25
1864.53	5276.35
1865.54	5278.6
1866.54	5270.13
1867.54	5260.2
1868.54	5250.67
1869.54	5239.58
1870.55	5225.99
1871.55	5211.68
1872.55	5206.04
1873.55	5204.34
1874.55	5209.55
1875.55	5210.97
1876.55	5209.11
1877.55	5213.58
1878.55	5214.62
1879.55	5207.07
1880.56	5195.15
1881.55	5180.68
1882.56	5164.19
1883.55	5151.64
1884.55	5151.3
1885.55	5159.37
1886.55	5162.31
1887.55	5169.69
1888.55	5176.81
1889.55	5181.53
1890.55	5178.51
1891.55	5173.26
1892.55	5166.1
1893.54	5156.48
1894.54	5144.36
1895.54	5129.95
1896.54	5114.16
1897.54	5102.69
1898.53	5113.64
1899.53	5121.71
1900.53	5127.15
1901.52	5130.16
1902.52	5130.05
1903.52	5110.11
1904.51	5101.5
1905.51	5091.11
1906.51	5080.4
1907.5	5074.62
1908.5	5081.39
1909.49	5087.46
1910.49	5076.33
1911.49	5060.51
1912.48	5052.32
1913.48	5045.59
1914.47	5041.86
1915.46	5040.65
1916.46	5042.47
1917.45	5032.76
1918.45	5022.97
1919.44	5012.7
1920.44	5001.77
1921.43	4992.87
1922.43	4985.78
1923.42	4984.56
1924.41	4985.69
1925.41	4988.55
1926.4	4988.5
1927.39	4989.04
1928.38	4989.93
1929.38	4989.45
1930.37	4987.72
1931.36	4983.52
1932.35	4977.59
1933.35	4970.02
1934.34	4960.66
1935.33	4949.53
1936.32	4936.6
1937.31	4922.02
1938.3	4912.18
1939.29	4913.9
1940.29	4921.64
1941.28	4933.94
1942.27	4938.51
1943.26	4925.35
1944.25	4877.98
1945.24	4894.14
1946.23	4892.2
1947.22	4892.32
1948.21	4893.36
1949.2	4893.48
1950.19	4891.61
1951.18	4888.84
1952.17	4884.49
1953.16	4879.89
1954.14	4874.63
1955.13	4868.68
1956.12	4862.2
1957.11	4855.38
1958.1	4847.93
1959.09	4840.01
1960.07	4831.4
1961.06	4822.75
1962.05	4815.18
1963.04	4823.8
1964.02	4827.58
1965.01	4828.62
1966	4831.23
1966.99	4833.67
1967.97	4822.06
1968.96	4799.75
1969.95	4778.36
1970.93	4767.08
1971.92	4764.35
1972.9	4769.14
1973.89	4769.99
1974.88	4771.51
1975.86	4775.37
1976.85	4779.07
1977.83	4776.73
1978.82	4771.38
1979.8	4767.4
1980.79	4762.94
1981.77	4760.96
1982.76	4769.88
1983.74	4765.6
1984.72	4751.43
1985.71	4739.84
1986.69	4731.94
1987.67	4727.2
1988.66	4725.4
1989.64	4724.85
1990.62	4724.11
1991.61	4724.31
1992.59	4726.01
1993.57	4728.6
1994.56	4733.36
1995.54	4726.87
1996.52	4707.91
1997.5	4696.85
1998.49	4686.5
1999.47	4676.25
2000.45	4671.7
2001.43	4668.11
2002.41	4668.83
2003.39	4671.49
2004.38	4675.11
2005.36	4678.77
2006.34	4678.32
2007.32	4676.59
2008.3	4671.73
2009.28	4665.18
2010.26	4657.28
2011.24	4648.84
2012.22	4640.85
2013.2	4633.32
2014.18	4626.69
2015.16	4620.44
2016.14	4615.3
2017.12	4610.99
2018.1	4607.36
2019.07	4604.38
2020.05	4602.07
2021.03	4600.08
2022.01	4597.98
2022.99	4595.66
2023.97	4592.34
2024.95	4588.63
2025.92	4583.21
2026.9	4577.24
2027.88	4571.05
2028.86	4565.91
2029.83	4564.41
2030.81	4562.77
2031.79	4559.15
2032.76	4553.57
2033.74	4545.96
2034.72	4536.68
2035.69	4525.83
2036.67	4513.73
2037.65	4501.56
2038.62	4495.43
2039.6	4492.22
2040.57	4492.95
2041.55	4494.17
2042.52	4494.96
2043.5	4495.8
2044.47	4495.76
2045.45	4492.06
2046.42	4486.95
2047.4	4480
2048.37	4471.76
2049.35	4461.1
2050.32	4454.3
2051.29	4456.5
2052.27	4460.23
2053.24	4460.16
2054.21	4458.32
2055.19	4454.92
2056.16	4450.53
2057.13	4443.96
2058.11	4436.15
2059.08	4428.33
2060.05	4423.34
2061.02	4419.63
2062	4416.16
2062.97	4412.45
2063.94	4408.64
2064.91	4404.63
2065.89	4400.24
2066.86	4395.6
2067.83	4390.5
2068.8	4385.06
2069.77	4379
2070.74	4372.33
2071.71	4366.79
2072.68	4361.54
2073.65	4360.01
2074.62	4359.94
2075.59	4358.83
2076.56	4356.64
2077.53	4353.53
2078.5	4349.1
2079.47	4343.71
2080.44	4337
2081.41	4332.02
2082.38	4329.21
2083.35	4328.47
2084.32	4329.08
2085.29	4326.26
2086.26	4322.68
2087.23	4318.18
2088.19	4312.7
2089.16	4306.14
2090.13	4298.32
2091.1	4289.55
2092.07	4280.22
2093.03	4271.64
2094	4263.35
2094.97	4255.39
2095.94	4253.58
2096.9	4254.55
2097.87	4257.67
2098.84	4260.68
2099.8	4261.6
2100.77	4262.48
2101.74	4257.62
2102.7	4252.42
2103.67	4243.29
2104.63	4232.53
2105.6	4219.64
2106.56	4207.29
2107.53	4198.59
2108.49	4191.57
2109.46	4185.41
2110.42	4182.84
2111.39	4182.07
2112.35	4182.34
2113.32	4182.77
2114.28	4181.76
2115.25	4178.33
2116.21	4175.04
2117.17	4170.9
2118.14	4165.96
2119.1	4160.13
2120.07	4153.43
2121.03	4146.23
2121.99	4138.58
2122.96	4130.66
2123.92	4122.73
2124.88	4115.96
2125.84	4112.81
2126.81	4119.51
2127.77	4129.67
2128.73	4139.37
2129.69	4147.71
2130.65	4145.63
2131.62	4134.24
2132.58	4116.74
2133.54	4077.9
2134.5	4073.05
2135.46	4074.28
2136.42	4081.48
2137.38	4086.41
2138.34	4090
2139.3	4090.55
2140.26	4089.01
2141.22	4085.25
2142.18	4079.9
2143.14	4072.02
2144.1	4062.52
2145.06	4053.87
2146.02	4052.06
2146.98	4053.34
2147.94	4051.82
2148.9	4049.62
2149.86	4046.76
2150.82	4042.3
2151.78	4036.13
2152.74	4028.96
2153.69	4021.19
2154.65	4012.69
2155.61	4003.53
2156.57	3994.64
2157.53	3986.46
2158.48	3979.67
2159.44	3975.04
2160.4	3974.57
2161.36	3971.71
2162.31	3969.13
2163.27	3964.08
2164.23	3956.28
2165.18	3950.95
2166.14	3944.01
2167.1	3942.91
2168.05	3941.61
2169.01	3939.31
2169.96	3933.28
2170.92	3926.9
2171.88	3920.26
2172.83	3913.45
2173.79	3906.58
2174.74	3899.62
2175.7	3892.23
2176.65	3886.3
2177.6	3881.54
2178.56	3877.45
2179.51	3873.36
2180.47	3869.08
2181.42	3862.72
2182.38	3854.43
2183.33	3844.04
2184.28	3832.71
2185.24	3820.88
2186.19	3813.27
2187.14	3817.42
2188.1	3822.81
2189.05	3826.42
2190	3826.89
2190.96	3814.46
2191.91	3808.83
2192.86	3802.85
2193.81	3798.2
2194.76	3795.36
2195.72	3794.48
2196.67	3793.13
2197.62	3790.47
2198.57	3787
2199.52	3782.48
2200.47	3777.28
2201.43	3770.59
2202.38	3762.06
2203.33	3755.73
2204.28	3752.86
2205.23	3753.21
2206.18	3751.91
2207.13	3749.15
2208.08	3742.87
2209.03	3737.36
2209.98	3728.05
2210.93	3718.22
2211.88	3708.29
2212.83	3704.7
2213.78	3712.37
2214.73	3719.19
2215.67	3733.8
2216.62	3742.76
2217.57	3745.87
2218.52	3744.01
2219.47	3727.51
2220.42	3707.31
2221.37	3689.38
2222.31	3675.18
2223.26	3666.87
2224.21	3665.78
2225.16	3674.47
2226.1	3676.16
2227.05	3675.49
2228	3672.45
2228.94	3671.62
2229.89	3675.32
2230.84	3680.3
2231.78	3683.34
2232.73	3685.16
2233.68	3681.77
2234.62	3675.72
2235.57	3665.82
2236.51	3657.36
2237.46	3651.68
2238.41	3647.84
2239.35	3645.47
2240.3	3644.05
2241.24	3643.5
2242.19	3643.73
2243.13	3645.26
2244.07	3647.35
2245.02	3648.59
2245.96	3634.38
2246.91	3631.34
2247.85	3627.48
2248.8	3621.17
2249.74	3614.13
2250.68	3607.99
2251.63	3605.05
2252.57	3604.03
2253.51	3607.73
2254.46	3619.2
2255.4	3620.96
2256.34	3621.65
2257.28	3617.49
2258.23	3608.91
2259.17	3594.19
2260.11	3587.65
2261.05	3591.95
2262	3590.05
2262.94	3587.74
2263.88	3584.97
2264.82	3580.85
2265.76	3578.52
2266.7	3577.96
2267.64	3583.45
2268.58	3606.73
2269.53	3603.52
2270.47	3576.88
2271.41	3567.9
2272.35	3573.31
2273.29	3576.45
2274.23	3577.19
2275.17	3576.63
2276.11	3576.01
2277.05	3574.71
2277.99	3573.07
2278.93	3571.76
2279.86	3570.5
2280.8	3571.85
2281.74	3574.24
2282.68	3576.02
2283.62	3571.68
2284.56	3564.13
2285.5	3555.52
2286.44	3550.11
2287.37	3546.19
2288.31	3546.32
2289.25	3547.89
2290.19	3549
2291.12	3550.43
2292.06	3550.19
2293	3549.61
2293.94	3549.79
2294.87	3547.24
2295.81	3548.2
2296.75	3550.39
2297.68	3552.44
2298.62	3552.71
2299.55	3548.93
2300.49	3543.18
2301.43	3536.1
2302.36	3529.97
2303.3	3525.86
2304.23	3519.17
2305.17	3514.52
2306.1	3515.49
2307.04	3523.82
2307.98	3529.81
2308.91	3527
2309.84	3514.96
2310.78	3487.97
2311.71	3477.52
2312.65	3477.87
2313.58	3475.73
2314.52	3475.83
2315.45	3478.81
2316.38	3482.15
2317.32	3480.66
2317.72	3478.59
2318.66	3469.99
2319.6	3459.6
2320.54	3448.2
2321.48	3443.03
2322.41	3437.9
2323.35	3437
2324.29	3437.61
2325.23	3441.6
2326.16	3446.61
2327.1	3451.79
2328.04	3455.05
2328.97	3451.51
2329.91	3445.68
2330.85	3437.32
2331.78	3424.41
2332.72	3416.31
2333.66	3413.13
2334.59	3413.53
2335.53	3425.87
2336.46	3427.32
2337.4	3429.06
2338.33	3430.91
2339.27	3422.77
2340.2	3410.9
2341.14	3400.71
2342.07	3395.13
2343.01	3393.38
2343.94	3396.07
2344.88	3397.16
2345.81	3393.36
2346.75	3391.14
2347.68	3390.02
2348.61	3384.37
2349.55	3378.08
2350.48	3378.34
2351.41	3380.62
2352.35	3379.97
2353.28	3379.29
2354.21	3376.4
2355.15	3372.73
2356.08	3367.84
2357.01	3362.11
2357.94	3355.75
2358.88	3349.39
2359.81	3347.81
2360.74	3346.28
2361.67	3345.48
2362.6	3345.53
2363.54	3346.41
2364.47	3348.21
2365.4	3350.75
2366.33	3352.2
2367.26	3352.15
2368.19	3349.6
2369.12	3345.81
2370.05	3334.17
2370.98	3321.28
2371.91	3305.95
2372.84	3299.56
2373.77	3301.18
2374.7	3303.22
2375.63	3309.63
2376.56	3315.42
2377.49	3323.84
2378.42	3325.39
2379.35	3325.24
2380.28	3320.32
2381.21	3307.79
2382.14	3294.65
2383.07	3288.84
2384	3283.73
2384.92	3282.25
2385.85	3286.39
2386.78	3291.22
2387.71	3294.15
2388.64	3296.63
2389.56	3288.66
2390.49	3275.18
2391.42	3259.91
2392.35	3249.66
2393.27	3242.11
2394.2	3245.57
2395.13	3254.01
2396.05	3267.31
2396.98	3272.06
2397.91	3272.56
2398.83	3269.57
2399.76	3262.78
2400.69	3253.16
2401.61	3248.97
2402.54	3248.51
2403.46	3249.73
2404.39	3251.6
2405.31	3252.95
2406.24	3253.64
2407.17	3252.8
2408.09	3251.81
2409.01	3250.43
2409.94	3247.19
2410.86	3238.4
2411.79	3219.79
2412.71	3205.83
2413.64	3197.75
2414.56	3190.94
2415.49	3185.65
2416.41	3181.56
2417.33	3178.94
2418.26	3179.16
2419.18	3181.09
2420.1	3185.93
2421.03	3191.11
2421.95	3190.83
2422.87	3187.82
2423.79	3183.28
2424.72	3172.92
2425.64	3161.34
2426.56	3148.38
2427.48	3138.96
2428.41	3147.7
2429.33	3152.25
2430.25	3158.81
2431.17	3163.91
2432.09	3164.59
2433.01	3153.45
2433.93	3140.55
2434.86	3123.17
2435.78	3109.38
2436.7	3113.78
2437.62	3114.38
2438.54	3114.53
2439.46	3116.16
2440.38	3113.41
2441.3	3110.44
2442.22	3105.99
2443.14	3100.64
2444.06	3096.72
2444.98	3094.03
2445.9	3095.98
2446.82	3094.91
2447.73	3095.03
2448.65	3095.31
2449.57	3095.74
2450.49	3096.16
2451.41	3096.5
2452.33	3096.32
2453.25	3088.11
2454.17	3078.37
2455.08	3069.9
2456	3062.63
2456.92	3056.5
2457.84	3051.33
2458.75	3046.81
2459.67	3042.36
2460.59	3036.41
2461.51	3030.02
2462.42	3025.31
2463.34	3022.24
2464.26	3022.14
2465.17	3029.17
2466.09	3032.77
2467	3037.7
2467.92	3039.99
2468.84	3038.63
2469.75	3032.12
2470.67	3024.75
2471.58	3018.45
2472.5	3012.13
2473.42	3006.63
2474.33	3001.74
2475.25	2998.29
2476.16	2996.02
2477.08	2995.95
2477.99	2997.54
2478.9	3000.33
2479.82	3003.48
2480.73	3007.56
2481.65	3009.58
2482.56	3005.16
2483.47	2998.32
2484.39	2985.32
2485.3	2973.44
2486.22	2968.48
2487.13	2969.63
2488.04	2971.1
2488.96	2972.01
2489.87	2972.68
2490.78	2972.82
2491.69	2972.07
2492.61	2969.56
2493.52	2965.36
2494.43	2961.78
2495.34	2958.32
2496.25	2956.92
2497.17	2958.75
2498.08	2962.14
2498.99	2963.56
2499.9	2963.78
2500.81	2962.96
2501.72	2961.51
2502.63	2959.07
2503.55	2956.09
2504.46	2952.74
2505.37	2949.17
2506.28	2950.32
2507.19	2950.29
2508.1	2941.9
2509.01	2930.93
2509.92	2923.77
2510.83	2919.13
2511.74	2917.94
2512.65	2917.92
2513.56	2917.28
2514.47	2916.49
2515.37	2915.53
2516.28	2911.59
2517.19	2906.84
2518.1	2908.81
2519.01	2915.27
2519.92	2918.61
2520.83	2918.91
2521.73	2916.08
2522.64	2909.47
2523.55	2900.09
2524.46	2891.57
2525.37	2886.63
2526.27	2883.7
2527.18	2903.68
2528.09	2860.75
2529	2870.35
2529.9	2878.78
2530.81	2884.82
2531.72	2888.17
2532.62	2887.81
2533.53	2884.83
2534.44	2879.87
2535.34	2874.95
2536.25	2869.3
2537.15	2863.03
2538.06	2866.65
2538.96	2861.95
2539.87	2854.68
2540.78	2846.9
2541.68	2839.75
2542.59	2834.28
2543.49	2830.33
2544.4	2827.23
2545.3	2825.04
2546.21	2823.93
2547.11	2824.12
2548.01	2825.84
2548.92	2830.39
2549.82	2830.6
2550.73	2825.06
2551.63	2811.41
2552.53	2802.18
2553.44	2799.6
2554.34	2795.72
2555.24	2792.87
2556.15	2791.62
2557.05	2791.1
2557.95	2791.91
2558.86	2793.31
2559.76	2795.39
2560.66	2796.57
2561.56	2785.64
2562.46	2778.48
2563.37	2772.07
2564.27	2765.81
2565.17	2761.65
2566.07	2759.92
2566.97	2760.52
2567.88	2761.95
2568.78	2763.78
2569.68	2765.04
2570.58	2763.69
2571.48	2761.45
2572.38	2757.92
2573.28	2753.49
2574.18	2748.17
2575.08	2742.87
2575.98	2741.14
2576.88	2745.02
2577.78	2746.44
2578.68	2744.78
2579.58	2740.31
2580.48	2732.56
2581.38	2722.52
2582.28	2711.65
2583.18	2699.38
2584.08	2693.39
2584.98	2691.43
2585.88	2692.97
2586.77	2697.32
2587.67	2700.09
2588.57	2702.15
2589.47	2697.54
2590.37	2692.9
2591.27	2688.03
2592.16	2683.2
2593.06	2678.6
2593.96	2673.96
2594.86	2669.58
2595.75	2665.94
2596.65	2663.72
2597.55	2662.51
2598.45	2661.97
2599.34	2662.45
2600.24	2661.22
2601.13	2657.97
2602.03	2652.91
2602.93	2645.65
2603.82	2639.78
2604.72	2638.24
2605.62	2637.97
2606.51	2638.95
2607.41	2640.68
2608.3	2643.36
2609.2	2644.24
2610.09	2648.33
2610.99	2651.5
2611.88	2652.3
2612.78	2646.27
2613.67	2635.02
2614.57	2630.23
2615.46	2629.01
2616.36	2626.87
2617.25	2623.95
2618.14	2620.27
2619.04	2615.87
2619.93	2610.98
2620.83	2606.66
2621.72	2602.25
2622.61	2600.06
2623.5	2599.86
2624.4	2598.11
2625.29	2596.3
2626.18	2594.23
2627.08	2591.98
2627.97	2588.71
2628.86	2585.24
2629.75	2581.15
2630.65	2577.58
2631.54	2578.14
2632.43	2578.61
2633.32	2576.78
2634.21	2573.99
2635.11	2570.09
2636	2564.24
2636.89	2557.3
2637.78	2549.73
2638.67	2541.6
2639.56	2542.96
2640.45	2544.55
2641.34	2544.52
2642.23	2542.79
2643.12	2537.73
2644.01	2532.14
2644.9	2516.99
2645.79	2505.11
2646.68	2498.49
2647.57	2497.82
2648.46	2504.77
2649.35	2506.84
2650.24	2510.18
2651.13	2509.48
2652.02	2505.36
2652.91	2497.05
2653.8	2490.25
2654.69	2486.59
2655.58	2484.81
2656.46	2483.28
2657.35	2482.67
2658.24	2482.39
2659.13	2483.84
2660.02	2476.87
2660.9	2468.61
2661.79	2473.43
2662.68	2475.03
2663.57	2475.73
2664.45	2473.9
2665.34	2467.29
2666.23	2467.12
2667.11	2466.46
2668	2466.16
2668.89	2466.4
2669.77	2466.57
2670.66	2465.55
2671.55	2458.56
2672.43	2453.52
2673.32	2449.45
2674.21	2445.56
2675.09	2441.71
2675.98	2437.99
2676.86	2434.44
2677.75	2430.88
2678.63	2427.03
2679.52	2422.3
2680.4	2416.76
2681.29	2410.16
2682.17	2403.57
2683.06	2398.05
2683.94	2397.76
2684.82	2397.49
2685.71	2398.08
2686.59	2397.55
2687.48	2396.64
2688.36	2395.98
2689.24	2393.81
2690.13	2392.07
2691.01	2390.71
2691.89	2390.65
2692.78	2392.22
2693.66	2388.66
2694.54	2382.37
2695.43	2375.75
2696.31	2370.35
2697.19	2367.61
2698.07	2365.39
2698.96	2363.88
2699.84	2360.88
2700.72	2357.8
2701.6	2354.14
2702.48	2349.97
2703.36	2345.28
2704.25	2339.6
2705.13	2333.89
2706.01	2333.49
2706.89	2343.87
2707.77	2349.48
2708.65	2353.03
2709.53	2354.57
2710.41	2353.32
2711.29	2346.15
2712.17	2331.45
2713.05	2320.78
2713.93	2312.47
2714.81	2306.25
2715.69	2301.18
2716.57	2298.63
2717.45	2296.94
2718.33	2296.33
2719.21	2294.19
2720.09	2290.16
2720.97	2289.05
2721.85	2289.25
2722.73	2292.67
2723.61	2297.59
2724.48	2302.24
2725.36	2308.62
2726.24	2307.7
2727.12	2304.55
2728	2300.24
2728.88	2295.01
2729.75	2288.58
2730.63	2291.4
2731.51	2301.49
2732.39	2299.45
2733.26	2290.84
2734.14	2279.92
2735.02	2267.05
2735.89	2256.79
2736.77	2255.62
2737.65	2255.3
2738.52	2256.68
2739.4	2260.87
2740.28	2265.27
2741.15	2266.87
2742.03	2266.18
2742.9	2262.65
2743.78	2255.06
2744.65	2250.86
2745.53	2252.09
2746.41	2255.09
2747.28	2258.23
2748.16	2259.21
2749.03	2255.88
2749.91	2250.86
2750.78	2244.2
2751.66	2236.31
2752.53	2225.2
2753.4	2226.39
2754.28	2234.03
2755.15	2238.46
2756.02	2239.77
2756.9	2238.53
2757.77	2224.41
2758.65	2214.4
2759.52	2210.17
2760.39	2211.35
2761.27	2212.78
2762.14	2214.47
2763.01	2215.89
2763.88	2217.09
2764.76	2218.03
2765.63	2218.03
2766.5	2216.14
2767.37	2210.76
2768.25	2201.69
2769.12	2203.57
2769.99	2199.57
2770.86	2192.62
2771.73	2183.28
2772.61	2173.77
2773.48	2156.94
2774.35	2153.36
2775.22	2153.8
2776.09	2153.76
2776.96	2154.47
2777.83	2155.87
2778.7	2157.79
2779.57	2164.02
2780.44	2168.1
2781.31	2169.95
2782.18	2169.93
2783.05	2168.23
2783.92	2164.62
2784.79	2159.56
2785.66	2153.24
2786.53	2146.95
2787.4	2141.17
2788.27	2136.7
2789.14	2133.57
2790.01	2131.68
2790.88	2130.83
2791.75	2130.86
2792.62	2132.25
2793.48	2133
2794.35	2129.05
2795.22	2120.73
2796.09	2114.19
2796.96	2111.39
2797.82	2111.96
2798.69	2113.01
2799.56	2118.16
2800.43	2124.64
2801.29	2132.83
2802.16	2137.38
2803.03	2124.89
2803.9	2111.19
2804.76	2091.83
2805.63	2086.82
2806.5	2092.2
2807.36	2097.08
2808.23	2108.53
2809.09	2105.56
2809.96	2080.09
2810.83	2062.52
2811.69	2088.17
2812.56	2103.77
2813.42	2111.67
2814.29	2112.37
2815.15	2104.15
2816.02	2097.88
2816.88	2088.6
2817.75	2079.52
2818.61	2073.15
2819.48	2068.56
2820.34	2066.22
2821.21	2065.44
2822.07	2064.88
2822.94	2067.01
2823.8	2062.6
2824.66	2055.26
2825.53	2044.24
2826.39	2036.45
2827.26	2033.14
2828.12	2034.29
2828.98	2039.71
2829.85	2049.5
2830.71	2056.36
2831.57	2060.77
2832.43	2062.59
2833.3	2061.92
2834.16	2058.97
2835.02	2054.97
2835.88	2048.72
2836.75	2040.17
2837.61	2023.66
2838.47	2012.02
2839.33	2004.76
2840.19	2013.94
2841.06	2019.21
2841.92	2022.64
2842.78	2024.6
2843.64	2025.41
2844.5	2025.66
2845.36	2028.45
2846.22	2030.01
2847.08	2028.98
2847.94	2023.39
2848.81	2021.58
2849.67	2019.79
2850.53	2017.28
2851.39	2016.01
2852.25	2014.46
2853.11	2011.59
2853.97	2008.7
2854.82	2005.92
2855.68	2003.39
2856.54	2001.23
2857.4	1999.52
2858.26	1999.12
2859.12	1999.29
2859.98	2000.45
2860.84	2002.2
2861.7	2001.43
2862.56	1995.08
2863.41	1988.41
2864.27	1980.03
2865.13	1972.4
2865.99	1967.17
2866.85	1964.78
2867.7	1964.79
2868.56	1967.06
2869.42	1971.09
2870.28	1974.29
2871.13	1977.8
2871.99	1971
2872.85	1951.89
2873.7	1948.57
2874.56	1946.81
2875.42	1947.56
2876.27	1947.59
2877.13	1946.6
2877.99	1945.69
2878.84	1944.78
2879.7	1944.18
2880.56	1943.41
2881.41	1943.4
2882.27	1943.67
2883.12	1944.73
2883.98	1944.3
2884.83	1942.82
2885.69	1938.46
2886.54	1930.41
2887.4	1924.02
2888.25	1921.59
2889.11	1920.17
2889.96	1919.06
2890.82	1918.04
2891.67	1916.66
2892.52	1915.76
2893.38	1914.9
2894.23	1914.02
2895.09	1913.01
2895.94	1911.86
2896.79	1910.41
2897.65	1908.5
2898.5	1906.56
2899.35	1904.37
2900.21	1901.83
2901.06	1898.9
2901.91	1894.34
2902.76	1890.06
2903.62	1884.6
2904.47	1881.17
2905.32	1882.53
2906.17	1885.61
2907.03	1891.65
2907.88	1893.14
2908.73	1893.84
2909.58	1893.25
2910.43	1890.73
2911.28	1884.4
2912.14	1875.69
2912.99	1872.11
2913.84	1866.74
2914.69	1864.95
2915.54	1869.73
2916.39	1871.49
2917.24	1871.68
2918.09	1862.01
2918.94	1855.16
2919.79	1850.14
2920.64	1847.5
2921.49	1846.02
2922.34	1843.29
2923.19	1839.26
2924.04	1835.01
2924.89	1831.08
2925.74	1828.43
2926.59	1827.03
2927.44	1826.38
2928.29	1826.56
2929.14	1827.57
2929.98	1829.49
2930.83	1832.11
2931.68	1829.95
2932.53	1826.57
2933.38	1821.74
2934.23	1815.46
2935.07	1809.34
2935.92	1801.18
2936.77	1798.1
2937.62	1796.37
2938.47	1795.71
2939.31	1795.26
2940.16	1794.61
2941.01	1794.31
2941.85	1794.55
2942.7	1794.98
2943.55	1796.18
2944.39	1798.45
2945.24	1801.34
2946.09	1803.31
2946.93	1805.11
2947.78	1802.22
2948.63	1798.94
2949.47	1794.57
2950.32	1789.26
2951.16	1782.49
2952.01	1777.93
2952.85	1777.09
2953.7	1775.83
2954.55	1775.37
2955.39	1775.46
2956.24	1775.88
2957.08	1774.94
2957.92	1777.19
2958.77	1775.25
2959.61	1770.95
2960.46	1765.05
2961.3	1758.57
2962.15	1753.32
2962.99	1751.04
2963.83	1748.91
2964.68	1748.5
2965.52	1749.27
2966.37	1751.87
2967.21	1752.63
2968.05	1749.64
2968.9	1745.94
2969.74	1741.32
2970.58	1735.03
2971.42	1729.92
2972.27	1722.9
2973.11	1716.5
2973.95	1718.16
2974.79	1721.15
2975.64	1726.16
2976.48	1730.39
2977.32	1732.84
2978.16	1733.67
2979	1731.43
2979.85	1727.25
2980.69	1722.3
2981.53	1717.84
2982.37	1715.85
2983.21	1714.25
2984.05	1713.15
2984.89	1712.7
2985.73	1712.08
2986.57	1712.68
2987.41	1714.66
2988.25	1717.55
2989.1	1721.21
2989.94	1727.46
2990.77	1728.28
2991.62	1718.88
2992.45	1709.02
2993.29	1696.57
2994.13	1687.06
2994.97	1681.34
2995.81	1679.15
2996.65	1679.81
2997.49	1679.05
2998.33	1681.93
2999.17	1704.01
