200.833	8047.67
202.102	8080.2
203.371	8076.77
204.639	8083.88
205.907	8093.9
207.175	8110.28
208.442	8107.3
209.71	8106.38
210.977	8106.15
212.244	8108.68
213.511	8113.65
214.777	8123.48
216.042	8135.28
217.309	8149.88
218.575	8166.4
219.84	8184.91
221.106	8202.41
222.371	8220.53
223.635	8236.46
224.9	8248.81
226.165	8260.59
227.429	8271.88
228.694	8282.96
229.956	8293.8
231.22	8304.77
232.484	8315.91
233.747	8327.48
235.011	8338.3
236.272	8349.27
237.535	8361.86
238.798	8377.05
240.06	8395.22
241.321	8413.45
242.583	8431.36
243.845	8448.32
245.105	8464.96
246.367	8481.62
247.628	8498.25
248.888	8514.56
250.149	8531.24
251.409	8527.74
252.67	8503.27
253.928	8494.65
255.189	8488.98
256.447	8490.19
257.707	8494.89
258.966	8509.17
260.224	8527.11
261.483	8547.75
262.742	8568.47
263.999	8565.94
265.257	8571.54
266.514	8581.37
267.772	8594.19
269.028	8608.15
270.286	8623.01
271.543	8639.83
272.799	8657.76
274.056	8664.19
275.311	8665.66
276.568	8668.71
277.823	8673.18
279.079	8677.78
280.333	8681.64
281.589	8685.76
282.843	8690.16
284.099	8694.77
285.352	8700.41
286.607	8706.32
287.86	8721.98
289.114	8745.52
290.368	8772.99
291.621	8794.88
292.875	8808.95
294.127	8825.2
295.38	8820.83
296.632	8814.33
297.884	8804.44
299.137	8800.18
300.388	8798.74
301.641	8799.55
302.891	8801.94
304.142	8806.33
305.394	8812.46
306.644	8820.64
307.894	8830.65
309.146	8842.37
310.395	8854.61
311.645	8865.04
312.895	8863.94
314.144	8862.13
315.393	8856.82
316.642	8856.68
317.892	8873.83
319.14	8890.53
320.388	8906.25
321.637	8915.9
322.885	8921.58
324.132	8929.62
325.38	8937.46
326.628	8945.42
327.875	8952.63
329.122	8959.72
330.368	8967.41
331.614	8974.98
332.862	8982.75
334.108	8989.08
335.353	8992.14
336.599	8995.5
337.844	8999.28
339.089	9002.98
340.335	9006.54
341.58	9010.43
342.824	9015.61
344.068	9021.6
345.312	9033.2
346.556	9045.26
347.8	9059.32
349.043	9073.41
350.286	9085.83
351.53	9093.7
352.774	9093.98
354.016	9093.47
355.259	9091.15
356.501	9087.28
357.743	9083.22
358.985	9079.95
360.227	9079.5
361.468	9083.23
362.709	9086.87
363.95	9091.34
365.191	9097.07
366.432	9104.64
367.672	9108.57
368.912	9107.9
370.152	9101.39
371.392	9101.89
372.632	9103.13
373.871	9105.26
375.11	9107.62
376.348	9110.46
377.587	9113.81
378.825	9117.76
380.064	9122.71
381.302	9129.74
382.54	9139.37
383.778	9149.9
385.016	9161.03
386.253	9170.46
387.489	9175.31
388.726	9168.07
389.963	9165.51
391.199	9171.57
392.436	9179.72
393.672	9190.12
394.907	9203.77
396.142	9219.79
397.378	9229.6
398.614	9227.65
399.849	9226.69
401.082	9222.52
402.317	9218.07
403.552	9215.52
404.786	9218.49
406.019	9223.33
407.253	9230.13
408.487	9238.06
409.721	9246.58
410.953	9255.98
412.186	9266.32
413.419	9276.95
414.651	9284.53
415.883	9286.21
417.116	9286.36
418.347	9288.99
419.579	9293.35
420.811	9292.21
422.041	9306.24
423.272	9321.44
424.504	9335.56
425.733	9348.28
426.964	9358.38
428.194	9365.36
429.424	9369.57
430.654	9370.96
431.883	9366.76
433.113	9360.63
434.341	9352.45
435.571	9344.6
436.799	9337.29
438.028	9330.59
439.257	9326.72
440.484	9323.59
441.713	9319.47
442.94	9320.72
444.168	9342.08
445.394	9371.39
446.622	9399.15
447.848	9412.72
449.076	9415.25
450.301	9396.93
451.528	9390.59
452.754	9383.54
453.979	9378.18
455.205	9374.71
456.43	9373.91
457.656	9375.1
458.88	9378.72
460.106	9385.02
461.33	9394.98
462.554	9411.81
463.779	9427.24
465.002	9438.36
466.225	9442
467.45	9442.6
468.672	9439.69
469.895	9431.98
471.119	9418.01
472.341	9407.38
473.563	9400.57
474.786	9407.08
476.008	9412.34
477.229	9412.65
478.452	9409.28
479.673	9404.12
480.894	9398.54
482.115	9392.54
483.337	9385.71
484.557	9386.32
485.777	9384.21
486.997	9380.35
488.218	9373.38
489.438	9362.33
490.657	9346.88
491.876	9338.45
493.096	9342.24
494.315	9359.39
495.533	9365.68
496.752	9372.31
497.97	9380.55
499.188	9388.48
500.407	9394.88
501.625	9399.2
502.842	9400.89
504.059	9399.76
505.276	9392.47
506.493	9380.6
507.71	9368.06
508.926	9354.65
510.142	9348.54
511.358	9365.83
512.575	9379.34
513.791	9391.56
515.006	9402.99
516.222	9414.32
517.437	9409.79
518.651	9408.4
519.866	9410.6
521.081	9415.35
522.295	9430.62
523.509	9452.92
524.723	9459.17
525.937	9460.25
527.15	9467.48
528.363	9475.33
529.576	9482.4
530.789	9489.28
532.002	9496.17
533.215	9500.83
534.426	9503.66
535.638	9504.7
536.85	9504.86
538.061	9504.29
539.273	9503.22
540.484	9501.3
541.695	9497.95
542.906	9484.39
544.117	9470.8
545.327	9473.03
546.537	9481.12
547.747	9494.87
548.957	9507.48
550.167	9520.46
551.377	9531.98
552.585	9525.58
553.794	9520.24
555.003	9516.69
556.212	9513.21
557.421	9510.14
558.628	9524.01
559.836	9537.12
561.044	9545.45
562.252	9549.16
563.458	9546.45
564.666	9539.19
565.873	9527.97
567.08	9515.9
568.286	9507.56
569.493	9513.8
570.699	9524.83
571.904	9530.21
573.111	9529.46
574.317	9515.19
575.521	9498.04
576.727	9492.82
577.932	9491
579.136	9492.23
580.341	9497.23
581.544	9505.41
582.749	9515.19
583.954	9524.15
585.156	9532.01
586.361	9539.05
587.563	9542.24
588.767	9538.66
589.97	9528.56
591.172	9516.27
592.375	9501.73
593.577	9486.51
594.78	9475.92
595.981	9479.12
597.183	9490.66
598.384	9502.58
599.586	9511.92
600.786	9518.96
601.988	9522.32
603.188	9521.24
604.389	9513.57
605.589	9503.92
606.79	9493.91
607.989	9488.48
609.188	9486.55
610.389	9487.02
611.587	9530.82
612.787	9477.41
613.986	9416.23
615.184	9426.39
616.383	9449.75
617.581	9473.98
618.78	9487.63
619.977	9455.43
621.174	9433.41
622.373	9414.09
623.57	9398.1
624.766	9386.8
625.964	9379.68
627.16	9381.84
628.356	9387.67
629.554	9398.19
630.749	9409.33
631.945	9390.12
633.14	9371.22
634.337	9363.02
635.532	9355.21
636.726	9350.9
637.921	9359.47
639.117	9368.25
640.311	9374.26
641.505	9377.96
642.699	9379.53
643.892	9379.03
645.087	9375.08
646.28	9366.63
647.473	9361.94
648.666	9363.23
649.859	9375.32
651.051	9379.94
652.245	9382.66
653.437	9384.12
654.629	9384.39
655.821	9383.61
657.012	9381.64
658.204	9378.52
659.395	9374.19
660.586	9373.67
661.777	9377.52
662.967	9388.31
664.158	9392.72
665.349	9396.6
666.539	9399.42
667.729	9401.56
668.919	9402.31
670.109	9402.32
671.298	9401.7
672.487	9402.48
673.676	9412.11
674.865	9426.54
676.053	9434.44
677.242	9439.92
678.43	9444.36
679.616	9455.75
680.804	9437.03
681.992	9406.19
683.179	9377.6
684.366	9358.33
685.554	9348.3
686.74	9347.09
687.927	9353.1
689.114	9358.48
690.3	9367.91
691.486	9377.02
692.671	9377.38
693.856	9377.69
695.042	9377.74
696.227	9376.3
697.413	9373.51
698.598	9369.02
699.781	9362.64
700.966	9353.91
702.15	9342.98
703.334	9328.34
704.518	9299.96
705.701	9301.3
706.885	9313.19
708.068	9323.09
709.252	9331.25
710.433	9335.56
711.616	9336.29
712.799	9332.43
713.98	9326.18
715.163	9315.28
716.345	9301.41
717.527	9285
718.707	9268.84
719.889	9278.74
721.071	9312.79
722.25	9322.97
723.432	9324.57
724.611	9322.35
725.792	9316.78
726.972	9308.58
728.151	9302.1
729.332	9298.26
730.512	9297.16
731.69	9298.71
732.87	9302.48
734.048	9308.37
735.227	9316.37
736.405	9325.76
737.584	9330.35
738.761	9325.43
739.94	9318.86
741.117	9317.54
742.295	9319.39
743.471	9325.53
744.649	9332.93
745.825	9350.54
747.003	9364.18
748.179	9376.76
749.356	9382.86
750.531	9384.46
751.708	9381.35
752.883	9373.86
754.059	9360.87
755.234	9344.87
756.409	9329.07
757.585	9320.94
758.759	9313.91
759.934	9310.2
761.108	9310.64
762.282	9316.71
763.456	9341.61
764.63	9361.21
765.803	9350.03
766.977	9336.51
768.15	9315.95
769.323	9306.66
770.496	9293.92
771.668	9283.85
772.841	9276.16
774.014	9270.47
775.185	9268.9
776.357	9270.23
777.528	9275.94
778.701	9282.49
779.872	9270.48
781.042	9256.07
782.213	9237.81
783.383	9220.88
784.555	9207.9
785.725	9197.75
786.895	9189.5
788.064	9183.45
789.234	9180.39
790.404	9178.79
791.573	9177.64
792.742	9176.09
793.911	9173.4
795.08	9168.07
796.248	9162.15
797.416	9155.05
798.584	9146.56
799.753	9135.97
800.921	9114.61
802.088	9134.67
803.256	9147.61
804.423	9158.27
805.59	9165.79
806.756	9168.29
807.923	9167.01
809.089	9161.25
810.256	9153.46
811.422	9143.56
812.587	9132.29
813.753	9124.98
814.918	9126.43
816.084	9142.49
817.249	9149.53
818.414	9137.33
819.578	9128.35
820.743	9111.18
821.907	9110.24
823.072	9151.18
824.236	9170.57
825.399	9177.48
826.562	9176.62
827.725	9179.02
828.889	9185.47
830.052	9188.98
831.215	9188.6
832.377	9182.28
833.54	9162.34
834.701	9150.49
835.863	9141.56
837.025	9136.75
838.187	9134.68
839.349	9135.64
840.51	9138.19
841.67	9141.98
842.831	9145.92
843.992	9149.96
845.153	9154.79
846.312	9162.57
847.473	9169.05
848.633	9174.26
849.793	9165.71
850.951	9154.34
852.111	9141.02
853.27	9129.17
854.428	9122.41
855.588	9118.3
856.747	9114.93
857.904	9109.9
859.063	9101.05
860.221	9088.06
861.378	9068.59
862.536	9049.34
863.694	9031.88
864.85	9022.33
866.008	9016.22
867.164	9017.83
868.321	9020.93
869.478	9024.05
870.633	9020.89
871.79	9015.52
872.945	9007.03
874.101	8994.37
875.256	8978.96
876.412	8964.35
877.566	8957.18
878.722	8956.49
879.876	8959.99
881.031	8968.46
882.185	8980.75
883.34	8995.64
884.493	9011.83
885.647	8996.89
886.8	8958.5
887.954	8950.14
889.107	8957.66
890.261	8969.2
891.413	8969.37
892.565	8954.54
893.718	8935.82
894.87	8921.53
896.023	8886.73
897.174	8955.38
898.326	8960.59
899.478	8931.28
900.629	8896.61
901.779	8883.88
902.931	8895.4
904.081	8931.15
905.231	8988.68
906.383	8985.55
907.532	8953.88
908.682	8920.52
909.831	8908.27
910.982	8915.41
912.131	8934.59
913.28	8935.47
914.429	8936.27
915.578	8935.62
916.727	8934.46
917.875	8930.84
919.023	8926.29
920.171	8921.54
921.32	8917.45
922.467	8916.65
923.614	8915.32
924.761	8913.07
925.908	8911.88
927.055	8911.47
928.203	8910.2
929.349	8907.96
930.496	8903.63
931.642	8895.05
932.787	8841.29
933.933	8861.25
935.079	8885.35
936.224	8888.33
937.369	8890.9
938.514	8897.87
939.659	8883.81
940.804	8884.51
941.948	8884.16
943.092	8884.15
944.236	8882.73
945.38	8879.45
946.524	8874.6
947.667	8870.37
948.811	8865.31
949.954	8859.33
951.097	8852.99
952.24	8845.73
953.383	8838.29
954.525	8831.25
955.667	8824.8
956.81	8820.67
957.952	8817.66
959.093	8818.17
960.235	8820.04
961.376	8817.27
962.516	8808.51
963.658	8786.05
964.798	8764.63
965.939	8774.41
967.08	8768.81
968.22	8765.56
969.359	8761.39
970.499	8753.84
971.639	8753.27
972.779	8760.52
973.918	8765.14
975.056	8768.95
976.195	8771.41
977.334	8772.39
978.473	8771.93
979.61	8769.92
980.749	8766.74
981.887	8762.44
983.024	8757.21
984.162	8751.79
985.3	8746.26
986.437	8735.04
987.573	8723.93
988.711	8713.03
989.848	8705.54
990.983	8704.52
992.12	8706.78
993.255	8715.27
994.392	8728.66
995.528	8744.14
996.662	8759.31
997.798	8762.96
998.933	8756.08
1000.07	8739.22
1001.2	8711.1
1002.34	8705.38
1003.47	8700.06
1004.61	8708
1005.74	8716.45
1006.87	8725.37
1008.01	8734.63
1009.14	8731.24
1010.27	8725.74
1011.41	8720.74
1012.54	8704.86
1013.67	8700.84
1014.81	8698.72
1015.94	8700.42
1017.07	8705.01
1018.2	8709.73
1019.33	8706.86
1020.47	8698.98
1021.6	8679.9
1022.73	8680.49
1023.86	8675.95
1024.99	8682.86
1026.12	8686.17
1027.25	8686.6
1028.38	8690.15
1029.51	8683
1030.64	8666.83
1031.77	8655.36
1032.9	8645.51
1034.03	8639.79
1035.16	8632.21
1036.29	8623.59
1037.42	8610.29
1038.55	8598.89
1039.67	8589.78
1040.8	8583.37
1041.93	8579.27
1043.06	8574.46
1044.19	8569.33
1045.31	8563.36
1046.44	8556.71
1047.57	8546.63
1048.69	8533.33
1049.82	8518.82
1050.95	8504.33
1052.08	8497.23
1053.2	8495.7
1054.33	8505.79
1055.45	8513.31
1056.58	8529.69
1057.7	8539.23
1058.83	8542.72
1059.95	8536.02
1061.08	8520.54
1062.2	8507.43
1063.33	8500.93
1064.45	8500.01
1065.58	8503.84
1066.7	8494.42
1067.83	8487.17
1068.95	8480.25
1070.07	8474.81
1071.2	8471.07
1072.32	8469.97
1073.44	8474.25
1074.56	8481.42
1075.69	8490.26
1076.81	8501.12
1077.93	8503.52
1079.05	8501.64
1080.17	8496.53
1081.3	8491.6
1082.42	8506.2
1083.54	8510.27
1084.66	8507.7
1085.78	8497.94
1086.9	8465.88
1088.02	8465.02
1089.14	8469.86
1090.26	8480.7
1091.38	8487.77
1092.5	8497.88
1093.62	8514.37
1094.74	8517.26
1095.86	8512.83
1096.98	8488.75
1098.1	8466.85
1099.22	8453.96
1100.34	8450.42
1101.45	8455.18
1102.57	8454.31
1103.69	8452.49
1104.81	8448.25
1105.93	8440.91
1107.04	8431.37
1108.16	8425.64
1109.28	8422.8
1110.4	8419.14
1111.51	8421.94
1112.63	8420.59
1113.75	8418.93
1114.86	8417.26
1115.98	8412.56
1117.09	8404.72
1118.21	8394.72
1119.32	8384.12
1120.44	8374.01
1121.55	8364.85
1122.67	8362.55
1123.78	8364.12
1124.9	8365.73
1126.01	8366.23
1127.13	8363.85
1128.24	8356.44
1129.35	8345.53
1130.47	8330.56
1131.58	8311.19
1132.7	8287.14
1133.81	8257.51
1134.92	8251.12
1136.03	8249.91
1137.15	8259.37
1138.26	8267.44
1139.37	8274.29
1140.48	8280.15
1141.59	8285.21
1142.71	8275.86
1143.82	8265.02
1144.93	8245.12
1146.04	8215.22
1147.15	8195.09
1148.26	8179.64
1149.37	8167.98
1150.48	8160.26
1151.59	8157.17
1152.7	8158.47
1153.81	8163.6
1154.92	8170.77
1156.03	8179.16
1157.14	8187.16
1158.25	8190.38
1159.36	8174.82
1160.47	8166.72
1161.58	8147.38
1162.68	8136.19
1163.79	8133.1
1164.9	8126.13
1166.01	8133.85
1167.12	8138.76
1168.22	8142.87
1169.33	8146.75
1170.44	8148.71
1171.55	8146.49
1172.65	8145.33
1173.76	8144.94
1174.87	8145.03
1175.97	8149.79
1177.08	8158.2
1178.18	8160.02
1179.29	8155.7
1180.4	8145.29
1181.5	8144.38
1182.61	8144.01
1183.71	8148.92
1184.82	8155.67
1185.92	8157.16
1187.02	8159.24
1188.13	8161.58
1189.23	8163.98
1190.34	8166.57
1191.44	8169.07
1192.54	8171.33
1193.65	8173.03
1194.75	8168.93
1195.85	8163.47
1196.96	8150.17
1198.06	8138.33
1199.16	8128.85
1200.26	8135.16
1201.37	8145.95
1202.47	8152.47
1203.57	8154.65
1204.67	8152.43
1205.77	8146.68
1206.87	8132.65
1207.97	8124.47
1209.08	8126.34
1210.18	8126.52
1211.28	8127.5
1212.38	8129.36
1213.48	8136.24
1214.58	8136.31
1215.68	8133.37
1216.78	8112.88
1217.88	8094.58
1218.98	8108.65
1220.07	8130.52
1221.17	8140.94
1222.27	8128.99
1223.37	8113.53
1224.47	8097.47
1225.57	8081.2
1226.66	8064.61
1227.76	8053.64
1228.86	8065.21
1229.96	8062.73
1231.06	8061.97
1232.15	8059.91
1233.25	8056.51
1234.35	8055.75
1235.44	8055.73
1236.54	8055.62
1237.63	8054.56
1238.73	8051.9
1239.83	8047.82
1240.92	8037.92
1242.02	8026.97
1243.11	8013.84
1244.21	7998.32
1245.3	7980.42
1246.4	7959.39
1247.49	7943.65
1248.59	7936.86
1249.68	7945.5
1250.78	7949.12
1251.87	7950.69
1252.96	7952.46
1254.06	7953.29
1255.15	7953.26
1256.24	7952.32
1257.34	7950.27
1258.43	7947.39
1259.52	7943.72
1260.62	7939.86
1261.71	7938.61
1262.8	7942.8
1263.89	7945.02
1264.98	7936.11
1266.08	7926.94
1267.17	7925.93
1268.26	7927.4
1269.35	7929.55
1270.44	7936.24
1271.53	7937.29
1272.62	7936.08
1273.71	7931.85
1274.8	7930.96
1275.89	7931.78
1276.98	7933.92
1278.07	7934.29
1279.16	7933.91
1280.25	7932.59
1281.34	7931.11
1282.43	7928.94
1283.52	7928.7
1284.61	7928.89
1285.69	7930.52
1286.78	7934.06
1287.87	7938.05
1288.96	7942.36
1290.05	7945.11
1291.13	7941.3
1292.22	7941.15
1293.31	7950.26
1294.4	7955.29
1295.48	7955.03
1296.57	7951.94
1297.66	7947.59
1298.74	7942.88
1299.83	7935.67
1300.92	7928.26
1302	7920.1
1303.09	7912.41
1304.17	7905.16
1305.26	7898.38
1306.34	7893.03
1307.43	7888.66
1308.51	7886.07
1309.6	7886.12
1310.68	7888.13
1311.76	7892.23
1312.85	7898.93
1313.93	7905.6
1315.02	7910.22
1316.1	7911.62
1317.18	7903.54
1318.27	7896.64
1319.35	7892.73
1320.43	7889.64
1321.52	7884.47
1322.6	7881.09
1323.68	7876.14
1324.76	7872.89
1325.85	7871.05
1326.93	7870.2
1328.01	7869.45
1329.09	7859
1330.17	7848.17
1331.25	7836.85
1332.33	7830.68
1333.41	7836.46
1334.49	7831.12
1335.58	7824.88
1336.65	7819.95
1337.74	7811.02
1338.82	7802.28
1339.89	7795.29
1340.97	7792.24
1342.05	7790.69
1343.13	7786.57
1344.21	7782.89
1345.29	7780.85
1346.37	7779.14
1347.45	7778.37
1348.53	7778.88
1349.6	7777.85
1350.68	7768.06
1351.76	7757.65
1352.84	7749.63
1353.92	7743.35
1354.99	7739.17
1356.07	7741.4
1357.15	7747.96
1358.22	7758.92
1359.3	7767.73
1360.38	7773.33
1361.45	7768.67
1362.53	7763.29
1363.61	7759.76
1364.68	7758.45
1365.76	7758.13
1366.83	7758.98
1367.91	7760.83
1368.98	7762.71
1370.06	7765.35
1371.13	7766.01
1372.21	7764.11
1373.28	7760.09
1374.35	7752.39
1375.43	7744.52
1376.5	7736.57
1377.58	7730.71
1378.65	7726.16
1379.72	7722.9
1380.8	7721.02
1381.87	7721.18
1382.94	7723.23
1384.01	7728.27
1385.09	7738.08
1386.16	7742.33
1387.23	7738.82
1388.3	7729.77
1389.38	7721.04
1390.45	7710.94
1391.52	7701.22
1392.59	7692.39
1393.66	7684.67
1393.92	7682.24
1395	7677.72
1396.07	7674.95
1397.15	7676.45
1398.22	7679.41
1399.3	7684.62
1400.38	7687.75
1401.45	7687.55
1402.53	7684.24
1403.6	7678.1
1404.68	7670.06
1405.75	7661.55
1406.82	7652.51
1407.9	7643.66
1408.97	7638.14
1410.05	7632.85
1411.12	7627.81
1412.19	7622.7
1413.27	7617.59
1414.34	7611.64
1415.41	7606.39
1416.49	7604.88
1417.56	7605.01
1418.63	7606.72
1419.7	7609.59
1420.78	7614.66
1421.85	7619.78
1422.92	7620.71
1423.99	7615.84
1425.06	7607.23
1426.14	7596.34
1427.21	7584.71
1428.28	7576.86
1429.35	7569.22
1430.42	7562.3
1431.49	7557.12
1432.56	7553.71
1433.63	7552.47
1434.7	7555.83
1435.77	7562.87
1436.84	7563.98
1437.91	7563.9
1438.98	7562.02
1440.05	7558.18
1441.12	7552.58
1442.18	7544.21
1443.25	7535.48
1444.32	7527.1
1445.39	7523.74
1446.46	7532.51
1447.53	7543.18
1448.59	7550.19
1449.66	7554.16
1450.73	7556.15
1451.8	7556.78
1452.86	7554.82
1453.93	7550.47
1455	7544.95
1456.06	7538.35
1457.13	7534.23
1458.2	7530.79
1459.26	7527.45
1460.33	7523.3
1461.39	7518.57
1462.46	7513.62
1463.52	7507.65
1464.59	7509.66
1465.65	7517.04
1466.72	7522.08
1467.78	7526.12
1468.85	7527.22
1469.91	7525
1470.98	7518.77
1472.04	7507.91
1473.1	7493.32
1474.17	7491.3
1475.23	7488.11
1476.3	7485.85
1477.36	7478.52
1478.42	7471.93
1479.48	7464.96
1480.55	7466.92
1481.61	7480.3
1482.67	7490.6
1483.73	7496.9
1484.8	7507.71
1485.86	7506.14
1486.92	7496.96
1487.98	7485.36
1489.04	7472.35
1490.1	7462.3
1491.17	7455.17
1492.23	7452.21
1493.29	7449.97
1494.35	7447.51
1495.41	7435.75
1496.47	7432.91
1497.53	7439.69
1498.59	7445.33
1499.65	7448.16
1500.71	7448.15
1501.77	7445.25
1502.83	7441.46
1503.88	7436.27
1504.94	7428.81
1506	7420.2
1507.06	7409.41
1508.12	7397.43
1509.18	7385.1
1510.23	7373.77
1511.29	7371.44
1512.35	7370.94
1513.41	7370.01
1514.47	7367.35
1515.52	7364.37
1516.58	7366.29
1517.64	7355.3
1518.69	7341.95
1519.75	7332.4
1520.81	7325.59
1521.86	7322.49
1522.92	7320.38
1523.97	7327.55
1525.03	7337.94
1526.08	7345.97
1527.14	7350.89
1528.2	7335.02
1529.25	7314.47
1530.31	7292.26
1531.36	7282.58
1532.42	7291.09
1533.47	7290.92
1534.52	7292.01
1535.58	7294.34
1536.63	7296.71
1537.69	7297.75
1538.74	7299.02
1539.79	7299.67
1540.84	7299.46
1541.9	7297.13
1542.95	7293.93
1544	7289.97
1545.06	7286.04
1546.11	7281.53
1547.16	7276.68
1548.21	7271.92
1549.27	7267.43
1550.32	7265.07
1551.37	7270.1
1552.42	7275.67
1553.47	7273.85
1554.52	7270.55
1555.57	7264.21
1556.62	7257.3
1557.67	7251.51
1558.72	7245.01
1559.77	7238.74
1560.82	7233.13
1561.87	7229.44
1562.92	7226.89
1563.97	7224.9
1565.02	7222.94
1566.07	7221.5
1567.12	7220.94
1568.17	7217.82
1569.22	7214.49
1570.27	7211.54
1571.32	7209.32
1572.36	7213.03
1573.41	7216.89
1574.46	7214.69
1575.51	7206.67
1576.56	7191.04
1577.6	7182.43
1578.65	7174.76
1579.7	7171.15
1580.74	7170.35
1581.79	7172.27
1582.84	7175.95
1583.88	7180.76
1584.93	7186.71
1585.98	7192.56
1587.02	7197.52
1588.07	7201.21
1589.11	7203.8
1590.16	7205.13
1591.2	7207.7
1592.25	7201.72
1593.29	7177.22
1594.34	7152.6
1595.38	7141.6
1596.43	7154.74
1597.47	7160.68
1598.52	7158.21
1599.56	7155.61
1600.6	7152.23
1601.65	7147.57
1602.69	7141.53
1603.73	7134.58
1604.78	7127.31
1605.82	7130.6
1606.86	7128.52
1607.91	7123.29
1608.95	7116.4
1609.99	7109.47
1611.03	7100.45
1612.08	7086.39
1613.12	7078
1614.16	7075.75
1615.2	7075.67
1616.24	7073.19
1617.28	7069.79
1618.32	7064.76
1619.36	7057.99
1620.41	7050.29
1621.45	7044.43
1622.49	7037.71
1623.53	7034.34
1624.57	7019.91
1625.61	7009.18
1626.65	6987.51
1627.69	6965.9
1628.73	6944.68
1629.76	6927.51
1630.8	6944.52
1631.84	6971.34
1632.88	6992.29
1633.92	6995.7
1634.96	6978.98
1636	6966.71
1637.03	6957
1638.07	6947.78
1639.11	6941.09
1640.15	6940.75
1641.19	6939.04
1642.22	6935.57
1643.26	6930.45
1644.3	6920.71
1645.33	6913.72
1646.37	6906.92
1647.41	6900.75
1648.44	6896.74
1649.48	6894.01
1650.52	6895.02
1651.55	6896.59
1652.59	6898.42
1653.62	6898.32
1654.66	6885.94
1655.69	6876.64
1656.73	6870.52
1657.76	6867.13
1658.8	6864.04
1659.83	6861.63
1660.87	6860.66
1661.9	6860.69
1662.93	6860.95
1663.97	6860.26
1665	6857.67
1666.04	6852.43
1667.07	6844.73
1668.1	6838.35
1669.14	6835.2
1670.17	6834.12
1671.2	6835.14
1672.23	6836.8
1673.27	6842.07
1674.3	6840.16
1675.33	6824.81
1676.36	6816.85
1677.39	6813.92
1678.43	6812.77
1679.46	6821.22
1680.49	6820.96
1681.52	6813.06
1682.55	6795.79
1683.58	6778.67
1684.61	6766.34
1685.64	6759.82
1686.67	6762.27
1687.7	6772.86
1688.73	6778.35
1689.76	6779.36
1690.79	6776.62
1691.82	6767.73
1692.85	6761.74
1693.88	6755.17
1694.91	6753.99
1695.94	6757.38
1696.97	6766.02
1698	6771.49
1699.02	6770.82
1700.05	6768.33
1701.08	6765.49
1702.11	6762.69
1703.14	6759.33
1704.16	6754.79
1705.19	6749.85
1706.22	6743.89
1707.25	6737.78
1708.27	6729.25
1709.3	6713.79
1710.33	6695.4
1711.35	6676.52
1712.38	6667.02
1713.41	6661.53
1714.43	6658.48
1715.46	6658.17
1716.48	6661.55
1717.51	6664.87
1718.53	6657.96
1719.56	6653.15
1720.58	6650.11
1721.61	6650.6
1722.63	6655.3
1723.66	6658.98
1724.68	6654.15
1725.71	6648.53
1726.73	6641.19
1727.75	6631.74
1728.78	6622.16
1729.8	6613.65
1730.83	6606.03
1731.85	6599.13
1732.87	6592.97
1733.89	6585.97
1734.92	6579.87
1735.94	6575.46
1736.96	6576.1
1737.98	6576.47
1739.01	6575.15
1740.03	6573.59
1741.05	6570.83
1742.07	6567.48
1743.09	6563.98
1744.12	6560.27
1745.14	6556.78
1746.16	6553.45
1747.18	6551.4
1748.2	6544.94
1749.22	6531.73
1750.24	6515.81
1751.26	6501.09
1752.28	6493.24
1753.3	6489.87
1754.32	6487.32
1755.34	6489.53
1756.36	6494.67
1757.38	6501.05
1758.4	6507.28
1759.42	6502.13
1760.44	6495.81
1761.45	6479.91
1762.47	6466.09
1763.49	6463.87
1764.51	6461.02
1765.53	6459.89
1766.55	6462.59
1767.56	6460.93
1768.58	6457.55
1769.6	6453.67
1770.61	6445.32
1771.63	6436.17
1772.65	6428.6
1773.67	6422.31
1774.68	6421.53
1775.7	6418.61
1776.72	6415.18
1777.73	6412.17
1778.75	6409.32
1779.76	6406.46
1780.78	6403.51
1781.79	6400.23
1782.81	6396.41
1783.83	6392.24
1784.84	6389.92
1785.85	6387.35
1786.87	6383.91
1787.88	6379.96
1788.9	6375.77
1789.91	6372.55
1790.93	6369.26
1791.94	6366.32
1792.95	6362.19
1793.97	6357.09
1794.98	6352.59
1796	6348.61
1797.01	6345.72
1798.02	6344.41
1799.03	6345.04
1800.05	6348.34
1801.06	6351.55
1802.07	6352.61
1803.08	6329.32
1804.1	6308.03
1805.11	6284.09
1806.12	6282.13
1807.13	6289.58
1808.14	6290.69
1809.15	6291.02
1810.17	6290.45
1811.18	6287.2
1812.19	6281.75
1813.2	6274.75
1814.21	6266.25
1815.22	6256.46
1816.23	6245.67
1817.24	6236.53
1818.25	6225.12
1819.26	6218.26
1820.27	6225.75
1821.28	6228.49
1822.29	6216.93
1823.3	6197.64
1824.3	6177.11
1825.31	6170.74
1826.32	6176.54
1827.33	6174.47
1828.34	6163.83
1829.35	6153.02
1830.35	6152.61
1831.36	6155.96
1832.37	6162.17
1833.38	6164.66
1834.38	6162.88
1835.39	6161.13
1836.4	6157.71
1837.41	6152.79
1838.41	6145.73
1839.42	6136.09
1840.43	6131.56
1841.43	6129.31
1842.44	6132.94
1843.44	6133.28
1844.45	6129.02
1845.46	6121.68
1846.46	6110.42
1847.47	6095.27
1848.47	6073.43
1849.48	6052.78
1850.48	6049.6
1851.49	6048.96
1852.49	6050.11
1853.49	6047.16
1854.5	6041.58
1855.5	6032.28
1856.51	6029.38
1857.51	6026.03
1858.51	6024.08
1859.52	6025.5
1860.52	6027.78
1861.52	6030.35
1862.53	6031.69
1863.53	6031.46
1864.53	6030.2
1865.54	6030.98
1866.54	6030.73
1867.54	6028.03
1868.54	6019.33
1869.54	5988.18
1870.55	5973.78
1871.55	5964.88
1872.55	5955.66
1873.55	5950.97
1874.55	5949.02
1875.55	5950.89
1876.55	5955.51
1877.55	5959.96
1878.55	5958.28
1879.55	5937.38
1880.56	5921.73
1881.55	5905.1
1882.56	5891.62
1883.55	5877.7
1884.55	5882.64
1885.55	5886.75
1886.55	5892.07
1887.55	5896.1
1888.55	5897.98
1889.55	5898.56
1890.55	5897.75
1891.55	5895.56
1892.55	5891.75
1893.54	5886.69
1894.54	5880.49
1895.54	5874.08
1896.54	5869.43
1897.54	5872.79
1898.53	5873.96
1899.53	5873.25
1900.53	5868.27
1901.52	5848.06
1902.52	5839.19
1903.52	5831.25
1904.51	5826.65
1905.51	5819.1
1906.51	5822.22
1907.5	5831.69
1908.5	5837.12
1909.49	5826.93
1910.49	5817.1
1911.49	5807.26
1912.48	5797.43
1913.48	5787.8
1914.47	5781.45
1915.46	5773.66
1916.46	5774.32
1917.45	5769.66
1918.45	5756.84
1919.44	5742.25
1920.44	5732.4
1921.43	5724.74
1922.43	5718.66
1923.42	5714.15
1924.41	5711.01
1925.41	5709.44
1926.4	5709.56
1927.39	5711.4
1928.38	5714
1929.38	5716.48
1930.37	5708.1
1931.36	5705.44
1932.35	5701.98
1933.35	5700.14
1934.34	5700.74
1935.33	5700.51
1936.32	5698.98
1937.31	5691.5
1938.3	5681.94
1939.29	5669.44
1940.29	5654.71
1941.28	5641.71
1942.27	5630.57
1943.26	5625.33
1944.25	5618.85
1945.24	5614.51
1946.23	5611.46
1947.22	5609.84
1948.21	5609.26
1949.2	5610.39
1950.19	5607.39
1951.18	5598.44
1952.17	5590.21
1953.16	5580.54
1954.14	5569.66
1955.13	5567.73
1956.12	5568.78
1957.11	5573.14
1958.1	5575.29
1959.09	5575.12
1960.07	5572.29
1961.06	5567.81
1962.05	5561.39
1963.04	5553.64
1964.02	5544.55
1965.01	5534.22
1966	5522.38
1966.99	5509.42
1967.97	5495.76
1968.96	5481.99
1969.95	5472.71
1970.93	5466.34
1971.92	5467.72
1972.9	5468.83
1973.89	5472.93
1974.88	5477.61
1975.86	5476.5
1976.85	5481.08
1977.83	5474.31
1978.82	5453.03
1979.8	5435.6
1980.79	5422.69
1981.77	5413.87
1982.76	5411.26
1983.74	5431.52
1984.72	5438.36
1985.71	5443.71
1986.69	5430.82
1987.67	5422.14
1988.66	5406.53
1989.64	5405.33
1990.62	5415.62
1991.61	5423.69
1992.59	5426.74
1993.57	5424.25
1994.56	5416.42
1995.54	5403.1
1996.52	5385.13
1997.5	5378.81
1998.49	5371.14
1999.47	5370.4
2000.45	5375.41
2001.43	5387.46
2002.41	5389.65
2003.39	5389.24
2004.38	5384.59
2005.36	5375.87
2006.34	5361.02
2007.32	5347.35
2008.3	5345
2009.28	5340.23
2010.26	5336.85
2011.24	5332.83
2012.22	5328.22
2013.2	5322.5
2014.18	5316.16
2015.16	5308.94
2016.14	5301.39
2017.12	5293.63
2018.1	5286.25
2019.07	5279.85
2020.05	5274.75
2021.03	5274.02
2022.01	5276.28
2022.99	5282.17
2023.97	5286.03
2024.95	5288.3
2025.92	5286.49
2026.9	5264.65
2027.88	5257.37
2028.86	5248.14
2029.83	5248.39
2030.81	5246.44
2031.79	5242.18
2032.76	5233.72
2033.74	5223.41
2034.72	5209.85
2035.69	5196.81
2036.67	5182.71
2037.65	5168.45
2038.62	5161.45
2039.6	5157.92
2040.57	5158.19
2041.55	5161.11
2042.52	5167.8
2043.5	5174.67
2044.47	5175.16
2045.45	5170.94
2046.42	5159.56
2047.4	5141.74
2048.37	5127.98
2049.35	5117.63
2050.32	5116.73
2051.29	5108.97
2052.27	5102
2053.24	5095.74
2054.21	5089.97
2055.19	5084.67
2056.16	5079.95
2057.13	5075.83
2058.11	5071.98
2059.08	5068.06
2060.05	5064.03
2061.02	5057.95
2062	5051.49
2062.97	5045.28
2063.94	5040.77
2064.91	5038.06
2065.89	5036.55
2066.86	5035.27
2067.83	5033
2068.8	5029.56
2069.77	5025.54
2070.74	5020.21
2071.71	5014.25
2072.68	5007.27
2073.65	5000.5
2074.62	4997.21
2075.59	4999.64
2076.56	5010.56
2077.53	5013.01
2078.5	5010.58
2079.47	5004.09
2080.44	4992.75
2081.41	4976.65
2082.38	4956.31
2083.35	4932.34
2084.32	4909.31
2085.29	4904.97
2086.26	4907.28
2087.23	4911.76
2088.19	4914.5
2089.16	4916.11
2090.13	4912.19
2091.1	4908.25
2092.07	4901.71
2093.03	4894.69
2094	4888.19
2094.97	4881.93
2095.94	4882.22
2096.9	4881.25
2097.87	4881.3
2098.84	4882.5
2099.8	4881.42
2100.77	4873.35
2101.74	4865.82
2102.7	4859.78
2103.67	4853.36
2104.63	4846.17
2105.6	4838.41
2106.56	4830.26
2107.53	4821.58
2108.49	4812.98
2109.46	4802.72
2110.42	4791.27
2111.39	4781.02
2112.35	4779.13
2113.32	4788.24
2114.28	4794.97
2115.25	4797.81
2116.21	4798.95
2117.17	4798.28
2118.14	4795.12
2119.1	4789.88
2120.07	4782.58
2121.03	4773.6
2121.99	4763.32
2122.96	4753.94
2123.92	4748.38
2124.88	4745.65
2125.84	4749.25
2126.81	4751.89
2127.77	4751.29
2128.73	4753
2129.69	4747.89
2130.65	4741.48
2131.62	4734.38
2132.58	4726.56
2133.54	4718.15
2134.5	4709.23
2135.46	4700.31
2136.42	4692.19
2137.38	4685.64
2138.34	4681.17
2139.3	4678.75
2140.26	4677.72
2141.22	4677.9
2142.18	4679.18
2143.14	4681.73
2144.1	4676.96
2145.06	4670.64
2146.02	4661.44
2146.98	4651.79
2147.94	4643.95
2148.9	4635.31
2149.86	4626.73
2150.82	4619.4
2151.78	4615.52
2152.74	4616.71
2153.69	4599.81
2154.65	4585.54
2155.61	4574.78
2156.57	4569.03
2157.53	4568.55
2158.48	4571.63
2159.44	4576.11
2160.4	4584.26
2161.36	4589.91
2162.31	4589.44
2163.27	4584.17
2164.23	4572.7
2165.18	4559.08
2166.14	4545.27
2167.1	4532.1
2168.05	4520.46
2169.01	4508.65
2169.96	4497.36
2170.92	4486.87
2171.88	4477.2
2172.83	4468.43
2173.79	4461.19
2174.74	4455.79
2175.7	4453.95
2176.65	4454.55
2177.6	4456.36
2178.56	4457.31
2179.51	4456.13
2180.47	4445.07
2181.42	4432.07
2182.38	4419.31
2183.33	4413.55
2184.28	4405.92
2185.24	4405.39
2186.19	4407.71
2187.14	4406.88
2188.1	4404.15
2189.05	4400.94
2190	4394.56
2190.96	4383.85
2191.91	4374.83
2192.86	4376.54
2193.81	4375.61
2194.76	4371.18
2195.72	4364.52
2196.67	4356.37
2197.62	4346.65
2198.57	4338.44
2199.52	4330.54
2200.47	4322.67
2201.43	4315.14
2202.38	4308.3
2203.33	4303.48
2204.28	4301.35
2205.23	4301.56
2206.18	4305.72
2207.13	4306.53
2208.08	4305.18
2209.03	4298.15
2209.98	4290.37
2210.93	4278.93
2211.88	4272.3
2212.83	4265.27
2213.78	4267.24
2214.73	4271.85
2215.67	4273.12
2216.62	4276.79
2217.57	4275.02
2218.52	4269.55
2219.47	4261.84
2220.42	4251.9
2221.37	4247.47
2222.31	4241.44
2223.26	4236.02
2224.21	4231.99
2225.16	4226.1
2226.1	4220.36
2227.05	4214.37
2228	4208.23
2228.94	4201.69
2229.89	4195.42
2230.84	4195.04
2231.78	4192.55
2232.73	4201.15
2233.68	4205.84
2234.62	4203.42
2235.57	4199.43
2236.51	4195.33
2237.46	4190.7
2238.41	4191.44
2239.35	4198.37
2240.3	4198.91
2241.24	4197.88
2242.19	4196.64
2243.13	4190.16
2244.07	4178.39
2245.02	4168.13
2245.96	4166.01
2246.91	4162.47
2247.85	4159.61
2248.8	4157.34
2249.74	4154.47
2250.68	4150.41
2251.63	4149.47
2252.57	4153.42
2253.51	4158.41
2254.46	4163.65
2255.4	4168.51
2256.34	4169.9
2257.28	4167.26
2258.23	4162.71
2259.17	4155.24
2260.11	4148.03
2261.05	4141.71
2262	4136.64
2262.94	4132.94
2263.88	4130.97
2264.82	4123.4
2265.76	4112.13
2266.7	4108.67
2267.64	4107.73
2268.58	4110.14
2269.53	4110.75
2270.47	4120.63
2271.41	4115.34
2272.35	4109.08
2273.29	4102.2
2274.23	4095.13
2275.17	4089.29
2276.11	4085.28
2277.05	4082.98
2277.99	4081.73
2278.93	4081.47
2279.86	4082.22
2280.8	4083.93
2281.74	4085.18
2282.68	4087.54
2283.62	4090.01
2284.56	4093.02
2285.5	4096.53
2286.44	4101.37
2287.37	4103.98
2288.31	4105.61
2289.25	4100.68
2290.19	4092.09
2291.12	4082.58
2292.06	4072.98
2293	4064.18
2293.94	4060.35
2294.87	4059.31
2295.81	4060.28
2296.75	4063.45
2297.68	4064.65
2298.62	4064.86
2299.55	4062.85
2300.49	4060.23
2301.43	4056.81
2302.36	4052.66
2303.3	4048.35
2304.23	4044.25
2305.17	4040.69
2306.1	4037.74
2307.04	4038.69
2307.98	4037.64
2308.91	4029.12
2309.84	4018.9
2310.78	4008.94
2311.71	4005.99
2312.65	4007.64
2313.58	4009.07
2314.52	4009.55
2315.45	4008.45
2316.38	4005.68
2317.32	3997.54
2317.72	3992.56
2318.66	3987.41
2319.6	3981.89
2320.54	3975.14
2321.48	3968.24
2322.41	3959.41
2323.35	3950.62
2324.29	3941.67
2325.23	3933.86
2326.16	3943
2327.1	3951.04
2328.04	3960.12
2328.97	3961.66
2329.91	3953.96
2330.85	3937.43
2331.78	3922.9
2332.72	3911.7
2333.66	3903.6
2334.59	3902.73
2335.53	3904.68
2336.46	3903.3
2337.4	3901.39
2338.33	3898.55
2339.27	3895.07
2340.2	3891.43
2341.14	3891.29
2342.07	3891.43
2343.01	3892.72
2343.94	3894.66
2344.88	3898.83
2345.81	3895.26
2346.75	3889.02
2347.68	3874.42
2348.61	3863.09
2349.55	3864.86
2350.48	3870.64
2351.41	3875.13
2352.35	3875.72
2353.28	3876.38
2354.21	3876.77
2355.15	3876.33
2356.08	3874.46
2357.01	3870.79
2357.94	3865.32
2358.88	3856.3
2359.81	3846.03
2360.74	3835.49
2361.67	3824.49
2362.6	3821.73
2363.54	3831.33
2364.47	3835.18
2365.4	3830.29
2366.33	3821.89
2367.26	3814.07
2368.19	3808.28
2369.12	3803.24
2370.05	3800.23
2370.98	3798.58
2371.91	3798.19
2372.84	3799.1
2373.77	3801.16
2374.7	3804.45
2375.63	3803.74
2376.56	3800.18
2377.49	3798.84
2378.42	3799.78
2379.35	3800.85
2380.28	3803.82
2381.21	3805.53
2382.14	3806.7
2383.07	3805.92
2384	3802.51
2384.92	3795.32
2385.85	3784.27
2386.78	3769.81
2387.71	3754.52
2388.64	3737.13
2389.56	3756.35
2390.49	3749.83
2391.42	3749.24
2392.35	3748.26
2393.27	3747.04
2394.2	3746.98
2395.13	3739.04
2396.05	3731.4
2396.98	3725.45
2397.91	3723.04
2398.83	3727.52
2399.76	3731.48
2400.69	3734.81
2401.61	3737.35
2402.54	3739.02
2403.46	3738.08
2404.39	3737.33
2405.31	3736.13
2406.24	3746.1
2407.17	3721.98
2408.09	3691.58
2409.01	3685.72
2409.94	3700.13
2410.86	3696.97
2411.79	3726.1
2412.71	3712.84
2413.64	3704.52
2414.56	3693.81
2415.49	3685.01
2416.41	3677.52
2417.33	3671.4
2418.26	3666.21
2419.18	3662.35
2420.1	3660.01
2421.03	3658.99
2421.95	3655.15
2422.87	3645.96
2423.79	3634.65
2424.72	3629.96
2425.64	3626.65
2426.56	3625.33
2427.48	3626.97
2428.41	3630.8
2429.33	3638.77
2430.25	3645.85
2431.17	3647.23
2432.09	3644.78
2433.01	3637.99
2433.93	3627.17
2434.86	3611.37
2435.78	3600.2
2436.7	3600.71
2437.62	3601.75
2438.54	3606.07
2439.46	3606.38
2440.38	3606.14
2441.3	3600.74
2442.22	3593.03
2443.14	3578.95
2444.06	3566.48
2444.98	3557.07
2445.9	3548.66
2446.82	3541.63
2447.73	3536.15
2448.65	3532.27
2449.57	3530.45
2450.49	3530.2
2451.41	3532.01
2452.33	3534.63
2453.25	3530.66
2454.17	3524.68
2455.08	3515.08
2456	3502.83
2456.92	3493.48
2457.84	3488.4
2458.75	3490.61
2459.67	3492.39
2460.59	3495.12
2461.51	3497.42
2462.42	3499.34
2463.34	3500.39
2464.26	3500.25
2465.17	3500.37
2466.09	3499.27
2467	3497.04
2467.92	3492.45
2468.84	3485.29
2469.75	3473.5
2470.67	3462.6
2471.58	3458.64
2472.5	3453.13
2473.42	3453.19
2474.33	3456.23
2475.25	3452.9
2476.16	3445.72
2477.08	3431.65
2477.99	3424.46
2478.9	3418.07
2479.82	3417.77
2480.73	3415.38
2481.65	3414.92
2482.56	3417.82
2483.47	3421.16
2484.39	3424.03
2485.3	3424.6
2486.22	3424.66
2487.13	3423.76
2488.04	3421.65
2488.96	3418.55
2489.87	3414.54
2490.78	3409.67
2491.69	3412.42
2492.61	3415.35
2493.52	3415.49
2494.43	3407.27
2495.34	3396.53
2496.25	3393.86
2497.17	3394.67
2498.08	3395.51
2498.99	3403.2
2499.9	3408.28
2500.81	3408.97
2501.72	3406.28
2502.63	3399.95
2503.55	3394.8
2504.46	3389.64
2505.37	3389.96
2506.28	3389.63
2507.19	3392.15
2508.1	3390.01
2509.01	3384.1
2509.92	3375.42
2510.83	3369.75
2511.74	3361.28
2512.65	3355.62
2513.56	3354.86
2514.47	3358.05
2515.37	3365.38
2516.28	3369.15
2517.19	3365.4
2518.1	3360.51
2519.01	3354.15
2519.92	3347.21
2520.83	3337.48
2521.73	3330.8
2522.64	3326.9
2523.55	3328.36
2524.46	3331.66
2525.37	3331.56
2526.27	3330.78
2527.18	3329.37
2528.09	3325.89
2529	3320.32
2529.9	3314.16
2530.81	3307.5
2531.72	3300.68
2532.62	3295.6
2533.53	3295.84
2534.44	3293.61
2535.34	3289.28
2536.25	3284.16
2537.15	3280.97
2538.06	3274.88
2538.96	3278.54
2539.87	3284.34
2540.78	3282.73
2541.68	3280.49
2542.59	3280.54
2543.49	3275.24
2544.4	3269.35
2545.3	3261.91
2546.21	3265.36
2547.11	3265.31
2548.01	3268.72
2548.92	3271.15
2549.82	3267.39
2550.73	3263.07
2551.63	3247.1
2552.53	3238.7
2553.44	3233.2
2554.34	3231.2
2555.24	3232.94
2556.15	3233.52
2557.05	3233.21
2557.95	3232.02
2558.86	3232.17
2559.76	3231.36
2560.66	3229.04
2561.56	3224.79
2562.46	3213.01
2563.37	3203.85
2564.27	3195.73
2565.17	3188.25
2566.07	3182.8
2566.97	3182.61
2567.88	3181.73
2568.78	3179.86
2569.68	3179.01
2570.58	3172.6
2571.48	3167.95
2572.38	3164.76
2573.28	3163.06
2574.18	3158.34
2575.08	3151.17
2575.98	3142.08
2576.88	3132.48
2577.78	3120.25
2578.68	3122.48
2579.58	3127.54
2580.48	3135.5
2581.38	3140.95
2582.28	3142.28
2583.18	3137.74
2584.08	3129.61
2584.98	3121.73
2585.88	3113.58
2586.77	3107.62
2587.67	3099.26
2588.57	3097.58
2589.47	3098.94
2590.37	3101.22
2591.27	3101.21
2592.16	3100.87
2593.06	3099.44
2593.96	3097.25
2594.86	3094.32
2595.75	3090.58
2596.65	3086.11
2597.55	3080.87
2598.45	3074.69
2599.34	3067.68
2600.24	3063.11
2601.13	3061.47
2602.03	3064.02
2602.93	3066.26
2603.82	3065.4
2604.72	3064.28
2605.62	3053.69
2606.51	3037.74
2607.41	3019.54
2608.3	3029.98
2609.2	3042.13
2610.09	3039.04
2610.99	3035.29
2611.88	3030.81
2612.78	3025.24
2613.67	3016.81
2614.57	3008.27
2615.46	3009.69
2616.36	3011.74
2617.25	3016.54
2618.14	3018.17
2619.04	3017.89
2619.93	3023.41
2620.83	3022.32
2621.72	3018.32
2622.61	3011.98
2623.5	3006.4
2624.4	2992.93
2625.29	2981.45
2626.18	2974.21
2627.08	2967.33
2627.97	2971.45
2628.86	2981.16
2629.75	2978.92
2630.65	2974.97
2631.54	2967.37
2632.43	2958.14
2633.32	2942.61
2634.21	2933.29
2635.11	2927.97
2636	2924
2636.89	2923.35
2637.78	2923.74
2638.67	2925.2
2639.56	2927.7
2640.45	2930.54
2641.34	2930.57
2642.23	2930.75
2643.12	2929.49
2644.01	2921.5
2644.9	2915.91
2645.79	2892.54
2646.68	2886.03
2647.57	2882.92
2648.46	2885.77
2649.35	2883.65
2650.24	2872.61
2651.13	2862.47
2652.02	2855.66
2652.91	2850.97
2653.8	2848.69
2654.69	2848.51
2655.58	2850.91
2656.46	2853.41
2657.35	2854.64
2658.24	2855.44
2659.13	2851.56
2660.02	2848.82
2660.9	2846.3
2661.79	2844.14
2662.68	2841.88
2663.57	2845.93
2664.45	2850.36
2665.34	2855.37
2666.23	2860.98
2667.11	2866.65
2668	2870.12
2668.89	2869.42
2669.77	2865.33
2670.66	2855.56
2671.55	2843.26
2672.43	2830.57
2673.32	2819.87
2674.21	2810.94
2675.09	2803.46
2675.98	2797.26
2676.86	2791.71
2677.75	2787.45
2678.63	2784.54
2679.52	2783.56
2680.4	2788.62
2681.29	2797.28
2682.17	2799.28
2683.06	2793.55
2683.94	2784.97
2684.82	2767.69
2685.71	2761.73
2686.59	2753.77
2687.48	2751.97
2688.36	2761.72
2689.24	2769.04
2690.13	2775.5
2691.01	2768.53
2691.89	2757.04
2692.78	2746.42
2693.66	2739.06
2694.54	2748.1
2695.43	2753.71
2696.31	2755.57
2697.19	2753.61
2698.07	2747.88
2698.96	2736.61
2699.84	2723.49
2700.72	2714.66
2701.6	2705.82
2702.48	2699.82
2703.36	2701.58
2704.25	2704.44
2705.13	2705.44
2706.01	2700.18
2706.89	2691.25
2707.77	2678.89
2708.65	2672.69
2709.53	2669.61
2710.41	2667.48
2711.29	2666.46
2712.17	2666.96
2713.05	2668.56
2713.93	2671.44
2714.81	2674.2
2715.69	2675.29
2716.57	2671.39
2717.45	2666.6
2718.33	2661.16
2719.21	2654.28
2720.09	2650.28
2720.97	2649.08
2721.85	2650.91
2722.73	2658.16
2723.61	2662.87
2724.48	2665.83
2725.36	2664.17
2726.24	2659.96
2727.12	2654.19
2728	2646.91
2728.88	2642.56
2729.75	2638.37
2730.63	2634.3
2731.51	2630.26
2732.39	2626.4
2733.26	2622.56
2734.14	2618.87
2735.02	2615.22
2735.89	2612.08
2736.77	2609.15
2737.65	2606.7
2738.52	2603.72
2739.4	2600.45
2740.28	2597.1
2741.15	2594.68
2742.03	2594.48
2742.9	2595.92
2743.78	2596.38
2744.65	2594.68
2745.53	2590.79
2746.41	2584.26
2747.28	2575.24
2748.16	2578.63
2749.03	2577.49
2749.91	2574.46
2750.78	2569.21
2751.66	2564.94
2752.53	2561.41
2753.4	2558.73
2754.28	2556.75
2755.15	2555.56
2756.02	2555.03
2756.9	2555.4
2757.77	2557.03
2758.65	2559.22
2759.52	2557.13
2760.39	2550.9
2761.27	2542.33
2762.14	2533.12
2763.01	2529.41
2763.88	2524.8
2764.76	2529.04
2765.63	2535.09
2766.5	2542.69
2767.37	2547.56
2768.25	2549.8
2769.12	2549.64
2769.99	2542.36
2770.86	2534.51
2771.73	2516.06
2772.61	2498.78
2773.48	2485.33
2774.35	2476.62
2775.22	2474.85
2776.09	2479.14
2776.96	2485.19
2777.83	2503.55
2778.7	2515.68
2779.57	2478.48
2780.44	2428.57
2781.31	2479.38
2782.18	2510.54
2783.05	2504.19
2783.92	2476.08
2784.79	2465.96
2785.66	2454.85
2786.53	2464.52
2787.4	2471.73
2788.27	2477.5
2789.14	2469.86
2790.01	2465.22
2790.88	2462.81
2791.75	2462.63
2792.62	2463.86
2793.48	2465.35
2794.35	2468.02
2795.22	2465.84
2796.09	2462.21
2796.96	2458
2797.82	2453.56
2798.69	2449.57
2799.56	2445.32
2800.43	2449.39
2801.29	2452.38
2802.16	2451.78
2803.03	2447.46
2803.9	2437.89
2804.76	2429.95
2805.63	2426.39
2806.5	2423.8
2807.36	2421.38
2808.23	2419.67
2809.09	2420.35
2809.96	2416.15
2810.83	2412.7
2811.69	2412.29
2812.56	2411.76
2813.42	2411.28
2814.29	2410.91
2815.15	2409.1
2816.02	2405.92
2816.88	2401.75
2817.75	2399.14
2818.61	2397.42
2819.48	2397.01
2820.34	2401.35
2821.21	2402.35
2822.07	2401
2822.94	2381.94
2823.8	2366.83
2824.66	2371.17
2825.53	2374.97
2826.39	2386.01
2827.26	2365.03
2828.12	2358.73
2828.98	2359.4
2829.85	2365.02
2830.71	2380.23
2831.57	2383.5
2832.43	2360.07
2833.3	2355.13
2834.16	2348.49
2835.02	2343.63
2835.88	2340.09
2836.75	2337.54
2837.61	2337.63
2838.47	2339.39
2839.33	2341.96
2840.19	2343.14
2841.06	2342.35
2841.92	2340.64
2842.78	2338.62
2843.64	2335.98
2844.5	2332.75
2845.36	2328.88
2846.22	2324.14
2847.08	2318.67
2847.94	2315.46
2848.81	2313.66
2849.67	2313.95
2850.53	2313.96
2851.39	2313.97
2852.25	2310.76
2853.11	2306.92
2853.97	2302.04
2854.82	2296.45
2855.68	2290.11
2856.54	2283.18
2857.4	2277.73
2858.26	2271.88
2859.12	2266.18
2859.98	2264.46
2860.84	2271.1
2861.7	2278.08
2862.56	2284.51
2863.41	2291.34
2864.27	2292.63
2865.13	2282.14
2865.99	2267.28
2866.85	2274.13
2867.7	2279.57
2868.56	2278.96
2869.42	2278.66
2870.28	2277.13
2871.13	2274.13
2871.99	2269.46
2872.85	2262.66
2873.7	2259.09
2874.56	2256.2
2875.42	2254.48
2876.27	2254.83
2877.13	2254.14
2877.99	2252.4
2878.84	2245.9
2879.7	2241.59
2880.56	2239.38
2881.41	2238.67
2882.27	2236.66
2883.12	2233.71
2883.98	2227.98
2884.83	2222.05
2885.69	2217.48
2886.54	2214.27
2887.4	2212.24
2888.25	2212.97
2889.11	2218.97
2889.96	2220.69
2890.82	2221.92
2891.67	2220.49
2892.52	2216.13
2893.38	2209.3
2894.23	2203.6
2895.09	2201.33
2895.94	2199.76
2896.79	2199.14
2897.65	2197.31
2898.5	2195.51
2899.35	2193.35
2900.21	2190.81
2901.06	2187.99
2901.91	2184.68
2902.76	2181.52
2903.62	2179.87
2904.47	2180.18
2905.32	2179.75
2906.17	2178.84
2907.03	2174.05
2907.88	2170.65
2908.73	2164.16
2909.58	2156.04
2910.43	2152.53
2911.28	2153.46
2912.14	2154.98
2912.99	2156.08
2913.84	2155.8
2914.69	2155.07
2915.54	2153.11
2916.39	2150.47
2917.24	2147.08
2918.09	2142.98
2918.94	2138.16
2919.79	2133.02
2920.64	2130.23
2921.49	2129.02
2922.34	2131.78
2923.19	2133.91
2924.04	2134.27
2924.89	2134.29
2925.74	2133.7
2926.59	2123.46
2927.44	2114.34
2928.29	2103.47
2929.14	2100.02
2929.98	2094.93
2930.83	2099.6
2931.68	2107.06
2932.53	2112.13
2933.38	2115.1
2934.23	2113.07
2935.07	2108.18
2935.92	2101.38
2936.77	2092.36
2937.62	2087.78
2938.47	2084.59
2939.31	2081.95
2940.16	2079.74
2941.01	2078.18
2941.85	2075.99
2942.7	2072.14
2943.55	2068.98
2944.39	2066.17
2945.24	2063.53
2946.09	2060.64
2946.93	2057.76
2947.78	2054.49
2948.63	2051.18
2949.47	2047.71
2950.32	2044.15
2951.16	2040.32
2952.01	2036.59
2952.85	2036.28
2953.7	2040.24
2954.55	2045.81
2955.39	2048.38
2956.24	2047.59
2957.08	2039.86
2957.92	2037.64
2958.77	2035.16
2959.61	2032.82
2960.46	2030.6
2961.3	2028.71
2962.15	2027.03
2962.99	2025.75
2963.83	2024.69
2964.68	2023.82
2965.52	2023.18
2966.37	2022.56
2967.21	2021.42
2968.05	2018.56
2968.9	2010.83
2969.74	2004.92
2970.58	2000.09
2971.42	1995.81
2972.27	1991.74
2973.11	1988.11
2973.95	1984.96
2974.79	1991.93
2975.64	2007.46
2976.48	2014.87
2977.32	2007.64
2978.16	1998.04
2979	1994.2
2979.85	1997.95
2980.69	2007.87
2981.53	2028.94
2982.37	1990.45
2983.21	1975.34
2984.05	1972.86
2984.89	1973.29
2985.73	1973.18
2986.57	1983.44
2987.41	1980.8
2988.25	1976.16
2989.1	1971.07
2989.94	1965.97
2990.77	1956.13
2991.62	1957.2
2992.45	1958.84
2993.29	1966.58
2994.13	1970.66
2994.97	1970.84
2995.81	1967.18
2996.65	1962.48
2997.49	1959.25
2998.33	1957.74
2999.17	1943.45
