200.833	7145.26
202.102	7224.48
203.371	7235.21
204.639	7231.85
205.907	7212.03
207.175	7210.03
208.442	7210.34
209.71	7211.54
210.977	7213.42
212.244	7215.95
213.511	7218.59
214.777	7221.1
216.042	7220.15
217.309	7225.68
218.575	7223.8
219.84	7315
221.106	7330.62
222.371	7306.78
223.635	7305.78
224.9	7312.02
226.165	7326.85
227.429	7344.2
228.694	7361.85
229.956	7379.22
231.22	7396.49
232.484	7414.84
233.747	7432.53
235.011	7449.76
236.272	7466.51
237.535	7482.29
238.798	7496.74
240.06	7503.95
241.321	7508.26
242.583	7511.27
243.845	7514.57
245.105	7515.25
246.367	7514.3
247.628	7517.39
248.888	7538.12
250.149	7561.23
251.409	7584.95
252.67	7609.28
253.928	7621.65
255.189	7615.96
256.447	7601.23
257.707	7593.93
258.966	7587.11
260.224	7582.37
261.483	7581.61
262.742	7584.75
263.999	7591.2
265.257	7600.89
266.514	7613.07
267.772	7626.98
269.028	7639.71
270.286	7652.32
271.543	7663.83
272.799	7674.5
274.056	7683.67
275.311	7691.15
276.568	7695.95
277.823	7699.48
279.079	7701.8
280.333	7704.42
281.589	7709.21
282.843	7721.76
284.099	7739.96
285.352	7753.58
286.607	7762.88
287.86	7767.87
289.114	7773.01
290.368	7779.51
291.621	7787.09
292.875	7795.69
294.127	7809.34
295.38	7827.14
296.632	7836.97
297.884	7843.2
299.137	7844.15
300.388	7841.63
301.641	7841.96
302.891	7845.82
304.142	7852.22
305.394	7860.27
306.644	7868.26
307.894	7874.94
309.146	7878.61
310.395	7880.53
311.645	7881.49
312.895	7881.62
314.144	7881.13
315.393	7879.43
316.642	7877.61
317.892	7880.6
319.14	7891.62
320.388	7918.92
321.637	7931.44
322.885	7935.36
324.132	7930.72
325.38	7926.23
326.628	7925.95
327.875	7928.64
329.122	7934.63
330.368	7943.49
331.614	7956.14
332.862	7971.74
334.108	7989.72
335.353	8008.09
336.599	8021.53
337.844	8030.11
339.089	8035.5
340.335	8038.44
341.58	8039.59
342.824	8037.32
344.068	8036.87
345.312	8035.78
346.556	8029.31
347.8	8049.67
349.043	8073.49
350.286	8080.03
351.53	8084.35
352.774	8087.32
354.016	8087.1
355.259	8065.4
356.501	8068.51
357.743	8071.68
358.985	8073.54
360.227	8074.83
361.468	8074.27
362.709	8073.59
363.95	8073.52
365.191	8074.7
366.432	8076.74
367.672	8080.04
368.912	8086.65
370.152	8093.88
371.392	8100.64
372.632	8107.96
373.871	8098.88
375.11	8085.36
376.348	8077.88
377.587	8081.09
378.825	8086.43
380.064	8103.97
381.302	8207.13
382.54	8139.69
383.778	8106.4
385.016	8147.67
386.253	8179.75
387.489	8185.97
388.726	8176.84
389.963	8171.73
391.199	8160.31
392.436	8160.24
393.672	8171.6
394.907	8179.39
396.142	8187.2
397.378	8195.29
398.614	8205.58
399.849	8216.31
401.082	8217.35
402.317	8218.07
403.552	8219.86
404.786	8223.66
406.019	8229.38
407.253	8235.92
408.487	8243.48
409.721	8214.15
410.953	8203.1
412.186	8213.45
413.419	8224.22
414.651	8236.52
415.883	8249.31
417.116	8261.03
418.347	8273.86
419.579	8266.75
420.811	8244.86
422.041	8235.84
423.272	8236.18
424.504	8250.36
425.733	8263.04
426.964	8277.63
428.194	8291.06
429.424	8292.77
430.654	8294.34
431.883	8293.86
433.113	8293.8
434.341	8294.99
435.571	8297.95
436.799	8304.67
438.028	8313.16
439.257	8322.72
440.484	8330.65
441.713	8334.56
442.94	8332.38
444.168	8324.41
445.394	8320.14
446.622	8317.99
447.848	8318.17
449.076	8320.04
450.301	8324.72
451.528	8331.57
452.754	8340.28
453.979	8349.96
455.205	8350.43
456.43	8353.56
457.656	8357.79
458.88	8363.04
460.106	8371.33
461.33	8378.25
462.554	8377.93
463.779	8370.71
465.002	8355.89
466.225	8339.85
467.45	8326.95
468.672	8320.15
469.895	8317.07
471.119	8316.5
472.341	8318.42
473.563	8322.3
474.786	8327.74
476.008	8333.26
477.229	8338.21
478.452	8345.1
479.673	8355.46
480.894	8368.19
482.115	8368.08
483.337	8336.32
484.557	8314.98
485.777	8315.13
486.997	8317.64
488.218	8323.87
489.438	8333.45
490.657	8349.5
491.876	8359.87
493.096	8360.69
494.315	8358.05
495.533	8354.75
496.752	8350.19
497.97	8344.22
499.188	8339.05
500.407	8338.23
501.625	8338.23
502.842	8338.67
504.059	8339.48
505.276	8341.04
506.493	8343.11
507.71	8346.04
508.926	8348.32
510.142	8343.91
511.358	8336.96
512.575	8338.63
513.791	8345.69
515.006	8358.52
516.222	8371.95
517.437	8381.51
518.651	8386.8
519.866	8387.73
521.081	8384.73
522.295	8381.49
523.509	8388.89
524.723	8401.21
525.937	8420.09
527.15	8438.99
528.363	8451.12
529.576	8454.57
530.789	8452.19
532.002	8445.76
533.215	8437.52
534.426	8432.43
535.638	8427.69
536.85	8421.73
538.061	8417.21
539.273	8413.31
540.484	8410.58
541.695	8414.36
542.906	8422.54
544.117	8435.66
545.327	8447.7
546.537	8458.49
547.747	8457.72
548.957	8454.11
550.167	8445.13
551.377	8438.45
552.585	8432.66
553.794	8427.93
555.003	8423.29
556.212	8419.52
557.421	8415.06
558.628	8419.46
559.836	8424.13
561.044	8415.19
562.252	8401.84
563.458	8392.77
564.666	8388.24
565.873	8411.78
567.08	8427.1
568.286	8440.46
569.493	8458.34
570.699	8464.72
571.904	8452.77
573.111	8442.22
574.317	8429.72
575.521	8429.64
576.727	8431.56
577.932	8438
579.136	8446.59
580.341	8455.52
581.544	8463.63
582.749	8470.7
583.954	8477.1
585.156	8482.15
586.361	8486.15
587.563	8487.71
588.767	8480.11
589.97	8466.39
591.172	8455.85
592.375	8441.08
593.577	8438.63
594.78	8447.07
595.981	8447.92
597.183	8449.52
598.384	8449.69
599.586	8447.77
600.786	8441.79
601.988	8433.68
603.188	8414.13
604.389	8396.91
605.589	8387.37
606.79	8378.99
607.989	8375.01
609.188	8376.47
610.389	8377.3
611.587	8377.87
612.787	8377.07
613.986	8375.64
615.184	8373.8
616.383	8371.11
617.581	8367.77
618.78	8363.31
619.977	8357.76
621.174	8352.24
622.373	8347.1
623.57	8344.76
624.766	8345.2
625.964	8346.07
627.16	8346.77
628.356	8344.94
629.554	8341.99
630.749	8338.27
631.945	8322.06
633.14	8317.64
634.337	8309.48
635.532	8311.54
636.726	8325.25
637.921	8326.13
639.117	8318.99
640.311	8314.2
641.505	8310.47
642.699	8307.53
643.892	8305.13
645.087	8303.16
646.28	8300.43
647.473	8298.9
648.666	8298.75
649.859	8301.5
651.051	8306.31
652.245	8312.84
653.437	8321.26
654.629	8331.26
655.821	8343.02
657.012	8353.2
658.204	8358.14
659.395	8360.17
660.586	8358.17
661.777	8352.75
662.967	8344.18
664.158	8332.91
665.349	8327.26
666.539	8333.71
667.729	8338.93
668.919	8344.51
670.109	8347.18
671.298	8339.69
672.487	8332.31
673.676	8323.6
674.865	8314.32
676.053	8303.77
677.242	8302.16
678.43	8309.12
679.616	8325.31
680.804	8340.05
681.992	8341.85
683.179	8328.86
684.366	8320.02
685.554	8311.88
686.74	8304.36
687.927	8299.31
689.114	8298.46
690.3	8299.36
691.486	8300.96
692.671	8303.25
693.856	8306.29
695.042	8307.63
696.227	8312.35
697.413	8318.42
698.598	8322.6
699.781	8324.29
700.966	8319.37
702.15	8312.8
703.334	8307.03
704.518	8301.39
705.701	8293.67
706.885	8285.94
708.068	8276.89
709.252	8267.83
710.433	8259.71
711.616	8255.54
712.799	8259.79
713.98	8263.92
715.163	8266.16
716.345	8265.79
717.527	8264.46
718.707	8262.15
719.889	8258.32
721.071	8253.39
722.25	8246.99
723.432	8239.43
724.611	8231.2
725.792	8222.59
726.972	8226.13
728.151	8232.46
729.332	8250.18
730.512	8261
731.69	8262.9
732.87	8261.96
734.048	8259.1
735.227	8253.39
736.405	8246.95
737.584	8243.26
738.761	8252.14
739.94	8261.18
741.117	8269.58
742.295	8282.61
743.471	8286.07
744.649	8291.26
745.825	8293.02
747.003	8293.1
748.179	8292.3
749.356	8294.54
750.531	8301.89
751.708	8302.61
752.883	8301.09
754.059	8299.43
755.234	8292.35
756.409	8287.91
757.585	8284.57
758.759	8280.53
759.934	8277.71
761.108	8279.72
762.282	8281.55
763.456	8282.8
764.63	8282.63
765.803	8280.42
766.977	8270.59
768.15	8259.88
769.323	8246.05
770.496	8229.39
771.668	8209.45
772.841	8197.66
774.014	8197.62
775.185	8196.1
776.357	8193.69
777.528	8190.61
778.701	8187.29
779.872	8183.6
781.042	8180.16
782.213	8176.83
783.383	8174.16
784.555	8172.36
785.725	8171.49
786.895	8171.52
788.064	8172.54
789.234	8160.86
790.404	8141.59
791.573	8115.26
792.742	8094.83
793.911	8086.61
795.08	8097.07
796.248	8097
797.416	8098.97
798.584	8104.72
799.753	8111.46
800.921	8119.97
802.088	8129.27
803.256	8138.77
804.423	8146.35
805.59	8144.67
806.756	8138.2
807.923	8124.45
809.089	8103.36
810.256	8092.55
811.422	8093.91
812.587	8102.43
813.753	8107.88
814.918	8110.95
816.084	8112.75
817.249	8112.21
818.414	8108.97
819.578	8098.46
820.743	8091.33
821.907	8098.32
823.072	8119.41
824.236	8145.71
825.399	8157.63
826.562	8138.92
827.725	8132
828.889	8128.1
830.052	8127.02
831.215	8128.17
832.377	8132.36
833.54	8138.89
834.701	8146.4
835.863	8151.95
837.025	8156.15
838.187	8152.14
839.349	8147.64
840.51	8140.98
841.67	8131.85
842.831	8119.11
843.992	8105.14
845.153	8092.16
846.312	8083.44
847.473	8084.61
848.633	8088.58
849.793	8083.3
850.951	8081.49
852.111	8069.47
853.27	8047.91
854.428	8032.07
855.588	8023.41
856.747	8022.56
857.904	8031.47
859.063	8035.42
860.221	8033.12
861.378	8022.28
862.536	8017.76
863.694	8010.89
864.85	8000.28
866.008	7994.43
867.164	7992.23
868.321	7994.19
869.478	7991.97
870.633	8034.12
871.79	7996.66
872.945	7967.44
874.101	7980.28
875.256	7994.78
876.412	7986.15
877.566	7971.08
878.722	7951.41
879.876	7927.57
881.031	7903.22
882.185	7891.6
883.34	7879.68
884.493	7883.07
885.647	7900.11
886.8	7911.21
887.954	7920.4
889.107	7918.69
890.261	7907.53
891.413	7892.31
892.565	7878.04
893.718	7864.92
894.87	7858.68
896.023	7860.48
897.174	7862.72
898.326	7865.7
899.478	7868.69
900.629	7873.27
901.779	7882.06
902.931	7880.22
904.081	7867.56
905.231	7861.97
906.383	7864.19
907.532	7862.29
908.682	7868.4
909.831	7877.32
910.982	7883.72
912.131	7890
913.28	7895.97
914.429	7901.13
915.578	7905
916.727	7907.4
917.875	7908.04
919.023	7906.8
920.171	7903.93
921.32	7897.09
922.467	7889.5
923.614	7881.63
924.761	7878.06
925.908	7878.08
927.055	7879.05
928.203	7882.21
929.349	7887.43
930.496	7894.56
931.642	7904.25
932.787	7914.66
933.933	7908.63
935.079	7894.5
936.224	7868.67
937.369	7852.17
938.514	7841.99
939.659	7838.89
940.804	7840.06
941.948	7842.35
943.092	7848.44
944.236	7851.96
945.38	7850.21
946.524	7842.79
947.667	7829.21
948.811	7809.62
949.954	7800.12
951.097	7793.19
952.24	7788.11
953.383	7783.66
954.525	7781.21
955.667	7777.62
956.81	7775.33
957.952	7774.37
959.093	7774.59
960.235	7776.14
961.376	7779.14
962.516	7783.78
963.658	7786.16
964.798	7776.18
965.939	7771.73
967.08	7754.48
968.22	7747.96
969.359	7750.95
970.499	7747.6
971.639	7742.25
972.779	7733.93
973.918	7726.94
975.056	7718.19
976.195	7709.57
977.334	7702.33
978.473	7697.7
979.61	7710.15
980.749	7736.54
981.887	7760.09
983.024	7773.54
984.162	7719.02
985.3	7709.71
986.437	7730.25
987.573	7734.23
988.711	7790.98
989.848	7746.46
990.983	7735.74
992.12	7740.66
993.255	7736.87
994.392	7730.18
995.528	7723.52
996.662	7714.59
997.798	7712.73
998.933	7706.72
1000.07	7709.54
1001.2	7714.3
1002.34	7727.91
1003.47	7736.75
1004.61	7741.89
1005.74	7743.46
1006.87	7742.39
1008.01	7737.27
1009.14	7733.82
1010.27	7726.97
1011.41	7723.87
1012.54	7721.97
1013.67	7723.88
1014.81	7726.24
1015.94	7726.02
1017.07	7724.63
1018.2	7714.82
1019.33	7713.54
1020.47	7712.39
1021.6	7708.76
1022.73	7703.78
1023.86	7696.83
1024.99	7683.95
1026.12	7670.81
1027.25	7659.9
1028.38	7650.31
1029.51	7639.69
1030.64	7632.71
1031.77	7630.31
1032.9	7629.78
1034.03	7632
1035.16	7633.21
1036.29	7632.76
1037.42	7628.41
1038.55	7622.99
1039.67	7615.49
1040.8	7607.11
1041.93	7594.34
1043.06	7579.21
1044.19	7563
1045.31	7546.82
1046.44	7537.55
1047.57	7530.1
1048.69	7525.65
1049.82	7526.06
1050.95	7529.38
1052.08	7537.45
1053.2	7542.86
1054.33	7538.57
1055.45	7534.31
1056.58	7530.24
1057.7	7525.91
1058.83	7521.14
1059.95	7516.77
1061.08	7512.18
1062.2	7507.18
1063.33	7502.75
1064.45	7498.68
1065.58	7495.74
1066.7	7493.79
1067.83	7493.39
1068.95	7494.29
1070.07	7496.97
1071.2	7501.77
1072.32	7506.81
1073.44	7494.03
1074.56	7489.17
1075.69	7489.46
1076.81	7495.22
1077.93	7498.78
1079.05	7501.08
1080.17	7502.46
1081.3	7503.27
1082.42	7503.21
1083.54	7502.33
1084.66	7501.15
1085.78	7500.03
1086.9	7499.43
1088.02	7500.71
1089.14	7502.27
1090.26	7503.72
1091.38	7504.83
1092.5	7504.97
1093.62	7504.06
1094.74	7502.21
1095.86	7498.23
1096.98	7486.08
1098.1	7470.71
1099.22	7455.59
1100.34	7439.82
1101.45	7442.4
1102.57	7479.19
1103.69	7496.59
1104.81	7486.44
1105.93	7384.05
1107.04	7471.25
1108.16	7481.34
1109.28	7481.72
1110.4	7474.31
1111.51	7466.89
1112.63	7456.32
1113.75	7441.91
1114.86	7423.06
1115.98	7406.73
1117.09	7390.81
1118.21	7390.34
1119.32	7385.34
1120.44	7382.31
1121.55	7379.59
1122.67	7374.89
1123.78	7370.58
1124.9	7365.76
1126.01	7361.11
1127.13	7356.66
1128.24	7353.73
1129.35	7360.42
1130.47	7360.61
1131.58	7359.88
1132.7	7357.28
1133.81	7334.97
1134.92	7317.99
1136.03	7306.35
1137.15	7299.94
1138.26	7300.39
1139.37	7290.05
1140.48	7272.93
1141.59	7257.1
1142.71	7248.83
1143.82	7245.41
1144.93	7245.56
1146.04	7246.89
1147.15	7246.32
1148.26	7244.4
1149.37	7234.9
1150.48	7226.37
1151.59	7220.76
1152.7	7215.14
1153.81	7212.12
1154.92	7209.16
1156.03	7206.51
1157.14	7204.12
1158.25	7202.2
1159.36	7200.52
1160.47	7198.39
1161.58	7196.99
1162.68	7197.09
1163.79	7199.21
1164.9	7202.35
1166.01	7205.69
1167.12	7208.37
1168.22	7209.98
1169.33	7210.13
1170.44	7209.01
1171.55	7206.19
1172.65	7197.08
1173.76	7185.12
1174.87	7172.06
1175.97	7175.45
1177.08	7176.48
1178.18	7183.6
1179.29	7193.24
1180.4	7197.52
1181.5	7199.1
1182.61	7195.07
1183.71	7188.53
1184.82	7182.79
1185.92	7176.15
1187.02	7180.83
1188.13	7191.08
1189.23	7200
1190.34	7195.83
1191.44	7188.94
1192.54	7182.2
1193.65	7175.35
1194.75	7172.6
1195.85	7194.13
1196.96	7209.16
1198.06	7237.04
1199.16	7129.01
1200.26	7121.82
1201.37	7137.39
1202.47	7164.39
1203.57	7193.59
1204.67	7201.02
1205.77	7184.45
1206.87	7178.28
1207.97	7168.97
1209.08	7158.82
1210.18	7145.56
1211.28	7137.05
1212.38	7136.94
1213.48	7142.32
1214.58	7150.72
1215.68	7151.79
1216.78	7143.82
1217.88	7138.78
1218.98	7135.27
1220.07	7131.09
1221.17	7128.78
1222.27	7129.07
1223.37	7130.31
1224.47	7129.88
1225.57	7127.51
1226.66	7120.69
1227.76	7114.63
1228.86	7108.28
1229.96	7101.98
1231.06	7096.05
1232.15	7091.13
1233.25	7086.72
1234.35	7082.34
1235.44	7077.74
1236.54	7072.27
1237.63	7059.96
1238.73	7039.77
1239.83	7024.39
1240.92	7011.86
1242.02	7001.2
1243.11	6994.25
1244.21	6989.57
1245.3	6989.14
1246.4	6991.08
1247.49	6994.97
1248.59	7000.37
1249.68	7003.03
1250.78	7006.4
1251.87	7010.8
1252.96	7015.47
1254.06	7021.48
1255.15	7026.74
1256.24	7023.69
1257.34	6997.91
1258.43	6989.14
1259.52	6981.32
1260.62	6974.94
1261.71	6971.19
1262.8	6966.87
1263.89	6961.63
1264.98	6959.68
1266.08	6962.01
1267.17	6967.88
1268.26	6975.4
1269.35	6986.44
1270.44	6991.34
1271.53	6994.01
1272.62	6993.81
1273.71	6992.48
1274.8	6990.48
1275.89	6988.03
1276.98	6985.49
1278.07	6983.15
1279.16	6981.26
1280.25	6979.01
1281.34	6976.95
1282.43	6975.25
1283.52	6974.81
1284.61	6980.93
1285.69	6987.74
1286.78	6990
1287.87	6989.5
1288.96	6986.09
1290.05	6981.2
1291.13	6976.24
1292.22	6970.09
1293.31	6966.98
1294.4	6971.47
1295.48	6973.68
1296.57	6972.34
1297.66	6967.86
1298.74	6961.2
1299.83	6952.4
1300.92	6948.49
1302	6940.45
1303.09	6940.52
1304.17	6954.14
1305.26	6961.92
1306.34	6964.95
1307.43	6964.71
1308.51	6965.6
1309.6	6959.22
1310.68	6945.92
1311.76	6932.12
1312.85	6920.39
1313.93	6937.91
1315.02	6954.46
1316.1	6955.64
1317.18	6952.23
1318.27	6946.51
1319.35	6938.6
1320.43	6933.58
1321.52	6929.07
1322.6	6927.71
1323.68	6929.94
1324.76	6929.73
1325.85	6928.51
1326.93	6924.97
1328.01	6921.78
1329.09	6910.97
1330.17	6901.06
1331.25	6892.64
1332.33	6888.78
1333.41	6886.21
1334.49	6884.29
1335.58	6884.47
1336.65	6880.75
1337.74	6874.32
1338.82	6866.08
1339.89	6857.12
1340.97	6851.16
1342.05	6848.42
1343.13	6846.78
1344.21	6843.98
1345.29	6839.82
1346.37	6836.58
1347.45	6834.38
1348.53	6832.82
1349.6	6829.65
1350.68	6828.35
1351.76	6826.88
1352.84	6819.73
1353.92	6819.07
1354.99	6822.85
1356.07	6835.35
1357.15	6836.61
1358.22	6823.88
1359.3	6816.65
1360.38	6810.73
1361.45	6807.12
1362.53	6802.62
1363.61	6801.47
1364.68	6802.06
1365.76	6805.17
1366.83	6810.54
1367.91	6810.85
1368.98	6808.31
1370.06	6805.04
1371.13	6797.05
1372.21	6792.6
1373.28	6790.41
1374.35	6795.37
1375.43	6800.99
1376.5	6808.62
1377.58	6816.74
1378.65	6823.09
1379.72	6827.14
1380.8	6820.4
1381.87	6804.53
1382.94	6791.26
1384.01	6777.55
1385.09	6767.76
1386.16	6761.44
1387.23	6758.69
1388.3	6757.88
1389.38	6759.34
1390.45	6763.01
1391.52	6767.04
1392.59	6767.74
1393.66	6766.86
1393.92	6766.17
1395	6764.32
1396.07	6759.91
1397.15	6752.99
1398.22	6744.12
1399.3	6733.44
1400.38	6721.89
1401.45	6716.39
1402.53	6723.57
1403.6	6732.89
1404.68	6742.51
1405.75	6755.51
1406.82	6763.2
1407.9	6767.94
1408.97	6749.8
1410.05	6734
1411.12	6704.06
1412.19	6727.35
1413.27	6734.55
1414.34	6725.15
1415.41	6720.05
1416.49	6713.64
1417.56	6710.29
1418.63	6707.6
1419.7	6699.08
1420.78	6689.4
1421.85	6680.9
1422.92	6674.47
1423.99	6671.31
1425.06	6668.94
1426.14	6668.77
1427.21	6670.21
1428.28	6673.78
1429.35	6679.46
1430.42	6688.64
1431.49	6683.04
1432.56	6663.04
1433.63	6632.54
1434.7	6635.32
1435.77	6632.98
1436.84	6632.6
1437.91	6636.3
1438.98	6643.45
1440.05	6654.12
1441.12	6663.93
1442.18	6662.28
1443.25	6654.83
1444.32	6645.99
1445.39	6632.98
1446.46	6614.94
1447.53	6593.63
1448.59	6583.43
1449.66	6586.34
1450.73	6591.58
1451.8	6600.03
1452.86	6603.35
1453.93	6607.35
1455	6611.41
1456.06	6615.34
1457.13	6619.26
1458.2	6622.97
1459.26	6627.41
1460.33	6632.4
1461.39	6636.72
1462.46	6636.1
1463.52	6628.12
1464.59	6620.01
1465.65	6608.05
1466.72	6595.85
1467.78	6586.29
1468.85	6598.96
1469.91	6613.76
1470.98	6625.33
1472.04	6605.3
1473.1	6560.99
1474.17	6565
1475.23	6575.83
1476.3	6579.83
1477.36	6583.4
1478.42	6586.58
1479.48	6589.01
1480.55	6588.55
1481.61	6589.29
1482.67	6588.64
1483.73	6588.11
1484.8	6588.14
1485.86	6585.01
1486.92	6576.91
1487.98	6562.05
1489.04	6555.86
1490.1	6551.98
1491.17	6548.61
1492.23	6548.08
1493.29	6549.45
1494.35	6550.32
1495.41	6546.67
1496.47	6536.32
1497.53	6523.33
1498.59	6511.84
1499.65	6502.34
1500.71	6501.32
1501.77	6502.63
1502.83	6506.85
1503.88	6509.16
1504.94	6506.21
1506	6496.84
1507.06	6496.29
1508.12	6491.81
1509.18	6493.52
1510.23	6493.59
1511.29	6491.79
1512.35	6488.32
1513.41	6485.28
1514.47	6479.3
1515.52	6469.05
1516.58	6456.81
1517.64	6450.83
1518.69	6443.81
1519.75	6443.23
1520.81	6443.14
1521.86	6441.6
1522.92	6439.12
1523.97	6435.16
1525.03	6430.52
1526.08	6424.52
1527.14	6417.65
1528.2	6409.41
1529.25	6401.08
1530.31	6394.94
1531.36	6389.97
1532.42	6387.22
1533.47	6385.57
1534.52	6385.83
1535.58	6387.6
1536.63	6390.97
1537.69	6395.24
1538.74	6396.52
1539.79	6395.79
1540.84	6394.67
1541.9	6392.12
1542.95	6389.05
1544	6384.99
1545.06	6380.98
1546.11	6376.08
1547.16	6371.84
1548.21	6368.85
1549.27	6371.27
1550.32	6378.75
1551.37	6385.51
1552.42	6392
1553.47	6396.83
1554.52	6392.18
1555.57	6384.78
1556.62	6375.38
1557.67	6361.39
1558.72	6352.67
1559.77	6350.89
1560.82	6348.68
1561.87	6348.83
1562.92	6349.89
1563.97	6351.06
1565.02	6352.19
1566.07	6352.64
1567.12	6350.19
1568.17	6342.79
1569.22	6336.54
1570.27	6331.51
1571.32	6327.27
1572.36	6322.66
1573.41	6320
1574.46	6320.42
1575.51	6321.82
1576.56	6323.21
1577.6	6321.22
1578.65	6317.32
1579.7	6312.39
1580.74	6309.38
1581.79	6306.46
1582.84	6302.65
1583.88	6299.88
1584.93	6298.23
1585.98	6297.95
1587.02	6301.51
1588.07	6308.4
1589.11	6306.6
1590.16	6296.96
1591.2	6285.1
1592.25	6277.78
1593.29	6273.17
1594.34	6268.89
1595.38	6269.31
1596.43	6271.77
1597.47	6275.67
1598.52	6279.54
1599.56	6270.64
1600.6	6254.63
1601.65	6238.75
1602.69	6231.83
1603.73	6232.5
1604.78	6230.26
1605.82	6240.52
1606.86	6250.64
1607.91	6249.52
1608.95	6249.68
1609.99	6242.06
1611.03	6232.12
1612.08	6223.43
1613.12	6218.65
1614.16	6216.5
1615.2	6221.97
1616.24	6224.62
1617.28	6221.59
1618.32	6213.86
1619.36	6202.94
1620.41	6186.28
1621.45	6174.66
1622.49	6167.43
1623.53	6166.8
1624.57	6168.94
1625.61	6168.48
1626.65	6167.29
1627.69	6164.8
1628.73	6157.53
1629.76	6142.57
1630.8	6134.09
1631.84	6127.14
1632.88	6124.06
1633.92	6120.76
1634.96	6116.21
1636	6111.25
1637.03	6105.7
1638.07	6099.57
1639.11	6092.9
1640.15	6083.34
1641.19	6072.85
1642.22	6061.73
1643.26	6050.67
1644.3	6038.21
1645.33	6040.83
1646.37	6055.05
1647.41	6063.07
1648.44	6071.88
1649.48	6070.27
1650.52	6054.15
1651.55	6032.3
1652.59	6030.34
1653.62	6066.83
1654.66	6067.63
1655.69	6056.38
1656.73	6024.55
1657.76	6031.16
1658.8	6037.49
1659.83	6044.08
1660.87	6051.25
1661.9	6056
1662.93	6057.3
1663.97	6055.06
1665	6047.82
1666.04	6034.57
1667.07	6017.78
1668.1	5997.15
1669.14	5972.84
1670.17	5947.04
1671.2	5984.36
1672.23	6005.87
1673.27	6028.35
1674.3	5977.45
1675.33	5980.6
1676.36	5978.35
1677.39	5979.86
1678.43	5980.05
1679.46	5980.12
1680.49	5982.21
1681.52	5986.14
1682.55	5990.81
1683.58	5989.13
1684.61	5987.4
1685.64	5984.6
1686.67	5980.65
1687.7	5975.78
1688.73	5970.17
1689.76	5963.97
1690.79	5958.28
1691.82	5953.5
1692.85	5947.97
1693.88	5943.35
1694.91	5940.67
1695.94	5938.77
1696.97	5937.48
1698	5936.77
1699.02	5935.75
1700.05	5933.88
1701.08	5932.19
1702.11	5929.32
1703.14	5926.26
1704.16	5918.94
1705.19	5930.83
1706.22	5959.91
1707.25	5931.66
1708.27	5906.08
1709.3	5885
1710.33	5873.75
1711.35	5859.11
1712.38	5846.16
1713.41	5837.24
1714.43	5828.19
1715.46	5827.25
1716.48	5831.65
1717.51	5841.99
1718.53	5847.72
1719.56	5856.04
1720.58	5856.79
1721.61	5846.5
1722.63	5828.14
1723.66	5810.28
1724.68	5791.62
1725.71	5784.22
1726.73	5787.53
1727.75	5792.77
1728.78	5802.65
1729.8	5815.37
1730.83	5820.64
1731.85	5814.48
1732.87	5803.75
1733.89	5787.81
1734.92	5779.05
1735.94	5775.2
1736.96	5772.2
1737.98	5767.38
1739.01	5763.22
1740.03	5758.71
1741.05	5753.35
1742.07	5747.78
1743.09	5741.42
1744.12	5734.69
1745.14	5727.74
1746.16	5721.27
1747.18	5723.48
1748.2	5718.68
1749.22	5713.6
1750.24	5704.33
1751.26	5696.9
1752.28	5694.93
1753.3	5695.62
1754.32	5696.89
1755.34	5700.98
1756.36	5705.15
1757.38	5709.24
1758.4	5709.73
1759.42	5709.11
1760.44	5706.24
1761.45	5702.12
1762.47	5696.76
1763.49	5690.77
1764.51	5684.96
1765.53	5679.25
1766.55	5673.52
1767.56	5668.67
1768.58	5664.62
1769.6	5660.34
1770.61	5655.84
1771.63	5649.49
1772.65	5642.44
1773.67	5638.16
1774.68	5633.27
1775.7	5629.72
1776.72	5628.36
1777.73	5629.34
1778.75	5630.96
1779.76	5634.83
1780.78	5635.13
1781.79	5628.13
1782.81	5618.78
1783.83	5608.5
1784.84	5598.54
1785.85	5587.24
1786.87	5576.56
1787.88	5572.5
1788.9	5573.59
1789.91	5573.87
1790.93	5572.49
1791.94	5571.11
1792.95	5570.57
1793.97	5570.92
1794.98	5571.77
1796	5572.91
1797.01	5579.59
1798.02	5581.09
1799.03	5581.45
1800.05	5572.84
1801.06	5559.58
1802.07	5541.89
1803.08	5528.45
1804.1	5530.35
1805.11	5544.33
1806.12	5550.42
1807.13	5558.7
1808.14	5522.75
1809.15	5510.21
1810.17	5498.18
1811.18	5489.92
1812.19	5484.21
1813.2	5482.48
1814.21	5480.33
1815.22	5476.61
1816.23	5475.65
1817.24	5474.35
1818.25	5473.42
1819.26	5472.15
1820.27	5470.16
1821.28	5466.77
1822.29	5459.92
1823.3	5452.9
1824.3	5444.82
1825.31	5435.78
1826.32	5427.66
1827.33	5424.84
1828.34	5424.97
1829.35	5422.91
1830.35	5418.88
1831.36	5414.41
1832.37	5409.15
1833.38	5402.77
1834.38	5395.28
1835.39	5386.92
1836.4	5377.8
1837.41	5368.83
1838.41	5362.76
1839.42	5357.81
1840.43	5352.35
1841.43	5347.38
1842.44	5342.35
1843.44	5334.51
1844.45	5325.89
1845.46	5316.72
1846.46	5302.03
1847.47	5309.82
1848.47	5330.44
1849.48	5335.21
1850.48	5333.23
1851.49	5326.68
1852.49	5317.23
1853.49	5308.83
1854.5	5304.24
1855.5	5296.83
1856.51	5291.25
1857.51	5284.49
1858.51	5278.82
1859.52	5266.19
1860.52	5242.1
1861.52	5222.31
1862.53	5242.66
1863.53	5257.48
1864.53	5287.91
1865.54	5277.64
1866.54	5269.2
1867.54	5260.17
1868.54	5253.15
1869.54	5246
1870.55	5239.43
1871.55	5234.03
1872.55	5230.41
1873.55	5227.86
1874.55	5227.35
1875.55	5227.77
1876.55	5224.92
1877.55	5219.71
1878.55	5214.38
1879.55	5207.55
1880.56	5201.12
1881.55	5195.03
1882.56	5190.03
1883.55	5186.07
1884.55	5182.67
1885.55	5179.94
1886.55	5178.14
1887.55	5176.96
1888.55	5176.3
1889.55	5175.85
1890.55	5174.92
1891.55	5173.44
1892.55	5171.39
1893.54	5167.97
1894.54	5163.5
1895.54	5152.66
1896.54	5151.73
1897.54	5154.79
1898.53	5154.19
1899.53	5153.18
1900.53	5151.66
1901.52	5148.4
1902.52	5143.36
1903.52	5138.23
1904.51	5132.59
1905.51	5126.78
1906.51	5120.73
1907.5	5114.67
1908.5	5108.32
1909.49	5101.87
1910.49	5095.58
1911.49	5089.4
1912.48	5084.03
1913.48	5078.51
1914.47	5074.4
1915.46	5070.87
1916.46	5067.23
1917.45	5062.73
1918.45	5056.63
1919.44	5045.95
1920.44	5033.32
1921.43	5027.32
1922.43	5023.31
1923.42	5017.77
1924.41	5016.7
1925.41	5014.96
1926.4	5010.35
1927.39	5001.17
1928.38	4990.19
1929.38	4982.81
1930.37	4977.67
1931.36	4975.66
1932.35	4977.74
1933.35	4981.56
1934.34	4989.51
1935.33	4997.42
1936.32	5001.51
1937.31	4988.64
1938.3	4977.33
1939.29	4967.21
1940.29	4956.1
1941.28	4946.34
1942.27	4939.8
1943.26	4933.98
1944.25	4926.44
1945.24	4916.53
1946.23	4905.77
1947.22	4893.62
1948.21	4884.64
1949.2	4877.63
1950.19	4872.78
1951.18	4868.8
1952.17	4866.71
1953.16	4865.47
1954.14	4866.5
1955.13	4867.52
1956.12	4869.11
1957.11	4870.21
1958.1	4869.33
1959.09	4866.58
1960.07	4860.75
1961.06	4855.27
1962.05	4847.35
1963.04	4841.84
1964.02	4842.31
1965.01	4843.65
1966	4847.99
1966.99	4847.74
1967.97	4849.31
1968.96	4851.41
1969.95	4851.77
1970.93	4846.47
1971.92	4839.18
1972.9	4827.02
1973.89	4818.55
1974.88	4813.16
1975.86	4809.64
1976.85	4807.5
1977.83	4802.39
1978.82	4781.77
1979.8	4759.74
1980.79	4736.58
1981.77	4734.01
1982.76	4737.2
1983.74	4760.16
1984.72	4769.67
1985.71	4776.39
1986.69	4778.36
1987.67	4778.96
1988.66	4768.59
1989.64	4756.68
1990.62	4743.28
1991.61	4729.62
1992.59	4720.43
1993.57	4712.35
1994.56	4707.67
1995.54	4708.96
1996.52	4716.88
1997.5	4707.6
1998.49	4683.97
1999.47	4697.18
2000.45	4710.15
2001.43	4719.54
2002.41	4724.23
2003.39	4723.61
2004.38	4715.59
2005.36	4707.42
2006.34	4698.39
2007.32	4689.79
2008.3	4681.56
2009.28	4673.79
2010.26	4666.61
2011.24	4659.73
2012.22	4654.02
2013.2	4648.22
2014.18	4643.58
2015.16	4640.3
2016.14	4638.34
2017.12	4640.2
2018.1	4644.7
2019.07	4651.59
2020.05	4658.73
2021.03	4665.85
2022.01	4658.92
2022.99	4647.56
2023.97	4635.14
2024.95	4621.36
2025.92	4610.71
2026.9	4606.75
2027.88	4603.67
2028.86	4602.99
2029.83	4602.64
2030.81	4606.48
2031.79	4598.63
2032.76	4585.71
2033.74	4572.39
2034.72	4558.98
2035.69	4548.48
2036.67	4539.91
2037.65	4532.85
2038.62	4528.04
2039.6	4526.68
2040.57	4526.17
2041.55	4525.76
2042.52	4524.96
2043.5	4522.08
2044.47	4517.02
2045.45	4507.44
2046.42	4498.96
2047.4	4489.01
2048.37	4481.4
2049.35	4484.73
2050.32	4486.16
2051.29	4485.68
2052.27	4483.15
2053.24	4478.58
2054.21	4470.46
2055.19	4467.5
2056.16	4462.43
2057.13	4457.35
2058.11	4460.38
2059.08	4462.61
2060.05	4454.69
2061.02	4444.63
2062	4432.25
2062.97	4418.06
2063.94	4404.28
2064.91	4412.99
2065.89	4409.88
2066.86	4405.29
2067.83	4399.66
2068.8	4390.06
2069.77	4379.47
2070.74	4369.82
2071.71	4362.71
2072.68	4360.56
2073.65	4359.12
2074.62	4365.09
2075.59	4370.94
2076.56	4372.72
2077.53	4371.76
2078.5	4367.84
2079.47	4362.3
2080.44	4355.07
2081.41	4347.49
2082.38	4339.46
2083.35	4334.35
2084.32	4330.13
2085.29	4326.44
2086.26	4323.51
2087.23	4321.12
2088.19	4319.47
2089.16	4318.25
2090.13	4312.63
2091.1	4305.59
2092.07	4298.12
2093.03	4290.71
2094	4283.01
2094.97	4275.83
2095.94	4270.33
2096.9	4268.24
2097.87	4264.16
2098.84	4259.65
2099.8	4254.22
2100.77	4247.72
2101.74	4240.01
2102.7	4236.11
2103.67	4232.61
2104.63	4230.83
2105.6	4233.47
2106.56	4233.04
2107.53	4229.69
2108.49	4226.37
2109.46	4222.97
2110.42	4219.6
2111.39	4216.21
2112.35	4212.99
2113.32	4210.77
2114.28	4208.68
2115.25	4206.76
2116.21	4204.84
2117.17	4202.85
2118.14	4200.76
2119.1	4198.35
2120.07	4195.48
2121.03	4192.11
2121.99	4187.49
2122.96	4182.11
2123.92	4176.44
2124.88	4171.41
2125.84	4167.95
2126.81	4165.4
2127.77	4163.29
2128.73	4162.03
2129.69	4161.56
2130.65	4161.97
2131.62	4163.39
2132.58	4165.65
2133.54	4161.84
2134.5	4129.61
2135.46	4108.02
2136.42	4099.56
2137.38	4093.13
2138.34	4087.97
2139.3	4084.93
2140.26	4084.53
2141.22	4085.2
2142.18	4080.75
2143.14	4073.96
2144.1	4065
2145.06	4051.37
2146.02	4044.65
2146.98	4049.16
2147.94	4052.14
2148.9	4056.79
2149.86	4061.62
2150.82	4061.46
2151.78	4054.92
2152.74	4049.39
2153.69	4044.57
2154.65	4039.87
2155.61	4040.98
2156.57	4037.19
2157.53	4031.68
2158.48	4025.14
2159.44	4017.78
2160.4	4010.05
2161.36	3999.26
2162.31	3991.43
2163.27	3984.32
2164.23	3979.5
2165.18	3981.41
2166.14	3971.07
2167.1	3962.21
2168.05	3949.35
2169.01	3948.92
2169.96	3960.22
2170.92	3981.15
2171.88	3965.58
2172.83	3949.27
2173.79	3942.99
2174.74	3938.62
2175.7	3930.49
2176.65	3919.79
2177.6	3906.83
2178.56	3893.98
2179.51	3883.24
2180.47	3872.61
2181.42	3863.47
2182.38	3857.13
2183.33	3851.45
2184.28	3846.79
2185.24	3843.1
2186.19	3840.05
2187.14	3837.49
2188.1	3836.27
2189.05	3837.95
2190	3840.18
2190.96	3842.63
2191.91	3842.97
2192.86	3841.39
2193.81	3838.72
2194.76	3835.3
2195.72	3831.26
2196.67	3826.14
2197.62	3820.64
2198.57	3815.92
2199.52	3811.13
2200.47	3806.3
2201.43	3801.26
2202.38	3795.45
2203.33	3789.28
2204.28	3779.19
2205.23	3769.3
2206.18	3757.97
2207.13	3750.76
2208.08	3748.73
2209.03	3749.33
2209.98	3747.41
2210.93	3744.42
2211.88	3741.22
2212.83	3737.73
2213.78	3734.06
2214.73	3730.71
2215.67	3726.72
2216.62	3731.41
2217.57	3742.11
2218.52	3751.03
2219.47	3743.33
2220.42	3723.32
2221.37	3702.81
2222.31	3705.02
2223.26	3717.53
2224.21	3719.86
2225.16	3727.13
2226.1	3716.18
2227.05	3704.95
2228	3687.69
2228.94	3683.04
2229.89	3681.15
2230.84	3689.81
2231.78	3683.59
2232.73	3678.73
2233.68	3675.66
2234.62	3673.73
2235.57	3672.77
2236.51	3671.3
2237.46	3670.89
2238.41	3671.3
2239.35	3672.22
2240.3	3673.23
2241.24	3674.29
2242.19	3674.57
2243.13	3675.32
2244.07	3670.98
2245.02	3663.08
2245.96	3648.89
2246.91	3643.24
2247.85	3636.62
2248.8	3636.87
2249.74	3638.25
2250.68	3639.56
2251.63	3640.47
2252.57	3643.44
2253.51	3643.79
2254.46	3640.21
2255.4	3627
2256.34	3613.86
2257.28	3611.53
2258.23	3627.18
2259.17	3629.81
2260.11	3636.09
2261.05	3638.86
2262	3637.32
2262.94	3632.94
2263.88	3626.22
2264.82	3619.53
2265.76	3612.44
2266.7	3605.86
2267.64	3606.55
2268.58	3608.38
2269.53	3608.8
2270.47	3605.69
2271.41	3602.39
2272.35	3602.01
2273.29	3601.25
2274.23	3599.55
2275.17	3598.1
2276.11	3594.99
2277.05	3594.04
2277.99	3592.75
2278.93	3591.64
2279.86	3589.33
2280.8	3592.28
2281.74	3596.23
2282.68	3598.08
2283.62	3599.2
2284.56	3597.66
2285.5	3593.62
2286.44	3588.22
2287.37	3580.37
2288.31	3570.58
2289.25	3562.12
2290.19	3557.89
2291.12	3555.2
2292.06	3553.48
2293	3553.65
2293.94	3555.51
2294.87	3557.97
2295.81	3560.8
2296.75	3560.94
2297.68	3559.28
2298.62	3556.52
2299.55	3552.69
2300.49	3548.34
2301.43	3543.99
2302.36	3540.32
2303.3	3537.55
2304.23	3535.57
2305.17	3533.8
2306.1	3530.68
2307.04	3526.89
2307.98	3523.54
2308.91	3520.14
2309.84	3516.43
2310.78	3512.37
2311.71	3507.67
2312.65	3502.49
2313.58	3497.36
2314.52	3493.23
2315.45	3491
2316.38	3489.77
2317.32	3489.59
2317.72	3489.6
2318.66	3489.72
2319.6	3490.84
2320.54	3491.24
2321.48	3490.38
2322.41	3487.53
2323.35	3482.56
2324.29	3475.68
2325.23	3466.32
2326.16	3454.98
2327.1	3441.06
2328.04	3425.64
2328.97	3444.8
2329.91	3441.25
2330.85	3439.2
2331.78	3437.7
2332.72	3436.49
2333.66	3434.48
2334.59	3431.7
2335.53	3423.35
2336.46	3416.91
2337.4	3412.03
2338.33	3408.31
2339.27	3406.03
2340.2	3404.79
2341.14	3404.59
2342.07	3405.27
2343.01	3406.22
2343.94	3406.7
2344.88	3396.69
2345.81	3389.05
2346.75	3383.78
2347.68	3381.32
2348.61	3385.25
2349.55	3389.75
2350.48	3394.77
2351.41	3399.71
2352.35	3405.93
2353.28	3402.18
2354.21	3389.67
2355.15	3379.56
2356.08	3371.45
2357.01	3365.37
2357.94	3360.98
2358.88	3358.46
2359.81	3357.49
2360.74	3357.84
2361.67	3358.91
2362.6	3359.9
2363.54	3360.81
2364.47	3360.79
2365.4	3359.36
2366.33	3356.57
2367.26	3351.76
2368.19	3345.34
2369.12	3337.98
2370.05	3329.37
2370.98	3325.16
2371.91	3324.44
2372.84	3328.48
2373.77	3330.79
2374.7	3338.44
2375.63	3336.74
2376.56	3327.49
2377.49	3316.39
2378.42	3304.98
2379.35	3298.53
2380.28	3293.79
2381.21	3290.31
2382.14	3289.02
2383.07	3288.56
2384	3292.09
2384.92	3296.74
2385.85	3301.92
2386.78	3305.49
2387.71	3307.4
2388.64	3308.73
2389.56	3308.41
2390.49	3306.09
2391.42	3301.98
2392.35	3293.06
2393.27	3280.86
2394.2	3271.16
2395.13	3262.05
2396.05	3256.49
2396.98	3250.93
2397.91	3249.26
2398.83	3251.69
2399.76	3257.96
2400.69	3253.01
2401.61	3242.7
2402.54	3233.88
2403.46	3241.03
2404.39	3246.89
2405.31	3251.51
2406.24	3254.99
2407.17	3258.32
2408.09	3259.17
2409.01	3254.11
2409.94	3248.17
2410.86	3242.69
2411.79	3237.93
2412.71	3233.56
2413.64	3229.94
2414.56	3226.04
2415.49	3222.91
2416.41	3220.35
2417.33	3219.43
2418.26	3221.58
2419.18	3222.03
2420.1	3223.3
2421.03	3222.77
2421.95	3218.34
2422.87	3209.23
2423.79	3198.36
2424.72	3192.45
2425.64	3188.37
2426.56	3187.19
2427.48	3184.17
2428.41	3181.48
2429.33	3177.9
2430.25	3173.54
2431.17	3169.25
2432.09	3165.41
2433.01	3163.91
2433.93	3166.47
2434.86	3168.66
2435.78	3168.73
2436.7	3165.64
2437.62	3162.2
2438.54	3154.59
2439.46	3144.8
2440.38	3134.66
2441.3	3124.78
2442.22	3118.43
2443.14	3113.39
2444.06	3108.92
2444.98	3101.21
2445.9	3093
2446.82	3088.85
2447.73	3085.94
2448.65	3084.31
2449.57	3087.89
2450.49	3091.02
2451.41	3093.14
2452.33	3094.46
2453.25	3094.94
2454.17	3094
2455.08	3092.15
2456	3089.26
2456.92	3085.23
2457.84	3080.18
2458.75	3074.69
2459.67	3069.59
2460.59	3064.35
2461.51	3059.5
2462.42	3054
2463.34	3047.82
2464.26	3041.96
2465.17	3036.65
2466.09	3033.87
2467	3032.5
2467.92	3034.29
2468.84	3036.22
2469.75	3039.59
2470.67	3041.88
2471.58	3043.81
2472.5	3044.54
2473.42	3041.61
2474.33	3035.15
2475.25	3027.74
2476.16	3021.94
2477.08	3015.45
2477.99	3009.05
2478.9	3009.91
2479.82	3006.58
2480.73	3010.42
2481.65	3019.76
2482.56	3015.85
2483.47	3002.85
2484.39	2986.32
2485.3	2974.2
2486.22	2962.27
2487.13	2971.82
2488.04	2988.35
2488.96	2985.88
2489.87	2983.55
2490.78	2981.39
2491.69	2978.07
2492.61	2973.14
2493.52	2968.47
2494.43	2965.97
2495.34	2964.63
2496.25	2964.15
2497.17	2964.63
2498.08	2966.05
2498.99	2968.48
2499.9	2971.67
2500.81	2973.15
2501.72	2973.31
2502.63	2971.86
2503.55	2969.08
2504.46	2965.93
2505.37	2962.69
2506.28	2959.69
2507.19	2957.51
2508.1	2955.74
2509.01	2954.19
2509.92	2953.44
2510.83	2952.98
2511.74	2952.76
2512.65	2951.92
2513.56	2951.13
2514.47	2949.49
2515.37	2947.01
2516.28	2943.24
2517.19	2934.98
2518.1	2922.04
2519.01	2910.99
2519.92	2908.66
2520.83	2911.16
2521.73	2910.41
2522.64	2910.62
2523.55	2910.26
2524.46	2909.08
2525.37	2907.21
2526.27	2904.35
2527.18	2900.69
2528.09	2895.96
2529	2890.05
2529.9	2896.96
2530.81	2895.81
2531.72	2894.97
2532.62	2894.3
2533.53	2893.71
2534.44	2893.06
2535.34	2892.24
2536.25	2891.34
2537.15	2890.33
2538.06	2889.01
2538.96	2886.05
2539.87	2876.86
2540.78	2865.22
2541.68	2849.77
2542.59	2840.51
2543.49	2836.84
2544.4	2839.72
2545.3	2850.13
2546.21	2867.05
2547.11	2874.51
2548.01	2874.96
2548.92	2868.42
2549.82	2852.02
2550.73	2842.46
2551.63	2832.63
2552.53	2825.98
2553.44	2822.54
2554.34	2822.07
2555.24	2823.96
2556.15	2828.36
2557.05	2828.24
2557.95	2826.39
2558.86	2823.91
2559.76	2820.74
2560.66	2816.86
2561.56	2812.14
2562.46	2810.8
2563.37	2800.74
2564.27	2789.74
2565.17	2774.39
2566.07	2764.09
2566.97	2757.41
2567.88	2755.62
2568.78	2763.32
2569.68	2774.51
2570.58	2790.72
2571.48	2794.29
2572.38	2785.63
2573.28	2772.15
2574.18	2759.44
2575.08	2746.58
2575.98	2733.61
2576.88	2720.49
2577.78	2718.61
2578.68	2725.28
2579.58	2727.79
2580.48	2732.2
2581.38	2738.1
2582.28	2742.77
2583.18	2742.23
2584.08	2739.91
2584.98	2735.66
2585.88	2729.51
2586.77	2722.79
2587.67	2713.26
2588.57	2706.49
2589.47	2703.24
2590.37	2695.13
2591.27	2698.36
2592.16	2703.38
2593.06	2710.57
2593.96	2715.21
2594.86	2716.89
2595.75	2715.75
2596.65	2711.96
2597.55	2705.09
2598.45	2693.92
2599.34	2680.65
2600.24	2666.95
2601.13	2659.41
2602.03	2656.15
2602.93	2658.06
2603.82	2661.47
2604.72	2667.14
2605.62	2674.82
2606.51	2681.15
2607.41	2682.24
2608.3	2674.73
2609.2	2664.41
2610.09	2650.41
2610.99	2633.86
2611.88	2625.55
2612.78	2623.53
2613.67	2626.18
2614.57	2630.8
2615.46	2635.65
2616.36	2641.3
2617.25	2642.54
2618.14	2639.94
2619.04	2635.27
2619.93	2631.38
2620.83	2627.71
2621.72	2624.23
2622.61	2621.36
2623.5	2618.6
2624.4	2616.2
2625.29	2614
2626.18	2612.05
2627.08	2610.6
2627.97	2609.54
2628.86	2609.27
2629.75	2609.38
2630.65	2608.06
2631.54	2605.05
2632.43	2594.83
2633.32	2586.44
2634.21	2579.82
2635.11	2574.74
2636	2571.16
2636.89	2568.88
2637.78	2569.77
2638.67	2566.96
2639.56	2562.34
2640.45	2556.38
2641.34	2548.3
2642.23	2539.28
2643.12	2532.66
2644.01	2527.61
2644.9	2523.55
2645.79	2521.26
2646.68	2520.27
2647.57	2520.85
2648.46	2522.74
2649.35	2527.02
2650.24	2528.07
2651.13	2523.41
2652.02	2518.75
2652.91	2514.29
2653.8	2510.73
2654.69	2507.03
2655.58	2500.13
2656.46	2492.96
2657.35	2484.57
2658.24	2477.65
2659.13	2476.8
2660.02	2475.63
2660.9	2479.43
2661.79	2484.52
2662.68	2490.63
2663.57	2497.05
2664.45	2495.64
2665.34	2493.45
2666.23	2489.97
2667.11	2485.34
2668	2478.81
2668.89	2471.88
2669.77	2471.62
2670.66	2469.19
2671.55	2468.03
2672.43	2455.54
2673.32	2445.49
2674.21	2439.29
2675.09	2443.35
2675.98	2451.9
2676.86	2444.27
2677.75	2437.51
2678.63	2432.46
2679.52	2429.37
2680.4	2428.25
2681.29	2423.71
2682.17	2419.31
2683.06	2415.34
2683.94	2410.79
2684.82	2406.72
2685.71	2405.69
2686.59	2405.86
2687.48	2407.24
2688.36	2409.4
2689.24	2412.77
2690.13	2416.03
2691.01	2417.43
2691.89	2415.32
2692.78	2402.4
2693.66	2392.54
2694.54	2386.67
2695.43	2384.58
2696.31	2385.54
2697.19	2383.09
2698.07	2376.37
2698.96	2372.41
2699.84	2371.9
2700.72	2374.36
2701.6	2378.91
2702.48	2380.02
2703.36	2378.7
2704.25	2375.24
2705.13	2370.26
2706.01	2363.78
2706.89	2356.6
2707.77	2349.02
2708.65	2341.39
2709.53	2334.03
2710.41	2327.28
2711.29	2321.59
2712.17	2317.64
2713.05	2315.66
2713.93	2315.95
2714.81	2318.52
2715.69	2324.9
2716.57	2327.29
2717.45	2323.96
2718.33	2317.76
2719.21	2313.44
2720.09	2311.4
2720.97	2307.99
2721.85	2306.31
2722.73	2303.63
2723.61	2302.3
2724.48	2302.93
2725.36	2311.26
2726.24	2319.42
2727.12	2323.39
2728	2325.1
2728.88	2324.91
2729.75	2322.64
2730.63	2318.26
2731.51	2311.99
2732.39	2303.45
2733.26	2295.17
2734.14	2290.84
2735.02	2287.83
2735.89	2286.4
2736.77	2287.45
2737.65	2289.09
2738.52	2290.18
2739.4	2289.04
2740.28	2286.8
2741.15	2283.21
2742.03	2277.68
2742.9	2270.76
2743.78	2266.65
2744.65	2262.15
2745.53	2260.74
2746.41	2260.63
2747.28	2261.57
2748.16	2263.44
2749.03	2265.7
2749.91	2268.13
2750.78	2261.19
2751.66	2253.63
2752.53	2250.79
2753.4	2249.26
2754.28	2248.77
2755.15	2247.21
2756.02	2244.97
2756.9	2241.74
2757.77	2238.37
2758.65	2233.58
2759.52	2228.67
2760.39	2223.84
2761.27	2220.11
2762.14	2218.3
2763.01	2216.72
2763.88	2215.42
2764.76	2214.39
2765.63	2213.19
2766.5	2212.28
2767.37	2211.22
2768.25	2209.94
2769.12	2208.39
2769.99	2206.44
2770.86	2203.91
2771.73	2200.34
2772.61	2195.74
2773.48	2190.93
2774.35	2186.58
2775.22	2184.11
2776.09	2182.34
2776.96	2181.25
2777.83	2180.86
2778.7	2181.09
2779.57	2181.57
2780.44	2182.83
2781.31	2184.39
2782.18	2185.45
2783.05	2184.07
2783.92	2181
2784.79	2175.57
2785.66	2169.94
2786.53	2166.57
2787.4	2164.64
2788.27	2164.26
2789.14	2166.64
2790.01	2164.4
2790.88	2157.89
2791.75	2147.47
2792.62	2141.87
2793.48	2137.96
2794.35	2140.72
2795.22	2147.38
2796.09	2150.6
2796.96	2151.75
2797.82	2153.75
2798.69	2147.61
2799.56	2137.31
2800.43	2131.41
2801.29	2126.66
2802.16	2122.31
2803.03	2125.08
2803.9	2127.29
2804.76	2129.26
2805.63	2129.2
2806.5	2128.42
2807.36	2126.48
2808.23	2123.31
2809.09	2119.22
2809.96	2114.04
2810.83	2107.98
2811.69	2101.31
2812.56	2094.82
2813.42	2091.51
2814.29	2088.55
2815.15	2086.78
2816.02	2085.84
2816.88	2085.43
2817.75	2085.55
2818.61	2085.77
2819.48	2085.72
2820.34	2085.98
2821.21	2086.48
2822.07	2087.28
2822.94	2088.18
2823.8	2088.73
2824.66	2086.56
2825.53	2083.72
2826.39	2080.13
2827.26	2075.4
2828.12	2069.81
2828.98	2063.4
2829.85	2056.62
2830.71	2051.17
2831.57	2046.78
2832.43	2050.33
2833.3	2055.89
2834.16	2061.16
2835.02	2064.07
2835.88	2064.91
2836.75	2063.18
2837.61	2060.61
2838.47	2056
2839.33	2050.76
2840.19	2042.85
2841.06	2035.15
2841.92	2028.89
2842.78	2024.74
2843.64	2025.38
2844.5	2026.19
2845.36	2030.28
2846.22	2032.33
2847.08	2032.54
2847.94	2028.78
2848.81	2025.59
2849.67	2023.06
2850.53	2020.52
2851.39	2018.4
2852.25	2016.76
2853.11	2015.32
2853.97	2014.14
2854.82	2013.16
2855.68	2012.37
2856.54	2011.42
2857.4	2010.36
2858.26	2008.86
2859.12	2005.74
2859.98	2001.45
2860.84	1997.87
2861.7	1996.31
2862.56	1995.79
2863.41	1995.59
2864.27	1996.24
2865.13	1995.41
2865.99	1994.11
2866.85	1992.68
2867.7	1989.35
2868.56	1986.34
2869.42	1984.47
2870.28	1983.55
2871.13	1983.65
2871.99	1982.68
2872.85	1980.46
2873.7	1976.9
2874.56	1973.17
2875.42	1968.63
2876.27	1962.93
2877.13	1960.06
2877.99	1964
2878.84	1965.99
2879.7	1967.01
2880.56	1968.44
2881.41	1970.27
2882.27	1972.21
2883.12	1973.99
2883.98	1973.26
2884.83	1969.34
2885.69	1961.92
2886.54	1954.07
2887.4	1947.27
2888.25	1939.17
2889.11	1932.65
2889.96	1933.7
2890.82	1933.38
2891.67	1929.53
2892.52	1921.51
2893.38	1906.9
2894.23	1902.98
2895.09	1905.15
2895.94	1913.53
2896.79	1920.41
2897.65	1926.43
2898.5	1929.69
2899.35	1927.54
2900.21	1922.91
2901.06	1908.73
2901.91	1904.03
2902.76	1903.79
2903.62	1909.08
2904.47	1909.47
2905.32	1910.8
2906.17	1906.92
2907.03	1900.13
2907.88	1891.1
2908.73	1883.36
2909.58	1875.9
2910.43	1871.81
2911.28	1872.1
2912.14	1873.87
2912.99	1883.7
2913.84	1896.57
2914.69	1904.04
2915.54	1903.87
2916.39	1872.66
2917.24	1853.36
2918.09	1873.39
2918.94	1865.41
2919.79	1859.26
2920.64	1851.5
2921.49	1847.18
2922.34	1846.04
2923.19	1847.56
2924.04	1849.91
2924.89	1852.21
2925.74	1853.93
2926.59	1855.13
2927.44	1855.64
2928.29	1855.81
2929.14	1855.6
2929.98	1854.93
2930.83	1853.64
2931.68	1851.68
2932.53	1846.25
2933.38	1840.41
2934.23	1833.77
2935.07	1826.33
2935.92	1818.43
2936.77	1810.93
2937.62	1809.81
2938.47	1806.97
2939.31	1809.72
2940.16	1815.92
2941.01	1823.36
2941.85	1827.6
2942.7	1829.37
2943.55	1828.49
2944.39	1825.89
2945.24	1822.16
2946.09	1817.07
2946.93	1810.39
2947.78	1802.43
2948.63	1793.23
2949.47	1783.72
2950.32	1779.04
2951.16	1780.64
2952.01	1783.49
2952.85	1788.41
2953.7	1794.77
2954.55	1797.26
2955.39	1793.5
2956.24	1787.39
2957.08	1781.18
2957.92	1775.63
2958.77	1778.25
2959.61	1775.71
2960.46	1773.03
2961.3	1768.64
2962.15	1765.43
2962.99	1760.75
2963.83	1755.2
2964.68	1750.34
2965.52	1746.97
2966.37	1748.12
2967.21	1751.98
2968.05	1755.61
2968.9	1756.45
2969.74	1754.95
2970.58	1752.02
2971.42	1748.39
2972.27	1744.87
2973.11	1742.06
2973.95	1739.85
2974.79	1738.05
2975.64	1736.42
2976.48	1735.39
2977.32	1734.83
2978.16	1735.95
2979	1741.3
2979.85	1742.17
2980.69	1739.44
2981.53	1732.76
2982.37	1728.28
2983.21	1726.88
2984.05	1724.63
2984.89	1723.2
2985.73	1721.98
2986.57	1720.77
2987.41	1719.31
2988.25	1717.43
2989.1	1715.49
2989.94	1714.09
2990.77	1713.55
2991.62	1714.29
2992.45	1714.31
2993.29	1714.56
2994.13	1714.03
2994.97	1711.86
2995.81	1709.49
2996.65	1708.1
2997.49	1707.59
2998.33	1708.56
2999.17	1716.42
