200.833	13479.3
202.102	13578.2
203.371	13547.2
204.639	13554.9
205.907	13570.5
207.175	13585.7
208.442	13601.3
209.71	13615.3
210.977	13619.3
212.244	13627.2
213.511	13623.6
214.777	13622.8
216.042	13627.1
217.309	13637.4
218.575	13653.3
219.84	13675.1
221.106	13703.2
222.371	13738
223.635	13782.6
224.9	13820.2
226.165	13837.3
227.429	13860.3
228.694	13877.1
229.956	13898
231.22	13928.4
232.484	13954
233.747	13990.7
235.011	14041.4
236.272	14063.2
237.535	14077
238.798	14086
240.06	14096
241.321	14123
242.583	14160.7
243.845	14190.6
245.105	14213.1
246.367	14228.3
247.628	14237.1
248.888	14238.5
250.149	14236
251.409	14227.2
252.67	14217.2
253.928	14223.7
255.189	14222.9
256.447	14219.7
257.707	14226.6
258.966	14236.6
260.224	14278.5
261.483	14318.2
262.742	14312.2
263.999	14319.5
265.257	14343.4
266.514	14369.3
267.772	14420.8
269.028	14453.5
270.286	14480.8
271.543	14501.9
272.799	14520.2
274.056	14525.6
275.311	14520.8
276.568	14525.7
277.823	14514.9
279.079	14530.2
280.333	14558.6
281.589	14593
282.843	14629.7
284.099	14654.8
285.352	14675.1
286.607	14689.6
287.86	14698.2
289.114	14710.4
290.368	14722.4
291.621	14732.6
292.875	14740.6
294.127	14746.3
295.38	14750.1
296.632	14751.9
297.884	14755.5
299.137	14765.9
300.388	14790.6
301.641	14818.1
302.891	14842.9
304.142	14857.3
305.394	14867.2
306.644	14874.6
307.894	14878.5
309.146	14881.2
310.395	14882.6
311.645	14884.5
312.895	14887.9
314.144	14892.1
315.393	14896.9
316.642	14902.6
317.892	14909.4
319.14	14918.1
320.388	14930.4
321.637	14945.1
322.885	14964.4
324.132	15005.3
325.38	15044.9
326.628	15066.9
327.875	15082.3
329.122	15091
330.368	15091.7
331.614	15097.6
332.862	15109.8
334.108	15120.8
335.353	15131.7
336.599	15144.4
337.844	15157.6
339.089	15172.8
340.335	15185.9
341.58	15193.6
342.824	15190.3
344.068	15182.8
345.312	15187
346.556	15197.6
347.8	15212.1
349.043	15229.8
350.286	15250.5
351.53	15272.9
352.774	15293.3
354.016	15306.7
355.259	15302.5
356.501	15297.1
357.743	15286.3
358.985	15276.6
360.227	15265.3
361.468	15266.8
362.709	15274.2
363.95	15289.3
365.191	15304
366.432	15320.9
367.672	15332.5
368.912	15348.7
370.152	15363.4
371.392	15377.7
372.632	15390.6
373.871	15393.2
375.11	15389.6
376.348	15385.2
377.587	15380.9
378.825	15380.2
380.064	15388.9
381.302	15409.2
382.54	15446.8
383.778	15480.1
385.016	15534.6
386.253	15543.1
387.489	15440.6
388.726	15469.2
389.963	15485.7
391.199	15512.5
392.436	15538.6
393.672	15545.6
394.907	15534.5
396.142	15504.4
397.378	15512.4
398.614	15504.6
399.849	15546
401.082	15575.3
402.317	15576
403.552	15578.3
404.786	15579.9
406.019	15582.8
407.253	15608.2
408.487	15634.8
409.721	15656.8
410.953	15651.5
412.186	15647.5
413.419	15644.8
414.651	15643.6
415.883	15644.5
417.116	15650
418.347	15670.2
419.579	15696.5
420.811	15711.6
422.041	15716.5
423.272	15710
424.504	15693.5
425.733	15694.3
426.964	15696.1
428.194	15704
429.424	15713.5
430.654	15739.7
431.883	15769.7
433.113	15780.4
434.341	15763.8
435.571	15730.7
436.799	15749.3
438.028	15788.5
439.257	15819.2
440.484	15841.4
441.713	15855.4
442.94	15865.8
444.168	15836
445.394	15830.9
446.622	15827.3
447.848	15833.6
449.076	15841.8
450.301	15854.8
451.528	15866.4
452.754	15876.2
453.979	15885
455.205	15892.5
456.43	15898.3
457.656	15901.6
458.88	15898.5
460.106	15895.3
461.33	15893.9
462.554	15893.3
463.779	15894.3
465.002	15895.8
466.225	15902.4
467.45	15909.9
468.672	15917
469.895	15922.5
471.119	15925.6
472.341	15926.8
473.563	15924.9
474.786	15921.4
476.008	15915.5
477.229	15907.7
478.452	15897.4
479.673	15885.5
480.894	15871.7
482.115	15857.8
483.337	15850
484.557	15855.3
485.777	15858.9
486.997	15865.2
488.218	15873.8
489.438	15884.6
490.657	15893.1
491.876	15900.6
493.096	15902.4
494.315	15898.2
495.533	15897.5
496.752	15897.1
497.97	15898.5
499.188	15900.6
500.407	15905.5
501.625	15909.9
502.842	15913.9
504.059	15918.1
505.276	15921.2
506.493	15925
507.71	15928.9
508.926	15933.3
510.142	15938.4
511.358	15943.7
512.575	15949.2
513.791	15954.2
515.006	15956
516.222	15956.3
517.437	15958.3
518.651	15966.1
519.866	15975.7
521.081	15989.3
522.295	16005.5
523.509	16023.4
524.723	16040.3
525.937	16061
527.15	16082.6
528.363	16105.9
529.576	16126.9
530.789	16067.5
532.002	15989.4
533.215	16018.5
534.426	16035.1
535.638	16064.3
536.85	16077.2
538.061	16084
539.273	16087.8
540.484	16089.3
541.695	16089.3
542.906	16089.2
544.117	16090.1
545.327	16098.5
546.537	16107.4
547.747	16118.2
548.957	16129.3
550.167	16140.2
551.377	16136
552.585	16131.5
553.794	16125.7
555.003	16115.4
556.212	16118.7
557.421	16129.1
558.628	16142.1
559.836	16148
561.044	16140.9
562.252	16112.6
563.458	16086.6
564.666	16069.4
565.873	16053.1
567.08	16047.9
568.286	16053.2
569.493	16063.4
570.699	16076.5
571.904	16090.5
573.111	16104.8
574.317	16114.4
575.521	16124.8
576.727	16135.8
577.932	16145.1
579.136	16152.1
580.341	16156.6
581.544	16156.7
582.749	16156.2
583.954	16155.2
585.156	16153.7
586.361	16152.4
587.563	16151.5
588.767	16150.7
589.97	16149.6
591.172	16148.6
592.375	16148
593.577	16149.2
594.78	16156.1
595.981	16163.8
597.183	16169.3
598.384	16170.5
599.586	16162.5
600.786	16153.4
601.988	16146
603.188	16144.3
604.389	16147
605.589	16153.6
606.79	16162.8
607.989	16174
609.188	16185.1
610.389	16191.3
611.587	16197.5
612.787	16173.8
613.986	16134.1
615.184	16107.7
616.383	16087.4
617.581	16065.6
618.78	16044.8
619.977	16026.1
621.174	16010.1
622.373	15998.1
623.57	15990.5
624.766	15991.3
625.964	15999
627.16	16012.5
628.356	16030.7
629.554	16047.8
630.749	16045.1
631.945	16040
633.14	16009
634.337	15987.6
635.532	15969.5
636.726	15946
637.921	15927.3
639.117	15913.5
640.311	15905.3
641.505	15902.2
642.699	15906
643.892	15926.2
645.087	15944.9
646.28	15966.9
647.473	15986.4
648.666	15981.2
649.859	15983.4
651.051	15979.1
652.245	15961.5
653.437	15953.2
654.629	15960.1
655.821	15960.5
657.012	15971.1
658.204	15986.8
659.395	15986
660.586	15982.9
661.777	15982
662.967	15980.7
664.158	15980.2
665.349	15983.8
666.539	15987.3
667.729	15990.6
668.919	15993.8
670.109	15995.7
671.298	15993.6
672.487	15991.7
673.676	15990.7
674.865	15990.9
676.053	16002.9
677.242	16028.8
678.43	16046
679.616	16057.7
680.804	16075.6
681.992	16081.6
683.179	16078.1
684.366	16063.9
685.554	16039.9
686.74	16005.4
687.927	15970.4
689.114	15957.4
690.3	15944.7
691.486	15945.2
692.671	15952.7
693.856	15960.8
695.042	15966.9
696.227	15969.6
697.413	15969.2
698.598	15966.1
699.781	15959.9
700.966	15950.9
702.15	15938.3
703.334	15922.2
704.518	15901.7
705.701	15877.2
706.885	15854.7
708.068	15833.1
709.252	15821.2
710.433	15806.7
711.616	15806.6
712.799	15810.8
713.98	15842.2
715.163	15868.3
716.345	15890.8
717.527	15891
718.707	15867.2
719.889	15847.4
721.071	15834
722.25	15827.2
723.432	15829.5
724.611	15833.9
725.792	15841.4
726.972	15845
728.151	15843.9
729.332	15842
730.512	15841.8
731.69	15842.5
732.87	15850.7
734.048	15864.3
735.227	15884.5
736.405	15901.7
737.584	15908.6
738.761	15904.4
739.94	15898.6
741.117	15892.3
742.295	15893.3
743.471	15893.5
744.649	15891.6
745.825	15890.7
747.003	15890.9
748.179	15892.7
749.356	15899.7
750.531	15907.8
751.708	15912.4
752.883	15916.6
754.059	15919.4
755.234	15920.3
756.409	15919.9
757.585	15917.9
758.759	15914.6
759.934	15909.5
761.108	15903
762.282	15894.4
763.456	15884.8
764.63	15874.1
765.803	15863.9
766.977	15849.2
768.15	15834.8
769.323	15821.1
770.496	15808.4
771.668	15810.4
772.841	15816.3
774.014	15813.2
775.185	15806.9
776.357	15780.4
777.528	15742.6
778.701	15715.6
779.872	15696.5
781.042	15678
782.213	15672.8
783.383	15671.8
784.555	15680.4
785.725	15692
786.895	15704.6
788.064	15716.1
789.234	15710.7
790.404	15705.4
791.573	15695.5
792.742	15679.3
793.911	15658.4
795.08	15632.3
796.248	15603.5
797.416	15594.8
798.584	15589.4
799.753	15588.7
800.921	15592.7
802.088	15600.6
803.256	15614.2
804.423	15602.4
805.59	15588
806.756	15543.8
807.923	15518.2
809.089	15550.8
810.256	15584.9
811.422	15605.9
812.587	15589.6
813.753	15582.1
814.918	15576.1
816.084	15575
817.249	15577.5
818.414	15580.6
819.578	15593.7
820.743	15611.5
821.907	15633.3
823.072	15651.1
824.236	15655.6
825.399	15656.3
826.562	15652
827.725	15641.7
828.889	15626.6
830.052	15614
831.215	15604
832.377	15608.1
833.54	15610.8
834.701	15615.6
835.863	15622.4
837.025	15632
838.187	15642.4
839.349	15652.9
840.51	15659.3
841.67	15646.3
842.831	15622.5
843.992	15609.7
845.153	15589.3
846.312	15589.3
847.473	15592.6
848.633	15596.8
849.793	15606.5
850.951	15603.8
852.111	15598.5
853.27	15589.2
854.428	15575.4
855.588	15559.4
856.747	15549.2
857.904	15544.1
859.063	15532.6
860.221	15518.3
861.378	15502
862.536	15483.6
863.694	15464.2
864.85	15443
866.008	15418.9
867.164	15394.2
868.321	15407.8
869.478	15418.9
870.633	15424.7
871.79	15404
872.945	15374.3
874.101	15319
875.256	15324.1
876.412	15307.4
877.566	15292.1
878.722	15279.6
879.876	15269.4
881.031	15262
882.185	15257
883.34	15253.5
884.493	15252.8
885.647	15247.3
886.8	15236.7
887.954	15219.1
889.107	15198
890.261	15174.6
891.413	15155.2
892.565	15141.8
893.718	15137.5
894.87	15139.8
896.023	15147.9
897.174	15160.3
898.326	15179.9
899.478	15194.8
900.629	15203.2
901.779	15206.7
902.931	15205
904.081	15206.5
905.231	15207.8
906.383	15208.1
907.532	15207
908.682	15204.8
909.831	15201.5
910.982	15197
912.131	15191.5
913.28	15184.4
914.429	15177.4
915.578	15191.1
916.727	15211.5
917.875	15221.7
919.023	15235
920.171	15242.6
921.32	15243.3
922.467	15238.6
923.614	15229.2
924.761	15214.9
925.908	15190.5
927.055	15176.3
928.203	15183.9
929.349	15200.2
930.496	15206.3
931.642	15206
932.787	15197.8
933.933	15190.3
935.079	15171.9
936.224	15145.7
937.369	15120.9
938.514	15109.9
939.659	15148.6
940.804	15177.5
941.948	15191.5
943.092	15198.8
944.236	15158.1
945.38	15137.2
946.524	15118.8
947.667	15102.4
948.811	15096.8
949.954	15080.3
951.097	15075.5
952.24	15048.9
953.383	15022.9
954.525	14996.3
955.667	14967.4
956.81	14952.5
957.952	14951.8
959.093	14966.4
960.235	14988.7
961.376	15009.7
962.516	15031.4
963.658	15011
964.798	15004.5
965.939	14992.9
967.08	14973.5
968.22	14951.3
969.359	14929.7
970.499	14909.3
971.639	14891.4
972.779	14874.4
973.918	14874.5
975.056	14882.9
976.195	14889.2
977.334	14902.5
978.473	14912.8
979.61	14915.7
980.749	14916.8
981.887	14917
983.024	14916.2
984.162	14914.8
985.3	14912.4
986.437	14909.3
987.573	14905.6
988.711	14901.5
989.848	14897.1
990.983	14892.7
992.12	14898.3
993.255	14910.8
994.392	14923.4
995.528	14930.2
996.662	14928.6
997.798	14920.5
998.933	14906.2
1000.07	14888.2
1001.2	14882.3
1002.34	14875
1003.47	14876.4
1004.61	14885.8
1005.74	14896.6
1006.87	14906.5
1008.01	14913.2
1009.14	14917
1010.27	14917.8
1011.41	14916.2
1012.54	14911.4
1013.67	14903.3
1014.81	14891.8
1015.94	14875.9
1017.07	14856.4
1018.2	14834.1
1019.33	14825.4
1020.47	14844.7
1021.6	14857.6
1022.73	14866.7
1023.86	14871.3
1024.99	14870.1
1026.12	14844.1
1027.25	14830.2
1028.38	14813.2
1029.51	14801.4
1030.64	14800
1031.77	14793.9
1032.9	14784.8
1034.03	14772.4
1035.16	14756.4
1036.29	14738.1
1037.42	14704.8
1038.55	14666.6
1039.67	14625
1040.8	14596.4
1041.93	14570.9
1043.06	14565.7
1044.19	14562.4
1045.31	14574.3
1046.44	14591.5
1047.57	14604
1048.69	14611
1049.82	14612.1
1050.95	14605.8
1052.08	14593.1
1053.2	14574.9
1054.33	14551.9
1055.45	14523.3
1056.58	14491.5
1057.7	14467.7
1058.83	14459.5
1059.95	14455.4
1061.08	14452.4
1062.2	14448.2
1063.33	14444.3
1064.45	14445.3
1065.58	14446.6
1066.7	14444.5
1067.83	14433.6
1068.95	14414.5
1070.07	14406.2
1071.2	14422.3
1072.32	14434.8
1073.44	14445.8
1074.56	14458
1075.69	14465.7
1076.81	14449.6
1077.93	14426.4
1079.05	14403.6
1080.17	14386.3
1081.3	14374.3
1082.42	14374.2
1083.54	14383.9
1084.66	14402.9
1085.78	14424
1086.9	14443.8
1088.02	14455.4
1089.14	14463.7
1090.26	14468.7
1091.38	14469.6
1092.5	14466.3
1093.62	14459
1094.74	14446.6
1095.86	14432.3
1096.98	14432.9
1098.1	14477.8
1099.22	14486.2
1100.34	14470.5
1101.45	14457.2
1102.57	14442.2
1103.69	14430.1
1104.81	14420.6
1105.93	14419.6
1107.04	14417.6
1108.16	14412.8
1109.28	14405.4
1110.4	14395.3
1111.51	14382
1112.63	14365.8
1113.75	14344.8
1114.86	14322.8
1115.98	14301
1117.09	14281.5
1118.21	14265.6
1119.32	14250.3
1120.44	14236.7
1121.55	14224.6
1122.67	14214.1
1123.78	14205.1
1124.9	14197.6
1126.01	14191.1
1127.13	14185.9
1128.24	14176.9
1129.35	14163.1
1130.47	14143.6
1131.58	14118.2
1132.7	14089.6
1133.81	14063
1134.92	14043
1136.03	14025.9
1137.15	14041.8
1138.26	14069.7
1139.37	14073.8
1140.48	14091.3
1141.59	13981
1142.71	13976.7
1143.82	13971.8
1144.93	13967.7
1146.04	13962.6
1147.15	13955.1
1148.26	13945.3
1149.37	13932.8
1150.48	13918.9
1151.59	13900.9
1152.7	13883.3
1153.81	13887.5
1154.92	13896.4
1156.03	13906.3
1157.14	13915
1158.25	13913.8
1159.36	13909.6
1160.47	13901.8
1161.58	13880.1
1162.68	13850.7
1163.79	13818.3
1164.9	13786.7
1166.01	13761.5
1167.12	13774.6
1168.22	13810.8
1169.33	13836.6
1170.44	13856.6
1171.55	13873.5
1172.65	13882.9
1173.76	13885.3
1174.87	13883.1
1175.97	13875.9
1177.08	13863.8
1178.18	13847.9
1179.29	13860.5
1180.4	13862.7
1181.5	13856.8
1182.61	13850.4
1183.71	13848.7
1184.82	13845.7
1185.92	13846.8
1187.02	13848.2
1188.13	13849.7
1189.23	13850.4
1190.34	13849.5
1191.44	13846.2
1192.54	13836.1
1193.65	13827.9
1194.75	13820.8
1195.85	13814
1196.96	13814.2
1198.06	13813.8
1199.16	13819.1
1200.26	13829.5
1201.37	13840.4
1202.47	13850.1
1203.57	13861.5
1204.67	13869.6
1205.77	13863.8
1206.87	13850.2
1207.97	13813.8
1209.08	13792.6
1210.18	13787.4
1211.28	13779.6
1212.38	13779.9
1213.48	13789.9
1214.58	13797.2
1215.68	13806.8
1216.78	13804.9
1217.88	13799.3
1218.98	13789.9
1220.07	13778
1221.17	13762.9
1222.27	13746.4
1223.37	13729.1
1224.47	13712.6
1225.57	13696.1
1226.66	13679.8
1227.76	13667.6
1228.86	13660.3
1229.96	13664.5
1231.06	13678.1
1232.15	13677.7
1233.25	13673.8
1234.35	13611.7
1235.44	13606.3
1236.54	13614.9
1237.63	13624.1
1238.73	13615.2
1239.83	13605.6
1240.92	13596.4
1242.02	13587.2
1243.11	13577.9
1244.21	13568
1245.3	13557.6
1246.4	13547.8
1247.49	13541.1
1248.59	13538.8
1249.68	13533.1
1250.78	13523.5
1251.87	13498
1252.96	13477.4
1254.06	13475.3
1255.15	13473.8
1256.24	13474.2
1257.34	13477.8
1258.43	13485.1
1259.52	13498.6
1260.62	13495.9
1261.71	13491.1
1262.8	13478.9
1263.89	13471.2
1264.98	13470.3
1266.08	13471.9
1267.17	13475
1268.26	13479.8
1269.35	13483
1270.44	13483.5
1271.53	13481.9
1272.62	13480.1
1273.71	13477.3
1274.8	13474.8
1275.89	13472.4
1276.98	13474.4
1278.07	13475.7
1279.16	13475.8
1280.25	13474.1
1281.34	13468.6
1282.43	13457.6
1283.52	13439
1284.61	13440.4
1285.69	13444.2
1286.78	13449.7
1287.87	13454.4
1288.96	13456
1290.05	13451.1
1291.13	13437.4
1292.22	13430.8
1293.31	13430.6
1294.4	13428.3
1295.48	13429.5
1296.57	13427.5
1297.66	13424.4
1298.74	13419.4
1299.83	13417
1300.92	13431.2
1302	13439.3
1303.09	13443.6
1304.17	13444.3
1305.26	13439.7
1306.34	13430.1
1307.43	13413.5
1308.51	13394.4
1309.6	13383.9
1310.68	13375.3
1311.76	13377.5
1312.85	13382.1
1313.93	13387
1315.02	13392.1
1316.1	13394.5
1317.18	13394.3
1318.27	13392.3
1319.35	13387.5
1320.43	13383.3
1321.52	13371.1
1322.6	13346
1323.68	13320.5
1324.76	13293
1325.85	13303.1
1326.93	13333.4
1328.01	13318.8
1329.09	13287.6
1330.17	13257.2
1331.25	13235.6
1332.33	13219.6
1333.41	13217.9
1334.49	13234
1335.58	13242
1336.65	13246.1
1337.74	13245.7
1338.82	13242.1
1339.89	13239.7
1340.97	13238.3
1342.05	13240.2
1343.13	13232
1344.21	13224
1345.29	13222.9
1346.37	13221.7
1347.45	13218.6
1348.53	13212.7
1349.6	13204.7
1350.68	13195.6
1351.76	13186.9
1352.84	13180.1
1353.92	13175.2
1354.99	13173
1356.07	13176.5
1357.15	13170.4
1358.22	13154.4
1359.3	13146.8
1360.38	13147.6
1361.45	13158.2
1362.53	13175.3
1363.61	13185
1364.68	13178.8
1365.76	13165.4
1366.83	13154.2
1367.91	13147.1
1368.98	13141
1370.06	13136.8
1371.13	13133.7
1372.21	13131.1
1373.28	13129.2
1374.35	13127.4
1375.43	13124.6
1376.5	13121.3
1377.58	13116.9
1378.65	13111.8
1379.72	13106.4
1380.8	13101.4
1381.87	13097.8
1382.94	13095.4
1384.01	13094.5
1385.09	13093.8
1386.16	13090.2
1387.23	13079.8
1388.3	13063.5
1389.38	13047.4
1390.45	13034.6
1391.52	13025
1392.59	13020.8
1393.66	13025.1
1393.92	13026
1395	13039.4
1396.07	13039.7
1397.15	13033.5
1398.22	13020.6
1399.3	13004.3
1400.38	12986.4
1401.45	12970.7
1402.53	12959.5
1403.6	12952.3
1404.68	12952.3
1405.75	12952.9
1406.82	12946.6
1407.9	12937.9
1408.97	12926.6
1410.05	12947.8
1411.12	12961.1
1412.19	13012.6
1413.27	13009.7
1414.34	12848.6
1415.41	12828.6
1416.49	12859.9
1417.56	12874.3
1418.63	12886.1
1419.7	12901.1
1420.78	12897.5
1421.85	12865
1422.92	12845.8
1423.99	12838.2
1425.06	12840.1
1426.14	12848.9
1427.21	12863.9
1428.28	12855.1
1429.35	12851.8
1430.42	12837.7
1431.49	12807.9
1432.56	12786.9
1433.63	12773.4
1434.7	12770.9
1435.77	12776.1
1436.84	12783.5
1437.91	12795.7
1438.98	12812.2
1440.05	12836.4
1441.12	12848.7
1442.18	12849.6
1443.25	12839.1
1444.32	12815.9
1445.39	12793.3
1446.46	12763.1
1447.53	12758.7
1448.59	12755.8
1449.66	12758.3
1450.73	12757.4
1451.8	12759.7
1452.86	12763
1453.93	12767.6
1455	12772.4
1456.06	12768.3
1457.13	12755.6
1458.2	12742.5
1459.26	12730.9
1460.33	12721
1461.39	12701.4
1462.46	12692.4
1463.52	12702.4
1464.59	12719.4
1465.65	12725.7
1466.72	12726.6
1467.78	12725
1468.85	12721.3
1469.91	12713.1
1470.98	12702.4
1472.04	12690.3
1473.1	12678.8
1474.17	12686.5
1475.23	12688.3
1476.3	12686.4
1477.36	12681.8
1478.42	12674.3
1479.48	12666.5
1480.55	12660.4
1481.61	12659.5
1482.67	12659.1
1483.73	12658.7
1484.8	12657.9
1485.86	12656.2
1486.92	12654
1487.98	12650.5
1489.04	12647
1490.1	12648.2
1491.17	12650.4
1492.23	12653.2
1493.29	12637.6
1494.35	12611.5
1495.41	12542.7
1496.47	12587.7
1497.53	12611.8
1498.59	12591.7
1499.65	12580.3
1500.71	12581.7
1501.77	12580.8
1502.83	12577.1
1503.88	12570.2
1504.94	12560
1506	12546.2
1507.06	12529.9
1508.12	12511.7
1509.18	12493
1510.23	12475.5
1511.29	12460.3
1512.35	12448.4
1513.41	12437.4
1514.47	12428.5
1515.52	12421.5
1516.58	12416
1517.64	12411.7
1518.69	12407.6
1519.75	12404.6
1520.81	12401.8
1521.86	12399
1522.92	12396.2
1523.97	12393.1
1525.03	12392.2
1526.08	12394.6
1527.14	12393.5
1528.2	12389.6
1529.25	12379.6
1530.31	12367
1531.36	12352.1
1532.42	12343
1533.47	12339.7
1534.52	12335.9
1535.58	12333.4
1536.63	12329.8
1537.69	12325.9
1538.74	12322.6
1539.79	12319.1
1540.84	12313.9
1541.9	12306.3
1542.95	12293.4
1544	12280.9
1545.06	12268.2
1546.11	12257.9
1547.16	12248.7
1548.21	12248.4
1549.27	12246.7
1550.32	12258.1
1551.37	12265.1
1552.42	12276.6
1553.47	12285.3
1554.52	12290.5
1555.57	12311.9
1556.62	12300.4
1557.67	12278.8
1558.72	12264.6
1559.77	12254.5
1560.82	12247.9
1561.87	12241.3
1562.92	12235
1563.97	12225.3
1565.02	12216.3
1566.07	12207.3
1567.12	12198.5
1568.17	12190.1
1569.22	12187.7
1570.27	12202.5
1571.32	12216.3
1572.36	12227.1
1573.41	12205.3
1574.46	12188.2
1575.51	12186.3
1576.56	12181.5
1577.6	12183.8
1578.65	12185.6
1579.7	12188.8
1580.74	12195.1
1581.79	12195.5
1582.84	12181.3
1583.88	12168
1584.93	12156.2
1585.98	12145.9
1587.02	12126.5
1588.07	12118
1589.11	12111.6
1590.16	12106.5
1591.2	12103.5
1592.25	12103
1593.29	12104.8
1594.34	12108.8
1595.38	12115.4
1596.43	12116
1597.47	12114.6
1598.52	12095.6
1599.56	12061.7
1600.6	12030
1601.65	12021.1
1602.69	12037.8
1603.73	12043.7
1604.78	12043.8
1605.82	12022.4
1606.86	11955
1607.91	11995.9
1608.95	12035.2
1609.99	12013.1
1611.03	11977.9
1612.08	11937.1
1613.12	11919.4
1614.16	11965.9
1615.2	11953.7
1616.24	11939.6
1617.28	11926.7
1618.32	11915.2
1619.36	11905.1
1620.41	11890.9
1621.45	11878.1
1622.49	11865
1623.53	11852
1624.57	11841.1
1625.61	11832.8
1626.65	11833.6
1627.69	11839.3
1628.73	11841.8
1629.76	11842.1
1630.8	11814.3
1631.84	11762.5
1632.88	11731
1633.92	11704.3
1634.96	11712.1
1636	11710.7
1637.03	11708.7
1638.07	11715.5
1639.11	11716.6
1640.15	11714.3
1641.19	11696.8
1642.22	11682.3
1643.26	11665.7
1644.3	11655.6
1645.33	11653
1646.37	11651.6
1647.41	11655.6
1648.44	11670.2
1649.48	11679.6
1650.52	11682.9
1651.55	11682.2
1652.59	11679.7
1653.62	11664.5
1654.66	11654.5
1655.69	11642.6
1656.73	11631
1657.76	11626.5
1658.8	11630.9
1659.83	11617.9
1660.87	11611.7
1661.9	11604.7
1662.93	11589.2
1663.97	11581.8
1665	11576.1
1666.04	11572.9
1667.07	11572.3
1668.1	11574.4
1669.14	11580
1670.17	11580.1
1671.2	11580.4
1672.23	11574.7
1673.27	11563.7
1674.3	11556.6
1675.33	11544.9
1676.36	11541.3
1677.39	11535.1
1678.43	11531.9
1679.46	11536.5
1680.49	11541.8
1681.52	11536.4
1682.55	11529.4
1683.58	11519.5
1684.61	11512.1
1685.64	11504.7
1686.67	11497.4
1687.7	11490.1
1688.73	11482.8
1689.76	11475.8
1690.79	11468.9
1691.82	11462.8
1692.85	11456.2
1693.88	11444.4
1694.91	11427.8
1695.94	11412.9
1696.97	11399.7
1698	11388.7
1699.02	11378.8
1700.05	11370.4
1701.08	11363.6
1702.11	11358.3
1703.14	11354.7
1704.16	11352.5
1705.19	11351.8
1706.22	11348.6
1707.25	11342.4
1708.27	11352.5
1709.3	11375.4
1710.33	11386.1
1711.35	11354.3
1712.38	11300.7
1713.41	11275.2
1714.43	11246.1
1715.46	11225.4
1716.48	11214.2
1717.51	11210.6
1718.53	11218
1719.56	11233.6
1720.58	11259
1721.61	11287.5
1722.63	11254.1
1723.66	11174.3
1724.68	11181.4
1725.71	11179.6
1726.73	11181.3
1727.75	11183.3
1728.78	11183.8
1729.8	11180.9
1730.83	11176.1
1731.85	11170.3
1732.87	11162.9
1733.89	11155.2
1734.92	11147
1735.94	11138.2
1736.96	11128.5
1737.98	11117.1
1739.01	11104.7
1740.03	11090.5
1741.05	11074.7
1742.07	11057.4
1743.09	11039
1744.12	11019.2
1745.14	10999.7
1746.16	10986.9
1747.18	10986.2
1748.2	10989.6
1749.22	11014.3
1750.24	11029
1751.26	11044.1
1752.28	11034.1
1753.3	10996.3
1754.32	10974
1755.34	10971.4
1756.36	10974.3
1757.38	10971.5
1758.4	10970.4
1759.42	10969.3
1760.44	10964.3
1761.45	10958.7
1762.47	10948.2
1763.49	10937.3
1764.51	10926.5
1765.53	10917.9
1766.55	10923.2
1767.56	10927.5
1768.58	10933.5
1769.6	10939.8
1770.61	10935.2
1771.63	10919.7
1772.65	10895.1
1773.67	10878.6
1774.68	10872.8
1775.7	10874.9
1776.72	10877
1777.73	10873
1778.75	10867.4
1779.76	10860.6
1780.78	10852
1781.79	10841.6
1782.81	10829.4
1783.83	10820.8
1784.84	10817.4
1785.85	10818.9
1786.87	10825.4
1787.88	10825.6
1788.9	10807.2
1789.91	10790.2
1790.93	10773.9
1791.94	10760.3
1792.95	10748.2
1793.97	10737.6
1794.98	10729.9
1796	10723.5
1797.01	10718.9
1798.02	10715.8
1799.03	10713.8
1800.05	10712.2
1801.06	10705.2
1802.07	10687.4
1803.08	10667.1
1804.1	10647
1805.11	10630
1806.12	10611.9
1807.13	10601
1808.14	10593.1
1809.15	10603.5
1810.17	10600.8
1811.18	10583.6
1812.19	10571.4
1813.2	10573.5
1814.21	10578.3
1815.22	10585.8
1816.23	10583.1
1817.24	10577.9
1818.25	10569.3
1819.26	10557.6
1820.27	10543.2
1821.28	10522.1
1822.29	10504.4
1823.3	10494.8
1824.3	10496.4
1825.31	10495.1
1826.32	10472.9
1827.33	10444.6
1828.34	10421.3
1829.35	10404.3
1830.35	10394.4
1831.36	10391.2
1832.37	10409.3
1833.38	10406.4
1834.38	10408.5
1835.39	10365.4
1836.4	10343.8
1837.41	10336.5
1838.41	10341.6
1839.42	10345.4
1840.43	10343
1841.43	10345.9
1842.44	10346.6
1843.44	10335.7
1844.45	10314.5
1845.46	10291.9
1846.46	10274.7
1847.47	10259.1
1848.47	10248.2
1849.48	10239.7
1850.48	10234.2
1851.49	10231.7
1852.49	10231.9
1853.49	10234.7
1854.5	10237.3
1855.5	10239.1
1856.51	10228.3
1857.51	10214.3
1858.51	10202
1859.52	10191.9
1860.52	10176.1
1861.52	10166.7
1862.53	10159.4
1863.53	10157.4
1864.53	10153.5
1865.54	10131
1866.54	10116.4
1867.54	10098.8
1868.54	10088.3
1869.54	10083.1
1870.55	10090.7
1871.55	10101.3
1872.55	10110.1
1873.55	10137.7
1874.55	10079.4
1875.55	10034.6
1876.55	10036.6
1877.55	10051.1
1878.55	10064.2
1879.55	10050.1
1880.56	10037
1881.55	10025.1
1882.56	10014.2
1883.55	10005.2
1884.55	9999.22
1885.55	9996.13
1886.55	9990.32
1887.55	9987.12
1888.55	9973.74
1889.55	9953.68
1890.55	9936.26
1891.55	9928.31
1892.55	9923.97
1893.54	9925.28
1894.54	9925.1
1895.54	9924.55
1896.54	9926.06
1897.54	9927.15
1898.53	9927.71
1899.53	9926.76
1900.53	9922.86
1901.52	9917.01
1902.52	9908.77
1903.52	9901.29
1904.51	9885.96
1905.51	9848.31
1906.51	9858.07
1907.5	9868.36
1908.5	9865.89
1909.49	9844.6
1910.49	9815.76
1911.49	9797.18
1912.48	9769.98
1913.48	9751.29
1914.47	9741.81
1915.46	9741.22
1916.46	9762.18
1917.45	9757.3
1918.45	9749.82
1919.44	9737.26
1920.44	9720.62
1921.43	9701.55
1922.43	9683.66
1923.42	9667.73
1924.41	9653.81
1925.41	9642.19
1926.4	9632.88
1927.39	9631.55
1928.38	9627.57
1929.38	9624.6
1930.37	9620.65
1931.36	9615.84
1932.35	9609.6
1933.35	9602.88
1934.34	9594.9
1935.33	9586.23
1936.32	9576.39
1937.31	9564.96
1938.3	9551.77
1939.29	9536.57
1940.29	9520.27
1941.28	9502.32
1942.27	9483.55
1943.26	9470.31
1944.25	9470.56
1945.24	9470.64
1946.23	9482.12
1947.22	9493.67
1948.21	9500.12
1949.2	9500.11
1950.19	9485.35
1951.18	9468.13
1952.17	9453.23
1953.16	9440.36
1954.14	9426.92
1955.13	9414.68
1956.12	9403.99
1957.11	9394.77
1958.1	9387.33
1959.09	9381.79
1960.07	9379.6
1961.06	9380.08
1962.05	9385.28
1963.04	9377.2
1964.02	9354.83
1965.01	9331.18
1966	9319.33
1966.99	9302.3
1967.97	9294.16
1968.96	9292.81
1969.95	9298.61
1970.93	9310.59
1971.92	9314.01
1972.9	9309.47
1973.89	9297.07
1974.88	9280.79
1975.86	9263.71
1976.85	9248.59
1977.83	9232.87
1978.82	9230.75
1979.8	9235.5
1980.79	9235.17
1981.77	9233.58
1982.76	9203.85
1983.74	9185.46
1984.72	9185.95
1985.71	9184.6
1986.69	9182.32
1987.67	9179.93
1988.66	9175.89
1989.64	9167.42
1990.62	9151.99
1991.61	9134.88
1992.59	9112.28
1993.57	9104.85
1994.56	9101.7
1995.54	9104
1996.52	9104.78
1997.5	9101.46
1998.49	9094.55
1999.47	9084.51
2000.45	9071.42
2001.43	9059.48
2002.41	9049.08
2003.39	9045.07
2004.38	9042.13
2005.36	9036.26
2006.34	9027.94
2007.32	9019.4
2008.3	9010
2009.28	8999.5
2010.26	8988.29
2011.24	8975.78
2012.22	8964.57
2013.2	8965.9
2014.18	8966.7
2015.16	8959.69
2016.14	8949.87
2017.12	8936.75
2018.1	8918.64
2019.07	8907.58
2020.05	8897.14
2021.03	8887.9
2022.01	8879.62
2022.99	8872.23
2023.97	8865.69
2024.95	8859.9
2025.92	8854.9
2026.9	8850.87
2027.88	8847.81
2028.86	8845.94
2029.83	8845.88
2030.81	8847.15
2031.79	8827.51
2032.76	8795.02
2033.74	8760.81
2034.72	8734.43
2035.69	8716.35
2036.67	8705.9
2037.65	8713.98
2038.62	8719.14
2039.6	8726
2040.57	8733.3
2041.55	8738.01
2042.52	8732.12
2043.5	8721.5
2044.47	8705.65
2045.45	8685.56
2046.42	8668.87
2047.4	8660.67
2048.37	8656.25
2049.35	8655.92
2050.32	8657.64
2051.29	8659.43
2052.27	8652.92
2053.24	8637.29
2054.21	8620.66
2055.19	8604.28
2056.16	8589.7
2057.13	8576.05
2058.11	8562.51
2059.08	8550.25
2060.05	8539.21
2061.02	8529.35
2062	8521.06
2062.97	8514.67
2063.94	8513.32
2064.91	8505.88
2065.89	8498.94
2066.86	8491.54
2067.83	8483.78
2068.8	8475.29
2069.77	8466.21
2070.74	8467.15
2071.71	8478.62
2072.68	8483.76
2073.65	8481.8
2074.62	8467.56
2075.59	8439.34
2076.56	8384.23
2077.53	8327.09
2078.5	8478.31
2079.47	8407.31
2080.44	8367.37
2081.41	8354.57
2082.38	8344.27
2083.35	8335.43
2084.32	8326.08
2085.29	8315.84
2086.26	8306.86
2087.23	8300.57
2088.19	8290.95
2089.16	8277.51
2090.13	8260.69
2091.1	8248.7
2092.07	8245.62
2093.03	8249.29
2094	8251.35
2094.97	8248.93
2095.94	8249.69
2096.9	8249
2097.87	8246.15
2098.84	8240.87
2099.8	8233.11
2100.77	8220.18
2101.74	8204.49
2102.7	8189.69
2103.67	8177.88
2104.63	8169.99
2105.6	8167.18
2106.56	8168.58
2107.53	8170.17
2108.49	8169.42
2109.46	8164.58
2110.42	8153.74
2111.39	8132.92
2112.35	8114.85
2113.32	8107.98
2114.28	8105.11
2115.25	8104.39
2116.21	8104.73
2117.17	8102.67
2118.14	8097.72
2119.1	8089.29
2120.07	8076.86
2121.03	8056.06
2121.99	8043.63
2122.96	8033.62
2123.92	8027.74
2124.88	8022.47
2125.84	8019.19
2126.81	8014.17
2127.77	7993.46
2128.73	7975.95
2129.69	7956.85
2130.65	7934.66
2131.62	7920.34
2132.58	7917.22
2133.54	7925.41
2134.5	7935.78
2135.46	7947.44
2136.42	7948.32
2137.38	7944.28
2138.34	7935.69
2139.3	7922.91
2140.26	7902.33
2141.22	7876.85
2142.18	7847.39
2143.14	7817.82
2144.1	7822.18
2145.06	7835.79
2146.02	7841.61
2146.98	7845.09
2147.94	7844.58
2148.9	7841.06
2149.86	7830.66
2150.82	7817.03
2151.78	7802.17
2152.74	7782.6
2153.69	7771.84
2154.65	7766.54
2155.61	7768.31
2156.57	7773.18
2157.53	7771.06
2158.48	7758.21
2159.44	7738.72
2160.4	7718.41
2161.36	7697.48
2162.31	7675.67
2163.27	7661.37
2164.23	7651.67
2165.18	7644.74
2166.14	7638.43
2167.1	7632.47
2168.05	7626.02
2169.01	7617.55
2169.96	7608.7
2170.92	7599.81
2171.88	7590.09
2172.83	7579.08
2173.79	7565.28
2174.74	7541.58
2175.7	7522.67
2176.65	7506.3
2177.6	7487.41
2178.56	7476.43
2179.51	7466.95
2180.47	7458.34
2181.42	7450.73
2182.38	7443.77
2183.33	7437.39
2184.28	7430.26
2185.24	7424.76
2186.19	7419.27
2187.14	7413.04
2188.1	7403.82
2189.05	7392.04
2190	7376.47
2190.96	7357.29
2191.91	7340.71
2192.86	7338.42
2193.81	7345.15
2194.76	7354.28
2195.72	7355.08
2196.67	7334.73
2197.62	7325.91
2198.57	7318.56
2199.52	7311.87
2200.47	7306.48
2201.43	7301.77
2202.38	7297.35
2203.33	7291.27
2204.28	7280.66
2205.23	7253.79
2206.18	7241.66
2207.13	7233.78
2208.08	7226.1
2209.03	7220.29
2209.98	7215.29
2210.93	7211.02
2211.88	7207.29
2212.83	7203.29
2213.78	7198.87
2214.73	7192.3
2215.67	7184.04
2216.62	7173.81
2217.57	7164.75
2218.52	7157.32
2219.47	7152.03
2220.42	7149.78
2221.37	7149.5
2222.31	7151.38
2223.26	7152.95
2224.21	7146.66
2225.16	7131.29
2226.1	7117.78
2227.05	7107.99
2228	7100.16
2228.94	7094.06
2229.89	7088.7
2230.84	7084.23
2231.78	7081.06
2232.73	7078.47
2233.68	7076.56
2234.62	7074.85
2235.57	7073.26
2236.51	7071.37
2237.46	7068.5
2238.41	7065.1
2239.35	7058.6
2240.3	7051.43
2241.24	7038.45
2242.19	7027.28
2243.13	7021.71
2244.07	7017.11
2245.02	7014.62
2245.96	7013.64
2246.91	7015.2
2247.85	7016.55
2248.8	7013.41
2249.74	7009.42
2250.68	7006.5
2251.63	7007.44
2252.57	7008.62
2253.51	7002.08
2254.46	6995.9
2255.4	6990.24
2256.34	6987.09
2257.28	6986.56
2258.23	6986.73
2259.17	6987.86
2260.11	6984.34
2261.05	6976.18
2262	6960.26
2262.94	6948.99
2263.88	6943
2264.82	6939.62
2265.76	6939.51
2266.7	6943.12
2267.64	6946.23
2268.58	6942.41
2269.53	6937.6
2270.47	6930.52
2271.41	6923.11
2272.35	6916.71
2273.29	6914.69
2274.23	6911.91
2275.17	6913.78
2276.11	6918.33
2277.05	6917.24
2277.99	6910.05
2278.93	6896.22
2279.86	6886.72
2280.8	6890.31
2281.74	6893.94
2282.68	6897.74
2283.62	6901.22
2284.56	6902.46
2285.5	6899.21
2286.44	6892.2
2287.37	6878.65
2288.31	6864.87
2289.25	6852.6
2290.19	6840.08
2291.12	6831.65
2292.06	6828.28
2293	6830.02
2293.94	6835.52
2294.87	6840.97
2295.81	6844.73
2296.75	6846.23
2297.68	6842.92
2298.62	6835.73
2299.55	6827.25
2300.49	6819.22
2301.43	6815.08
2302.36	6824.92
2303.3	6838.19
2304.23	6842.01
2305.17	6831.33
2306.1	6815.3
2307.04	6796.31
2307.98	6777.67
2308.91	6762.27
2309.84	6750.13
2310.78	6749.27
2311.71	6753.38
2312.65	6751.57
2313.58	6743.7
2314.52	6735.89
2315.45	6724.35
2316.38	6710.8
2317.32	6698.02
2317.72	6692.61
2318.66	6684.01
2319.6	6674.39
2320.54	6665.54
2321.48	6663.38
2322.41	6668.74
2323.35	6682.21
2324.29	6694.05
2325.23	6700.84
2326.16	6701.49
2327.1	6700.28
2328.04	6696.69
2328.97	6691.41
2329.91	6682.08
2330.85	6666.84
2331.78	6640.74
2332.72	6613.25
2333.66	6591.32
2334.59	6604.92
2335.53	6593.53
2336.46	6583.96
2337.4	6576.39
2338.33	6569.87
2339.27	6566.16
2340.2	6565.95
2341.14	6574.12
2342.07	6575.9
2343.01	6582.46
2343.94	6575.15
2344.88	6563.77
2345.81	6548.75
2346.75	6528.25
2347.68	6513.75
2348.61	6500.29
2349.55	6491.98
2350.48	6497.44
2351.41	6499.85
2352.35	6507.72
2353.28	6510.28
2354.21	6510.2
2355.15	6505.28
2356.08	6490.5
2357.01	6475.48
2357.94	6461.19
2358.88	6449.18
2359.81	6438.75
2360.74	6430.34
2361.67	6423.35
2362.6	6417.96
2363.54	6414.32
2364.47	6412.44
2365.4	6412.62
2366.33	6415.05
2367.26	6420.62
2368.19	6425.7
2369.12	6428.52
2370.05	6431.67
2370.98	6431.7
2371.91	6425.61
2372.84	6428.76
2373.77	6434.91
2374.7	6436.71
2375.63	6428.52
2376.56	6406.58
2377.49	6364.28
2378.42	6366.83
2379.35	6362.19
2380.28	6357.77
2381.21	6354.82
2382.14	6356.21
2383.07	6359.56
2384	6361.9
2384.92	6363.93
2385.85	6363.1
2386.78	6355.92
2387.71	6346.85
2388.64	6336.64
2389.56	6321.29
2390.49	6313.34
2391.42	6308.07
2392.35	6303.43
2393.27	6299.38
2394.2	6296.12
2395.13	6293.37
2396.05	6289.67
2396.98	6286.68
2397.91	6284.75
2398.83	6282.42
2399.76	6285.38
2400.69	6291.37
2401.61	6291.96
2402.54	6289.32
2403.46	6283.51
2404.39	6269.32
2405.31	6255.33
2406.24	6243.98
2407.17	6234.33
2408.09	6228.31
2409.01	6235.86
2409.94	6240.64
2410.86	6244.82
2411.79	6247.01
2412.71	6244.59
2413.64	6244.51
2414.56	6243.52
2415.49	6241.79
2416.41	6239.37
2417.33	6234.96
2418.26	6230.4
2419.18	6214.82
2420.1	6199.04
2421.03	6178.46
2421.95	6147.65
2422.87	6127.38
2423.79	6113.59
2424.72	6102.63
2425.64	6100.11
2426.56	6105.15
2427.48	6117.29
2428.41	6124.86
2429.33	6125.98
2430.25	6122.49
2431.17	6106.43
2432.09	6089.67
2433.01	6075.16
2433.93	6066.3
2434.86	6057.96
2435.78	6051.89
2436.7	6055.07
2437.62	6056.18
2438.54	6044.1
2439.46	6035.56
2440.38	6022.38
2441.3	6012.23
2442.22	6004.56
2443.14	5997.78
2444.06	5992.38
2444.98	5988.64
2445.9	5985.25
2446.82	5982.2
2447.73	5979.44
2448.65	5977.21
2449.57	5975.15
2450.49	5973.88
2451.41	5972.1
2452.33	5968.13
2453.25	5962.63
2454.17	5955.91
2455.08	5945.19
2456	5931.45
2456.92	5913.96
2457.84	5895.79
2458.75	5878.63
2459.67	5862.24
2460.59	5856.61
2461.51	5863.86
2462.42	5873.17
2463.34	5886.87
2464.26	5894.73
2465.17	5890.01
2466.09	5877.53
2467	5861.08
2467.92	5839.92
2468.84	5813.07
2469.75	5794.8
2470.67	5788.67
2471.58	5785.11
2472.5	5786.77
2473.42	5790.06
2474.33	5793.44
2475.25	5798.5
2476.16	5802.54
2477.08	5805.58
2477.99	5806.4
2478.9	5804
2479.82	5799.51
2480.73	5793.19
2481.65	5784.83
2482.56	5774.29
2483.47	5762.29
2484.39	5753.96
2485.3	5761.68
2486.22	5762.46
2487.13	5761.2
2488.04	5755.19
2488.96	5752.53
2489.87	5736.85
2490.78	5733.61
2491.69	5730.13
2492.61	5729.23
2493.52	5730.5
2494.43	5733.71
2495.34	5730.74
2496.25	5727.26
2497.17	5724.69
2498.08	5721.83
2498.99	5718.87
2499.9	5715.43
2500.81	5710.63
2501.72	5705.24
2502.63	5699
2503.55	5695.78
2504.46	5696.06
2505.37	5699.26
2506.28	5700.06
2507.19	5700.55
2508.1	5688.21
2509.01	5678.87
2509.92	5665.27
2510.83	5652.51
2511.74	5640.43
2512.65	5636.54
2513.56	5635.92
2514.47	5640.56
2515.37	5641.06
2516.28	5639.2
2517.19	5625.55
2518.1	5610.01
2519.01	5595.21
2519.92	5589.27
2520.83	5580.8
2521.73	5579.09
2522.64	5578.59
2523.55	5578.71
2524.46	5578.88
2525.37	5575.78
2526.27	5572.02
2527.18	5567.42
2528.09	5561.96
2529	5555.49
2529.9	5548.2
2530.81	5540.42
2531.72	5537.32
2532.62	5549.53
2533.53	5557.82
2534.44	5562.9
2535.34	5564.7
2536.25	5564.3
2537.15	5561.57
2538.06	5556.82
2538.96	5550.3
2539.87	5541.89
2540.78	5531.99
2541.68	5520.52
2542.59	5508.02
2543.49	5494.8
2544.4	5481.47
2545.3	5476.01
2546.21	5544.98
2547.11	5499.76
2548.01	5450.36
2548.92	5461.92
2549.82	5461.6
2550.73	5459.11
2551.63	5452.81
2552.53	5443.28
2553.44	5433.5
2554.34	5424.62
2555.24	5417.35
2556.15	5412.11
2557.05	5408.98
2557.95	5417.78
2558.86	5437
2559.76	5440.38
2560.66	5427
2561.56	5398.58
2562.46	5384.1
2563.37	5365.14
2564.27	5354.61
2565.17	5365.86
2566.07	5364.84
2566.97	5359.71
2567.88	5352.14
2568.78	5342.49
2569.68	5332.35
2570.58	5329.1
2571.48	5333.19
2572.38	5331.46
2573.28	5328.69
2574.18	5326.73
2575.08	5321.04
2575.98	5307.78
2576.88	5294.73
2577.78	5283.94
2578.68	5274.42
2579.58	5266.43
2580.48	5253.29
2581.38	5239.95
2582.28	5222.37
2583.18	5210.47
2584.08	5214.37
2584.98	5218.42
2585.88	5221.36
2586.77	5221.63
2587.67	5220.86
2588.57	5218.44
2589.47	5214.28
2590.37	5208.4
2591.27	5201.01
2592.16	5191.92
2593.06	5181.1
2593.96	5168.14
2594.86	5156.89
2595.75	5153.11
2596.65	5155.6
2597.55	5155.28
2598.45	5154.87
2599.34	5154.82
2600.24	5154.93
2601.13	5154.12
2602.03	5152.38
2602.93	5149.5
2603.82	5145.25
2604.72	5138.39
2605.62	5130.59
2606.51	5121.57
2607.41	5111.37
2608.3	5100.79
2609.2	5089.16
2610.09	5078.8
2610.99	5070.56
2611.88	5067.09
2612.78	5071.83
2613.67	5074.54
2614.57	5075.66
2615.46	5073.45
2616.36	5069.8
2617.25	5064.04
2618.14	5055.04
2619.04	5043.72
2619.93	5030.19
2620.83	5015.07
2621.72	5004.9
2622.61	5007.4
2623.5	5036.71
2624.4	5048.78
2625.29	5053.2
2626.18	5041.26
2627.08	5019.86
2627.97	5009.64
2628.86	4999.12
2629.75	4990.37
2630.65	4984.14
2631.54	4980.57
2632.43	4980.03
2633.32	4981.94
2634.21	4986.6
2635.11	4991.84
2636	4960.96
2636.89	4948.99
2637.78	4937.39
2638.67	4926.76
2639.56	4918.08
2640.45	4909.84
2641.34	4902.98
2642.23	4897.18
2643.12	4892.6
2644.01	4889.1
2644.9	4886.6
2645.79	4884.74
2646.68	4880.87
2647.57	4874.96
2648.46	4868.17
2649.35	4856.77
2650.24	4845.95
2651.13	4835.82
2652.02	4826.79
2652.91	4822.02
2653.8	4818.76
2654.69	4817.29
2655.58	4818
2656.46	4820.78
2657.35	4826.43
2658.24	4807.1
2659.13	4793.24
2660.02	4789.59
2660.9	4786.47
2661.79	4784.09
2662.68	4781.85
2663.57	4780.07
2664.45	4776.53
2665.34	4769.44
2666.23	4760.43
2667.11	4747.83
2668	4737.17
2668.89	4733.57
2669.77	4736.35
2670.66	4746.16
2671.55	4761.46
2672.43	4775.99
2673.32	4776.26
2674.21	4765.28
2675.09	4758.62
2675.98	4751.91
2676.86	4742.13
2677.75	4733.24
2678.63	4723.35
2679.52	4714.4
2680.4	4708.42
2681.29	4705.69
2682.17	4701.46
2683.06	4684.53
2683.94	4670.3
2684.82	4665.97
2685.71	4660.8
2686.59	4654.21
2687.48	4646.77
2688.36	4638.9
2689.24	4630.62
2690.13	4621.78
2691.01	4608.73
2691.89	4595.76
2692.78	4596.26
2693.66	4595.27
2694.54	4593.51
2695.43	4590.85
2696.31	4587.81
2697.19	4583.97
2698.07	4580.62
2698.96	4580.5
2699.84	4581.77
2700.72	4585.04
2701.6	4587.75
2702.48	4582.22
2703.36	4572.32
2704.25	4558.63
2705.13	4545.2
2706.01	4527.37
2706.89	4515.07
2707.77	4505.75
2708.65	4499.62
2709.53	4496.13
2710.41	4498.38
2711.29	4503.96
2712.17	4508.05
2713.05	4508.4
2713.93	4507.43
2714.81	4504.82
2715.69	4499.52
2716.57	4492.42
2717.45	4481.86
2718.33	4469.77
2719.21	4457.35
2720.09	4447.82
2720.97	4441.54
2721.85	4436.26
2722.73	4433.31
2723.61	4431.78
2724.48	4432.8
2725.36	4435.46
2726.24	4439.18
2727.12	4442.15
2728	4437.49
2728.88	4428.91
2729.75	4418.35
2730.63	4406.94
2731.51	4396.36
2732.39	4387.56
2733.26	4390.79
2734.14	4399.54
2735.02	4404.58
2735.89	4406.82
2736.77	4405.87
2737.65	4401.42
2738.52	4396.12
2739.4	4391.14
2740.28	4388.42
2741.15	4385.59
2742.03	4382.18
2742.9	4377.28
2743.78	4355.73
2744.65	4348.81
2745.53	4337.45
2746.41	4338.86
2747.28	4340.29
2748.16	4348.56
2749.03	4348.85
2749.91	4342.49
2750.78	4331.3
2751.66	4324.07
2752.53	4334.72
2753.4	4345.61
2754.28	4353.13
2755.15	4354.72
2756.02	4337.03
2756.9	4328.73
2757.77	4319.16
2758.65	4309.38
2759.52	4299.02
2760.39	4292.67
2761.27	4288.36
2762.14	4285.53
2763.01	4283.84
2763.88	4282.24
2764.76	4278.82
2765.63	4275.14
2766.5	4269.86
2767.37	4263.15
2768.25	4255.86
2769.12	4247.74
2769.99	4238.81
2770.86	4229.07
2771.73	4219.15
2772.61	4208.32
2773.48	4199.25
2774.35	4191.6
2775.22	4185.56
2776.09	4180.54
2776.96	4180.18
2777.83	4182.2
2778.7	4187.73
2779.57	4193.76
2780.44	4197.42
2781.31	4195.58
2782.18	4188.07
2783.05	4178.39
2783.92	4163.93
2784.79	4161.12
2785.66	4158.97
2786.53	4157.44
2787.4	4159.7
2788.27	4157.11
2789.14	4152.86
2790.01	4148.51
2790.88	4143.84
2791.75	4138.98
2792.62	4133.99
2793.48	4129.33
2794.35	4124.05
2795.22	4118.74
2796.09	4113.28
2796.96	4107.79
2797.82	4102.75
2798.69	4098.04
2799.56	4092.89
2800.43	4087.9
2801.29	4083.12
2802.16	4078.82
2803.03	4074.96
2803.9	4071.59
2804.76	4068.95
2805.63	4066.78
2806.5	4065.15
2807.36	4064.1
2808.23	4063.59
2809.09	4064.01
2809.96	4055.78
2810.83	4042.26
2811.69	4033.78
2812.56	4029.14
2813.42	4030.82
2814.29	4047.34
2815.15	4056.38
2816.02	4036.93
2816.88	4026.62
2817.75	4018.42
2818.61	4010.73
2819.48	4005.23
2820.34	4001.36
2821.21	4002.59
2822.07	4005.15
2822.94	4004.42
2823.8	4002.28
2824.66	3997.08
2825.53	3990.27
2826.39	3982.05
2827.26	3972.86
2828.12	3968.42
2828.98	3964.42
2829.85	3961.41
2830.71	3959.86
2831.57	3959.32
2832.43	3960.08
2833.3	3957.11
2834.16	3949.54
2835.02	3942.99
2835.88	3937.61
2836.75	3933.51
2837.61	3930.5
2838.47	3928.43
2839.33	3926.55
2840.19	3925.01
2841.06	3922.96
2841.92	3919.68
2842.78	3916.04
2843.64	3913.15
2844.5	3907.65
2845.36	3904.44
2846.22	3904.1
2847.08	3909.48
2847.94	3922.08
2848.81	3934.07
2849.67	3933.09
2850.53	3911.89
2851.39	3892.09
2852.25	3872.72
2853.11	3845.57
2853.97	3823.5
2854.82	3835.36
2855.68	3848.1
2856.54	3851.42
2857.4	3847.92
2858.26	3846.93
2859.12	3846.97
2859.98	3848.05
2860.84	3849.51
2861.7	3851.54
2862.56	3853.42
2863.41	3849.49
2864.27	3843.31
2865.13	3833.67
2865.99	3824.01
2866.85	3814.28
2867.7	3805.95
2868.56	3795.93
2869.42	3793.56
2870.28	3794.51
2871.13	3795.8
2871.99	3797.71
2872.85	3796.87
2873.7	3793.97
2874.56	3789.85
2875.42	3785.27
2876.27	3779.62
2877.13	3773.9
2877.99	3769.47
2878.84	3771.44
2879.7	3776.71
2880.56	3777.61
2881.41	3776.27
2882.27	3774.6
2883.12	3768.48
2883.98	3760.95
2884.83	3750.87
2885.69	3739.09
2886.54	3726.43
2887.4	3714.32
2888.25	3711.85
2889.11	3713.98
2889.96	3713.22
2890.82	3709.46
2891.67	3703.29
2892.52	3694.94
2893.38	3684.48
2894.23	3681.91
2895.09	3678.13
2895.94	3675.05
2896.79	3673.05
2897.65	3671.91
2898.5	3671.76
2899.35	3672.58
2900.21	3672.19
2901.06	3670.47
2901.91	3665.23
2902.76	3659.89
2903.62	3656.36
2904.47	3656.07
2905.32	3655.53
2906.17	3655.03
2907.03	3656.49
2907.88	3655.54
2908.73	3651.47
2909.58	3644.8
2910.43	3636.79
2911.28	3627.24
2912.14	3617.93
2912.99	3609.42
2913.84	3602.28
2914.69	3596.14
2915.54	3591.23
2916.39	3587.27
2917.24	3584.37
2918.09	3582.47
2918.94	3581.56
2919.79	3580.36
2920.64	3579.6
2921.49	3576.93
2922.34	3571.64
2923.19	3565.05
2924.04	3558.17
2924.89	3551.25
2925.74	3545.6
2926.59	3540.5
2927.44	3537.3
2928.29	3533.07
2929.14	3528.57
2929.98	3523.16
2930.83	3517
2931.68	3510.68
2932.53	3503.31
2933.38	3495.1
2934.23	3486.15
2935.07	3476.58
2935.92	3488.58
2936.77	3496.47
2937.62	3500.61
2938.47	3496.81
2939.31	3494.2
2940.16	3490.98
2941.01	3488.25
2941.85	3482.63
2942.7	3477.53
2943.55	3473.15
2944.39	3472.58
2945.24	3472.59
2946.09	3467.19
2946.93	3461.14
2947.78	3452.57
2948.63	3444.87
2949.47	3439.3
2950.32	3432.94
2951.16	3426.93
2952.01	3421.04
2952.85	3415.43
2953.7	3409.16
2954.55	3404.03
2955.39	3399.24
2956.24	3397.22
2957.08	3401.69
2957.92	3406
2958.77	3408.4
2959.61	3409.88
2960.46	3410.46
2961.3	3409.92
2962.15	3408.39
2962.99	3405.57
2963.83	3401.73
2964.68	3396.93
2965.52	3391.24
2966.37	3384.73
2967.21	3377.23
2968.05	3368.34
2968.9	3359.35
2969.74	3354.61
2970.58	3351.48
2971.42	3351.02
2972.27	3349.39
2973.11	3347.74
2973.95	3345.99
2974.79	3344.22
2975.64	3342.75
2976.48	3341.08
2977.32	3339.43
2978.16	3337.61
2979	3335.83
2979.85	3333.89
2980.69	3331.56
2981.53	3328.38
2982.37	3322.21
2983.21	3314.57
2984.05	3314.05
2984.89	3311.61
2985.73	3309.95
2986.57	3309.29
2987.41	3306.22
2988.25	3302.22
2989.1	3297.52
2989.94	3292.09
2990.77	3285.83
2991.62	3280.13
2992.45	3279.26
2993.29	3275.33
2994.13	3281.44
2994.97	3291.75
2995.81	3306.83
2996.65	3301.09
2997.49	3200.52
2998.33	3307.34
2999.17	3258.67
