200.833	11374.8
202.102	11449.9
203.371	11490.1
204.639	11476.3
205.907	11473.4
207.175	11473.6
208.442	11475.7
209.71	11479.2
210.977	11483.7
212.244	11489.5
213.511	11496.4
214.777	11504.1
216.042	11511.7
217.309	11520.5
218.575	11530.8
219.84	11543
221.106	11560
222.371	11578.9
223.635	11599.3
224.9	11621.3
226.165	11644.1
227.429	11666.9
228.694	11691.1
229.956	11716.2
231.22	11743
232.484	11772.4
233.747	11811
235.011	11854.6
236.272	11891
237.535	11923.4
238.798	11949.3
240.06	11968
241.321	11977.9
242.583	11986.7
243.845	11994.4
245.105	12001.7
246.367	12005.8
247.628	12010.9
248.888	12011.8
250.149	12010.7
251.409	12006.6
252.67	12001.4
253.928	11999.1
255.189	12001
256.447	12012
257.707	12027.5
258.966	12048.4
260.224	12068.7
261.483	12091.8
262.742	12122.9
263.999	12147.7
265.257	12166.6
266.514	12184.3
267.772	12199.5
269.028	12212.6
270.286	12223.8
271.543	12234.1
272.799	12242.6
274.056	12249.5
275.311	12254.9
276.568	12258.8
277.823	12262.9
279.079	12272.6
280.333	12291.8
281.589	12312.2
282.843	12332.6
284.099	12351.1
285.352	12371.5
286.607	12391
287.86	12413.6
289.114	12422.2
290.368	12414
291.621	12418
292.875	12424.1
294.127	12465.5
295.38	12494
296.632	12518.7
297.884	12540
299.137	12556
300.388	12549.5
301.641	12532.4
302.891	12523.6
304.142	12519.7
305.394	12516.6
306.644	12519.1
307.894	12523.9
309.146	12531.6
310.395	12541.7
311.645	12551.2
312.895	12556.5
314.144	12558.9
315.393	12567.1
316.642	12578.6
317.892	12590.4
319.14	12602.4
320.388	12615
321.637	12628.1
322.885	12641.9
324.132	12655.4
325.38	12669.5
326.628	12684
327.875	12699.7
329.122	12719.6
330.368	12742.9
331.614	12772.3
332.862	12800.5
334.108	12819.1
335.353	12832.5
336.599	12832.5
337.844	12826.6
339.089	12813.9
340.335	12808.2
341.58	12808.6
342.824	12815.2
344.068	12825.2
345.312	12838.6
346.556	12855.7
347.8	12876.8
349.043	12895.4
350.286	12900.1
351.53	12901.5
352.774	12906.1
354.016	12913
355.259	12919.1
356.501	12924.9
357.743	12930.7
358.985	12936.5
360.227	12943.7
361.468	12948.6
362.709	12951.7
363.95	12950.2
365.191	12957.3
366.432	12980.7
367.672	13007.3
368.912	13028
370.152	13044.6
371.392	13053.8
372.632	13040.4
373.871	13035.6
375.11	13029.8
376.348	13017.1
377.587	13020
378.825	13024.7
380.064	13032
381.302	13044.7
382.54	13059
383.778	13064.2
385.016	13061.2
386.253	13062.2
387.489	13066.8
388.726	13074.9
389.963	13086
391.199	13100.9
392.436	13118.3
393.672	13135.2
394.907	13153.4
396.142	13159.2
397.378	13161.1
398.614	13153.7
399.849	13144.7
401.082	13131.6
402.317	13140.3
403.552	13151
404.786	13162.8
406.019	13184.1
407.253	13208.1
408.487	13227.7
409.721	13245.3
410.953	13261.8
412.186	13276.7
413.419	13290.3
414.651	13301.3
415.883	13310
417.116	13313.1
418.347	13307.6
419.579	13301.9
420.811	13295
422.041	13286.9
423.272	13277.7
424.504	13267.3
425.733	13267.6
426.964	13275.2
428.194	13290.6
429.424	13313.2
430.654	13329.1
431.883	13340
433.113	13344.9
434.341	13345.7
435.571	13343.9
436.799	13343.9
438.028	13349.3
439.257	13361.8
440.484	13381.3
441.713	13408.7
442.94	13415.1
444.168	13406.6
445.394	13402.4
446.622	13403.6
447.848	13409.6
449.076	13420.3
450.301	13426.3
451.528	13432.5
452.754	13434
453.979	13435.7
455.205	13430.2
456.43	13426
457.656	13425.7
458.88	13430.1
460.106	13444.7
461.33	13458.1
462.554	13469.5
463.779	13479.9
465.002	13480.8
466.225	13478
467.45	13473
468.672	13468.4
469.895	13465.5
471.119	13463.2
472.341	13462.3
473.563	13463
474.786	13466.3
476.008	13471.5
477.229	13479.3
478.452	13481.7
479.673	13474.2
480.894	13465.9
482.115	13455.8
483.337	13445.2
484.557	13435.3
485.777	13426.1
486.997	13423.5
488.218	13419.2
489.438	13419.7
490.657	13427.9
491.876	13438.2
493.096	13452.4
494.315	13463.2
495.533	13463.9
496.752	13462.7
497.97	13460
499.188	13450.6
500.407	13438.4
501.625	13424.2
502.842	13418.4
504.059	13445.9
505.276	13488.8
506.493	13422.7
507.71	13373.4
508.926	13406.4
510.142	13437.7
511.358	13465.3
512.575	13486.9
513.791	13506.6
515.006	13521.1
516.222	13532.1
517.437	13539
518.651	13542.2
519.866	13542
521.081	13539.6
522.295	13540.2
523.509	13537.7
524.723	13544.7
525.937	13569.5
527.15	13599.8
528.363	13628
529.576	13652.7
530.789	13657.9
532.002	13624.1
533.215	13624.4
534.426	13627.5
535.638	13630.4
536.85	13630.8
538.061	13628.8
539.273	13625
540.484	13619.8
541.695	13614.3
542.906	13607.7
544.117	13609.4
545.327	13619.4
546.537	13637.3
547.747	13655.7
548.957	13669.4
550.167	13673
551.377	13674.7
552.585	13670.5
553.794	13664.4
555.003	13654.5
556.212	13640.3
557.421	13621.2
558.628	13616.1
559.836	13623.1
561.044	13639.2
562.252	13656.8
563.458	13670.2
564.666	13683.7
565.873	13693.1
567.08	13697.3
568.286	13697.6
569.493	13693.9
570.699	13685.6
571.904	13672.7
573.111	13652.7
574.317	13638.9
575.521	13690.7
576.727	13709.5
577.932	13688.3
579.136	13669.9
580.341	13627.2
581.544	13681.4
582.749	13690.2
583.954	13698.9
585.156	13702.4
586.361	13708.4
587.563	13717.8
588.767	13721.5
589.97	13722.5
591.172	13718.1
592.375	13708.5
593.577	13698.2
594.78	13688.4
595.981	13679.4
597.183	13672.2
598.384	13675.2
599.586	13680.2
600.786	13677.9
601.988	13676.5
603.188	13671.2
604.389	13663
605.589	13653.9
606.79	13649.2
607.989	13647.1
609.188	13648.5
610.389	13655.5
611.587	13663.5
612.787	13665.7
613.986	13664.1
615.184	13651.4
616.383	13637.4
617.581	13621.5
618.78	13609.5
619.977	13598.2
621.174	13586.1
622.373	13574.2
623.57	13559.9
624.766	13543.3
625.964	13528.8
627.16	13517.5
628.356	13521.2
629.554	13530.1
630.749	13553.2
631.945	13578
633.14	13576.8
634.337	13561.8
635.532	13551.1
636.726	13536.8
637.921	13522.8
639.117	13522.5
640.311	13521.3
641.505	13522.7
642.699	13524.2
643.892	13524.6
645.087	13521.1
646.28	13496
647.473	13490.7
648.666	13485.4
649.859	13501.3
651.051	13513
652.245	13501.2
653.437	13495.3
654.629	13487.7
655.821	13492.3
657.012	13499.1
658.204	13508.7
659.395	13531.6
660.586	13549.3
661.777	13555
662.967	13566.6
664.158	13558.1
665.349	13549.8
666.539	13536.7
667.729	13538.5
668.919	13534.4
670.109	13544.9
671.298	13562.9
672.487	13584.8
673.676	13581.3
674.865	13578.5
676.053	13577.7
677.242	13574.9
678.43	13574.6
679.616	13573.6
680.804	13573
681.992	13572.3
683.179	13571.4
684.366	13568.5
685.554	13546
686.74	13527.9
687.927	13512.9
689.114	13500.1
690.3	13506
691.486	13517.5
692.671	13530.5
693.856	13525.9
695.042	13519.5
696.227	13506.4
697.413	13488.9
698.598	13469.7
699.781	13465.8
700.966	13478.2
702.15	13492.3
703.334	13505.2
704.518	13513
705.701	13514
706.885	13508.1
708.068	13485.5
709.252	13459
710.433	13435.3
711.616	13434.2
712.799	13439.1
713.98	13448
715.163	13459.9
716.345	13455.9
717.527	13451.3
718.707	13446.6
719.889	13441
721.071	13433.4
722.25	13428.3
723.432	13432.8
724.611	13443
725.792	13458.5
726.972	13469.8
728.151	13468.3
729.332	13464.4
730.512	13460.9
731.69	13456.7
732.87	13454.3
734.048	13454
735.227	13459
736.405	13464.3
737.584	13470.3
738.761	13475.4
739.94	13481
741.117	13487.1
742.295	13493.5
743.471	13500.6
744.649	13506.8
745.825	13497
747.003	13490.2
748.179	13485.9
749.356	13488.1
750.531	13492.1
751.708	13496
752.883	13496.8
754.059	13496.6
755.234	13494.7
756.409	13491
757.585	13485
758.759	13475.8
759.934	13465.3
761.108	13460.1
762.282	13458.1
763.456	13457
764.63	13456.2
765.803	13454.8
766.977	13451.8
768.15	13446.2
769.323	13441
770.496	13436.6
771.668	13440
772.841	13432.7
774.014	13416.3
775.185	13400.7
776.357	13388.7
777.528	13381.8
778.701	13379.1
779.872	13379.7
781.042	13385.4
782.213	13393.8
783.383	13405.1
784.555	13405.5
785.725	13377.8
786.895	13333.3
788.064	13286.1
789.234	13268.1
790.404	13292.4
791.573	13296.1
792.742	13295.7
793.911	13294.5
795.08	13292.2
796.248	13292.4
797.416	13287.6
798.584	13281.4
799.753	13257.8
800.921	13205.7
802.088	13207.6
803.256	13228.3
804.423	13245.6
805.59	13257.7
806.756	13263.1
807.923	13261.5
809.089	13254.8
810.256	13242.1
811.422	13223.2
812.587	13198.7
813.753	13187.8
814.918	13189.2
816.084	13211.3
817.249	13248.9
818.414	13270.8
819.578	13272.8
820.743	13253.6
821.907	13245.1
823.072	13243.8
824.236	13248.4
825.399	13265.2
826.562	13275.7
827.725	13280.5
828.889	13278.2
830.052	13268.4
831.215	13254
832.377	13239.2
833.54	13233.7
834.701	13238.8
835.863	13251.5
837.025	13267.3
838.187	13282.6
839.349	13293.6
840.51	13298
841.67	13297
842.831	13290.8
843.992	13277.2
845.153	13257.8
846.312	13235.4
847.473	13217.6
848.633	13223.5
849.793	13236.8
850.951	13232.6
852.111	13222.9
853.27	13214.1
854.428	13204.4
855.588	13192.1
856.747	13179.1
857.904	13164.3
859.063	13150
860.221	13136.3
861.378	13123.1
862.536	13112.6
863.694	13101.5
864.85	13091.3
866.008	13081.5
867.164	13071.6
868.321	13063.3
869.478	13056.5
870.633	13052.5
871.79	13054.1
872.945	13062.4
874.101	13062.2
875.256	13051.8
876.412	13033.9
877.566	13010.7
878.722	12980.5
879.876	12962.5
881.031	12951.1
882.185	12945.9
883.34	12941.8
884.493	12933.5
885.647	12926.1
886.8	12920.1
887.954	12915.6
889.107	12912.4
890.261	12910.9
891.413	12911
892.565	12914.4
893.718	12916.3
894.87	12913.6
896.023	12909.8
897.174	12905.4
898.326	12900.4
899.478	12895.1
900.629	12889.8
901.779	12884.4
902.931	12879.5
904.081	12875.9
905.231	12874.3
906.383	12878.4
907.532	12884.8
908.682	12904.2
909.831	12914.8
910.982	12918.9
912.131	12915.9
913.28	12902.9
914.429	12901
915.578	12898.8
916.727	12898.1
917.875	12899.3
919.023	12902.2
920.171	12906.5
921.32	12910.6
922.467	12913.8
923.614	12914.3
924.761	12912.4
925.908	12908.8
927.055	12902
928.203	12892.9
929.349	12883.5
930.496	12877.1
931.642	12873.4
932.787	12872.4
933.933	12874.7
935.079	12878.5
936.224	12883.2
937.369	12880.2
938.514	12865.7
939.659	12851.8
940.804	12838.1
941.948	12827
943.092	12818.4
944.236	12811.5
945.38	12807.1
946.524	12804.8
947.667	12805.8
948.811	12807.8
949.954	12804.1
951.097	12793
952.24	12760.5
953.383	12744.9
954.525	12745.6
955.667	12752.9
956.81	12754.6
957.952	12755.6
959.093	12756.3
960.235	12756.1
961.376	12754.9
962.516	12750.2
963.658	12742.4
964.798	12730.3
965.939	12708.9
967.08	12689.3
968.22	12679.8
969.359	12670.9
970.499	12663.8
971.639	12657.9
972.779	12653.8
973.918	12650.5
975.056	12645.7
976.195	12640.1
977.334	12634
978.473	12632.4
979.61	12634.5
980.749	12634.2
981.887	12634.2
983.024	12634.7
984.162	12636.2
985.3	12638.3
986.437	12641.2
987.573	12645.5
988.711	12647.5
989.848	12646.8
990.983	12635.1
992.12	12622.4
993.255	12603.9
994.392	12601.3
995.528	12604.4
996.662	12614.1
997.798	12630.5
998.933	12646.9
1000.07	12659.8
1001.2	12668.7
1002.34	12682.3
1003.47	12691.9
1004.61	12696.5
1005.74	12694.5
1006.87	12670.3
1008.01	12638.8
1009.14	12619.7
1010.27	12612.2
1011.41	12634.2
1012.54	12652
1013.67	12628.9
1014.81	12617.3
1015.94	12604.7
1017.07	12591.5
1018.2	12577.9
1019.33	12564.9
1020.47	12553.2
1021.6	12543
1022.73	12535.6
1023.86	12540.8
1024.99	12563.1
1026.12	12584.5
1027.25	12596
1028.38	12595.1
1029.51	12583
1030.64	12554.3
1031.77	12534.7
1032.9	12519
1034.03	12507.2
1035.16	12498
1036.29	12490.6
1037.42	12484
1038.55	12478.7
1039.67	12471.5
1040.8	12460.5
1041.93	12447.1
1043.06	12432.6
1044.19	12421.3
1045.31	12416.1
1046.44	12403.3
1047.57	12390.8
1048.69	12355.3
1049.82	12335.1
1050.95	12352.9
1052.08	12419.7
1053.2	12408.7
1054.33	12342.8
1055.45	12309.6
1056.58	12310
1057.7	12381.6
1058.83	12374
1059.95	12361.7
1061.08	12355.1
1062.2	12314.3
1063.33	12307.9
1064.45	12309.5
1065.58	12311.5
1066.7	12313.3
1067.83	12314.3
1068.95	12311.9
1070.07	12307
1071.2	12299.8
1072.32	12290.5
1073.44	12279.1
1074.56	12265.3
1075.69	12282.3
1076.81	12303.9
1077.93	12312
1079.05	12314.1
1080.17	12302
1081.3	12286.7
1082.42	12277
1083.54	12268.6
1084.66	12261.1
1085.78	12257.3
1086.9	12256.6
1088.02	12257.7
1089.14	12260.3
1090.26	12263.8
1091.38	12267.2
1092.5	12265.9
1093.62	12266.5
1094.74	12266.6
1095.86	12266.2
1096.98	12265.1
1098.1	12263.7
1099.22	12260.8
1100.34	12255.4
1101.45	12247.9
1102.57	12241.2
1103.69	12234.9
1104.81	12233
1105.93	12240.8
1107.04	12240.8
1108.16	12240
1109.28	12232.7
1110.4	12223.6
1111.51	12210.7
1112.63	12195
1113.75	12177.9
1114.86	12157.9
1115.98	12145.3
1117.09	12141.2
1118.21	12140.3
1119.32	12138.7
1120.44	12137.5
1121.55	12136.2
1122.67	12134
1123.78	12124
1124.9	12110.8
1126.01	12093.5
1127.13	12076.8
1128.24	12067.9
1129.35	12057.4
1130.47	12040.8
1131.58	12024
1132.7	12002.4
1133.81	11981.5
1134.92	11965.7
1136.03	11952.1
1137.15	11945.9
1138.26	11951.4
1139.37	11914
1140.48	11870.5
1141.59	11847
1142.71	11838.5
1143.82	11825.9
1144.93	11882.4
1146.04	11885.6
1147.15	11892.8
1148.26	11895.4
1149.37	11892.9
1150.48	11886.3
1151.59	11872.1
1152.7	11847
1153.81	11820.6
1154.92	11802.9
1156.03	11791.3
1157.14	11780.4
1158.25	11773
1159.36	11770.5
1160.47	11770.9
1161.58	11772.3
1162.68	11774.5
1163.79	11776.1
1164.9	11776.9
1166.01	11776.4
1167.12	11775.8
1168.22	11774
1169.33	11770.3
1170.44	11770
1171.55	11773.3
1172.65	11780.2
1173.76	11791.7
1174.87	11798
1175.97	11799
1177.08	11794.7
1178.18	11785
1179.29	11770.3
1180.4	11749.9
1181.5	11740.3
1182.61	11752.2
1183.71	11771.6
1184.82	11779
1185.92	11784.5
1187.02	11777.4
1188.13	11773.8
1189.23	11776.2
1190.34	11783.5
1191.44	11788.1
1192.54	11802.3
1193.65	11816.6
1194.75	11812.7
1195.85	11803
1196.96	11798.2
1198.06	11789.8
1199.16	11782.9
1200.26	11776.1
1201.37	11770.4
1202.47	11766.7
1203.57	11765.3
1204.67	11765.7
1205.77	11767.9
1206.87	11771.6
1207.97	11776.2
1209.08	11783
1210.18	11787.3
1211.28	11773
1212.38	11738.8
1213.48	11717.8
1214.58	11705.7
1215.68	11702.1
1216.78	11748.2
1217.88	11731.5
1218.98	11722.2
1220.07	11716.2
1221.17	11710.4
1222.27	11706.2
1223.37	11704.1
1224.47	11702.6
1225.57	11695.3
1226.66	11689.8
1227.76	11672
1228.86	11654.3
1229.96	11642.2
1231.06	11638.7
1232.15	11633.9
1233.25	11626
1234.35	11615.1
1235.44	11599.8
1236.54	11585.3
1237.63	11570.7
1238.73	11557.9
1239.83	11551.6
1240.92	11545.7
1242.02	11541.1
1243.11	11537.6
1244.21	11534.8
1245.3	11531.7
1246.4	11527.1
1247.49	11521.1
1248.59	11514.1
1249.68	11502.4
1250.78	11484
1251.87	11504.8
1252.96	11504.3
1254.06	11496.2
1255.15	11486.9
1256.24	11474.4
1257.34	11467
1258.43	11460.3
1259.52	11454.7
1260.62	11450.2
1261.71	11447.6
1262.8	11446.3
1263.89	11458.1
1264.98	11483.7
1266.08	11513.8
1267.17	11511.2
1268.26	11407.1
1269.35	11413.5
1270.44	11428.2
1271.53	11434.9
1272.62	11442.8
1273.71	11450.3
1274.8	11456.5
1275.89	11461.1
1276.98	11463.4
1278.07	11464.4
1279.16	11464
1280.25	11464
1281.34	11463.8
1282.43	11459.5
1283.52	11452.6
1284.61	11443.9
1285.69	11431.7
1286.78	11417.7
1287.87	11400.9
1288.96	11387.8
1290.05	11392.2
1291.13	11402.9
1292.22	11411
1293.31	11417.5
1294.4	11421.8
1295.48	11414.6
1296.57	11410.3
1297.66	11402.3
1298.74	11411.5
1299.83	11418.4
1300.92	11422.7
1302	11426.8
1303.09	11429.1
1304.17	11429.5
1305.26	11425.7
1306.34	11414.7
1307.43	11377.5
1308.51	11379.3
1309.6	11400.7
1310.68	11422.1
1311.76	11424.3
1312.85	11436.9
1313.93	11411.6
1315.02	11397.8
1316.1	11385.4
1317.18	11372.2
1318.27	11357.5
1319.35	11353.3
1320.43	11359.6
1321.52	11361.4
1322.6	11362.9
1323.68	11361.9
1324.76	11352.4
1325.85	11334.3
1326.93	11319.7
1328.01	11304.8
1329.09	11290.8
1330.17	11278.6
1331.25	11268.4
1332.33	11261
1333.41	11252.4
1334.49	11243.9
1335.58	11237
1336.65	11231
1337.74	11231.6
1338.82	11235.2
1339.89	11245.6
1340.97	11246.2
1342.05	11247.3
1343.13	11244.9
1344.21	11238.1
1345.29	11228.1
1346.37	11226.2
1347.45	11228
1348.53	11220.9
1349.6	11217.6
1350.68	11198.9
1351.76	11176.2
1352.84	11163
1353.92	11158.4
1354.99	11175.4
1356.07	11181.6
1357.15	11179.7
1358.22	11174.4
1359.3	11173.6
1360.38	11174.3
1361.45	11181
1362.53	11192.8
1363.61	11191.2
1364.68	11191.8
1365.76	11205.7
1366.83	11199.9
1367.91	11179.1
1368.98	11151.8
1370.06	11141.9
1371.13	11149.3
1372.21	11175.1
1373.28	11180
1374.35	11173.9
1375.43	11162.7
1376.5	11151.2
1377.58	11149.3
1378.65	11151.3
1379.72	11152.5
1380.8	11155.3
1381.87	11162.5
1382.94	11144.7
1384.01	11137.2
1385.09	11136.9
1386.16	11133.4
1387.23	11131.5
1388.3	11125.7
1389.38	11116
1390.45	11105.6
1391.52	11095.8
1392.59	11085.9
1393.66	11077.5
1393.92	11074.7
1395	11072
1396.07	11073.4
1397.15	11074.7
1398.22	11074.9
1399.3	11073.5
1400.38	11070.3
1401.45	11065.7
1402.53	11059.3
1403.6	11051.3
1404.68	11041.3
1405.75	11030
1406.82	11018
1407.9	11008.2
1408.97	10999
1410.05	10990.3
1411.12	10986
1412.19	10984.9
1413.27	10986.2
1414.34	10990.1
1415.41	10996.2
1416.49	11004.1
1417.56	11005.1
1418.63	10997.3
1419.7	10985
1420.78	10968.1
1421.85	10952.8
1422.92	10946.3
1423.99	10941
1425.06	10937
1426.14	10935.2
1427.21	10934.4
1428.28	10934.5
1429.35	10931.9
1430.42	10933.6
1431.49	10916.2
1432.56	10898.5
1433.63	10887.4
1434.7	10878.1
1435.77	10874.3
1436.84	10877.7
1437.91	10884.3
1438.98	10894.1
1440.05	10906.4
1441.12	10915.6
1442.18	10912.5
1443.25	10906.6
1444.32	10897.5
1445.39	10885.7
1446.46	10866.1
1447.53	10860
1448.59	10858.7
1449.66	10857
1450.73	10854.2
1451.8	10849.3
1452.86	10842.3
1453.93	10835.5
1455	10824.3
1456.06	10812.3
1457.13	10799.2
1458.2	10790.3
1459.26	10786.4
1460.33	10791.2
1461.39	10803.1
1462.46	10808.2
1463.52	10808.1
1464.59	10804.5
1465.65	10797.7
1466.72	10798.9
1467.78	10802
1468.85	10830.6
1469.91	10843.5
1470.98	10848.8
1472.04	10848.8
1473.1	10840.8
1474.17	10826.6
1475.23	10809.5
1476.3	10796.9
1477.36	10778.3
1478.42	10760.1
1479.48	10742.7
1480.55	10735.2
1481.61	10759.5
1482.67	10779.9
1483.73	10802.8
1484.8	10824.8
1485.86	10745.1
1486.92	10730.3
1487.98	10715.9
1489.04	10692.5
1490.1	10707.6
1491.17	10724.5
1492.23	10718.6
1493.29	10710.9
1494.35	10704.9
1495.41	10702.1
1496.47	10701.3
1497.53	10712.3
1498.59	10714.2
1499.65	10719.8
1500.71	10728.8
1501.77	10734.6
1502.83	10730.3
1503.88	10714.8
1504.94	10692.5
1506	10670.7
1507.06	10648.5
1508.12	10631.7
1509.18	10617
1510.23	10604.9
1511.29	10596.2
1512.35	10600.5
1513.41	10601.1
1514.47	10597.6
1515.52	10593.5
1516.58	10590.6
1517.64	10589.1
1518.69	10588
1519.75	10586.5
1520.81	10582.3
1521.86	10575.5
1522.92	10571.3
1523.97	10570
1525.03	10565.9
1526.08	10559.9
1527.14	10552.9
1528.2	10545
1529.25	10536.5
1530.31	10527.3
1531.36	10517.5
1532.42	10507
1533.47	10497.5
1534.52	10491.2
1535.58	10489
1536.63	10490.9
1537.69	10487.8
1538.74	10484.9
1539.79	10481.2
1540.84	10477.2
1541.9	10471.3
1542.95	10465
1544	10458.6
1545.06	10452.6
1546.11	10452.9
1547.16	10452.6
1548.21	10450.7
1549.27	10446.7
1550.32	10446.2
1551.37	10433.3
1552.42	10415.3
1553.47	10410.4
1554.52	10415.6
1555.57	10427.4
1556.62	10438.7
1557.67	10452
1558.72	10465.4
1559.77	10469.8
1560.82	10456.7
1561.87	10434.6
1562.92	10426.2
1563.97	10422.6
1565.02	10430.4
1566.07	10434.3
1567.12	10412.9
1568.17	10395.8
1569.22	10386.4
1570.27	10380
1571.32	10379.7
1572.36	10382.1
1573.41	10386.2
1574.46	10391.3
1575.51	10401.4
1576.56	10411
1577.6	10417.8
1578.65	10416.3
1579.7	10403
1580.74	10389
1581.79	10377.4
1582.84	10367.7
1583.88	10359.7
1584.93	10352
1585.98	10345.4
1587.02	10337.7
1588.07	10328.7
1589.11	10319
1590.16	10307.2
1591.2	10300.3
1592.25	10297.3
1593.29	10294.8
1594.34	10294.3
1595.38	10294.5
1596.43	10296.4
1597.47	10298.8
1598.52	10300.1
1599.56	10301.3
1600.6	10299.5
1601.65	10294.3
1602.69	10282.1
1603.73	10272.3
1604.78	10263.4
1605.82	10255.4
1606.86	10253.8
1607.91	10248.8
1608.95	10242
1609.99	10233.5
1611.03	10223.1
1612.08	10209.3
1613.12	10190.9
1614.16	10168.9
1615.2	10144.8
1616.24	10133
1617.28	10141.6
1618.32	10148.4
1619.36	10145.3
1620.41	10139.6
1621.45	10131.1
1622.49	10120
1623.53	10104.5
1624.57	10086.3
1625.61	10066.1
1626.65	10044.2
1627.69	10034.9
1628.73	10025.2
1629.76	10021.1
1630.8	10020.3
1631.84	10023.9
1632.88	10031.2
1633.92	10035
1634.96	10035.2
1636	10024.1
1637.03	10012.3
1638.07	9998.83
1639.11	9985.16
1640.15	9973.96
1641.19	9964.41
1642.22	9957.53
1643.26	9952.19
1644.3	9948.7
1645.33	9946.85
1646.37	9947.16
1647.41	9948.91
1648.44	9947.33
1649.48	9943.41
1650.52	9928.77
1651.55	9906.46
1652.59	9895.1
1653.62	9892.02
1654.66	9889.97
1655.69	9886.87
1656.73	9884.53
1657.76	9882.55
1658.8	9879.31
1659.83	9875.88
1660.87	9872.58
1661.9	9869.57
1662.93	9866.86
1663.97	9865.05
1665	9864.82
1666.04	9862.59
1667.07	9860.91
1668.1	9857.58
1669.14	9839.6
1670.17	9819.12
1671.2	9810.43
1672.23	9806.56
1673.27	9805.73
1674.3	9805.5
1675.33	9805.78
1676.36	9806.64
1677.39	9807
1678.43	9810.58
1679.46	9813.23
1680.49	9812.08
1681.52	9806.65
1682.55	9796.39
1683.58	9780.85
1684.61	9780.48
1685.64	9772.42
1686.67	9763.54
1687.7	9752.53
1688.73	9740.47
1689.76	9727.62
1690.79	9714.81
1691.82	9704.41
1692.85	9696.72
1693.88	9689
1694.91	9683.34
1695.94	9678.62
1696.97	9676.03
1698	9676.7
1699.02	9682.33
1700.05	9695.38
1701.08	9699.71
1702.11	9703.81
1703.14	9709.2
1704.16	9708.41
1705.19	9702.67
1706.22	9692.26
1707.25	9679.31
1708.27	9664.66
1709.3	9649.26
1710.33	9632.26
1711.35	9613.94
1712.38	9594.15
1713.41	9586.63
1714.43	9587.23
1715.46	9595.32
1716.48	9592.95
1717.51	9588.67
1718.53	9580.98
1719.56	9569.1
1720.58	9554.95
1721.61	9536.81
1722.63	9521.07
1723.66	9516.16
1724.68	9516.44
1725.71	9522.17
1726.73	9533.85
1727.75	9548.16
1728.78	9552.84
1729.8	9549.9
1730.83	9538.27
1731.85	9516.56
1732.87	9494.67
1733.89	9468.5
1734.92	9450
1735.94	9447.52
1736.96	9448.89
1737.98	9453.24
1739.01	9458.52
1740.03	9463.83
1741.05	9465.2
1742.07	9459.88
1743.09	9450.24
1744.12	9448.27
1745.14	9445.06
1746.16	9440.5
1747.18	9434.28
1748.2	9426.35
1749.22	9416.6
1750.24	9405.63
1751.26	9383.29
1752.28	9363.9
1753.3	9349.04
1754.32	9346.06
1755.34	9341.55
1756.36	9349.94
1757.38	9351.34
1758.4	9344.18
1759.42	9340.48
1760.44	9336.13
1761.45	9331.32
1762.47	9326.46
1763.49	9321.97
1764.51	9316.73
1765.53	9311.57
1766.55	9306.13
1767.56	9300.66
1768.58	9295.35
1769.6	9290.55
1770.61	9290.76
1771.63	9290.78
1772.65	9283.78
1773.67	9274.62
1774.68	9257.61
1775.7	9243.9
1776.72	9235.75
1777.73	9228.61
1778.75	9222.05
1779.76	9220.02
1780.78	9221.14
1781.79	9222.91
1782.81	9222.61
1783.83	9218.33
1784.84	9212.21
1785.85	9203.69
1786.87	9192.79
1787.88	9179.52
1788.9	9163.91
1789.91	9146.3
1790.93	9131.17
1791.94	9124.38
1792.95	9118.61
1793.97	9115.96
1794.98	9110.54
1796	9102.01
1797.01	9096.23
1798.02	9110.85
1799.03	9135.41
1800.05	9129.22
1801.06	9095.63
1802.07	9078.01
1803.08	9062.86
1804.1	9055.39
1805.11	9049.36
1806.12	9044.62
1807.13	9040.23
1808.14	9034.08
1809.15	9026.31
1810.17	9019.1
1811.18	9011.41
1812.19	9003.19
1813.2	8994.5
1814.21	8985.64
1815.22	8976.3
1816.23	8966.47
1817.24	8956.58
1818.25	8961.32
1819.26	8964.02
1820.27	8966.1
1821.28	8962.11
1822.29	8952.99
1823.3	8937.49
1824.3	8939.28
1825.31	8934.73
1826.32	8924.6
1827.33	8913.93
1828.34	8901.68
1829.35	8887.41
1830.35	8870.58
1831.36	8850.5
1832.37	8837.22
1833.38	8828.49
1834.38	8828.58
1835.39	8839.53
1836.4	8843.83
1837.41	8842.14
1838.41	8848.01
1839.42	8848.32
1840.43	8844
1841.43	8835.55
1842.44	8819.84
1843.44	8801.21
1844.45	8782.31
1845.46	8769.29
1846.46	8757.49
1847.47	8749.14
1848.47	8744.06
1849.48	8741.26
1850.48	8740.29
1851.49	8739.96
1852.49	8734.32
1853.49	8722.41
1854.5	8710.04
1855.5	8701.89
1856.51	8693.8
1857.51	8705.44
1858.51	8715.48
1859.52	8716.3
1860.52	8682.47
1861.52	8658.26
1862.53	8667.73
1863.53	8669.38
1864.53	8668.65
1865.54	8663.92
1866.54	8659.68
1867.54	8646.05
1868.54	8633.97
1869.54	8619.63
1870.55	8612.92
1871.55	8608.16
1872.55	8603.27
1873.55	8596.68
1874.55	8588.61
1875.55	8578.3
1876.55	8569.38
1877.55	8565.69
1878.55	8564.14
1879.55	8561.28
1880.56	8549.58
1881.55	8534.48
1882.56	8524.18
1883.55	8518.2
1884.55	8516.28
1885.55	8513.44
1886.55	8512.24
1887.55	8505.5
1888.55	8499.01
1889.55	8492.46
1890.55	8486.13
1891.55	8480.52
1892.55	8475.39
1893.54	8475.43
1894.54	8473.44
1895.54	8469.13
1896.54	8457.97
1897.54	8429.44
1898.53	8409.05
1899.53	8391.59
1900.53	8382.69
1901.52	8388.25
1902.52	8401.2
1903.52	8408.75
1904.51	8412.3
1905.51	8411.47
1906.51	8404.46
1907.5	8395.1
1908.5	8384.64
1909.49	8375.4
1910.49	8367.6
1911.49	8358.85
1912.48	8347.98
1913.48	8330.08
1914.47	8308.05
1915.46	8297.86
1916.46	8294.54
1917.45	8290.4
1918.45	8286.22
1919.44	8282.18
1920.44	8274.69
1921.43	8267.83
1922.43	8252.26
1923.42	8241.25
1924.41	8231.74
1925.41	8226.38
1926.4	8229.2
1927.39	8230.73
1928.38	8232.47
1929.38	8237.28
1930.37	8234.49
1931.36	8228.27
1932.35	8216.09
1933.35	8199.34
1934.34	8187.88
1935.33	8176.73
1936.32	8165.14
1937.31	8154.06
1938.3	8142.79
1939.29	8131.17
1940.29	8119.01
1941.28	8106.12
1942.27	8092.69
1943.26	8078.56
1944.25	8063.61
1945.24	8050.01
1946.23	8039.8
1947.22	8040.36
1948.21	8048.9
1949.2	8056.91
1950.19	8062.53
1951.18	8063.5
1952.17	8054.99
1953.16	8025.35
1954.14	8014.06
1955.13	7998.12
1956.12	7992.39
1957.11	7994.81
1958.1	7995.08
1959.09	7994.62
1960.07	7993.22
1961.06	7989.42
1962.05	7984.57
1963.04	7978.24
1964.02	7970.78
1965.01	7961.84
1966	7951.6
1966.99	7940.73
1967.97	7929.67
1968.96	7920.24
1969.95	7911.25
1970.93	7913.56
1971.92	7920.07
1972.9	7922.14
1973.89	7920.83
1974.88	7914.56
1975.86	7909.91
1976.85	7890.48
1977.83	7866.38
1978.82	7850.25
1979.8	7836.72
1980.79	7827.88
1981.77	7820.66
1982.76	7813.97
1983.74	7808.8
1984.72	7804.77
1985.71	7801.89
1986.69	7799.94
1987.67	7798.54
1988.66	7796.22
1989.64	7787.46
1990.62	7774.62
1991.61	7777.56
1992.59	7780.66
1993.57	7782.09
1994.56	7794.03
1995.54	7788.44
1996.52	7760.03
1997.5	7748.82
1998.49	7731.98
1999.47	7752.11
2000.45	7747.64
2001.43	7737.69
2002.41	7720.67
2003.39	7701.56
2004.38	7689.59
2005.36	7678.64
2006.34	7668.66
2007.32	7660.29
2008.3	7653.16
2009.28	7648.43
2010.26	7644.88
2011.24	7641.57
2012.22	7637.77
2013.2	7631.93
2014.18	7625.87
2015.16	7626.1
2016.14	7623.97
2017.12	7617.61
2018.1	7607.82
2019.07	7588.22
2020.05	7567.59
2021.03	7553.68
2022.01	7549.16
2022.99	7564.85
2023.97	7553.6
2024.95	7550.63
2025.92	7547.16
2026.9	7541.99
2027.88	7535.92
2028.86	7528.87
2029.83	7520.72
2030.81	7511.16
2031.79	7501.12
2032.76	7490.79
2033.74	7480.89
2034.72	7472.51
2035.69	7465.81
2036.67	7456.55
2037.65	7446.44
2038.62	7435.43
2039.6	7423.86
2040.57	7411.02
2041.55	7397.8
2042.52	7388.25
2043.5	7382.85
2044.47	7377.12
2045.45	7372.15
2046.42	7367.42
2047.4	7362.69
2048.37	7359.04
2049.35	7355.24
2050.32	7351.51
2051.29	7345.37
2052.27	7321.05
2053.24	7295.27
2054.21	7283.71
2055.19	7350.83
2056.16	7370.95
2057.13	7326.79
2058.11	7261.72
2059.08	7259.97
2060.05	7259.03
2061.02	7264.95
2062	7266.7
2062.97	7264.13
2063.94	7257.93
2064.91	7246.58
2065.89	7232.74
2066.86	7218.45
2067.83	7198.16
2068.8	7194.04
2069.77	7197.2
2070.74	7218.91
2071.71	7213.03
2072.68	7203.51
2073.65	7162.36
2074.62	7170.83
2075.59	7175.8
2076.56	7185.55
2077.53	7183.99
2078.5	7170.05
2079.47	7148.78
2080.44	7128.05
2081.41	7095.67
2082.38	7071.02
2083.35	7059.72
2084.32	7065.17
2085.29	7074.25
2086.26	7084.25
2087.23	7098.7
2088.19	7109.91
2089.16	7107.18
2090.13	7096.61
2091.1	7081.8
2092.07	7070.03
2093.03	7058.78
2094	7047.14
2094.97	7036.33
2095.94	7026.67
2096.9	7017.9
2097.87	7010.37
2098.84	7003.94
2099.8	6999.59
2100.77	6995.67
2101.74	6989.39
2102.7	6980.22
2103.67	6960.41
2104.63	6947.52
2105.6	6937.74
2106.56	6968.79
2107.53	6975.37
2108.49	6969.61
2109.46	6958.8
2110.42	6946.87
2111.39	6933.23
2112.35	6916.96
2113.32	6897.6
2114.28	6875.87
2115.25	6847.83
2116.21	6821.78
2117.17	6825.32
2118.14	6828.6
2119.1	6841.3
2120.07	6841.97
2121.03	6836.51
2121.99	6824.87
2122.96	6807.81
2123.92	6790.9
2124.88	6780.49
2125.84	6777.42
2126.81	6783.11
2127.77	6797.43
2128.73	6804.03
2129.69	6804.27
2130.65	6798.76
2131.62	6784.64
2132.58	6768.76
2133.54	6753.13
2134.5	6738.18
2135.46	6724.93
2136.42	6713.88
2137.38	6706.84
2138.34	6709.25
2139.3	6712.77
2140.26	6709.98
2141.22	6696.54
2142.18	6683.07
2143.14	6667.62
2144.1	6651.09
2145.06	6633.58
2146.02	6614.81
2146.98	6629.15
2147.94	6654.86
2148.9	6683.46
2149.86	6692.73
2150.82	6664.28
2151.78	6635.08
2152.74	6590.71
2153.69	6604.25
2154.65	6600.71
2155.61	6596.67
2156.57	6592.86
2157.53	6589.27
2158.48	6586.24
2159.44	6582.94
2160.4	6580.78
2161.36	6569.14
2162.31	6554.11
2163.27	6534.56
2164.23	6518.72
2165.18	6523.63
2166.14	6524.84
2167.1	6521.68
2168.05	6513.24
2169.01	6501.79
2169.96	6499.73
2170.92	6498.48
2171.88	6496.28
2172.83	6489.79
2173.79	6469.1
2174.74	6449.02
2175.7	6420.25
2176.65	6386.08
2177.6	6359.93
2178.56	6341.86
2179.51	6329.62
2180.47	6319.49
2181.42	6312.3
2182.38	6307.87
2183.33	6306.46
2184.28	6308.21
2185.24	6312.44
2186.19	6318.72
2187.14	6323.77
2188.1	6322.93
2189.05	6308.62
2190	6281.61
2190.96	6263.89
2191.91	6250.59
2192.86	6242.05
2193.81	6252.33
2194.76	6247.93
2195.72	6244.33
2196.67	6225.93
2197.62	6201.64
2198.57	6188.07
2199.52	6178.42
2200.47	6173.1
2201.43	6181.32
2202.38	6199.3
2203.33	6205.67
2204.28	6181.98
2205.23	6180.17
2206.18	6182.51
2207.13	6183.28
2208.08	6189.42
2209.03	6185.68
2209.98	6182.46
2210.93	6177.52
2211.88	6165.41
2212.83	6153.89
2213.78	6143.46
2214.73	6133.45
2215.67	6123.82
2216.62	6114.35
2217.57	6104.88
2218.52	6095.97
2219.47	6088.12
2220.42	6082.58
2221.37	6077.78
2222.31	6073.63
2223.26	6070.66
2224.21	6069.32
2225.16	6068.25
2226.1	6067.47
2227.05	6066.86
2228	6065.72
2228.94	6063.5
2229.89	6056.99
2230.84	6037.45
2231.78	6021.77
2232.73	6008.92
2233.68	5999.73
2234.62	5994.71
2235.57	5990.55
2236.51	5982.42
2237.46	5981.2
2238.41	5982.48
2239.35	5985.87
2240.3	5991.34
2241.24	5989.16
2242.19	5991.21
2243.13	5995.28
2244.07	6000.17
2245.02	5993.61
2245.96	5972.26
2246.91	5961.56
2247.85	5956.64
2248.8	5954.63
2249.74	5955.58
2250.68	5959.17
2251.63	5966.43
2252.57	5971.9
2253.51	5971.53
2254.46	5966.35
2255.4	5960.4
2256.34	5956.16
2257.28	5952.86
2258.23	5944.6
2259.17	5942.97
2260.11	5945.31
2261.05	5946.88
2262	5942.16
2262.94	5936.56
2263.88	5929.69
2264.82	5924.29
2265.76	5918.91
2266.7	5914
2267.64	5909.44
2268.58	5904.83
2269.53	5900.77
2270.47	5894.15
2271.41	5889.92
2272.35	5887.56
2273.29	5886.33
2274.23	5885.85
2275.17	5869.12
2276.11	5864.2
2277.05	5864.46
2277.99	5865.24
2278.93	5867.82
2279.86	5869.41
2280.8	5866.03
2281.74	5857.76
2282.68	5850.57
2283.62	5846.9
2284.56	5844.83
2285.5	5842.74
2286.44	5840.86
2287.37	5839.72
2288.31	5839.22
2289.25	5839.09
2290.19	5837.31
2291.12	5834.79
2292.06	5830.88
2293	5827.66
2293.94	5825.23
2294.87	5822.58
2295.81	5820.28
2296.75	5817.06
2297.68	5815.51
2298.62	5815.29
2299.55	5818.11
2300.49	5817.72
2301.43	5816.06
2302.36	5811.03
2303.3	5798.77
2304.23	5787.61
2305.17	5781.69
2306.1	5777.97
2307.04	5775.44
2307.98	5772.37
2308.91	5766.96
2309.84	5760.36
2310.78	5752.97
2311.71	5743.69
2312.65	5732.97
2313.58	5721.96
2314.52	5715.11
2315.45	5715.57
2316.38	5717.84
2317.32	5717.16
2317.72	5717.08
2318.66	5716.97
2319.6	5713.68
2320.54	5707.55
2321.48	5690.43
2322.41	5680.05
2323.35	5677.22
2324.29	5674.72
2325.23	5672.38
2326.16	5670.56
2327.1	5671.43
2328.04	5666.78
2328.97	5657.35
2329.91	5643.22
2330.85	5629.13
2331.78	5620.05
2332.72	5611.61
2333.66	5604.68
2334.59	5599.69
2335.53	5596.43
2336.46	5595.15
2337.4	5594.89
2338.33	5594.91
2339.27	5593.85
2340.2	5590.61
2341.14	5587.23
2342.07	5582.77
2343.01	5578.15
2343.94	5573.53
2344.88	5569.02
2345.81	5566.2
2346.75	5563.32
2347.68	5559.91
2348.61	5557.43
2349.55	5556.13
2350.48	5556.8
2351.41	5560.15
2352.35	5562.65
2353.28	5566.69
2354.21	5558.75
2355.15	5545.25
2356.08	5526.21
2357.01	5513.83
2357.94	5508.15
2358.88	5504
2359.81	5499.52
2360.74	5495.96
2361.67	5494.35
2362.6	5493.21
2363.54	5493.31
2364.47	5493.58
2365.4	5493.87
2366.33	5492.36
2367.26	5488.12
2368.19	5480.72
2369.12	5471.54
2370.05	5462.05
2370.98	5453.89
2371.91	5448.89
2372.84	5451.25
2373.77	5453.31
2374.7	5457.71
2375.63	5465.34
2376.56	5473.08
2377.49	5465.02
2378.42	5455.96
2379.35	5446.04
2380.28	5435.86
2381.21	5425.99
2382.14	5416.39
2383.07	5412.99
2384	5410.62
2384.92	5407.84
2385.85	5408.06
2386.78	5401.44
2387.71	5392.85
2388.64	5383.31
2389.56	5374.18
2390.49	5366.58
2391.42	5362.06
2392.35	5358.71
2393.27	5356.12
2394.2	5354.9
2395.13	5354.39
2396.05	5354.49
2396.98	5354.7
2397.91	5355.46
2398.83	5356.53
2399.76	5358.01
2400.69	5359.77
2401.61	5358.26
2402.54	5353.86
2403.46	5344.98
2404.39	5335.44
2405.31	5325.58
2406.24	5316.4
2407.17	5309.6
2408.09	5303.36
2409.01	5298.34
2409.94	5294.78
2410.86	5292.41
2411.79	5291.47
2412.71	5292.18
2413.64	5293.74
2414.56	5295.61
2415.49	5295.57
2416.41	5295.08
2417.33	5293.27
2418.26	5282.15
2419.18	5268.25
2420.1	5248.94
2421.03	5233.76
2421.95	5221.45
2422.87	5212.7
2423.79	5206.74
2424.72	5202.39
2425.64	5202.58
2426.56	5205.51
2427.48	5209.7
2428.41	5211.35
2429.33	5199.55
2430.25	5190.27
2431.17	5179.14
2432.09	5166.02
2433.01	5157.47
2433.93	5155.46
2434.86	5159.15
2435.78	5168.91
2436.7	5176.42
2437.62	5180.08
2438.54	5174.61
2439.46	5153.48
2440.38	5139.02
2441.3	5128.6
2442.22	5111.03
2443.14	5099.87
2444.06	5096.27
2444.98	5101.41
2445.9	5107.8
2446.82	5109.2
2447.73	5117.1
2448.65	5118.31
2449.57	5115.82
2450.49	5098.81
2451.41	5079.66
2452.33	5068.74
2453.25	5058.08
2454.17	5048.43
2455.08	5040.48
2456	5033.78
2456.92	5028.21
2457.84	5024.01
2458.75	5020.88
2459.67	5018.37
2460.59	5015.75
2461.51	5013.15
2462.42	5009.68
2463.34	5003.13
2464.26	4996.88
2465.17	4990.44
2466.09	4983.94
2467	4977.34
2467.92	4970.81
2468.84	4966.31
2469.75	4960.98
2470.67	4954.93
2471.58	4948.51
2472.5	4940.06
2473.42	4932.71
2474.33	4930.68
2475.25	4932.59
2476.16	4943.19
2477.08	4938.35
2477.99	4929.31
2478.9	4916.12
2479.82	4898.43
2480.73	4891.01
2481.65	4891.56
2482.56	4898.05
2483.47	4900.59
2484.39	4907.66
2485.3	4914.4
2486.22	4912.69
2487.13	4903.2
2488.04	4892.36
2488.96	4880.46
2489.87	4874.54
2490.78	4859.8
2491.69	4865.03
2492.61	4874.07
2493.52	4895.18
2494.43	4894.89
2495.34	4880.59
2496.25	4850.86
2497.17	4841.94
2498.08	4834.76
2498.99	4830.9
2499.9	4830.47
2500.81	4842.35
2501.72	4852.95
2502.63	4858.57
2503.55	4856.16
2504.46	4849.3
2505.37	4832.24
2506.28	4819.27
2507.19	4812.24
2508.1	4808.32
2509.01	4806.85
2509.92	4809.49
2510.83	4813.36
2511.74	4816.93
2512.65	4819.87
2513.56	4827.31
2514.47	4830.33
2515.37	4825.96
2516.28	4816.35
2517.19	4800.61
2518.1	4790.94
2519.01	4788.99
2519.92	4785.85
2520.83	4783.17
2521.73	4780.78
2522.64	4778.61
2523.55	4776.59
2524.46	4769.69
2525.37	4763.61
2526.27	4758.08
2527.18	4753.07
2528.09	4749.79
2529	4745.74
2529.9	4739.15
2530.81	4734.01
2531.72	4728.95
2532.62	4723.86
2533.53	4718.98
2534.44	4713.38
2535.34	4707.76
2536.25	4703.39
2537.15	4702.97
2538.06	4710.95
2538.96	4699.42
2539.87	4686.64
2540.78	4673.62
2541.68	4666.06
2542.59	4660.48
2543.49	4656
2544.4	4653.47
2545.3	4651.51
2546.21	4650.27
2547.11	4649.27
2548.01	4647.82
2548.92	4645.84
2549.82	4644.04
2550.73	4641.84
2551.63	4639.08
2552.53	4635.15
2553.44	4627.08
2554.34	4619.39
2555.24	4611.22
2556.15	4603.23
2557.05	4598.43
2557.95	4594.29
2558.86	4590.52
2559.76	4587.17
2560.66	4584.22
2561.56	4579.36
2562.46	4573.59
2563.37	4567.98
2564.27	4563.71
2565.17	4559.7
2566.07	4555.78
2566.97	4551.63
2567.88	4547.41
2568.78	4543.14
2569.68	4538.65
2570.58	4534.07
2571.48	4530.01
2572.38	4526.57
2573.28	4524.86
2574.18	4523.71
2575.08	4518.93
2575.98	4508.89
2576.88	4495.67
2577.78	4486.73
2578.68	4479.02
2579.58	4472.85
2580.48	4463.64
2581.38	4454.47
2582.28	4445.54
2583.18	4438.05
2584.08	4431.98
2584.98	4425.16
2585.88	4428.33
2586.77	4433.02
2587.67	4435.14
2588.57	4435.84
2589.47	4436.35
2590.37	4428.69
2591.27	4423.53
2592.16	4413.48
2593.06	4413.72
2593.96	4414.1
2594.86	4410.8
2595.75	4404.63
2596.65	4396.17
2597.55	4393.35
2598.45	4395.35
2599.34	4392.55
2600.24	4404.8
2601.13	4395.6
2602.03	4378.86
2602.93	4358.9
2603.82	4344.79
2604.72	4344.42
2605.62	4345.14
2606.51	4358.18
2607.41	4355.27
2608.3	4345.37
2609.2	4335.87
2610.09	4327.47
2610.99	4321.13
2611.88	4317.64
2612.78	4314.73
2613.67	4315.87
2614.57	4317.36
2615.46	4319.18
2616.36	4321.05
2617.25	4321.71
2618.14	4318.26
2619.04	4314.16
2619.93	4306.93
2620.83	4296.54
2621.72	4286.35
2622.61	4277.84
2623.5	4270.96
2624.4	4264.81
2625.29	4263.73
2626.18	4261.51
2627.08	4258.13
2627.97	4253.71
2628.86	4248.41
2629.75	4241.54
2630.65	4233.69
2631.54	4227.67
2632.43	4223.25
2633.32	4220.55
2634.21	4221.13
2635.11	4221.99
2636	4220.76
2636.89	4217.99
2637.78	4213.48
2638.67	4200.13
2639.56	4189.18
2640.45	4178.29
2641.34	4169.98
2642.23	4163.59
2643.12	4158.77
2644.01	4155.76
2644.9	4154.43
2645.79	4154.75
2646.68	4156.16
2647.57	4155.77
2648.46	4151.67
2649.35	4144.93
2650.24	4135.81
2651.13	4125.91
2652.02	4114.96
2652.91	4103.03
2653.8	4094.87
2654.69	4088.01
2655.58	4084.01
2656.46	4085.7
2657.35	4087.47
2658.24	4089.26
2659.13	4090.86
2660.02	4092.18
2660.9	4089.36
2661.79	4084.72
2662.68	4075.67
2663.57	4066.27
2664.45	4059.6
2665.34	4055.26
2666.23	4052.5
2667.11	4052.86
2668	4056.5
2668.89	4058.11
2669.77	4056.42
2670.66	4047.47
2671.55	4035.58
2672.43	4024.32
2673.32	4016.98
2674.21	4019.44
2675.09	4020.29
2675.98	4018.57
2676.86	4014.54
2677.75	4007.96
2678.63	3999.18
2679.52	3989.15
2680.4	3978.11
2681.29	3971.99
2682.17	3964.17
2683.06	3963.38
2683.94	3968.49
2684.82	3969.55
2685.71	3970.49
2686.59	3967.19
2687.48	3963.06
2688.36	3952.24
2689.24	3940.15
2690.13	3927.95
2691.01	3917.47
2691.89	3908.51
2692.78	3901.03
2693.66	3895.38
2694.54	3890.51
2695.43	3886.36
2696.31	3883
2697.19	3880.26
2698.07	3878
2698.96	3875.76
2699.84	3873.38
2700.72	3870.79
2701.6	3867.94
2702.48	3865.68
2703.36	3861.74
2704.25	3856.69
2705.13	3853.03
2706.01	3850.5
2706.89	3850.42
2707.77	3851.4
2708.65	3850.8
2709.53	3847.92
2710.41	3844.74
2711.29	3840.93
2712.17	3836.62
2713.05	3831.95
2713.93	3826.69
2714.81	3821.78
2715.69	3817.14
2716.57	3812.72
2717.45	3808.24
2718.33	3802.95
2719.21	3797.49
2720.09	3791.31
2720.97	3784.6
2721.85	3777.99
2722.73	3772.85
2723.61	3775.9
2724.48	3782.21
2725.36	3785.99
2726.24	3787.37
2727.12	3786.36
2728	3782.26
2728.88	3774.51
2729.75	3765.65
2730.63	3754.87
2731.51	3749.98
2732.39	3744.31
2733.26	3740.68
2734.14	3739.34
2735.02	3738.36
2735.89	3738.04
2736.77	3738.39
2737.65	3737.9
2738.52	3730.09
2739.4	3724.9
2740.28	3719.74
2741.15	3714.98
2742.03	3710.36
2742.9	3706.95
2743.78	3704.61
2744.65	3702.43
2745.53	3701.06
2746.41	3697.05
2747.28	3693.06
2748.16	3689.29
2749.03	3687.35
2749.91	3685.51
2750.78	3683.42
2751.66	3680.8
2752.53	3674.38
2753.4	3667.35
2754.28	3661.33
2755.15	3653.85
2756.02	3652.98
2756.9	3651.58
2757.77	3651.18
2758.65	3650.79
2759.52	3650.5
2760.39	3647.44
2761.27	3639.79
2762.14	3633.7
2763.01	3635.74
2763.88	3634.39
2764.76	3629.62
2765.63	3621.37
2766.5	3609.82
2767.37	3606.52
2768.25	3608.01
2769.12	3604.5
2769.99	3599.43
2770.86	3594.5
2771.73	3589.72
2772.61	3587.58
2773.48	3585.03
2774.35	3583.03
2775.22	3581.39
2776.09	3580.4
2776.96	3579.04
2777.83	3576.76
2778.7	3572.87
2779.57	3560.51
2780.44	3554.4
2781.31	3551.16
2782.18	3553.33
2783.05	3556.65
2783.92	3561.4
2784.79	3558.74
2785.66	3555.34
2786.53	3551.31
2787.4	3546.64
2788.27	3540.96
2789.14	3534.71
2790.01	3527.57
2790.88	3519.77
2791.75	3511.24
2792.62	3502.19
2793.48	3493.94
2794.35	3486.48
2795.22	3481.25
2796.09	3476.48
2796.96	3474.66
2797.82	3473.7
2798.69	3477.07
2799.56	3478.26
2800.43	3478.29
2801.29	3473.84
2802.16	3457.58
2803.03	3456.27
2803.9	3454.89
2804.76	3456.48
2805.63	3457.26
2806.5	3456.58
2807.36	3454.49
2808.23	3451.11
2809.09	3447.14
2809.96	3442.81
2810.83	3438.58
2811.69	3436.88
2812.56	3435.35
2813.42	3434.75
2814.29	3432.83
2815.15	3429.48
2816.02	3419.58
2816.88	3409.16
2817.75	3402.29
2818.61	3396.99
2819.48	3393.5
2820.34	3392.93
2821.21	3391.57
2822.07	3391.2
2822.94	3391.76
2823.8	3392.78
2824.66	3393.87
2825.53	3394.82
2826.39	3393.73
2827.26	3391.21
2828.12	3384.44
2828.98	3377.73
2829.85	3369.6
2830.71	3358.78
2831.57	3348.88
2832.43	3349.79
2833.3	3349.07
2834.16	3352.13
2835.02	3348.45
2835.88	3341.93
2836.75	3333.8
2837.61	3329.52
2838.47	3326.38
2839.33	3326.15
2840.19	3329.65
2841.06	3334.6
2841.92	3338.43
2842.78	3340.54
2843.64	3332.41
2844.5	3321.58
2845.36	3311.01
2846.22	3301.09
2847.08	3292.66
2847.94	3286.16
2848.81	3281.71
2849.67	3279.01
2850.53	3278.06
2851.39	3277.87
2852.25	3278.29
2853.11	3278.78
2853.97	3279.57
2854.82	3280.52
2855.68	3279.36
2856.54	3276.4
2857.4	3269.14
2858.26	3264.61
2859.12	3261.45
2859.98	3261.28
2860.84	3260.82
2861.7	3260.44
2862.56	3258.7
2863.41	3255.77
2864.27	3253.05
2865.13	3250.48
2865.99	3248.4
2866.85	3246.86
2867.7	3245.39
2868.56	3243.91
2869.42	3242.59
2870.28	3240.49
2871.13	3237.41
2871.99	3232.57
2872.85	3226.54
2873.7	3219.64
2874.56	3212.54
2875.42	3204.66
2876.27	3197.47
2877.13	3195.02
2877.99	3192.84
2878.84	3188.3
2879.7	3184.37
2880.56	3181.91
2881.41	3180.91
2882.27	3182.26
2883.12	3183.14
2883.98	3184.44
2884.83	3186.08
2885.69	3188.98
2886.54	3191.27
2887.4	3188.35
2888.25	3183.39
2889.11	3164.8
2889.96	3156.22
2890.82	3146.78
2891.67	3141.2
2892.52	3142.53
2893.38	3144.98
2894.23	3144.16
2895.09	3137.69
2895.94	3133.84
2896.79	3128.32
2897.65	3123.92
2898.5	3119.37
2899.35	3117.47
2900.21	3125.11
2901.06	3130.8
2901.91	3136.96
2902.76	3135.37
2903.62	3123.45
2904.47	3108.69
2905.32	3096.93
2906.17	3083.1
2907.03	3071.7
2907.88	3068.11
2908.73	3065.94
2909.58	3065.82
2910.43	3066.91
2911.28	3068.68
2912.14	3068.05
2912.99	3067.18
2913.84	3064.43
2914.69	3060.66
2915.54	3055.48
2916.39	3049.5
2917.24	3041.28
2918.09	3037.59
2918.94	3038.15
2919.79	3037.3
2920.64	3035.22
2921.49	3031.75
2922.34	3027.02
2923.19	3020.96
2924.04	3013.61
2924.89	3005.09
2925.74	2995.63
2926.59	2988.55
2927.44	2985.03
2928.29	2985.19
2929.14	2988.86
2929.98	2996.18
2930.83	3004.81
2931.68	3009.74
2932.53	3011.2
2933.38	3006.72
2934.23	2998.61
2935.07	2987.39
2935.92	2979.62
2936.77	2973.12
2937.62	2967.41
2938.47	2961.57
2939.31	2956.3
2940.16	2950.71
2941.01	2944.8
2941.85	2938.45
2942.7	2931.92
2943.55	2925.15
2944.39	2918.45
2945.24	2911.16
2946.09	2908.44
2946.93	2912.05
2947.78	2916.58
2948.63	2922.52
2949.47	2930.01
2950.32	2928.43
2951.16	2921.22
2952.01	2907.02
2952.85	2902.52
2953.7	2900.37
2954.55	2902.26
2955.39	2907.66
2956.24	2912.47
2957.08	2915.71
2957.92	2916.96
2958.77	2915.94
2959.61	2912.4
2960.46	2906.69
2961.3	2898.77
2962.15	2887.98
2962.99	2877.1
2963.83	2868.31
2964.68	2862.48
2965.52	2858.92
2966.37	2857.21
2967.21	2857.01
2968.05	2859.64
2968.9	2863.47
2969.74	2866.89
2970.58	2865.9
2971.42	2862.16
2972.27	2857.1
2973.11	2852.78
2973.95	2849.22
2974.79	2846.4
2975.64	2843.64
2976.48	2841.38
2977.32	2839.39
2978.16	2837.62
2979	2836.01
2979.85	2834.24
2980.69	2832.56
2981.53	2830.61
2982.37	2827.79
2983.21	2824.08
2984.05	2818.78
2984.89	2809.54
2985.73	2802.33
2986.57	2797.45
2987.41	2795.43
2988.25	2795.14
2989.1	2796.51
2989.94	2800.11
2990.77	2803.64
2991.62	2803.17
2992.45	2798.04
2993.29	2790.83
2994.13	2784.94
2994.97	2777.99
2995.81	2782.96
2996.65	2783.52
2997.49	2781.15
2998.33	2771.28
2999.17	2785.07
