200.833	12321.4
202.102	12392.3
203.371	12357.7
204.639	12365.1
205.907	12368.1
207.175	12376.9
208.442	12385.1
209.71	12393.3
210.977	12403.5
212.244	12412
213.511	12417.7
214.777	12422.3
216.042	12425.8
217.309	12431.3
218.575	12440.7
219.84	12466.9
221.106	12491.9
222.371	12521
223.635	12553.6
224.9	12590.2
226.165	12623.3
227.429	12651.7
228.694	12678.1
229.956	12698.7
231.22	12720.3
232.484	12741.1
233.747	12761
235.011	12780.7
236.272	12802.5
237.535	12825.8
238.798	12850.8
240.06	12873.1
241.321	12894.5
242.583	12912.4
243.845	12928.4
245.105	12943.9
246.367	12958.3
247.628	12971.8
248.888	12984.5
250.149	12996.6
251.409	13007.9
252.67	13018.7
253.928	13028.7
255.189	13038.1
256.447	13046.9
257.707	13055.6
258.966	13065.8
260.224	13076.6
261.483	13088.7
262.742	13100.7
263.999	13116
265.257	13132.9
266.514	13150.6
267.772	13166.7
269.028	13179.5
270.286	13183
271.543	13183
272.799	13221.3
274.056	13273.8
275.311	13315.7
276.568	13241.6
277.823	13260.1
279.079	13274.8
280.333	13285.4
281.589	13292.3
282.843	13300.3
284.099	13306.7
285.352	13315.2
286.607	13326.7
287.86	13340.6
289.114	13355.9
290.368	13379.5
291.621	13403.6
292.875	13434.6
294.127	13471.1
295.38	13500.9
296.632	13520.1
297.884	13522.2
299.137	13526.5
300.388	13529.1
301.641	13529
302.891	13527.6
304.142	13524.8
305.394	13530.5
306.644	13538.9
307.894	13554.8
309.146	13575.8
310.395	13589.6
311.645	13601.2
312.895	13595.3
314.144	13583.5
315.393	13570.7
316.642	13563.4
317.892	13562.2
319.14	13591.8
320.388	13617.5
321.637	13643.5
322.885	13668.3
324.132	13691.9
325.38	13712.1
326.628	13731.2
327.875	13748.5
329.122	13764.3
330.368	13778.1
331.614	13790.5
332.862	13800.1
334.108	13806.8
335.353	13810.6
336.599	13817.3
337.844	13827
339.089	13839.9
340.335	13857.1
341.58	13863.4
342.824	13869.6
344.068	13876.2
345.312	13882.8
346.556	13889.5
347.8	13896
349.043	13904.8
350.286	13914.4
351.53	13925.6
352.774	13933.5
354.016	13934.8
355.259	13933.9
356.501	13938.2
357.743	13944.4
358.985	13951.5
360.227	13960.4
361.468	13971
362.709	13982.8
363.95	13996
365.191	14008.8
366.432	14012.2
367.672	14008.5
368.912	14013.2
370.152	14021.5
371.392	14028.6
372.632	14039.7
373.871	14049.4
375.11	14059.1
376.348	14066.2
377.587	14066.4
378.825	14069.6
380.064	14073.8
381.302	14078.4
382.54	14083.6
383.778	14088.4
385.016	14094.5
386.253	14100.5
387.489	14111
388.726	14155.6
389.963	14200.5
391.199	14231.7
392.436	14242.8
393.672	14248.8
394.907	14234.1
396.142	14224.3
397.378	14220.6
398.614	14223.2
399.849	14233.1
401.082	14251.1
402.317	14277
403.552	14288.7
404.786	14297.3
406.019	14301.4
407.253	14300.3
408.487	14297.6
409.721	14299.6
410.953	14305.8
412.186	14316.6
413.419	14328
414.651	14340.3
415.883	14345
417.116	14355.7
418.347	14356.6
419.579	14348.5
420.811	14335
422.041	14327
423.272	14342.9
424.504	14363
425.733	14380.7
426.964	14398.1
428.194	14413.3
429.424	14433.7
430.654	14444.2
431.883	14439.8
433.113	14425.8
434.341	14413.4
435.571	14416
436.799	14425.7
438.028	14438.3
439.257	14459.6
440.484	14465.3
441.713	14475.6
442.94	14474.1
444.168	14462.3
445.394	14439
446.622	14436.8
447.848	14439.2
449.076	14458.1
450.301	14473.8
451.528	14493.4
452.754	14514.7
453.979	14533.1
455.205	14546.3
456.43	14556.5
457.656	14563.6
458.88	14567.6
460.106	14568.1
461.33	14565.6
462.554	14560.1
463.779	14553.4
465.002	14556.9
466.225	14567
467.45	14549.2
468.672	14538.4
469.895	14533.2
471.119	14530.4
472.341	14529.6
473.563	14528.4
474.786	14524.2
476.008	14521
477.229	14517.1
478.452	14513.2
479.673	14508.9
480.894	14503.3
482.115	14496.9
483.337	14489.1
484.557	14482.6
485.777	14478.6
486.997	14476.4
488.218	14488.7
489.438	14499.7
490.657	14510.9
491.876	14522.3
493.096	14527.3
494.315	14529.1
495.533	14510.4
496.752	14489.7
497.97	14477.1
499.188	14477.1
500.407	14511.3
501.625	14592.4
502.842	14514
504.059	14511.3
505.276	14480
506.493	14498.9
507.71	14515.6
508.926	14530.9
510.142	14541.8
511.358	14548.8
512.575	14553.6
513.791	14557.8
515.006	14560.6
516.222	14561.8
517.437	14556.4
518.651	14568.6
519.866	14590.2
521.081	14616.6
522.295	14639.1
523.509	14658.9
524.723	14671.9
525.937	14684.4
527.15	14695.2
528.363	14704.1
529.576	14712
530.789	14719.4
532.002	14726.8
533.215	14733.9
534.426	14740.5
535.638	14747.2
536.85	14753.5
538.061	14761.3
539.273	14768.4
540.484	14768.9
541.695	14766
542.906	14749.9
544.117	14728
545.327	14712.3
546.537	14699.5
547.747	14695.6
548.957	14701.6
550.167	14712
551.377	14711.7
552.585	14700.8
553.794	14694.1
555.003	14675.5
556.212	14666.5
557.421	14660.6
558.628	14674.7
559.836	14699.2
561.044	14731.6
562.252	14756.5
563.458	14770.1
564.666	14775.4
565.873	14771.4
567.08	14763.3
568.286	14752.7
569.493	14744.9
570.699	14757.7
571.904	14771.5
573.111	14782.8
574.317	14795
575.521	14798.2
576.727	14796.6
577.932	14794.1
579.136	14788.4
580.341	14779.4
581.544	14771.9
582.749	14778.1
583.954	14787.4
585.156	14790.9
586.361	14795.4
587.563	14800.8
588.767	14806.8
589.97	14812.6
591.172	14818.1
592.375	14815.3
593.577	14804.6
594.78	14767.5
595.981	14825.7
597.183	14814.1
598.384	14803.2
599.586	14787.6
600.786	14773
601.988	14779.5
603.188	14781.4
604.389	14779.2
605.589	14772.7
606.79	14762
607.989	14747.2
609.188	14744.9
610.389	14742.6
611.587	14736.7
612.787	14730.5
613.986	14722.3
615.184	14713.8
616.383	14704.8
617.581	14696.5
618.78	14689.3
619.977	14683.8
621.174	14680.1
622.373	14678.1
623.57	14676.3
624.766	14671.3
625.964	14664.1
627.16	14654.2
628.356	14641.6
629.554	14629.1
630.749	14616.6
631.945	14610.3
633.14	14601.9
634.337	14595.7
635.532	14587.2
636.726	14575.2
637.921	14559.3
639.117	14539.7
640.311	14542.4
641.505	14553.5
642.699	14573.9
643.892	14589.8
645.087	14599.4
646.28	14611.8
647.473	14594.2
648.666	14581.9
649.859	14578.8
651.051	14584.7
652.245	14595.5
653.437	14605
654.629	14613.5
655.821	14620.7
657.012	14626.8
658.204	14634
659.395	14640.3
660.586	14645.7
661.777	14649.8
662.967	14651.2
664.158	14653.4
665.349	14654.6
666.539	14655
667.729	14654.5
668.919	14652.8
670.109	14650.3
671.298	14646.1
672.487	14646.2
673.676	14653.9
674.865	14655.4
676.053	14658.2
677.242	14658
678.43	14657.9
679.616	14653.1
680.804	14648.5
681.992	14645
683.179	14646.2
684.366	14650.8
685.554	14650.2
686.74	14627.7
687.927	14629.8
689.114	14634.1
690.3	14640.3
691.486	14647.9
692.671	14652.7
693.856	14704.8
695.042	14662.8
696.227	14594.7
697.413	14580.4
698.598	14573.1
699.781	14566.1
700.966	14554.9
702.15	14545.7
703.334	14537.2
704.518	14528.8
705.701	14520.7
706.885	14512.9
708.068	14505.1
709.252	14499.7
710.433	14507.2
711.616	14510.9
712.799	14510
713.98	14508.7
715.163	14506.4
716.345	14503.4
717.527	14498.7
718.707	14492.8
719.889	14487.2
721.071	14484.8
722.25	14484.4
723.432	14485.6
724.611	14487.9
725.792	14491
726.972	14496.1
728.151	14503.1
729.332	14512.2
730.512	14524.6
731.69	14539.9
732.87	14550.4
734.048	14559.9
735.227	14564.9
736.405	14561
737.584	14551.2
738.761	14536.7
739.94	14516.9
741.117	14510.7
742.295	14531.1
743.471	14591.9
744.649	14592.8
745.825	14594.6
747.003	14575
748.179	14495.9
749.356	14514.3
750.531	14530
751.708	14544
752.883	14557.1
754.059	14570.7
755.234	14585
756.409	14592.8
757.585	14586.7
758.759	14584.1
759.934	14580.9
761.108	14591
762.282	14600.1
763.456	14598.9
764.63	14579.8
765.803	14553
766.977	14529
768.15	14506.2
769.323	14483.5
770.496	14459.8
771.668	14457.6
772.841	14456.1
774.014	14453.3
775.185	14451
776.357	14450.3
777.528	14449.4
778.701	14446.4
779.872	14438.6
781.042	14435.7
782.213	14423.4
783.383	14401.3
784.555	14366.4
785.725	14346.3
786.895	14353.6
788.064	14374.2
789.234	14408.8
790.404	14417.6
791.573	14420
792.742	14423.4
793.911	14406.5
795.08	14365.1
796.248	14324.6
797.416	14294.9
798.584	14272.1
799.753	14254.9
800.921	14243.9
802.088	14240.5
803.256	14243.1
804.423	14252.6
805.59	14265.8
806.756	14263.4
807.923	14269.8
809.089	14268
810.256	14260.6
811.422	14255.9
812.587	14263.3
813.753	14267.4
814.918	14286
816.084	14310
817.249	14317.5
818.414	14319.8
819.578	14319.7
820.743	14320.9
821.907	14323.1
823.072	14325.3
824.236	14327.1
825.399	14328.6
826.562	14329.2
827.725	14329.2
828.889	14328.4
830.052	14327.1
831.215	14325.8
832.377	14325.6
833.54	14328.3
834.701	14333.9
835.863	14343.9
837.025	14357.7
838.187	14368.6
839.349	14375.3
840.51	14365.7
841.67	14361.3
842.831	14347.5
843.992	14333.1
845.153	14341
846.312	14348.8
847.473	14348.8
848.633	14337.1
849.793	14324.3
850.951	14312.7
852.111	14283.7
853.27	14263.2
854.428	14239.9
855.588	14244.7
856.747	14249.1
857.904	14248
859.063	14243.9
860.221	14239.8
861.378	14226.9
862.536	14212.8
863.694	14195.2
864.85	14175.6
866.008	14155.4
867.164	14138.7
868.321	14135.4
869.478	14129.6
870.633	14124.7
871.79	14121.6
872.945	14119.6
874.101	14119.5
875.256	14117
876.412	14108
877.566	14092.3
878.722	14058.5
879.876	14020.4
881.031	13973.7
882.185	13941.1
883.34	13925.7
884.493	13926.5
885.647	13928.8
886.8	13947.5
887.954	13968.3
889.107	13979.1
890.261	13990.9
891.413	13992.5
892.565	13985.8
893.718	13966.4
894.87	13947.8
896.023	13927.2
897.174	13909.6
898.326	13906.4
899.478	13914.1
900.629	13922
901.779	13931.4
902.931	13935.7
904.081	13939.8
905.231	13942.8
906.383	13944.5
907.532	13945.1
908.682	13944.5
909.831	13942.7
910.982	13940.2
912.131	13937.3
913.28	13932.9
914.429	13929.1
915.578	13927.4
916.727	13928.3
917.875	13931.5
919.023	13936.9
920.171	13945.4
921.32	13954.9
922.467	13957.4
923.614	13947.6
924.761	13940.7
925.908	13945
927.055	13963.6
928.203	13968.2
929.349	13959.8
930.496	13944.8
931.642	13935.9
932.787	13919
933.933	13900.5
935.079	13888.4
936.224	13881
937.369	13880.1
938.514	13877.3
939.659	13873.3
940.804	13869
941.948	13851.6
943.092	13856.1
944.236	13863.5
945.38	13861.1
946.524	13864
947.667	13850.3
948.811	13825.7
949.954	13812.3
951.097	13814.7
952.24	13821.3
953.383	13816.2
954.525	13807.9
955.667	13795.7
956.81	13777.9
957.952	13771
959.093	13762.7
960.235	13770.1
961.376	13764.6
962.516	13756
963.658	13741.7
964.798	13721.7
965.939	13695.6
967.08	13681.8
968.22	13681.3
969.359	13683.7
970.499	13688.8
971.639	13703.1
972.779	13710.1
973.918	13703.5
975.056	13691.5
976.195	13673.8
977.334	13671.1
978.473	13670.6
979.61	13673.5
980.749	13658.2
981.887	13641.1
983.024	13626.9
984.162	13612.6
985.3	13614.6
986.437	13622.2
987.573	13629.6
988.711	13645.3
989.848	13648.8
990.983	13643.7
992.12	13633.8
993.255	13637.2
994.392	13644.4
995.528	13654.9
996.662	13665
997.798	13675
998.933	13683.3
1000.07	13692.6
1001.2	13700.9
1002.34	13706.8
1003.47	13709.9
1004.61	13704
1005.74	13694
1006.87	13673.2
1008.01	13651.7
1009.14	13629.1
1010.27	13609.9
1011.41	13616.6
1012.54	13618.9
1013.67	13620.6
1014.81	13621.6
1015.94	13620.5
1017.07	13613.6
1018.2	13604.8
1019.33	13594.4
1020.47	13581.9
1021.6	13575.1
1022.73	13574.8
1023.86	13572.3
1024.99	13568.7
1026.12	13565
1027.25	13561.4
1028.38	13559.7
1029.51	13557.6
1030.64	13555.4
1031.77	13551.6
1032.9	13546.1
1034.03	13538.4
1035.16	13526.5
1036.29	13513.6
1037.42	13499.7
1038.55	13486.6
1039.67	13473
1040.8	13461
1041.93	13444.4
1043.06	13426.1
1044.19	13407.8
1045.31	13389.7
1046.44	13371.1
1047.57	13356.5
1048.69	13352.7
1049.82	13348.6
1050.95	13345.4
1052.08	13343.2
1053.2	13336.3
1054.33	13306.4
1055.45	13287.4
1056.58	13252.2
1057.7	13223.8
1058.83	13238.7
1059.95	13279.4
1061.08	13304.5
1062.2	13327.2
1063.33	13354
1064.45	13360.2
1065.58	13350.7
1066.7	13313.4
1067.83	13287.6
1068.95	13253.1
1070.07	13247.1
1071.2	13241
1072.32	13277.5
1073.44	13302.9
1074.56	13239.3
1075.69	13187.5
1076.81	13210.9
1077.93	13223.7
1079.05	13243.4
1080.17	13258.2
1081.3	13265.9
1082.42	13271.2
1083.54	13273.1
1084.66	13271.4
1085.78	13266.2
1086.9	13257.4
1088.02	13244.9
1089.14	13233.5
1090.26	13227.7
1091.38	13235.8
1092.5	13250.8
1093.62	13263.5
1094.74	13267.2
1095.86	13264.1
1096.98	13253.5
1098.1	13239.7
1099.22	13229.3
1100.34	13228.8
1101.45	13233.2
1102.57	13237
1103.69	13239
1104.81	13239.8
1105.93	13239.1
1107.04	13236.7
1108.16	13232.1
1109.28	13225.2
1110.4	13215.2
1111.51	13202.2
1112.63	13187.7
1113.75	13174.7
1114.86	13161
1115.98	13151.2
1117.09	13143.2
1118.21	13136.1
1119.32	13132
1120.44	13120.5
1121.55	13097.3
1122.67	13073.9
1123.78	13058
1124.9	13045.1
1126.01	13036.1
1127.13	13030.7
1128.24	13030.8
1129.35	13034.4
1130.47	13042.6
1131.58	13052.6
1132.7	13034.3
1133.81	13018.2
1134.92	12994.6
1136.03	12967.8
1137.15	12940
1138.26	12913.3
1139.37	12892
1140.48	12873.7
1141.59	12857
1142.71	12842.3
1143.82	12830.6
1144.93	12820.8
1146.04	12815.1
1147.15	12811.2
1148.26	12808.4
1149.37	12805.3
1150.48	12800.9
1151.59	12796.9
1152.7	12791.7
1153.81	12785.1
1154.92	12777.2
1156.03	12768.6
1157.14	12759.4
1158.25	12751.2
1159.36	12742
1160.47	12732.5
1161.58	12722.6
1162.68	12713.2
1163.79	12711.5
1164.9	12723.9
1166.01	12725.9
1167.12	12727.3
1168.22	12730.5
1169.33	12732.2
1170.44	12735.5
1171.55	12737
1172.65	12736.8
1173.76	12731.6
1174.87	12705.3
1175.97	12684.7
1177.08	12701.9
1178.18	12732.1
1179.29	12741.7
1180.4	12748.4
1181.5	12752.5
1182.61	12754.5
1183.71	12756.7
1184.82	12755.7
1185.92	12748.1
1187.02	12734.1
1188.13	12714.5
1189.23	12711.9
1190.34	12718
1191.44	12727.3
1192.54	12730.5
1193.65	12725.5
1194.75	12721.9
1195.85	12718.2
1196.96	12708.9
1198.06	12703.1
1199.16	12700.7
1200.26	12702.1
1201.37	12708
1202.47	12710.2
1203.57	12707.6
1204.67	12703
1205.77	12697.6
1206.87	12691
1207.97	12683.5
1209.08	12675.2
1210.18	12666.6
1211.28	12657.3
1212.38	12647.5
1213.48	12641.9
1214.58	12642
1215.68	12653.8
1216.78	12661.7
1217.88	12673.7
1218.98	12655.9
1220.07	12639.8
1221.17	12624.8
1222.27	12612.9
1223.37	12605.3
1224.47	12602.6
1225.57	12604.6
1226.66	12609.4
1227.76	12610.5
1228.86	12607.6
1229.96	12600.9
1231.06	12589.7
1232.15	12574.5
1233.25	12555.8
1234.35	12533.8
1235.44	12511.6
1236.54	12499.2
1237.63	12486
1238.73	12478.8
1239.83	12481.1
1240.92	12483.4
1242.02	12476.2
1243.11	12463
1244.21	12445.9
1245.3	12434.2
1246.4	12425.7
1247.49	12425.5
1248.59	12426.4
1249.68	12426.9
1250.78	12428.9
1251.87	12432.6
1252.96	12425.6
1254.06	12413.9
1255.15	12398.1
1256.24	12384.6
1257.34	12371.9
1258.43	12368
1259.52	12367.6
1260.62	12364.9
1261.71	12363.9
1262.8	12364.2
1263.89	12366.3
1264.98	12369.7
1266.08	12374.3
1267.17	12379.8
1268.26	12386.9
1269.35	12394.7
1270.44	12403
1271.53	12402.1
1272.62	12396.2
1273.71	12387.8
1274.8	12381.6
1275.89	12375.8
1276.98	12369.9
1278.07	12364.6
1279.16	12359.4
1280.25	12354.7
1281.34	12351.1
1282.43	12348.6
1283.52	12350.1
1284.61	12355.1
1285.69	12359.8
1286.78	12364.2
1287.87	12367.5
1288.96	12370.2
1290.05	12366.6
1291.13	12363.3
1292.22	12359.2
1293.31	12357.1
1294.4	12357.5
1295.48	12360.3
1296.57	12361.5
1297.66	12361.3
1298.74	12359.9
1299.83	12357.4
1300.92	12353.8
1302	12348.2
1303.09	12341
1304.17	12332.6
1305.26	12324.2
1306.34	12314.9
1307.43	12306.2
1308.51	12302.2
1309.6	12300.6
1310.68	12301.5
1311.76	12304.2
1312.85	12307.8
1313.93	12311.4
1315.02	12306.8
1316.1	12290.5
1317.18	12252.4
1318.27	12242.9
1319.35	12222
1320.43	12266.3
1321.52	12284.1
1322.6	12274.4
1323.68	12267.6
1324.76	12251.6
1325.85	12237.9
1326.93	12224.1
1328.01	12211.2
1329.09	12202.4
1330.17	12195.7
1331.25	12191.2
1332.33	12189
1333.41	12187.3
1334.49	12186.3
1335.58	12177.7
1336.65	12172.1
1337.74	12160.3
1338.82	12155.3
1339.89	12158.2
1340.97	12160
1342.05	12161.5
1343.13	12163.6
1344.21	12163.6
1345.29	12152.7
1346.37	12142.4
1347.45	12129.1
1348.53	12115.8
1349.6	12104.1
1350.68	12095.1
1351.76	12088.3
1352.84	12083.5
1353.92	12083.6
1354.99	12086.9
1356.07	12086.6
1357.15	12081.4
1358.22	12078.2
1359.3	12078.5
1360.38	12079.3
1361.45	12081.4
1362.53	12084.5
1363.61	12088.7
1364.68	12094.1
1365.76	12100.7
1366.83	12106.9
1367.91	12111.3
1368.98	12111.6
1370.06	12109.5
1371.13	12103.3
1372.21	12093.1
1373.28	12071.8
1374.35	12049.2
1375.43	12031.2
1376.5	12020.7
1377.58	12046.3
1378.65	12062.6
1379.72	12067.7
1380.8	12073.2
1381.87	12070.8
1382.94	12065.6
1384.01	12059.2
1385.09	12052
1386.16	12044.7
1387.23	12037
1388.3	12028.4
1389.38	12019
1390.45	12007.4
1391.52	11995.4
1392.59	11987.8
1393.66	11988.9
1393.92	11989.1
1395	11989.1
1396.07	11990.7
1397.15	11992.3
1398.22	11991.1
1399.3	11992.7
1400.38	11992.1
1401.45	11989
1402.53	11969.6
1403.6	11926.4
1404.68	11897.7
1405.75	11886.5
1406.82	11892.4
1407.9	11897.9
1408.97	11892.8
1410.05	11890.5
1411.12	11888.1
1412.19	11880.8
1413.27	11873.8
1414.34	11867
1415.41	11860.7
1416.49	11860.5
1417.56	11864.6
1418.63	11874.7
1419.7	11880
1420.78	11882.7
1421.85	11882.6
1422.92	11878.8
1423.99	11872.3
1425.06	11859
1426.14	11843.7
1427.21	11826.4
1428.28	11810.3
1429.35	11811.7
1430.42	11810.3
1431.49	11804.4
1432.56	11798.3
1433.63	11793.7
1434.7	11789.9
1435.77	11787.3
1436.84	11785.4
1437.91	11785.5
1438.98	11786.4
1440.05	11787.7
1441.12	11788.1
1442.18	11786.6
1443.25	11783.8
1444.32	11778.4
1445.39	11771.7
1446.46	11764.6
1447.53	11760.5
1448.59	11761.3
1449.66	11758.9
1450.73	11754.7
1451.8	11748
1452.86	11738.9
1453.93	11728
1455	11716.8
1456.06	11704.5
1457.13	11707.7
1458.2	11719.8
1459.26	11733.8
1460.33	11733.9
1461.39	11739.1
1462.46	11732.8
1463.52	11718.1
1464.59	11705.3
1465.65	11697.3
1466.72	11697.6
1467.78	11699.2
1468.85	11694
1469.91	11685.7
1470.98	11658.4
1472.04	11649.1
1473.1	11640.7
1474.17	11638.8
1475.23	11652.8
1476.3	11660.4
1477.36	11664.1
1478.42	11662.1
1479.48	11654.8
1480.55	11644.1
1481.61	11632.6
1482.67	11620.7
1483.73	11607.2
1484.8	11593.1
1485.86	11581.5
1486.92	11575
1487.98	11574.1
1489.04	11579
1490.1	11588.4
1491.17	11602
1492.23	11608.6
1493.29	11607.4
1494.35	11598.9
1495.41	11581.4
1496.47	11565
1497.53	11553.8
1498.59	11545.9
1499.65	11540.5
1500.71	11537.1
1501.77	11531.8
1502.83	11517
1503.88	11494.2
1504.94	11481.7
1506	11475.3
1507.06	11475.7
1508.12	11481.1
1509.18	11490.2
1510.23	11502.5
1511.29	11505
1512.35	11489.7
1513.41	11466.5
1514.47	11447.5
1515.52	11433.1
1516.58	11423.9
1517.64	11420.8
1518.69	11421.9
1519.75	11425.3
1520.81	11427
1521.86	11425.5
1522.92	11423.3
1523.97	11408.3
1525.03	11370.8
1526.08	11360.6
1527.14	11358.6
1528.2	11366.4
1529.25	11378
1530.31	11388.5
1531.36	11394.6
1532.42	11380.6
1533.47	11373.2
1534.52	11364.2
1535.58	11354.6
1536.63	11343.6
1537.69	11323.2
1538.74	11300.9
1539.79	11276.7
1540.84	11252.1
1541.9	11271.8
1542.95	11285.6
1544	11303.6
1545.06	11315.8
1546.11	11295.9
1547.16	11285.3
1548.21	11275.4
1549.27	11268.3
1550.32	11272.3
1551.37	11275.9
1552.42	11277.7
1553.47	11278.3
1554.52	11279.4
1555.57	11280.1
1556.62	11280.2
1557.67	11280.5
1558.72	11280.5
1559.77	11280.2
1560.82	11279.5
1561.87	11278.5
1562.92	11275.8
1563.97	11274.4
1565.02	11271.8
1566.07	11267.6
1567.12	11261
1568.17	11248.8
1569.22	11235.5
1570.27	11227
1571.32	11222.8
1572.36	11226.8
1573.41	11235.1
1574.46	11243.6
1575.51	11245.9
1576.56	11243.8
1577.6	11240.4
1578.65	11234.6
1579.7	11226
1580.74	11216.2
1581.79	11206.1
1582.84	11201.5
1583.88	11199.8
1584.93	11196.1
1585.98	11188.1
1587.02	11177.9
1588.07	11169.1
1589.11	11168.1
1590.16	11170.7
1591.2	11174.5
1592.25	11175.1
1593.29	11170.4
1594.34	11158
1595.38	11140.5
1596.43	11122.7
1597.47	11109.1
1598.52	11107.1
1599.56	11104.4
1600.6	11098.9
1601.65	11090.6
1602.69	11078.2
1603.73	11063.3
1604.78	11052.4
1605.82	11041.5
1606.86	11031.5
1607.91	11022.7
1608.95	11013.7
1609.99	10992.8
1611.03	10974.1
1612.08	10965.8
1613.12	10960.4
1614.16	10951
1615.2	10952.1
1616.24	10958.7
1617.28	10957.5
1618.32	10947.9
1619.36	10929.3
1620.41	10914.6
1621.45	10911.2
1622.49	10915.5
1623.53	10913.9
1624.57	10910.3
1625.61	10905.9
1626.65	10901.3
1627.69	10890.2
1628.73	10880.1
1629.76	10873.5
1630.8	10866.7
1631.84	10858.8
1632.88	10849.8
1633.92	10839.4
1634.96	10829.5
1636	10821.4
1637.03	10815.7
1638.07	10811.5
1639.11	10809.6
1640.15	10791.6
1641.19	10776
1642.22	10759.5
1643.26	10752.3
1644.3	10783.3
1645.33	10776.4
1646.37	10767.7
1647.41	10759
1648.44	10749.4
1649.48	10738.6
1650.52	10727.3
1651.55	10731.1
1652.59	10712.4
1653.62	10695.7
1654.66	10683.5
1655.69	10672.6
1656.73	10711.4
1657.76	10756.1
1658.8	10766.2
1659.83	10752
1660.87	10666.3
1661.9	10648.2
1662.93	10644.7
1663.97	10638.3
1665	10632.9
1666.04	10634.5
1667.07	10637.4
1668.1	10639.4
1669.14	10635.4
1670.17	10624.8
1671.2	10603.7
1672.23	10584.5
1673.27	10570.9
1674.3	10608.3
1675.33	10612.4
1676.36	10602
1677.39	10601.7
1678.43	10604.6
1679.46	10610.1
1680.49	10614.8
1681.52	10617.3
1682.55	10616.5
1683.58	10596.3
1684.61	10589.4
1685.64	10537.2
1686.67	10534.3
1687.7	10536.1
1688.73	10535.7
1689.76	10546.4
1690.79	10554.6
1691.82	10565.6
1692.85	10572.5
1693.88	10574.5
1694.91	10572.8
1695.94	10567.7
1696.97	10559.9
1698	10549.4
1699.02	10536.7
1700.05	10522.1
1701.08	10506
1702.11	10489
1703.14	10471.8
1704.16	10456.1
1705.19	10448.2
1706.22	10452.2
1707.25	10449.2
1708.27	10448
1709.3	10439.3
1710.33	10414.6
1711.35	10396.1
1712.38	10382.2
1713.41	10373.5
1714.43	10367.1
1715.46	10366.5
1716.48	10366.8
1717.51	10367.7
1718.53	10365.9
1719.56	10361.6
1720.58	10353.5
1721.61	10344.3
1722.63	10332.8
1723.66	10319.7
1724.68	10303.8
1725.71	10294.1
1726.73	10299.8
1727.75	10302.7
1728.78	10301.8
1729.8	10300.6
1730.83	10291.9
1731.85	10281.9
1732.87	10270.8
1733.89	10258.5
1734.92	10246
1735.94	10243.4
1736.96	10239.2
1737.98	10237
1739.01	10235.4
1740.03	10235.3
1741.05	10235.4
1742.07	10234.6
1743.09	10230.6
1744.12	10220.5
1745.14	10201.5
1746.16	10179.2
1747.18	10163.5
1748.2	10148.3
1749.22	10137.3
1750.24	10135.2
1751.26	10141.4
1752.28	10140.8
1753.3	10134.7
1754.32	10118.1
1755.34	10102
1756.36	10096.7
1757.38	10094.7
1758.4	10092.3
1759.42	10089.2
1760.44	10085.9
1761.45	10080.3
1762.47	10073.2
1763.49	10065
1764.51	10055.7
1765.53	10045.2
1766.55	10033.7
1767.56	10025.7
1768.58	10023.3
1769.6	10019.6
1770.61	10011.3
1771.63	10003.1
1772.65	9991.82
1773.67	9984.85
1774.68	9975.88
1775.7	9971.05
1776.72	9973.84
1777.73	9978.6
1778.75	9981.54
1779.76	9983.52
1780.78	9984.27
1781.79	9984.58
1782.81	9977.43
1783.83	9968.99
1784.84	9959.39
1785.85	9948.41
1786.87	9937.25
1787.88	9926.69
1788.9	9915.93
1789.91	9904.82
1790.93	9893.11
1791.94	9887.83
1792.95	9884.28
1793.97	9879.7
1794.98	9873.46
1796	9871.06
1797.01	9865.23
1798.02	9856.01
1799.03	9841.68
1800.05	9825.29
1801.06	9814.22
1802.07	9804.71
1803.08	9796.68
1804.1	9790.54
1805.11	9786.04
1806.12	9783.9
1807.13	9784.92
1808.14	9787.39
1809.15	9789.04
1810.17	9784.16
1811.18	9776.97
1812.19	9766.96
1813.2	9752.43
1814.21	9734.98
1815.22	9714.71
1816.23	9693.35
1817.24	9683.94
1818.25	9675.96
1819.26	9667.44
1820.27	9659.8
1821.28	9654.28
1822.29	9649.04
1823.3	9646.1
1824.3	9643.76
1825.31	9641.21
1826.32	9638.21
1827.33	9632.23
1828.34	9625.04
1829.35	9618.16
1830.35	9609.93
1831.36	9601.07
1832.37	9588.58
1833.38	9571.58
1834.38	9549.83
1835.39	9539.09
1836.4	9548.69
1837.41	9552.35
1838.41	9547.09
1839.42	9538.73
1840.43	9529.13
1841.43	9520.71
1842.44	9507.96
1843.44	9495.06
1844.45	9491.41
1845.46	9491.3
1846.46	9488.43
1847.47	9482.16
1848.47	9473.48
1849.48	9463.86
1850.48	9452.5
1851.49	9441.94
1852.49	9434.73
1853.49	9433.23
1854.5	9424.79
1855.5	9412.19
1856.51	9402.09
1857.51	9393.19
1858.51	9384.56
1859.52	9377.02
1860.52	9369.71
1861.52	9363.55
1862.53	9358.87
1863.53	9356.4
1864.53	9361.6
1865.54	9354.71
1866.54	9344.47
1867.54	9332.73
1868.54	9318.08
1869.54	9300.76
1870.55	9283.36
1871.55	9272.27
1872.55	9274.64
1873.55	9273.64
1874.55	9272.24
1875.55	9272.4
1876.55	9271.48
1877.55	9272.08
1878.55	9271.21
1879.55	9268.35
1880.56	9264
1881.55	9249.48
1882.56	9234.78
1883.55	9213.95
1884.55	9199.28
1885.55	9195.25
1886.55	9191.61
1887.55	9188.75
1888.55	9182.26
1889.55	9175.2
1890.55	9168.12
1891.55	9159.25
1892.55	9150.44
1893.54	9138.59
1894.54	9132.6
1895.54	9132.56
1896.54	9131.59
1897.54	9132.06
1898.53	9132.57
1899.53	9132.16
1900.53	9130.08
1901.52	9126.41
1902.52	9121.97
1903.52	9116.35
1904.51	9109.59
1905.51	9101.77
1906.51	9092.89
1907.5	9081.69
1908.5	9068.33
1909.49	9054.77
1910.49	9041.18
1911.49	9028.49
1912.48	9018.8
1913.48	9010.22
1914.47	9003.76
1915.46	8997.5
1916.46	8991.7
1917.45	8977.24
1918.45	8964.29
1919.44	8952.02
1920.44	8940.41
1921.43	8929.7
1922.43	8924.54
1923.42	8920.98
1924.41	8918.75
1925.41	8917
1926.4	8915.38
1927.39	8911.09
1928.38	8904.81
1929.38	8897.34
1930.37	8891.71
1931.36	8879.93
1932.35	8860.26
1933.35	8819.23
1934.34	8799.16
1935.33	8829.21
1936.32	8835.79
1937.31	8843.7
1938.3	8836.49
1939.29	8829.95
1940.29	8819.42
1941.28	8813.1
1942.27	8809.26
1943.26	8805.39
1944.25	8806.64
1945.24	8801.97
1946.23	8792.97
1947.22	8782.02
1948.21	8766.36
1949.2	8748.17
1950.19	8725.88
1951.18	8701.49
1952.17	8684.62
1953.16	8661.87
1954.14	8655.87
1955.13	8658.32
1956.12	8661.85
1957.11	8665.9
1958.1	8660.09
1959.09	8654.61
1960.07	8642.74
1961.06	8629.04
1962.05	8610.88
1963.04	8589.87
1964.02	8569.83
1965.01	8553.94
1966	8551.75
1966.99	8556.22
1967.97	8558.12
1968.96	8569.52
1969.95	8570.8
1970.93	8568.36
1971.92	8560
1972.9	8548.3
1973.89	8535.65
1974.88	8521.98
1975.86	8508.95
1976.85	8503.03
1977.83	8496.33
1978.82	8486.78
1979.8	8474.5
1980.79	8457.38
1981.77	8450.26
1982.76	8447.11
1983.74	8450.64
1984.72	8452.44
1985.71	8469.63
1986.69	8477.25
1987.67	8469.5
1988.66	8446.83
1989.64	8411.21
1990.62	8377.2
1991.61	8384.44
1992.59	8377.85
1993.57	8376.16
1994.56	8371.2
1995.54	8367.37
1996.52	8364.05
1997.5	8360.42
1998.49	8356.73
1999.47	8353.08
2000.45	8349.44
2001.43	8346.47
2002.41	8350.02
2003.39	8356.06
2004.38	8350.7
2005.36	8342.8
2006.34	8326.1
2007.32	8317.61
2008.3	8309.84
2009.28	8302.41
2010.26	8292.25
2011.24	8283.31
2012.22	8267.1
2013.2	8231.92
2014.18	8215.21
2015.16	8207.51
2016.14	8206.01
2017.12	8211.7
2018.1	8223.27
2019.07	8227.41
2020.05	8221.31
2021.03	8207.57
2022.01	8187.78
2022.99	8171.92
2023.97	8161.82
2024.95	8157.2
2025.92	8156.33
2026.9	8159.52
2027.88	8161.2
2028.86	8160.21
2029.83	8148.86
2030.81	8127.32
2031.79	8110.17
2032.76	8086.8
2033.74	8071.83
2034.72	8063.52
2035.69	8059.22
2036.67	8054.11
2037.65	8048.55
2038.62	8042.52
2039.6	8035.74
2040.57	8031.07
2041.55	8027.64
2042.52	8024.1
2043.5	8020.27
2044.47	8015.21
2045.45	8009.1
2046.42	8002.51
2047.4	7995.01
2048.37	7986.7
2049.35	7977.49
2050.32	7967.41
2051.29	7956.12
2052.27	7943.81
2053.24	7930.63
2054.21	7916.13
2055.19	7902.26
2056.16	7893.77
2057.13	7888.42
2058.11	7882.96
2059.08	7875.51
2060.05	7867.72
2061.02	7859.54
2062	7851.09
2062.97	7841.93
2063.94	7832.63
2064.91	7824.06
2065.89	7816.39
2066.86	7809.47
2067.83	7803
2068.8	7797.65
2069.77	7792.96
2070.74	7789.14
2071.71	7785.45
2072.68	7777.18
2073.65	7769.51
2074.62	7763.26
2075.59	7757.29
2076.56	7751.51
2077.53	7746.16
2078.5	7741.1
2079.47	7736.74
2080.44	7732.71
2081.41	7728.94
2082.38	7724.62
2083.35	7715.77
2084.32	7706.68
2085.29	7693.94
2086.26	7677.27
2087.23	7660.82
2088.19	7644.48
2089.16	7648.06
2090.13	7656.54
2091.1	7662.13
2092.07	7658.95
2093.03	7657.35
2094	7636.94
2094.97	7616.47
2095.94	7597.8
2096.9	7581.76
2097.87	7567.27
2098.84	7562.01
2099.8	7566.55
2100.77	7567.03
2101.74	7563.2
2102.7	7554.96
2103.67	7542.26
2104.63	7524.73
2105.6	7514.24
2106.56	7506.65
2107.53	7501.35
2108.49	7497.17
2109.46	7493.4
2110.42	7488.96
2111.39	7478.55
2112.35	7460.16
2113.32	7440.3
2114.28	7425.62
2115.25	7414.35
2116.21	7403.4
2117.17	7398.37
2118.14	7394.92
2119.1	7394.36
2120.07	7395.84
2121.03	7398.69
2121.99	7400.62
2122.96	7390.16
2123.92	7381.35
2124.88	7372.09
2125.84	7361.19
2126.81	7359.27
2127.77	7355.05
2128.73	7351.99
2129.69	7346.7
2130.65	7338.44
2131.62	7325.8
2132.58	7303.37
2133.54	7293.33
2134.5	7286.98
2135.46	7284.62
2136.42	7286.04
2137.38	7291.2
2138.34	7299.8
2139.3	7295.45
2140.26	7287
2141.22	7275.35
2142.18	7260.02
2143.14	7245.81
2144.1	7228.97
2145.06	7224
2146.02	7216.66
2146.98	7208.25
2147.94	7198.88
2148.9	7189.04
2149.86	7179.93
2150.82	7173.95
2151.78	7167.28
2152.74	7160.82
2153.69	7154.48
2154.65	7148.24
2155.61	7141.77
2156.57	7135.63
2157.53	7129.51
2158.48	7123.62
2159.44	7117.26
2160.4	7109.4
2161.36	7099.84
2162.31	7087.64
2163.27	7075.54
2164.23	7067.67
2165.18	7067.1
2166.14	7063.78
2167.1	7054.9
2168.05	7046.44
2169.01	7034.74
2169.96	7019.95
2170.92	7004.52
2171.88	6989.29
2172.83	6975.67
2173.79	6962.81
2174.74	6951.78
2175.7	6935.02
2176.65	6906.33
2177.6	6892.37
2178.56	6886.15
2179.51	6887.52
2180.47	6887.15
2181.42	6878.26
2182.38	6850.79
2183.33	6829.2
2184.28	6818.02
2185.24	6804.05
2186.19	6793.92
2187.14	6785.62
2188.1	6781.34
2189.05	6782.04
2190	6789.39
2190.96	6810.9
2191.91	6821.29
2192.86	6826.16
2193.81	6805.98
2194.76	6791.84
2195.72	6778.47
2196.67	6763.74
2197.62	6751.15
2198.57	6738.95
2199.52	6730.89
2200.47	6723.6
2201.43	6716.26
2202.38	6709.17
2203.33	6698.89
2204.28	6688.85
2205.23	6677.99
2206.18	6666.81
2207.13	6655.79
2208.08	6646.08
2209.03	6650.25
2209.98	6654.28
2210.93	6659.87
2211.88	6665.86
2212.83	6670.81
2213.78	6676.41
2214.73	6656.33
2215.67	6637.49
2216.62	6622.15
2217.57	6609.3
2218.52	6616.58
2219.47	6622.2
2220.42	6625.62
2221.37	6606.53
2222.31	6588.9
2223.26	6572.39
2224.21	6555.96
2225.16	6540.72
2226.1	6530.22
2227.05	6517.53
2228	6514.22
2228.94	6510.08
2229.89	6511.86
2230.84	6515.42
2231.78	6520.22
2232.73	6526.94
2233.68	6535.39
2234.62	6538.01
2235.57	6532.45
2236.51	6520.37
2237.46	6508.74
2238.41	6499.6
2239.35	6501.19
2240.3	6502.44
2241.24	6502.89
2242.19	6501.85
2243.13	6499.75
2244.07	6495.96
2245.02	6489.99
2245.96	6482.03
2246.91	6473.3
2247.85	6464.67
2248.8	6456.97
2249.74	6450.51
2250.68	6445.86
2251.63	6443.02
2252.57	6442.51
2253.51	6444
2254.46	6447.37
2255.4	6453.33
2256.34	6452.6
2257.28	6456.62
2258.23	6449.88
2259.17	6441.26
2260.11	6430.36
2261.05	6419.95
2262	6412.97
2262.94	6405.1
2263.88	6399.67
2264.82	6394.24
2265.76	6390.03
2266.7	6388
2267.64	6387.03
2268.58	6388.76
2269.53	6389.38
2270.47	6386.67
2271.41	6384.16
2272.35	6377.26
2273.29	6366.63
2274.23	6357.67
2275.17	6355.79
2276.11	6362.35
2277.05	6368.37
2277.99	6369.98
2278.93	6368.97
2279.86	6361.33
2280.8	6354.07
2281.74	6348.86
2282.68	6357.76
2283.62	6339.24
2284.56	6333.57
2285.5	6332.72
2286.44	6329.71
2287.37	6328.01
2288.31	6328.76
2289.25	6331.36
2290.19	6327.5
2291.12	6319.47
2292.06	6312.05
2293	6306.49
2293.94	6301.98
2294.87	6299.28
2295.81	6300.44
2296.75	6303.79
2297.68	6308.29
2298.62	6311.51
2299.55	6308.65
2300.49	6305.05
2301.43	6301.32
2302.36	6296.68
2303.3	6290.06
2304.23	6282.14
2305.17	6273.88
2306.1	6266.8
2307.04	6260.19
2307.98	6254.14
2308.91	6247.63
2309.84	6240.71
2310.78	6233.59
2311.71	6226.84
2312.65	6220.36
2313.58	6213.47
2314.52	6205.31
2315.45	6195.1
2316.38	6184.03
2317.32	6175.21
2317.72	6171.1
2318.66	6164.94
2319.6	6160.24
2320.54	6156.63
2321.48	6154.23
2322.41	6153.35
2323.35	6152.74
2324.29	6149.29
2325.23	6139.61
2326.16	6123.7
2327.1	6121.91
2328.04	6118.18
2328.97	6115.56
2329.91	6108.7
2330.85	6102.11
2331.78	6096.18
2332.72	6094.5
2333.66	6094.15
2334.59	6092.28
2335.53	6090.02
2336.46	6086.58
2337.4	6079.15
2338.33	6070.91
2339.27	6062.96
2340.2	6055.78
2341.14	6049.3
2342.07	6047.93
2343.01	6048.19
2343.94	6049.19
2344.88	6051.82
2345.81	6039.7
2346.75	6028.85
2347.68	6022.57
2348.61	6019.9
2349.55	6020.51
2350.48	6020.56
2351.41	6016.75
2352.35	6008.94
2353.28	5999.06
2354.21	5987.11
2355.15	5974.21
2356.08	5962.72
2357.01	5954.42
2357.94	5951.82
2358.88	5950.79
2359.81	5951.27
2360.74	5952.5
2361.67	5955.15
2362.6	5957.15
2363.54	5957.98
2364.47	5956.3
2365.4	5952.13
2366.33	5945.43
2367.26	5937.16
2368.19	5926.68
2369.12	5914.88
2370.05	5907.56
2370.98	5904.27
2371.91	5905.34
2372.84	5907.77
2373.77	5910.2
2374.7	5913.98
2375.63	5910.33
2376.56	5902.73
2377.49	5888.14
2378.42	5877.42
2379.35	5873.22
2380.28	5875.53
2381.21	5882.7
2382.14	5885.52
2383.07	5887.1
2384	5891.36
2384.92	5889.8
2385.85	5880.99
2386.78	5871.28
2387.71	5860.73
2388.64	5849.09
2389.56	5837.59
2390.49	5830.62
2391.42	5828.18
2392.35	5820.58
2393.27	5812.6
2394.2	5805.75
2395.13	5800.26
2396.05	5796.47
2396.98	5795.42
2397.91	5795.59
2398.83	5797.43
2399.76	5801.05
2400.69	5806.14
2401.61	5811.91
2402.54	5813.86
2403.46	5808.73
2404.39	5804.05
2405.31	5792.03
2406.24	5780.93
2407.17	5769.1
2408.09	5765.17
2409.01	5757.72
2409.94	5752.07
2410.86	5746.89
2411.79	5736.41
2412.71	5725.07
2413.64	5713.28
2414.56	5701.38
2415.49	5690.95
2416.41	5683.79
2417.33	5689.49
2418.26	5699.04
2419.18	5703.58
2420.1	5698.09
2421.03	5695.15
2421.95	5679.69
2422.87	5661.6
2423.79	5652.65
2424.72	5650.12
2425.64	5649.2
2426.56	5649.91
2427.48	5653.03
2428.41	5652.3
2429.33	5642.96
2430.25	5634.27
2431.17	5619.02
2432.09	5609.09
2433.01	5600.56
2433.93	5592.61
2434.86	5584.68
2435.78	5577.36
2436.7	5562.92
2437.62	5549.96
2438.54	5537.84
2439.46	5530.04
2440.38	5523.59
2441.3	5520.62
2442.22	5520.63
2443.14	5523.08
2444.06	5527.66
2444.98	5533.63
2445.9	5534.23
2446.82	5520.46
2447.73	5511.24
2448.65	5505.52
2449.57	5497.8
2450.49	5489.8
2451.41	5480.03
2452.33	5467.16
2453.25	5455.19
2454.17	5444.8
2455.08	5444.81
2456	5446.61
2456.92	5458.9
2457.84	5464.7
2458.75	5463.29
2459.67	5454.07
2460.59	5443.5
2461.51	5423.96
2462.42	5408.1
2463.34	5406.46
2464.26	5404.8
2465.17	5402.16
2466.09	5398.83
2467	5394.24
2467.92	5388.16
2468.84	5380.05
2469.75	5370.26
2470.67	5358
2471.58	5356.38
2472.5	5356.69
2473.42	5357.25
2474.33	5358.71
2475.25	5359.62
2476.16	5360.34
2477.08	5359.96
2477.99	5359.37
2478.9	5356.24
2479.82	5351.8
2480.73	5346.62
2481.65	5341.14
2482.56	5335.56
2483.47	5330.75
2484.39	5326.03
2485.3	5320.76
2486.22	5315.18
2487.13	5309.36
2488.04	5303.27
2488.96	5297.31
2489.87	5291.05
2490.78	5285.69
2491.69	5280.41
2492.61	5275.8
2493.52	5271.32
2494.43	5266.93
2495.34	5262.23
2496.25	5254.77
2497.17	5246.81
2498.08	5239.13
2498.99	5232.1
2499.9	5229.7
2500.81	5230.26
2501.72	5231.58
2502.63	5233.08
2503.55	5233.9
2504.46	5234.05
2505.37	5230.7
2506.28	5227.39
2507.19	5223.17
2508.1	5218.51
2509.01	5213.47
2509.92	5208.41
2510.83	5203.67
2511.74	5199.42
2512.65	5195.72
2513.56	5192.08
2514.47	5189.91
2515.37	5189.8
2516.28	5190.46
2517.19	5190.94
2518.1	5190.64
2519.01	5188.87
2519.92	5185.72
2520.83	5181.9
2521.73	5177.18
2522.64	5171.21
2523.55	5163.89
2524.46	5155.16
2525.37	5146.76
2526.27	5143.59
2527.18	5145.23
2528.09	5141.78
2529	5130.39
2529.9	5122.1
2530.81	5117.93
2531.72	5116.86
2532.62	5119.12
2533.53	5122.09
2534.44	5122.75
2535.34	5120.1
2536.25	5113.57
2537.15	5103.12
2538.06	5087.67
2538.96	5078.2
2539.87	5077.08
2540.78	5084
2541.68	5091.43
2542.59	5081.55
2543.49	5080.43
2544.4	5077.88
2545.3	5075.52
2546.21	5072.91
2547.11	5065.88
2548.01	5055.32
2548.92	5036.48
2549.82	5027.72
2550.73	5019.68
2551.63	5051.39
2552.53	5047.98
2553.44	5044.15
2554.34	5039.01
2555.24	5032.81
2556.15	5025.62
2557.05	5018.82
2557.95	5010.04
2558.86	5000.53
2559.76	4991.28
2560.66	4981.65
2561.56	4990.3
2562.46	4989.13
2563.37	4980.14
2564.27	4960.12
2565.17	4896.73
2566.07	4943.66
2566.97	4936.12
2567.88	4930.95
2568.78	4922.94
2569.68	4916.62
2570.58	4909.07
2571.48	4898.98
2572.38	4889.85
2573.28	4879.53
2574.18	4870.21
2575.08	4862.29
2575.98	4858.25
2576.88	4861.51
2577.78	4854.29
2578.68	4845.69
2579.58	4838.56
2580.48	4833.34
2581.38	4829.63
2582.28	4826.12
2583.18	4822.89
2584.08	4820.3
2584.98	4818.16
2585.88	4816.87
2586.77	4816.14
2587.67	4816.56
2588.57	4818.72
2589.47	4820.74
2590.37	4821.51
2591.27	4818.24
2592.16	4812.76
2593.06	4805.37
2593.96	4796.3
2594.86	4785.31
2595.75	4772.2
2596.65	4759.49
2597.55	4749.22
2598.45	4741.49
2599.34	4736.04
2600.24	4733.14
2601.13	4732.38
2602.03	4734.02
2602.93	4733.92
2603.82	4729.51
2604.72	4722.46
2605.62	4714.01
2606.51	4713.85
2607.41	4707.92
2608.3	4710.42
2609.2	4709.46
2610.09	4704.21
2610.99	4695.3
2611.88	4676.84
2612.78	4663.07
2613.67	4650.84
2614.57	4643.94
2615.46	4644.37
2616.36	4643.85
2617.25	4651.61
2618.14	4649.4
2619.04	4644.71
2619.93	4638.59
2620.83	4634.35
2621.72	4630.95
2622.61	4628.55
2623.5	4626.72
2624.4	4625.97
2625.29	4625.77
2626.18	4626.06
2627.08	4626.14
2627.97	4619.65
2628.86	4613.08
2629.75	4603.82
2630.65	4592.68
2631.54	4577.76
2632.43	4568.44
2633.32	4570.31
2634.21	4570.05
2635.11	4567.46
2636	4563.27
2636.89	4557.35
2637.78	4549.95
2638.67	4541.08
2639.56	4531.13
2640.45	4520.59
2641.34	4509.94
2642.23	4499.66
2643.12	4489.72
2644.01	4480.25
2644.9	4471.18
2645.79	4463.09
2646.68	4456.43
2647.57	4456.61
2648.46	4461.25
2649.35	4463.68
2650.24	4462.89
2651.13	4460.35
2652.02	4455.28
2652.91	4445.02
2653.8	4432.89
2654.69	4421.57
2655.58	4409.44
2656.46	4404.38
2657.35	4400.6
2658.24	4399.78
2659.13	4400.91
2660.02	4404.55
2660.9	4403.16
2661.79	4394.99
2662.68	4385.85
2663.57	4381.87
2664.45	4378.87
2665.34	4377.75
2666.23	4378.55
2667.11	4380.98
2668	4384.77
2668.89	4389.24
2669.77	4385.12
2670.66	4382.11
2671.55	4375.76
2672.43	4368.66
2673.32	4358.87
2674.21	4352.02
2675.09	4352.11
2675.98	4352.02
2676.86	4356.53
2677.75	4347.42
2678.63	4337.25
2679.52	4330.52
2680.4	4322.49
2681.29	4314.28
2682.17	4306.14
2683.06	4298.44
2683.94	4290.89
2684.82	4283.82
2685.71	4277.03
2686.59	4270.48
2687.48	4264.27
2688.36	4258.11
2689.24	4252.59
2690.13	4260.31
2691.01	4252.99
2691.89	4244.23
2692.78	4239.33
2693.66	4238.08
2694.54	4240.5
2695.43	4240.35
2696.31	4238.04
2697.19	4233.82
2698.07	4228.2
2698.96	4218.53
2699.84	4207.23
2700.72	4194.67
2701.6	4182.41
2702.48	4176.68
2703.36	4174.63
2704.25	4175
2705.13	4177
2706.01	4179.51
2706.89	4182.54
2707.77	4179.26
2708.65	4176.46
2709.53	4172.37
2710.41	4166.71
2711.29	4159.25
2712.17	4149.67
2713.05	4138.82
2713.93	4128.93
2714.81	4121.84
2715.69	4119.01
2716.57	4115.7
2717.45	4111.29
2718.33	4105.99
2719.21	4099.42
2720.09	4089.27
2720.97	4079.67
2721.85	4072.86
2722.73	4067.5
2723.61	4063.86
2724.48	4062.52
2725.36	4062.74
2726.24	4065.69
2727.12	4070.35
2728	4076.3
2728.88	4081.8
2729.75	4079.68
2730.63	4066.1
2731.51	4074.72
2732.39	4078.46
2733.26	4079.4
2734.14	4072.07
2735.02	4062.95
2735.89	4049.36
2736.77	4041.28
2737.65	4033.93
2738.52	4024.84
2739.4	4015.3
2740.28	4018.03
2741.15	4024.37
2742.03	4033.53
2742.9	4028.3
2743.78	4017.15
2744.65	3997.76
2745.53	3993.82
2746.41	3993.25
2747.28	3992.12
2748.16	3989.85
2749.03	3989.45
2749.91	3987.31
2750.78	3984.7
2751.66	3981.52
2752.53	3977.61
2753.4	3972.93
2754.28	3967.38
2755.15	3964.71
2756.02	3964.26
2756.9	3961.84
2757.77	3959.55
2758.65	3957.6
2759.52	3955.58
2760.39	3953.47
2761.27	3951.18
2762.14	3948.52
2763.01	3945.43
2763.88	3940.98
2764.76	3935.72
2765.63	3927.01
2766.5	3915.56
2767.37	3903.98
2768.25	3895.41
2769.12	3888
2769.99	3882.31
2770.86	3878.07
2771.73	3875.44
2772.61	3875.08
2773.48	3876.01
2774.35	3877.58
2775.22	3877.72
2776.09	3876.24
2776.96	3874.68
2777.83	3872.03
2778.7	3868.71
2779.57	3864.32
2780.44	3858.83
2781.31	3851.09
2782.18	3839.63
2783.05	3827.43
2783.92	3821.6
2784.79	3816.16
2785.66	3817.09
2786.53	3817.29
2787.4	3826.43
2788.27	3830.13
2789.14	3830.47
2790.01	3826.41
2790.88	3820.43
2791.75	3815.51
2792.62	3808.67
2793.48	3797.82
2794.35	3789.01
2795.22	3781.22
2796.09	3777.92
2796.96	3776.54
2797.82	3774.64
2798.69	3772.2
2799.56	3770.12
2800.43	3769.25
2801.29	3768.74
2802.16	3769.63
2803.03	3770.03
2803.9	3759.19
2804.76	3748.06
2805.63	3737.42
2806.5	3727.34
2807.36	3718.37
2808.23	3714.2
2809.09	3710.65
2809.96	3711.09
2810.83	3715.01
2811.69	3720.13
2812.56	3725.2
2813.42	3720.32
2814.29	3708.27
2815.15	3700.13
2816.02	3695.04
2816.88	3690.97
2817.75	3687.03
2818.61	3683.56
2819.48	3680.63
2820.34	3677.71
2821.21	3674.72
2822.07	3670.75
2822.94	3666.19
2823.8	3661.4
2824.66	3656.93
2825.53	3653.46
2826.39	3651.63
2827.26	3652.2
2828.12	3648.41
2828.98	3658.93
2829.85	3668.6
2830.71	3679.62
2831.57	3676.92
2832.43	3650.28
2833.3	3611.91
2834.16	3611.83
2835.02	3620.03
2835.88	3622.96
2836.75	3624.47
2837.61	3624.41
2838.47	3618.58
2839.33	3609.89
2840.19	3602.03
2841.06	3594.73
2841.92	3588.89
2842.78	3588.93
2843.64	3586.88
2844.5	3585.33
2845.36	3584.76
2846.22	3584.94
2847.08	3586.92
2847.94	3586.51
2848.81	3574.47
2849.67	3571.98
2850.53	3570.71
2851.39	3573.28
2852.25	3571.22
2853.11	3570.12
2853.97	3551.93
2854.82	3549.08
2855.68	3544.84
2856.54	3550.61
2857.4	3548.87
2858.26	3544.96
2859.12	3540.91
2859.98	3537.62
2860.84	3533.61
2861.7	3530.04
2862.56	3526.58
2863.41	3523.52
2864.27	3520.38
2865.13	3517.37
2865.99	3511.19
2866.85	3502.82
2867.7	3495.56
2868.56	3487.33
2869.42	3481.96
2870.28	3480.6
2871.13	3483.49
2871.99	3492.74
2872.85	3498.25
2873.7	3499.17
2874.56	3495.93
2875.42	3488.38
2876.27	3476.86
2877.13	3471.87
2877.99	3466.97
2878.84	3461.07
2879.7	3458.12
2880.56	3455.7
2881.41	3451.81
2882.27	3448.43
2883.12	3445.48
2883.98	3442.97
2884.83	3440.77
2885.69	3438.88
2886.54	3437.15
2887.4	3435.66
2888.25	3434.22
2889.11	3434.68
2889.96	3430.7
2890.82	3422.94
2891.67	3417.88
2892.52	3411.01
2893.38	3405.54
2894.23	3402.06
2895.09	3399.82
2895.94	3398.58
2896.79	3398.15
2897.65	3398.69
2898.5	3399.85
2899.35	3398.64
2900.21	3394.81
2901.06	3388.2
2901.91	3379.37
2902.76	3371.84
2903.62	3364.54
2904.47	3357.31
2905.32	3350.2
2906.17	3343.44
2907.03	3336.83
2907.88	3330.49
2908.73	3323.83
2909.58	3316.13
2910.43	3307.59
2911.28	3304.97
2912.14	3309.86
2912.99	3314.87
2913.84	3319.01
2914.69	3321.2
2915.54	3322.45
2916.39	3315.32
2917.24	3308.39
2918.09	3303.22
2918.94	3300.26
2919.79	3299.48
2920.64	3294.14
2921.49	3288.02
2922.34	3281.69
2923.19	3274.67
2924.04	3266.71
2924.89	3257.67
2925.74	3256.15
2926.59	3256.96
2927.44	3260.08
2928.29	3263.52
2929.14	3264.57
2929.98	3264.78
2930.83	3257.73
2931.68	3245.92
2932.53	3234.48
2933.38	3223.94
2934.23	3214.25
2935.07	3204.35
2935.92	3205.13
2936.77	3210.5
2937.62	3212.65
2938.47	3206.15
2939.31	3198.97
2940.16	3194.61
2941.01	3191.96
2941.85	3191.33
2942.7	3191.05
2943.55	3197.01
2944.39	3203.67
2945.24	3201.99
2946.09	3194.79
2946.93	3182.63
2947.78	3172.79
2948.63	3163.18
2949.47	3150.1
2950.32	3143.53
2951.16	3145.2
2952.01	3153.18
2952.85	3158.24
2953.7	3155.31
2954.55	3151.79
2955.39	3147.18
2956.24	3141.76
2957.08	3134.7
2957.92	3127.35
2958.77	3121.03
2959.61	3118.41
2960.46	3120.73
2961.3	3119.39
2962.15	3118.33
2962.99	3118.4
2963.83	3114.86
2964.68	3108.54
2965.52	3101.3
2966.37	3094.69
2967.21	3088.63
2968.05	3083.5
2968.9	3082.24
2969.74	3081.49
2970.58	3082.1
2971.42	3084.2
2972.27	3088.17
2973.11	3089.43
2973.95	3088
2974.79	3082.48
2975.64	3076.09
2976.48	3069.83
2977.32	3063.66
2978.16	3057.71
2979	3052.12
2979.85	3047
2980.69	3042.2
2981.53	3037.96
2982.37	3031.56
2983.21	3022.38
2984.05	3012.13
2984.89	3011.07
2985.73	3012.51
2986.57	3016.22
2987.41	3026.9
2988.25	3037.66
2989.1	3042.89
2989.94	3042.58
2990.77	3036.12
2991.62	3029.99
2992.45	3024.94
2993.29	3018.73
2994.13	3017.81
2994.97	3023.85
2995.81	3035.3
2996.65	3035.4
2997.49	3028.41
2998.33	3014.53
2999.17	2993.25
