200.833	10057.3
202.102	10137.3
203.371	10130.3
204.639	10150.5
205.907	10157.4
207.175	10168.8
208.442	10185.6
209.71	10194
210.977	10199.8
212.244	10197.7
213.511	10197.7
214.777	10187.6
216.042	10188.5
217.309	10204.7
218.575	10224.7
219.84	10247.5
221.106	10266.9
222.371	10285.7
223.635	10305.3
224.9	10324.7
226.165	10345.4
227.429	10367.6
228.694	10392.2
229.956	10420.1
231.22	10450
232.484	10478.3
233.747	10505.1
235.011	10533.2
236.272	10554.3
237.535	10568.2
238.798	10557.5
240.06	10549.7
241.321	10546.7
242.583	10546.7
243.845	10554.1
245.105	10572
246.367	10602
247.628	10623.9
248.888	10639.5
250.149	10652.7
251.409	10659.5
252.67	10664.5
253.928	10665.1
255.189	10665.8
256.447	10666.8
257.707	10671.4
258.966	10681.4
260.224	10692.8
261.483	10705.1
262.742	10722.2
263.999	10746.3
265.257	10783.3
266.514	10814.1
267.772	10813.9
269.028	10788.7
270.286	10832.8
271.543	10862.3
272.799	10888.1
274.056	10905.8
275.311	10908
276.568	10909.3
277.823	10911.2
279.079	10916
280.333	10923.3
281.589	10933.1
282.843	10945.2
284.099	10959.2
285.352	10975.6
286.607	10992.3
287.86	11014.2
289.114	11005.8
290.368	10997
291.621	10998.9
292.875	11013.2
294.127	11033.3
295.38	11060.1
296.632	11077.1
297.884	11088.9
299.137	11095.8
300.388	11097.7
301.641	11094.6
302.891	11085.5
304.142	11081.1
305.394	11090.5
306.644	11108.8
307.894	11124.3
309.146	11135.5
310.395	11144.5
311.645	11152.7
312.895	11157.9
314.144	11160.2
315.393	11159.2
316.642	11153.4
317.892	11139.7
319.14	11134.1
320.388	11134.8
321.637	11141.5
322.885	11161.3
324.132	11197
325.38	11221.2
326.628	11239.3
327.875	11256
329.122	11271.9
330.368	11288.1
331.614	11303.3
332.862	11314.4
334.108	11322.8
335.353	11328.9
336.599	11334.3
337.844	11338.8
339.089	11343.8
340.335	11358.5
341.58	11371.7
342.824	11384.5
344.068	11396.7
345.312	11404.9
346.556	11405
347.8	11407.3
349.043	11408.3
350.286	11408.4
351.53	11407.6
352.774	11423.6
354.016	11437.1
355.259	11447.8
356.501	11455.7
357.743	11460.6
358.985	11462
360.227	11457.1
361.468	11456.7
362.709	11458.7
363.95	11468.5
365.191	11484.1
366.432	11498.3
367.672	11507.2
368.912	11510.6
370.152	11512.2
371.392	11512.9
372.632	11509.5
373.871	11509.5
375.11	11513
376.348	11518.6
377.587	11527.7
378.825	11537.7
380.064	11547.9
381.302	11559.2
382.54	11572
383.778	11585.6
385.016	11600
386.253	11615.1
387.489	11630.7
388.726	11638.6
389.963	11642.1
391.199	11640.1
392.436	11639.2
393.672	11650.4
394.907	11667.2
396.142	11681.1
397.378	11692.3
398.614	11701.2
399.849	11708.1
401.082	11708.8
402.317	11707.8
403.552	11706.4
404.786	11705.8
406.019	11720.6
407.253	11727.2
408.487	11730.9
409.721	11734.9
410.953	11738.6
412.186	11740.8
413.419	11745.9
414.651	11752.6
415.883	11761.8
417.116	11773.9
418.347	11779.9
419.579	11780.7
420.811	11782.4
422.041	11782.9
423.272	11782.8
424.504	11782.7
425.733	11784.7
426.964	11787.2
428.194	11790.6
429.424	11795.2
430.654	11801.3
431.883	11808.3
433.113	11816.5
434.341	11826.4
435.571	11838.3
436.799	11852.1
438.028	11867.4
439.257	11877.1
440.484	11872.1
441.713	11854.5
442.94	11836.9
444.168	11842
445.394	11855.6
446.622	11879.2
447.848	11911.1
449.076	11923
450.301	11924.4
451.528	11917.8
452.754	11910
453.979	11904
455.205	11900.2
456.43	11900.4
457.656	11900.7
458.88	11908.2
460.106	11918.1
461.33	11927.9
462.554	11932.8
463.779	11928.6
465.002	11923.2
466.225	11919.5
467.45	11917.6
468.672	11918.6
469.895	11921.6
471.119	11927.1
472.341	11934.9
473.563	11943.7
474.786	11940.8
476.008	11927.1
477.229	11918.3
478.452	11911.2
479.673	11906.4
480.894	11907.3
482.115	11903.9
483.337	11901.8
484.557	11900.4
485.777	11899.7
486.997	11899.9
488.218	11900.7
489.438	11902.2
490.657	11904.1
491.876	11906.3
493.096	11906.6
494.315	11903.2
495.533	11894.3
496.752	11890.2
497.97	11887.1
499.188	11884.6
500.407	11884.3
501.625	11887.3
502.842	11894.2
504.059	11904.2
505.276	11916.4
506.493	11928.9
507.71	11941.4
508.926	11952.7
510.142	11964.5
511.358	11977.2
512.575	11988.9
513.791	11991.4
515.006	11979.1
516.222	11965.3
517.437	11949.3
518.651	11938.8
519.866	11968.1
521.081	11990.5
522.295	12012.2
523.509	12034.2
524.723	12050.2
525.937	12060.3
527.15	12064.9
528.363	12064.2
529.576	12058.4
530.789	12047.7
532.002	12031.4
533.215	12009.9
534.426	11989.5
535.638	11977.9
536.85	11999.4
538.061	12024.9
539.273	12040.9
540.484	12056.5
541.695	12069.7
542.906	12084.8
544.117	12078.5
545.327	12068.5
546.537	12062.3
547.747	12058.2
548.957	12071.7
550.167	12081.9
551.377	12091.5
552.585	12095.8
553.794	12094.3
555.003	12081.2
556.212	12066.3
557.421	12069.1
558.628	12083.6
559.836	12091
561.044	12099.2
562.252	12103.5
563.458	12103.5
564.666	12099.4
565.873	12093.4
567.08	12092.7
568.286	12101.3
569.493	12113.9
570.699	12123.9
571.904	12130.5
573.111	12133.6
574.317	12133.3
575.521	12131.5
576.727	12127
577.932	12120.8
579.136	12116.8
580.341	12114.2
581.544	12113.8
582.749	12111.3
583.954	12108.9
585.156	12106.8
586.361	12105
587.563	12103.6
588.767	12102.9
589.97	12087.1
591.172	12089.6
592.375	12104.1
593.577	12118.2
594.78	12132.9
595.981	12141.9
597.183	12146.8
598.384	12148.2
599.586	12146.6
600.786	12141.7
601.988	12132.9
603.188	12119.6
604.389	12101.4
605.589	12079.6
606.79	12088.7
607.989	12102.3
609.188	12115.5
610.389	12127.3
611.587	12131
612.787	12121.9
613.986	12114
615.184	12101.9
616.383	12084.7
617.581	12064.8
618.78	12049.9
619.977	12033.6
621.174	12035.3
622.373	12035.3
623.57	12036.4
624.766	12036.9
625.964	12036.3
627.16	12034.3
628.356	12030.1
629.554	12024.5
630.749	12017.7
631.945	12006.7
633.14	11993.9
634.337	11979.5
635.532	11963.4
636.726	11958
637.921	11960.2
639.117	11964.5
640.311	11973.9
641.505	11982.7
642.699	11991.1
643.892	11989.8
645.087	11986.7
646.28	11979.9
647.473	11973.3
648.666	11972.2
649.859	11976.9
651.051	11982
652.245	11986.8
653.437	11988.5
654.629	11989.9
655.821	11989.2
657.012	11986.7
658.204	11981.2
659.395	11972.3
660.586	11960
661.777	11951.6
662.967	11963.2
664.158	11976.4
665.349	11993.1
666.539	11996.5
667.729	11999.1
668.919	11997.5
670.109	11997.5
671.298	12006.5
672.487	12017.3
673.676	12026.8
674.865	12037.1
676.053	12031.5
677.242	12027.2
678.43	12023.3
679.616	12022.2
680.804	12020.4
681.992	12017.5
683.179	12012
684.366	12002.7
685.554	11989.3
686.74	11972.2
687.927	11952.6
689.114	11940.9
690.3	11945
691.486	11954.7
692.671	11961.4
693.856	11963.1
695.042	11962.5
696.227	11960.4
697.413	11956.6
698.598	11951.2
699.781	11944.2
700.966	11936.1
702.15	11927.7
703.334	11918.3
704.518	11905
705.701	11890.8
706.885	11876.7
708.068	11865
709.252	11860.7
710.433	11860.3
711.616	11863.7
712.799	11870
713.98	11874.9
715.163	11884.1
716.345	11894.1
717.527	11906.7
718.707	11920.2
719.889	11931.5
721.071	11937.4
722.25	11907.7
723.432	11892.3
724.611	11884.4
725.792	11885.3
726.972	11893.6
728.151	11910.7
729.332	11922.5
730.512	11933.6
731.69	11939
732.87	11936.7
734.048	11927
735.227	11910.9
736.405	11886.7
737.584	11888.9
738.761	11900.6
739.94	11913
741.117	11925.3
742.295	11936.1
743.471	11945.7
744.649	11954.3
745.825	11961.9
747.003	11968.7
748.179	11975.2
749.356	11980.3
750.531	11984.1
751.708	11979.7
752.883	11959.3
754.059	11946.5
755.234	11942.8
756.409	11943
757.585	11946
758.759	11951.1
759.934	11959.4
761.108	11969.7
762.282	11981.7
763.456	11993.4
764.63	11975.2
765.803	11954.7
766.977	11932.1
768.15	11906
769.323	11877.4
770.496	11861.8
771.668	11853.4
772.841	11853.4
774.014	11856.4
775.185	11861.7
776.357	11867.3
777.528	11874.8
778.701	11883.5
779.872	11893.3
781.042	11885.2
782.213	11854.6
783.383	11824.9
784.555	11814.4
785.725	11795.9
786.895	11780
788.064	11766.9
789.234	11757
790.404	11749.8
791.573	11745.6
792.742	11745.3
793.911	11747
795.08	11751.2
796.248	11757.7
797.416	11763.5
798.584	11762.8
799.753	11754.8
800.921	11744.1
802.088	11734.5
803.256	11726.8
804.423	11718.4
805.59	11710.2
806.756	11706.3
807.923	11706
809.089	11713.2
810.256	11723.3
811.422	11732.1
812.587	11739.8
813.753	11745.8
814.918	11751.6
816.084	11756.6
817.249	11761.2
818.414	11764.6
819.578	11766.8
820.743	11768.6
821.907	11769.6
823.072	11770.9
824.236	11774.2
825.399	11777.9
826.562	11784.2
827.725	11792.7
828.889	11792.8
830.052	11782.6
831.215	11778
832.377	11757.4
833.54	11745.3
834.701	11734.9
835.863	11727.8
837.025	11723.1
838.187	11722.2
839.349	11724.7
840.51	11731.3
841.67	11741.2
842.831	11758.4
843.992	11771.5
845.153	11776
846.312	11774.3
847.473	11767.6
848.633	11756.1
849.793	11741.1
850.951	11722.8
852.111	11701.3
853.27	11685.4
854.428	11678.5
855.588	11682.4
856.747	11677.1
857.904	11670.2
859.063	11662.7
860.221	11655.9
861.378	11647.9
862.536	11639.5
863.694	11630.2
864.85	11620.5
866.008	11609.9
867.164	11598.7
868.321	11584.5
869.478	11570.9
870.633	11565.7
871.79	11567.9
872.945	11574.7
874.101	11564
875.256	11550.8
876.412	11536
877.566	11519.6
878.722	11501.9
879.876	11482.6
881.031	11461.8
882.185	11446
883.34	11468.8
884.493	11490.7
885.647	11547.1
886.8	11477.1
887.954	11477.6
889.107	11482.7
890.261	11485.5
891.413	11482.4
892.565	11479.6
893.718	11470.9
894.87	11460.8
896.023	11449.9
897.174	11438.6
898.326	11428.3
899.478	11426.5
900.629	11432.2
901.779	11443
902.931	11452.9
904.081	11460.5
905.231	11444.8
906.383	11425.7
907.532	11410.3
908.682	11400.1
909.831	11399.5
910.982	11413.4
912.131	11428.5
913.28	11442.7
914.429	11451.6
915.578	11458.6
916.727	11463.8
917.875	11467.4
919.023	11468.7
920.171	11468.3
921.32	11466.8
922.467	11466.8
923.614	11472.3
924.761	11483.3
925.908	11482.6
927.055	11469.9
928.203	11451.5
929.349	11433.3
930.496	11425.4
931.642	11417.5
932.787	11410.3
933.933	11404.1
935.079	11399
936.224	11395
937.369	11391
938.514	11393.6
939.659	11408.6
940.804	11431.7
941.948	11448.2
943.092	11457.5
944.236	11459.9
945.38	11453.4
946.524	11441
947.667	11396.7
948.811	11358.6
949.954	11345.8
951.097	11346.1
952.24	11361.7
953.383	11357.8
954.525	11354
955.667	11349.5
956.81	11343.8
957.952	11335.6
959.093	11326.1
960.235	11316
961.376	11306.7
962.516	11302.9
963.658	11297.3
964.798	11282.4
965.939	11262.2
967.08	11254.3
968.22	11248.3
969.359	11243.8
970.499	11241.2
971.639	11242.2
972.779	11234.4
973.918	11228.2
975.056	11225.7
976.195	11226.4
977.334	11230.3
978.473	11239.4
979.61	11248.9
980.749	11253.7
981.887	11254.8
983.024	11252.4
984.162	11247.1
985.3	11243
986.437	11240.6
987.573	11240.5
988.711	11241.3
989.848	11238.4
990.983	11231.4
992.12	11227
993.255	11223.2
994.392	11221
995.528	11219.2
996.662	11222.3
997.798	11224.6
998.933	11225.2
1000.07	11225.3
1001.2	11222.1
1002.34	11222.4
1003.47	11221.8
1004.61	11226.3
1005.74	11233.8
1006.87	11244.7
1008.01	11253.7
1009.14	11251.8
1010.27	11250.9
1011.41	11247.1
1012.54	11239.6
1013.67	11229.3
1014.81	11217.8
1015.94	11211.1
1017.07	11216.7
1018.2	11218.7
1019.33	11204.6
1020.47	11182.4
1021.6	11165.7
1022.73	11153.2
1023.86	11143.7
1024.99	11135.8
1026.12	11131.8
1027.25	11130.8
1028.38	11133.1
1029.51	11138.4
1030.64	11147
1031.77	11157
1032.9	11144.3
1034.03	11120.8
1035.16	11067.6
1036.29	11069.8
1037.42	11083.2
1038.55	11095.2
1039.67	11096.5
1040.8	11099.1
1041.93	11080
1043.06	11058.2
1044.19	11037.9
1045.31	11019.2
1046.44	11002.7
1047.57	10990.4
1048.69	10979.2
1049.82	10968.7
1050.95	10960.5
1052.08	10954.3
1053.2	10952.6
1054.33	10954
1055.45	10956.4
1056.58	10959.2
1057.7	10966
1058.83	10971.7
1059.95	10971.6
1061.08	10965.2
1062.2	10951.4
1063.33	10941.8
1064.45	10935.9
1065.58	10921.8
1066.7	10910.5
1067.83	10910.3
1068.95	10909.7
1070.07	10915
1071.2	10921.1
1072.32	10925.6
1073.44	10924.7
1074.56	10917.8
1075.69	10912.6
1076.81	10908.6
1077.93	10905.8
1079.05	10904.4
1080.17	10903.9
1081.3	10904.9
1082.42	10907
1083.54	10910.5
1084.66	10914.9
1085.78	10919.6
1086.9	10924.4
1088.02	10928.4
1089.14	10931.6
1090.26	10934
1091.38	10934.5
1092.5	10931.3
1093.62	10927.5
1094.74	10910.6
1095.86	10892.5
1096.98	10881
1098.1	10876.6
1099.22	10879.2
1100.34	10889.9
1101.45	10907
1102.57	10915.4
1103.69	10920.6
1104.81	10911.8
1105.93	10894.9
1107.04	10881.2
1108.16	10869.5
1109.28	10857.1
1110.4	10846.8
1111.51	10837.2
1112.63	10828.8
1113.75	10820.4
1114.86	10811.9
1115.98	10803.7
1117.09	10795.9
1118.21	10789.5
1119.32	10784.5
1120.44	10781.4
1121.55	10779.4
1122.67	10779.5
1123.78	10780
1124.9	10775.7
1126.01	10766.6
1127.13	10750.7
1128.24	10733.6
1129.35	10712.7
1130.47	10694.2
1131.58	10684.4
1132.7	10677.1
1133.81	10669.8
1134.92	10661.5
1136.03	10647.5
1137.15	10634.5
1138.26	10630.8
1139.37	10636.6
1140.48	10627.5
1141.59	10616.9
1142.71	10607.1
1143.82	10596.3
1144.93	10589.1
1146.04	10581.6
1147.15	10574.2
1148.26	10566.3
1149.37	10557.2
1150.48	10546.3
1151.59	10531.1
1152.7	10516.5
1153.81	10501.5
1154.92	10486.3
1156.03	10477
1157.14	10472.5
1158.25	10470.3
1159.36	10470.4
1160.47	10472
1161.58	10472.3
1162.68	10472.4
1163.79	10472.4
1164.9	10475.4
1166.01	10474.6
1167.12	10473.7
1168.22	10472.5
1169.33	10476.8
1170.44	10488.6
1171.55	10517.8
1172.65	10528.4
1173.76	10485.4
1174.87	10466.4
1175.97	10459.7
1177.08	10469
1178.18	10477.2
1179.29	10484.1
1180.4	10490
1181.5	10495.3
1182.61	10499.7
1183.71	10502.1
1184.82	10503.1
1185.92	10502.7
1187.02	10501.4
1188.13	10500.3
1189.23	10499.2
1190.34	10494.7
1191.44	10490.6
1192.54	10487.2
1193.65	10488.1
1194.75	10502.1
1195.85	10515.9
1196.96	10526.7
1198.06	10531.3
1199.16	10530.8
1200.26	10522.7
1201.37	10503.5
1202.47	10469.7
1203.57	10464.5
1204.67	10469.6
1205.77	10470.4
1206.87	10469
1207.97	10465.9
1209.08	10461.7
1210.18	10455.3
1211.28	10447.1
1212.38	10437.5
1213.48	10429.3
1214.58	10422.8
1215.68	10421.5
1216.78	10423.1
1217.88	10429.6
1218.98	10439
1220.07	10450.2
1221.17	10459
1222.27	10451.2
1223.37	10440.1
1224.47	10421.6
1225.57	10401.7
1226.66	10383.6
1227.76	10367.4
1228.86	10356.1
1229.96	10347.2
1231.06	10343.1
1232.15	10341.5
1233.25	10343.8
1234.35	10348.3
1235.44	10354.4
1236.54	10354.8
1237.63	10342.3
1238.73	10324.1
1239.83	10302.3
1240.92	10283
1242.02	10267.2
1243.11	10255.8
1244.21	10248.2
1245.3	10243.9
1246.4	10242.9
1247.49	10246.1
1248.59	10251.5
1249.68	10254.8
1250.78	10257
1251.87	10247.1
1252.96	10237.5
1254.06	10228.4
1255.15	10219.9
1256.24	10216.2
1257.34	10215.1
1258.43	10215.5
1259.52	10218.4
1260.62	10223.3
1261.71	10232
1262.8	10234.5
1263.89	10228.9
1264.98	10198.1
1266.08	10170.2
1267.17	10160.5
1268.26	10161.2
1269.35	10154.2
1270.44	10149.9
1271.53	10148.6
1272.62	10150.3
1273.71	10154.7
1274.8	10161.8
1275.89	10171.5
1276.98	10183.4
1278.07	10198.1
1279.16	10206.8
1280.25	10211.1
1281.34	10203.9
1282.43	10189.4
1283.52	10173.9
1284.61	10158
1285.69	10183.7
1286.78	10206.4
1287.87	10219.1
1288.96	10241.7
1290.05	10193
1291.13	10188.2
1292.22	10172.8
1293.31	10186.6
1294.4	10193.6
1295.48	10200.1
1296.57	10200.5
1297.66	10198.6
1298.74	10195.3
1299.83	10191.2
1300.92	10188.7
1302	10186.2
1303.09	10190.2
1304.17	10195
1305.26	10203.2
1306.34	10207.4
1307.43	10210
1308.51	10208
1309.6	10201.7
1310.68	10192.8
1311.76	10181
1312.85	10169
1313.93	10155.8
1315.02	10145.5
1316.1	10141.1
1317.18	10140.4
1318.27	10138.9
1319.35	10133.5
1320.43	10127.6
1321.52	10121.3
1322.6	10116.4
1323.68	10111.7
1324.76	10106.1
1325.85	10101
1326.93	10098.8
1328.01	10095.4
1329.09	10090
1330.17	10077.5
1331.25	10062.6
1332.33	10048.7
1333.41	10039.9
1334.49	10036.2
1335.58	10034.8
1336.65	10035
1337.74	10038.3
1338.82	10035.8
1339.89	10025.8
1340.97	10018
1342.05	10013.9
1343.13	10010.1
1344.21	10007.2
1345.29	10005.2
1346.37	10001.2
1347.45	9997.05
1348.53	9991.02
1349.6	9983.74
1350.68	9975.28
1351.76	9966.07
1352.84	9975.09
1353.92	9981.34
1354.99	9988.57
1356.07	9993.28
1357.15	9995.49
1358.22	9993.64
1359.3	9992.77
1360.38	9988.55
1361.45	9983.79
1362.53	9978.64
1363.61	9973.38
1364.68	9967.03
1365.76	9964.34
1366.83	9965.36
1367.91	9969.62
1368.98	9977.86
1370.06	9985.85
1371.13	9988.88
1372.21	9989.82
1373.28	9979.17
1374.35	9974.4
1375.43	9967.34
1376.5	9958.52
1377.58	9948.39
1378.65	9940.92
1379.72	9937.62
1380.8	9947.87
1381.87	9952.81
1382.94	9951.8
1384.01	9949.25
1385.09	9942.5
1386.16	9917.9
1387.23	9888.92
1388.3	9865.59
1389.38	9851.87
1390.45	9849.17
1391.52	9856.53
1392.59	9864.21
1393.66	9862.45
1393.92	9860.61
1395	9862.63
1396.07	9861.16
1397.15	9851.91
1398.22	9840.41
1399.3	9841.34
1400.38	9851.95
1401.45	9859.47
1402.53	9866.69
1403.6	9869.72
1404.68	9867.73
1405.75	9861.7
1406.82	9853.02
1407.9	9838.4
1408.97	9821.31
1410.05	9802.3
1411.12	9785.48
1412.19	9776.06
1413.27	9781.95
1414.34	9788.29
1415.41	9790.93
1416.49	9791.84
1417.56	9792.28
1418.63	9786.48
1419.7	9780.1
1420.78	9771.61
1421.85	9761.89
1422.92	9752.5
1423.99	9745.85
1425.06	9749.66
1426.14	9757.45
1427.21	9766.19
1428.28	9769.31
1429.35	9765.71
1430.42	9756.15
1431.49	9739.89
1432.56	9729.31
1433.63	9717.8
1434.7	9709.77
1435.77	9709
1436.84	9714.69
1437.91	9719.93
1438.98	9724.14
1440.05	9727.39
1441.12	9728.59
1442.18	9719.71
1443.25	9709.86
1444.32	9698.3
1445.39	9689.43
1446.46	9690.41
1447.53	9709.71
1448.59	9772.52
1449.66	9690.67
1450.73	9675.86
1451.8	9652.55
1452.86	9651.14
1453.93	9656.39
1455	9669.46
1456.06	9687.2
1457.13	9704.07
1458.2	9714.53
1459.26	9714.28
1460.33	9705.89
1461.39	9689.74
1462.46	9664.84
1463.52	9650.78
1464.59	9643.98
1465.65	9642.28
1466.72	9637.9
1467.78	9630.89
1468.85	9623.79
1469.91	9617.34
1470.98	9611.32
1472.04	9605.62
1473.1	9600.62
1474.17	9598.26
1475.23	9599.76
1476.3	9613.01
1477.36	9627.36
1478.42	9638.31
1479.48	9647.25
1480.55	9656.48
1481.61	9660.95
1482.67	9650.95
1483.73	9634.32
1484.8	9621.41
1485.86	9611.98
1486.92	9605.86
1487.98	9602.4
1489.04	9602.03
1490.1	9595.69
1491.17	9587.97
1492.23	9577.52
1493.29	9564.96
1494.35	9562.88
1495.41	9572.61
1496.47	9580.33
1497.53	9591.53
1498.59	9590.64
1499.65	9577.15
1500.71	9567.04
1501.77	9551.48
1502.83	9528.5
1503.88	9505.75
1504.94	9489.79
1506	9480.33
1507.06	9478.25
1508.12	9484.56
1509.18	9485.29
1510.23	9492.15
1511.29	9496.02
1512.35	9485.25
1513.41	9474.09
1514.47	9465.17
1515.52	9457.34
1516.58	9450.76
1517.64	9445.18
1518.69	9440.88
1519.75	9438.14
1520.81	9436.55
1521.86	9436.75
1522.92	9436.47
1523.97	9428.65
1525.03	9410.78
1526.08	9393.77
1527.14	9385.88
1528.2	9378.92
1529.25	9373.11
1530.31	9367.85
1531.36	9365.29
1532.42	9363.76
1533.47	9363.94
1534.52	9361.74
1535.58	9356.57
1536.63	9348.75
1537.69	9338.17
1538.74	9333.32
1539.79	9336.52
1540.84	9342.15
1541.9	9373.34
1542.95	9328.78
1544	9270.39
1545.06	9302.2
1546.11	9316.06
1547.16	9325.4
1548.21	9329.03
1549.27	9328.97
1550.32	9327.46
1551.37	9325.23
1552.42	9310.16
1553.47	9302.16
1554.52	9301.07
1555.57	9306.37
1556.62	9314.7
1557.67	9323.6
1558.72	9330.28
1559.77	9333.43
1560.82	9332.75
1561.87	9324.8
1562.92	9312.89
1563.97	9305.34
1565.02	9301.52
1566.07	9302.94
1567.12	9303.84
1568.17	9317.04
1569.22	9315.97
1570.27	9310.02
1571.32	9302.53
1572.36	9291.94
1573.41	9280.1
1574.46	9266.48
1575.51	9248.52
1576.56	9232.42
1577.6	9230.43
1578.65	9238.35
1579.7	9247.99
1580.74	9254.54
1581.79	9262.71
1582.84	9264.37
1583.88	9264.79
1584.93	9258.38
1585.98	9249.24
1587.02	9236.02
1588.07	9224.51
1589.11	9217.08
1590.16	9211.43
1591.2	9208.16
1592.25	9208.3
1593.29	9211.19
1594.34	9216.92
1595.38	9225.25
1596.43	9236.5
1597.47	9229.56
1598.52	9225.45
1599.56	9215.53
1600.6	9204.83
1601.65	9193.95
1602.69	9181.31
1603.73	9169.77
1604.78	9162.14
1605.82	9151.23
1606.86	9137.19
1607.91	9119.93
1608.95	9099.83
1609.99	9086.89
1611.03	9079.51
1612.08	9077.77
1613.12	9081.91
1614.16	9084.23
1615.2	9087.92
1616.24	9086.35
1617.28	9083.96
1618.32	9078.67
1619.36	9070.35
1620.41	9060.55
1621.45	9050.08
1622.49	9039.28
1623.53	9028.71
1624.57	9018.59
1625.61	9008.63
1626.65	8999.03
1627.69	8989.72
1628.73	8980.82
1629.76	8972.86
1630.8	8964.59
1631.84	8956.59
1632.88	8949.56
1633.92	8944.35
1634.96	8942.36
1636	8940.42
1637.03	8937.1
1638.07	8933.55
1639.11	8929.44
1640.15	8925.48
1641.19	8919.46
1642.22	8914.11
1643.26	8910.3
1644.3	8909.23
1645.33	8909.9
1646.37	8911.63
1647.41	8914.29
1648.44	8905.01
1649.48	8894.95
1650.52	8877.12
1651.55	8862.94
1652.59	8844.23
1653.62	8833.68
1654.66	8827.79
1655.69	8827
1656.73	8829.34
1657.76	8835.73
1658.8	8845.75
1659.83	8857.97
1660.87	8868.37
1661.9	8861.48
1662.93	8851.22
1663.97	8836.78
1665	8821.45
1666.04	8810.45
1667.07	8802.45
1668.1	8800.76
1669.14	8796.54
1670.17	8801.35
1671.2	8812.19
1672.23	8808.85
1673.27	8801.09
1674.3	8781.74
1675.33	8761.45
1676.36	8755.94
1677.39	8771
1678.43	8791.87
1679.46	8763.74
1680.49	8755.07
1681.52	8751.82
1682.55	8754.31
1683.58	8753.04
1684.61	8757.75
1685.64	8758.72
1686.67	8762.65
1687.7	8744.73
1688.73	8722.26
1689.76	8704.33
1690.79	8694.03
1691.82	8689.3
1692.85	8689.47
1693.88	8685.01
1694.91	8679.95
1695.94	8677.54
1696.97	8676.03
1698	8676.92
1699.02	8679.06
1700.05	8682.58
1701.08	8686.73
1702.11	8690.2
1703.14	8693.61
1704.16	8684.1
1705.19	8668.89
1706.22	8662.62
1707.25	8649.34
1708.27	8641.58
1709.3	8640.21
1710.33	8630.16
1711.35	8617.11
1712.38	8605.29
1713.41	8594.5
1714.43	8584.71
1715.46	8576.51
1716.48	8577.28
1717.51	8576.4
1718.53	8575.77
1719.56	8573.71
1720.58	8571.48
1721.61	8569.58
1722.63	8566.7
1723.66	8563.11
1724.68	8558.68
1725.71	8553
1726.73	8545.56
1727.75	8533.03
1728.78	8518.6
1729.8	8502.81
1730.83	8487.65
1731.85	8473.87
1732.87	8462.78
1733.89	8452.38
1734.92	8443.61
1735.94	8436.54
1736.96	8431.07
1737.98	8427.4
1739.01	8425.21
1740.03	8426.89
1741.05	8431.65
1742.07	8435.88
1743.09	8440.03
1744.12	8434.84
1745.14	8424.61
1746.16	8409.18
1747.18	8396.94
1748.2	8387.65
1749.22	8375.9
1750.24	8377.58
1751.26	8375.53
1752.28	8368.29
1753.3	8362.32
1754.32	8355.06
1755.34	8346.11
1756.36	8335.26
1757.38	8340.61
1758.4	8350.52
1759.42	8361.46
1760.44	8358.54
1761.45	8340.77
1762.47	8300.72
1763.49	8305.28
1764.51	8351.19
1765.53	8349.55
1766.55	8349.77
1767.56	8346.34
1768.58	8344.52
1769.6	8341.54
1770.61	8335.94
1771.63	8329.75
1772.65	8322.35
1773.67	8314.05
1774.68	8305.13
1775.7	8296.06
1776.72	8305.12
1777.73	8285.43
1778.75	8264.24
1779.76	8242.63
1780.78	8220.14
1781.79	8208.74
1782.81	8206.59
1783.83	8206.4
1784.84	8207.62
1785.85	8209.58
1786.87	8211.65
1787.88	8212.91
1788.9	8208.24
1789.91	8203.08
1790.93	8195.28
1791.94	8186.7
1792.95	8176.85
1793.97	8166.89
1794.98	8159.82
1796	8152.46
1797.01	8143.69
1798.02	8136.07
1799.03	8129.05
1800.05	8127.62
1801.06	8148.56
1802.07	8156.97
1803.08	8156.36
1804.1	8151.32
1805.11	8141.69
1806.12	8126.86
1807.13	8105.38
1808.14	8082.77
1809.15	8059.32
1810.17	8055.07
1811.18	8063.54
1812.19	8051.2
1813.2	8041.33
1814.21	8034.92
1815.22	8029.41
1816.23	8023.06
1817.24	8016.57
1818.25	8009.5
1819.26	8006.34
1820.27	8005.65
1821.28	8005.41
1822.29	8003.73
1823.3	8000.67
1824.3	7998.57
1825.31	7994.83
1826.32	7990.46
1827.33	7983.89
1828.34	7975.35
1829.35	7963.25
1830.35	7947.12
1831.36	7936.02
1832.37	7925.41
1833.38	7915.96
1834.38	7907.25
1835.39	7899.16
1836.4	7892.1
1837.41	7883.27
1838.41	7872.52
1839.42	7857.33
1840.43	7851.66
1841.43	7846.69
1842.44	7843.28
1843.44	7841.49
1844.45	7841.94
1845.46	7843.81
1846.46	7846.07
1847.47	7845.93
1848.47	7843.65
1849.48	7840
1850.48	7835.27
1851.49	7829.55
1852.49	7822.81
1853.49	7815.33
1854.5	7807.4
1855.5	7798.98
1856.51	7790.15
1857.51	7780.66
1858.51	7771.02
1859.52	7760.21
1860.52	7748.98
1861.52	7737.42
1862.53	7726.16
1863.53	7717.32
1864.53	7713.52
1865.54	7731.42
1866.54	7724.98
1867.54	7709.11
1868.54	7697.5
1869.54	7698.53
1870.55	7703.59
1871.55	7715.57
1872.55	7716.28
1873.55	7716.6
1874.55	7715.62
1875.55	7713.27
1876.55	7709.43
1877.55	7704.49
1878.55	7698.31
1879.55	7696.39
1880.56	7686.52
1881.55	7672.66
1882.56	7661.18
1883.55	7649.6
1884.55	7636.86
1885.55	7623.21
1886.55	7618.07
1887.55	7617.43
1888.55	7616.76
1889.55	7604.22
1890.55	7588.24
1891.55	7579.93
1892.55	7574.43
1893.54	7571.52
1894.54	7572.43
1895.54	7574.83
1896.54	7577.33
1897.54	7576.39
1898.53	7573.16
1899.53	7568.58
1900.53	7562.28
1901.52	7554.44
1902.52	7544.25
1903.52	7532.52
1904.51	7517.81
1905.51	7504.71
1906.51	7520.44
1907.5	7520.69
1908.5	7518.03
1909.49	7511.59
1910.49	7503.41
1911.49	7495.39
1912.48	7487.5
1913.48	7480.7
1914.47	7475.63
1915.46	7472.93
1916.46	7473.63
1917.45	7464.23
1918.45	7455.23
1919.44	7436.92
1920.44	7421.33
1921.43	7405.11
1922.43	7394.79
1923.42	7386.43
1924.41	7381.12
1925.41	7379.03
1926.4	7379.8
1927.39	7383.4
1928.38	7389.17
1929.38	7389.54
1930.37	7391.2
1931.36	7384.6
1932.35	7380.13
1933.35	7364.41
1934.34	7343.56
1935.33	7326.9
1936.32	7315.76
1937.31	7306.9
1938.3	7302.23
1939.29	7302.6
1940.29	7304.81
1941.28	7308.86
1942.27	7313.85
1943.26	7316.65
1944.25	7312.79
1945.24	7301.46
1946.23	7282.34
1947.22	7255.09
1948.21	7239.29
1949.2	7231.65
1950.19	7221.25
1951.18	7222.48
1952.17	7225.56
1953.16	7232.24
1954.14	7234.59
1955.13	7231.37
1956.12	7225.3
1957.11	7217.07
1958.1	7206.58
1959.09	7192.07
1960.07	7178.08
1961.06	7168.13
1962.05	7161.49
1963.04	7158.55
1964.02	7159.55
1965.01	7164.12
1966	7163.17
1966.99	7158.22
1967.97	7155.86
1968.96	7139.5
1969.95	7116.77
1970.93	7102.08
1971.92	7096.11
1972.9	7086.71
1973.89	7081.8
1974.88	7073.37
1975.86	7065.79
1976.85	7060.11
1977.83	7056.43
1978.82	7055.49
1979.8	7057
1980.79	7064.69
1981.77	7065.57
1982.76	7026.75
1983.74	7025.36
1984.72	7025.11
1985.71	7033.76
1986.69	7036.6
1987.67	7035.46
1988.66	7030.87
1989.64	7017.48
1990.62	7009.78
1991.61	7003.31
1992.59	6994.42
1993.57	6990.58
1994.56	6984.71
1995.54	6973.57
1996.52	6958.71
1997.5	6946.86
1998.49	6937.29
1999.47	6930.68
2000.45	6931.59
2001.43	6932.4
2002.41	6934.24
2003.39	6935.35
2004.38	6933.73
2005.36	6927.75
2006.34	6915.36
2007.32	6906.59
2008.3	6901.29
2009.28	6892.94
2010.26	6885.93
2011.24	6877.91
2012.22	6870.86
2013.2	6858.44
2014.18	6848.81
2015.16	6842.96
2016.14	6838.83
2017.12	6836.11
2018.1	6832.41
2019.07	6827.11
2020.05	6820.44
2021.03	6812.37
2022.01	6803.52
2022.99	6792.79
2023.97	6780.92
2024.95	6767.97
2025.92	6754.55
2026.9	6746.17
2027.88	6742.74
2028.86	6753.13
2029.83	6754.07
2030.81	6752.64
2031.79	6750.13
2032.76	6740.39
2033.74	6731.75
2034.72	6722.12
2035.69	6710.99
2036.67	6698.62
2037.65	6689.64
2038.62	6681.57
2039.6	6678.51
2040.57	6676.69
2041.55	6680.83
2042.52	6679.77
2043.5	6676.19
2044.47	6670.44
2045.45	6662.52
2046.42	6652.65
2047.4	6640.6
2048.37	6626.18
2049.35	6609.29
2050.32	6591.36
2051.29	6575.34
2052.27	6570.43
2053.24	6568.04
2054.21	6575.71
2055.19	6578.51
2056.16	6586.33
2057.13	6588.81
2058.11	6584.75
2059.08	6575.6
2060.05	6563.56
2061.02	6545.16
2062	6533.98
2062.97	6524.31
2063.94	6519.24
2064.91	6517.59
2065.89	6520.29
2066.86	6517.45
2067.83	6515.55
2068.8	6515.21
2069.77	6501.46
2070.74	6495.52
2071.71	6492.91
2072.68	6491.51
2073.65	6490.82
2074.62	6486.41
2075.59	6478.7
2076.56	6467.87
2077.53	6454.33
2078.5	6437.82
2079.47	6418.51
2080.44	6396.73
2081.41	6379.48
2082.38	6386.4
2083.35	6403.14
2084.32	6408.53
2085.29	6410.22
2086.26	6407.96
2087.23	6397.05
2088.19	6388.35
2089.16	6379.06
2090.13	6371.49
2091.1	6367.43
2092.07	6362.76
2093.03	6353.01
2094	6340.98
2094.97	6328.01
2095.94	6314.42
2096.9	6301.22
2097.87	6294.26
2098.84	6286.64
2099.8	6285.47
2100.77	6281.87
2101.74	6278.24
2102.7	6276.32
2103.67	6269.89
2104.63	6263.35
2105.6	6257.23
2106.56	6251.54
2107.53	6246.17
2108.49	6241.07
2109.46	6236.03
2110.42	6230.75
2111.39	6224.72
2112.35	6222.21
2113.32	6211.34
2114.28	6200.74
2115.25	6190.99
2116.21	6181.26
2117.17	6172.86
2118.14	6165.73
2119.1	6160.45
2120.07	6157.74
2121.03	6155.78
2121.99	6154.3
2122.96	6152.98
2123.92	6152.09
2124.88	6151.42
2125.84	6150.86
2126.81	6149.73
2127.77	6146.42
2128.73	6139.38
2129.69	6123.26
2130.65	6109.27
2131.62	6098.25
2132.58	6092.55
2133.54	6091.29
2134.5	6093.06
2135.46	6091.59
2136.42	6088.6
2137.38	6083.76
2138.34	6077.88
2139.3	6071.22
2140.26	6064.13
2141.22	6056.71
2142.18	6048.89
2143.14	6041.1
2144.1	6032.93
2145.06	6024.49
2146.02	6015.64
2146.98	6006.54
2147.94	5997.44
2148.9	5988.28
2149.86	5978.78
2150.82	5968.43
2151.78	5956.3
2152.74	5942.4
2153.69	5928.69
2154.65	5919.68
2155.61	5914.05
2156.57	5912.88
2157.53	5914.74
2158.48	5919.41
2159.44	5925.82
2160.4	5931.45
2161.36	5925.66
2162.31	5921.17
2163.27	5907.22
2164.23	5904.93
2165.18	5903.56
2166.14	5904.77
2167.1	5901.33
2168.05	5901.25
2169.01	5886.54
2169.96	5865.15
2170.92	5838.17
2171.88	5815.26
2172.83	5797.02
2173.79	5783.5
2174.74	5775.38
2175.7	5772.8
2176.65	5776.31
2177.6	5772.93
2178.56	5769.87
2179.51	5767.16
2180.47	5753.27
2181.42	5735.92
2182.38	5730.6
2183.33	5728.33
2184.28	5727.91
2185.24	5726.44
2186.19	5722.44
2187.14	5715.38
2188.1	5703.94
2189.05	5691.14
2190	5680.05
2190.96	5672.27
2191.91	5672.09
2192.86	5670.58
2193.81	5669
2194.76	5664.97
2195.72	5654.49
2196.67	5643.72
2197.62	5630.99
2198.57	5618.72
2199.52	5602.46
2200.47	5597.91
2201.43	5603.29
2202.38	5612.83
2203.33	5615.09
2204.28	5612.43
2205.23	5606.7
2206.18	5604.71
2207.13	5601.44
2208.08	5595.53
2209.03	5585.22
2209.98	5561.74
2210.93	5544.29
2211.88	5534.38
2212.83	5531.57
2213.78	5527.94
2214.73	5525.93
2215.67	5526.04
2216.62	5527.81
2217.57	5529.57
2218.52	5530.32
2219.47	5530.03
2220.42	5524.3
2221.37	5474.7
2222.31	5481.58
2223.26	5490.07
2224.21	5500.9
2225.16	5498.69
2226.1	5492.24
2227.05	5487.77
2228	5482.64
2228.94	5477.62
2229.89	5474.17
2230.84	5471.4
2231.78	5468.33
2232.73	5465.08
2233.68	5461.17
2234.62	5456.66
2235.57	5449.78
2236.51	5443.33
2237.46	5436.11
2238.41	5428.02
2239.35	5423.55
2240.3	5421.51
2241.24	5422.93
2242.19	5420.3
2243.13	5415.16
2244.07	5409.92
2245.02	5404.88
2245.96	5400.93
2246.91	5401.13
2247.85	5401.85
2248.8	5404.36
2249.74	5407.81
2250.68	5409.67
2251.63	5409.66
2252.57	5408.23
2253.51	5405.31
2254.46	5401.67
2255.4	5397.44
2256.34	5392.72
2257.28	5387.31
2258.23	5381.23
2259.17	5375.09
2260.11	5369.8
2261.05	5365.7
2262	5363.9
2262.94	5365.12
2263.88	5367.13
2264.82	5368.66
2265.76	5368.58
2266.7	5364.84
2267.64	5356.82
2268.58	5345.09
2269.53	5337.47
2270.47	5333.2
2271.41	5327.54
2272.35	5324.8
2273.29	5319.56
2274.23	5318.35
2275.17	5319.61
2276.11	5321.92
2277.05	5326.95
2277.99	5330.25
2278.93	5334.71
2279.86	5336.07
2280.8	5340.12
2281.74	5326.8
2282.68	5325.54
2283.62	5331.56
2284.56	5327.14
2285.5	5328.88
2286.44	5325.25
2287.37	5318.29
2288.31	5310.82
2289.25	5302.35
2290.19	5294.9
2291.12	5285.74
2292.06	5278.31
2293	5274.69
2293.94	5276.67
2294.87	5280.39
2295.81	5282.54
2296.75	5284.04
2297.68	5284.16
2298.62	5283.49
2299.55	5282
2300.49	5279.73
2301.43	5276.47
2302.36	5272.45
2303.3	5268.01
2304.23	5262.69
2305.17	5256.55
2306.1	5249.8
2307.04	5242.26
2307.98	5235.17
2308.91	5229.19
2309.84	5222.92
2310.78	5213.85
2311.71	5203.29
2312.65	5192.65
2313.58	5183.87
2314.52	5178.26
2315.45	5176.62
2316.38	5176.88
2317.32	5177.28
2317.72	5178.38
2318.66	5180.37
2319.6	5182
2320.54	5173.96
2321.48	5162.86
2322.41	5148.61
2323.35	5131.83
2324.29	5121.97
2325.23	5121.53
2326.16	5119.33
2327.1	5124.16
2328.04	5126.99
2328.97	5128.15
2329.91	5128.87
2330.85	5128.68
2331.78	5127.3
2332.72	5124.46
2333.66	5120.17
2334.59	5114.64
2335.53	5107.65
2336.46	5099.38
2337.4	5089.68
2338.33	5079.64
2339.27	5070.54
2340.2	5062.17
2341.14	5054.41
2342.07	5047.3
2343.01	5040.64
2343.94	5034.42
2344.88	5028.3
2345.81	5026.68
2346.75	5032.63
2347.68	5040.83
2348.61	5045.1
2349.55	5045.51
2350.48	5041.66
2351.41	5034.44
2352.35	5018.63
2353.28	4995.39
2354.21	4980.69
2355.15	4977.18
2356.08	4977.43
2357.01	4976.05
2357.94	4981.69
2358.88	4984.41
2359.81	4995.1
2360.74	4993.49
2361.67	4987.77
2362.6	4982.9
2363.54	4979.92
2364.47	4978.42
2365.4	4977.9
2366.33	4978
2367.26	4978.55
2368.19	4978.82
2369.12	4978.98
2370.05	4977.38
2370.98	4970.47
2371.91	4964.02
2372.84	4958.01
2373.77	4952.39
2374.7	4946.98
2375.63	4942.5
2376.56	4939.15
2377.49	4936.95
2378.42	4936.47
2379.35	4939.32
2380.28	4940.28
2381.21	4928.78
2382.14	4912.69
2383.07	4906.96
2384	4900.46
2384.92	4898.75
2385.85	4903.05
2386.78	4897.35
2387.71	4888.67
2388.64	4877.39
2389.56	4864.94
2390.49	4856.62
2391.42	4847.79
2392.35	4849.59
2393.27	4849.36
2394.2	4855.85
2395.13	4864.49
2396.05	4866.16
2396.98	4859.21
2397.91	4851.92
2398.83	4845.06
2399.76	4839.55
2400.69	4835.42
2401.61	4832.62
2402.54	4831.13
2403.46	4831.37
2404.39	4832.66
2405.31	4835.11
2406.24	4837.47
2407.17	4829.26
2408.09	4825.91
2409.01	4823.96
2409.94	4821.91
2410.86	4818.67
2411.79	4814.33
2412.71	4808
2413.64	4798.73
2414.56	4784.7
2415.49	4766.28
2416.41	4746.58
2417.33	4743.9
2418.26	4751.72
2419.18	4761.4
2420.1	4771.26
2421.03	4783.41
2421.95	4764.09
2422.87	4760.09
2423.79	4756.87
2424.72	4754.95
2425.64	4752.38
2426.56	4748.14
2427.48	4742.88
2428.41	4734.75
2429.33	4725.8
2430.25	4715.69
2431.17	4705.11
2432.09	4694.04
2433.01	4683.36
2433.93	4677.34
2434.86	4673.06
2435.78	4668.56
2436.7	4663.83
2437.62	4658.72
2438.54	4653.48
2439.46	4646.81
2440.38	4642.13
2441.3	4644.6
2442.22	4653.37
2443.14	4655.7
2444.06	4657.7
2444.98	4656.34
2445.9	4647.36
2446.82	4636.89
2447.73	4623.49
2448.65	4611.05
2449.57	4600.53
2450.49	4591.98
2451.41	4589.4
2452.33	4586.48
2453.25	4583.79
2454.17	4580.85
2455.08	4577.36
2456	4573.02
2456.92	4567.46
2457.84	4561.71
2458.75	4555.18
2459.67	4549
2460.59	4544.29
2461.51	4541.06
2462.42	4539.02
2463.34	4537.64
2464.26	4536.17
2465.17	4534.5
2466.09	4531.48
2467	4527.45
2467.92	4522.62
2468.84	4516.92
2469.75	4510.34
2470.67	4502.82
2471.58	4494.75
2472.5	4488.16
2473.42	4483.79
2474.33	4481.27
2475.25	4480.32
2476.16	4481.01
2477.08	4483.09
2477.99	4484.96
2478.9	4485.4
2479.82	4485.07
2480.73	4480.25
2481.65	4473.78
2482.56	4466.14
2483.47	4455.74
2484.39	4444.25
2485.3	4432.81
2486.22	4424.08
2487.13	4423.89
2488.04	4425.38
2488.96	4432.15
2489.87	4436.15
2490.78	4438.86
2491.69	4436.97
2492.61	4434.94
2493.52	4428.95
2494.43	4421
2495.34	4412.34
2496.25	4403.15
2497.17	4394.75
2498.08	4390.14
2498.99	4386.01
2499.9	4384.99
2500.81	4386.33
2501.72	4388.04
2502.63	4389.46
2503.55	4390.4
2504.46	4391.66
2505.37	4392.99
2506.28	4394.18
2507.19	4395.21
2508.1	4395.92
2509.01	4396.14
2509.92	4395.67
2510.83	4395
2511.74	4391.79
2512.65	4385.84
2513.56	4377.19
2514.47	4364.06
2515.37	4354.54
2516.28	4342.61
2517.19	4334.94
2518.1	4332.32
2519.01	4332.21
2519.92	4330.58
2520.83	4329.12
2521.73	4328.74
2522.64	4330.27
2523.55	4333
2524.46	4336.48
2525.37	4340.35
2526.27	4342.97
2527.18	4341.46
2528.09	4334.68
2529	4319.45
2529.9	4310.88
2530.81	4307.62
2531.72	4305.39
2532.62	4303.23
2533.53	4301.49
2534.44	4299.8
2535.34	4298.87
2536.25	4295.19
2537.15	4288.09
2538.06	4281.54
2538.96	4275.93
2539.87	4270.88
2540.78	4266.54
2541.68	4262.75
2542.59	4259.15
2543.49	4255.32
2544.4	4250.59
2545.3	4244.7
2546.21	4235.19
2547.11	4226.95
2548.01	4219.65
2548.92	4212.47
2549.82	4202.61
2550.73	4201.82
2551.63	4202.38
2552.53	4203.58
2553.44	4205.08
2554.34	4206.5
2555.24	4205.27
2556.15	4198.14
2557.05	4191.95
2557.95	4192.68
2558.86	4190.1
2559.76	4184.88
2560.66	4176.89
2561.56	4166.85
2562.46	4157.83
2563.37	4147.53
2564.27	4137.13
2565.17	4130.95
2566.07	4125.99
2566.97	4122.52
2567.88	4118.21
2568.78	4114.26
2569.68	4110.55
2570.58	4106.41
2571.48	4102.52
2572.38	4098.33
2573.28	4094.12
2574.18	4090.29
2575.08	4087.41
2575.98	4087.44
2576.88	4086.97
2577.78	4086.67
2578.68	4086.15
2579.58	4071.91
2580.48	4066.98
2581.38	4060.77
2582.28	4054.26
2583.18	4047.56
2584.08	4041.1
2584.98	4034.92
2585.88	4028.69
2586.77	4023.79
2587.67	4020.04
2588.57	4017.23
2589.47	4015.4
2590.37	4016
2591.27	4014.26
2592.16	4012.2
2593.06	4010.42
2593.96	4008.65
2594.86	4007.52
2595.75	4006.97
2596.65	4007.51
2597.55	4009.72
2598.45	4012.89
2599.34	4014.99
2600.24	4004.01
2601.13	3988.3
2602.03	3978.12
2602.93	3967.06
2603.82	3961.41
2604.72	3963.92
2605.62	3966.12
2606.51	3966.85
2607.41	3966.68
2608.3	3960.57
2609.2	3950.53
2610.09	3939.66
2610.99	3931.39
2611.88	3923.6
2612.78	3915.63
2613.67	3909
2614.57	3903.02
2615.46	3898.16
2616.36	3895.35
2617.25	3895.08
2618.14	3906.93
2619.04	3904.56
2619.93	3901.19
2620.83	3895.65
2621.72	3890.28
2622.61	3886.86
2623.5	3885.17
2624.4	3884.71
2625.29	3882.68
2626.18	3869.82
2627.08	3861.22
2627.97	3868.33
2628.86	3876.16
2629.75	3867.8
2630.65	3857.25
2631.54	3843.2
2632.43	3842.66
2633.32	3839.8
2634.21	3834.99
2635.11	3828.55
2636	3821.06
2636.89	3812.42
2637.78	3808.97
2638.67	3804.96
2639.56	3800.15
2640.45	3794.62
2641.34	3788.14
2642.23	3780.92
2643.12	3773.01
2644.01	3764.25
2644.9	3752.73
2645.79	3750.51
2646.68	3753.03
2647.57	3757.09
2648.46	3761.56
2649.35	3760.51
2650.24	3760.72
2651.13	3759.85
2652.02	3757.61
2652.91	3754.02
2653.8	3748.63
2654.69	3740.59
2655.58	3730.43
2656.46	3720.17
2657.35	3709.6
2658.24	3697.08
2659.13	3686.18
2660.02	3690.75
2660.9	3694.18
2661.79	3695.88
2662.68	3695.87
2663.57	3693.48
2664.45	3689.47
2665.34	3683.32
2666.23	3675.47
2667.11	3663.63
2668	3660.75
2668.89	3663.98
2669.77	3665.35
2670.66	3674.79
2671.55	3677.29
2672.43	3671.13
2673.32	3661.17
2674.21	3653.52
2675.09	3647.43
2675.98	3643.31
2676.86	3641.67
2677.75	3641.03
2678.63	3638.83
2679.52	3636.82
2680.4	3634.55
2681.29	3634.61
2682.17	3628.22
2683.06	3613.14
2683.94	3594.21
2684.82	3579.19
2685.71	3566.31
2686.59	3563.6
2687.48	3570.98
2688.36	3575.42
2689.24	3576.74
2690.13	3575.4
2691.01	3570.67
2691.89	3565.56
2692.78	3561.84
2693.66	3558.31
2694.54	3555.25
2695.43	3552.37
2696.31	3549.31
2697.19	3545.34
2698.07	3535.88
2698.96	3529.16
2699.84	3524.03
2700.72	3520.82
2701.6	3518.93
2702.48	3518.3
2703.36	3518.27
2704.25	3516.13
2705.13	3511.56
2706.01	3503.45
2706.89	3498.25
2707.77	3497.51
2708.65	3501.19
2709.53	3512.6
2710.41	3502.38
2711.29	3491.42
2712.17	3482.26
2713.05	3475.8
2713.93	3473.67
2714.81	3473.33
2715.69	3472.06
2716.57	3471.36
2717.45	3473.07
2718.33	3473.05
2719.21	3466.13
2720.09	3452.82
2720.97	3438.18
2721.85	3427.86
2722.73	3428.42
2723.61	3425.41
2724.48	3430.74
2725.36	3436.16
2726.24	3443.06
2727.12	3444.18
2728	3430.32
2728.88	3412.02
2729.75	3393.68
2730.63	3380.22
2731.51	3374.92
2732.39	3371.94
2733.26	3372.03
2734.14	3377.32
2735.02	3385.75
2735.89	3395.51
2736.77	3404.28
2737.65	3404.07
2738.52	3399.09
2739.4	3393.74
2740.28	3387.05
2741.15	3379.85
2742.03	3373.01
2742.9	3366.2
2743.78	3361.96
2744.65	3356.83
2745.53	3350.58
2746.41	3343.75
2747.28	3338.64
2748.16	3335.31
2749.03	3332.51
2749.91	3330.18
2750.78	3330.45
2751.66	3331.44
2752.53	3332.66
2753.4	3333.56
2754.28	3333.97
2755.15	3333.78
2756.02	3333.52
2756.9	3332.76
2757.77	3331.34
2758.65	3329
2759.52	3324.53
2760.39	3320.31
2761.27	3315.53
2762.14	3310
2763.01	3304.11
2763.88	3297.73
2764.76	3291.49
2765.63	3285.85
2766.5	3280.93
2767.37	3276.96
2768.25	3275.99
2769.12	3275.36
2769.99	3275.26
2770.86	3275.47
2771.73	3275.77
2772.61	3277.14
2773.48	3280.18
2774.35	3282.3
2775.22	3281.91
2776.09	3261.38
2776.96	3250.83
2777.83	3250.44
2778.7	3250.25
2779.57	3258.93
2780.44	3260.24
2781.31	3252.01
2782.18	3243.46
2783.05	3236.16
2783.92	3225.29
2784.79	3217.55
2785.66	3207.97
2786.53	3199.86
2787.4	3192.05
2788.27	3184.51
2789.14	3179.25
2790.01	3180.59
2790.88	3194.04
2791.75	3204.57
2792.62	3211.24
2793.48	3215.43
2794.35	3213.43
2795.22	3198.66
2796.09	3188.75
2796.96	3179.92
2797.82	3173.82
2798.69	3166.61
2799.56	3163.5
2800.43	3168.52
2801.29	3173.73
2802.16	3175.73
2803.03	3171.39
2803.9	3165.03
2804.76	3158.37
2805.63	3150.13
2806.5	3145.39
2807.36	3140.79
2808.23	3136.51
2809.09	3132.63
2809.96	3128.53
2810.83	3124.5
2811.69	3120.63
2812.56	3116.82
2813.42	3112.95
2814.29	3109.1
2815.15	3110.29
2816.02	3111.79
2816.88	3113.73
2817.75	3116.09
2818.61	3118.93
2819.48	3123.44
2820.34	3127.24
2821.21	3123.11
2822.07	3096.46
2822.94	3067.5
2823.8	3049.66
2824.66	3051.9
2825.53	3060.94
2826.39	3071.92
2827.26	3080.2
2828.12	3082.23
2828.98	3076.98
2829.85	3073.33
2830.71	3068.96
2831.57	3062.98
2832.43	3059.13
2833.3	3055.17
2834.16	3051.38
2835.02	3047.61
2835.88	3043.74
2836.75	3039.44
2837.61	3028.97
2838.47	3018.28
2839.33	3015.06
2840.19	3011.44
2841.06	3011.88
2841.92	3012.71
2842.78	3014.58
2843.64	3016.26
2844.5	3016.78
2845.36	3016.41
2846.22	3015.54
2847.08	3013.75
2847.94	3011.28
2848.81	3007.53
2849.67	3002.93
2850.53	2997.85
2851.39	2992.86
2852.25	2989.87
2853.11	2986.05
2853.97	2982.43
2854.82	2979.72
2855.68	2979.62
2856.54	2982.89
2857.4	2982.91
2858.26	2983.03
2859.12	2983.53
2859.98	2985.86
2860.84	2987.17
2861.7	2974.19
2862.56	2966.66
2863.41	2960.68
2864.27	2973.13
2865.13	2974.2
2865.99	2968.35
2866.85	2962.01
2867.7	2955.62
2868.56	2949.33
2869.42	2943.21
2870.28	2937.49
2871.13	2932.71
2871.99	2928.94
2872.85	2925.29
2873.7	2922.51
2874.56	2921.34
2875.42	2926.43
2876.27	2935.65
2877.13	2939.83
2877.99	2941.95
2878.84	2941.9
2879.7	2939.86
2880.56	2935.94
2881.41	2929.95
2882.27	2921.82
2883.12	2912.77
2883.98	2903.6
2884.83	2896.9
2885.69	2889.71
2886.54	2891.69
2887.4	2897.85
2888.25	2894.84
2889.11	2888.6
2889.96	2876.47
2890.82	2868.61
2891.67	2880.7
2892.52	2882.77
2893.38	2878.55
2894.23	2877.94
2895.09	2870.28
2895.94	2858.25
2896.79	2845.02
2897.65	2836.11
2898.5	2828.84
2899.35	2825.08
2900.21	2822.91
2901.06	2823.19
2901.91	2825.27
2902.76	2829.89
2903.62	2835.1
2904.47	2838.47
2905.32	2840.38
2906.17	2838.71
2907.03	2835.41
2907.88	2830.28
2908.73	2822.44
2909.58	2812.58
2910.43	2800.89
2911.28	2788.71
2912.14	2783.55
2912.99	2779.51
2913.84	2777.24
2914.69	2780.45
2915.54	2786.95
2916.39	2794.55
2917.24	2798.97
2918.09	2792.8
2918.94	2789.13
2919.79	2787.45
2920.64	2785.39
2921.49	2779.76
2922.34	2772.99
2923.19	2764.68
2924.04	2756.02
2924.89	2747.61
2925.74	2744.52
2926.59	2742.52
2927.44	2740.28
2928.29	2738.77
2929.14	2738.22
2929.98	2737.91
2930.83	2737.97
2931.68	2738.04
2932.53	2737.85
2933.38	2735.69
2934.23	2728.01
2935.07	2717.4
2935.92	2710.43
2936.77	2701.26
2937.62	2702.02
2938.47	2712.08
2939.31	2716.22
2940.16	2714.34
2941.01	2706.5
2941.85	2694.2
2942.7	2691.82
2943.55	2693.9
2944.39	2687.99
2945.24	2677.71
2946.09	2667.48
2946.93	2656.15
2947.78	2642.8
2948.63	2636.22
2949.47	2635.02
2950.32	2647.58
2951.16	2657.64
2952.01	2665.46
2952.85	2670.77
2953.7	2669.13
2954.55	2667.04
2955.39	2660.11
2956.24	2650.36
2957.08	2638.28
2957.92	2631.29
2958.77	2632.68
2959.61	2639.42
2960.46	2638.63
2961.3	2637.71
2962.15	2637.15
2962.99	2636.68
2963.83	2635.89
2964.68	2634.98
2965.52	2632.19
2966.37	2628.97
2967.21	2624.76
2968.05	2621.3
2968.9	2617.93
2969.74	2614.47
2970.58	2611.79
2971.42	2608.81
2972.27	2605.55
2973.11	2601.89
2973.95	2597.01
2974.79	2590.86
2975.64	2583.79
2976.48	2576.1
2977.32	2567.43
2978.16	2558.8
2979	2566.03
2979.85	2576.58
2980.69	2589.08
2981.53	2598.39
2982.37	2602.9
2983.21	2593.48
2984.05	2583.73
2984.89	2574.58
2985.73	2565.2
2986.57	2557.78
2987.41	2555.18
2988.25	2554.93
2989.1	2555.07
2989.94	2556.6
2990.77	2556.66
2991.62	2551.84
2992.45	2546
2993.29	2539.84
2994.13	2532.52
2994.97	2527.94
2995.81	2527.85
2996.65	2524.07
2997.49	2522.41
2998.33	2523.94
2999.17	2540.62
