200.833	13354.4
202.102	13512.5
203.371	13477.6
204.639	13463.7
205.907	13471.7
207.175	13485.6
208.442	13505.7
209.71	13530.1
210.977	13536.9
212.244	13548.7
213.511	13559.2
214.777	13566.1
216.042	13577.2
217.309	13596.5
218.575	13624.7
219.84	13654.5
221.106	13675.5
222.371	13691.6
223.635	13703.6
224.9	13714.1
226.165	13726
227.429	13749.2
228.694	13783.2
229.956	13826.2
231.22	13874.7
232.484	13931.3
233.747	13979.3
235.011	14018.6
236.272	14048.8
237.535	14067.4
238.798	14073.5
240.06	14067.1
241.321	14066
242.583	14068.7
243.845	14076.7
245.105	14095.9
246.367	14120.3
247.628	14144
248.888	14163.7
250.149	14176.4
251.409	14185.1
252.67	14183.7
253.928	14180.4
255.189	14178.7
256.447	14181.7
257.707	14200.8
258.966	14226.5
260.224	14248.5
261.483	14266
262.742	14273.7
263.999	14274.9
265.257	14276.4
266.514	14282.7
267.772	14292.4
269.028	14305.2
270.286	14322
271.543	14341.9
272.799	14363.5
274.056	14387.2
275.311	14411.8
276.568	14436.3
277.823	14465.2
279.079	14496.4
280.333	14527.3
281.589	14551.8
282.843	14571.5
284.099	14479
285.352	14583.5
286.607	14623.9
287.86	14629.9
289.114	14618.8
290.368	14612.6
291.621	14615
292.875	14622.3
294.127	14663.5
295.38	14697.5
296.632	14721.7
297.884	14740.7
299.137	14734.8
300.388	14732.2
301.641	14731.6
302.891	14734.1
304.142	14739.3
305.394	14747.9
306.644	14760.1
307.894	14777.4
309.146	14790.3
310.395	14782.6
311.645	14781.4
312.895	14787
314.144	14800.8
315.393	14821.4
316.642	14844.6
317.892	14864.8
319.14	14882.1
320.388	14896.5
321.637	14906.5
322.885	14909.5
324.132	14902.4
325.38	14911.3
326.628	14938.3
327.875	14969.6
329.122	14996.1
330.368	15016.3
331.614	15024.9
332.862	15027.1
334.108	15029.8
335.353	15035.9
336.599	15047
337.844	15065.9
339.089	15092.8
340.335	15110.8
341.58	15121
342.824	15122.7
344.068	15117.6
345.312	15107.2
346.556	15091.6
347.8	15087.3
349.043	15102.4
350.286	15126.2
351.53	15152.3
352.774	15175.5
354.016	15196
355.259	15212.3
356.501	15223.5
357.743	15229
358.985	15228.3
360.227	15222.8
361.468	15227
362.709	15244.1
363.95	15259.5
365.191	15263.5
366.432	15264.3
367.672	15264.9
368.912	15268
370.152	15272.1
371.392	15276.7
372.632	15282.9
373.871	15289.8
375.11	15298.1
376.348	15308.3
377.587	15321.4
378.825	15351.4
380.064	15371.2
381.302	15390.9
382.54	15341.9
383.778	15328.3
385.016	15331.3
386.253	15336.2
387.489	15350.3
388.726	15368.1
389.963	15397.1
391.199	15438.6
392.436	15472.2
393.672	15486.1
394.907	15470.5
396.142	15465.6
397.378	15466.2
398.614	15473.5
399.849	15478.1
401.082	15483.4
402.317	15490.9
403.552	15499.9
404.786	15511.5
406.019	15524.3
407.253	15539.8
408.487	15557.7
409.721	15575
410.953	15591.4
412.186	15595.9
413.419	15598.8
414.651	15592.4
415.883	15585.2
417.116	15579
418.347	15579.6
419.579	15585.4
420.811	15595.6
422.041	15609.4
423.272	15623
424.504	15628.3
425.733	15628.7
426.964	15625.5
428.194	15619.6
429.424	15620.6
430.654	15638.7
431.883	15659.8
433.113	15680.2
434.341	15699.5
435.571	15713.3
436.799	15723
438.028	15728.7
439.257	15730.9
440.484	15729.2
441.713	15724
442.94	15715.6
444.168	15709.1
445.394	15714.3
446.622	15725.9
447.848	15734.6
449.076	15757.9
450.301	15776.2
451.528	15786.6
452.754	15795.9
453.979	15804.8
455.205	15814
456.43	15824.6
457.656	15835.7
458.88	15847.9
460.106	15858.7
461.33	15867.3
462.554	15873.3
463.779	15874.8
465.002	15876.1
466.225	15875.6
467.45	15873
468.672	15868.9
469.895	15862.8
471.119	15855
472.341	15845.6
473.563	15835.1
474.786	15825.6
476.008	15816.7
477.229	15807.9
478.452	15804.6
479.673	15813.7
480.894	15820.6
482.115	15815.6
483.337	15810.9
484.557	15802.9
485.777	15798.9
486.997	15798.2
488.218	15797.9
489.438	15797.1
490.657	15795.9
491.876	15791.2
493.096	15788.8
494.315	15786.8
495.533	15785.6
496.752	15785.5
497.97	15786.7
499.188	15794.6
500.407	15804.9
501.625	15816.2
502.842	15825
504.059	15831.4
505.276	15833.9
506.493	15826.7
507.71	15820.6
508.926	15816.4
510.142	15816.1
511.358	15832.9
512.575	15851.5
513.791	15879.6
515.006	15904.4
516.222	15936.9
517.437	15952
518.651	15956.2
519.866	15946.8
521.081	15942.5
522.295	15932.3
523.509	15914.8
524.723	15915.9
525.937	15920.5
527.15	15930.3
528.363	15944.2
529.576	15961.8
530.789	15983.1
532.002	15989.7
533.215	15973.8
534.426	15961.2
535.638	15964.1
536.85	15978.7
538.061	15990.6
539.273	16001.1
540.484	16010.6
541.695	16019.4
542.906	16026.6
544.117	16032.2
545.327	16036.6
546.537	16039.7
547.747	16041.6
548.957	16042
550.167	16041.5
551.377	16030.1
552.585	16004
553.794	15991
555.003	15985.3
556.212	15990.4
557.421	16001.8
558.628	16031.2
559.836	16059.1
561.044	16054.9
562.252	16044.1
563.458	15928.3
564.666	15949.7
565.873	16036.4
567.08	16047.2
568.286	16044.8
569.493	16039.8
570.699	16042.4
571.904	16043.7
573.111	16044.4
574.317	16049.6
575.521	16056.4
576.727	16063.5
577.932	16069.7
579.136	16043.9
580.341	16025.8
581.544	16031.4
582.749	16049.4
583.954	16075.2
585.156	16094.6
586.361	16115.7
587.563	16137.2
588.767	16142.9
589.97	16127
591.172	16103.5
592.375	16087.4
593.577	16067.6
594.78	16051.3
595.981	16047
597.183	16052.9
598.384	16069.9
599.586	16085.1
600.786	16095.8
601.988	16102.9
603.188	16109.3
604.389	16088.9
605.589	16059.9
606.79	16018.5
607.989	15995.9
609.188	15994.6
610.389	16001.3
611.587	16020.1
612.787	16034.6
613.986	16042.7
615.184	16050.1
616.383	16045.3
617.581	16037.2
618.78	16024.1
619.977	16008.8
621.174	15991.6
622.373	15972.3
623.57	15954.6
624.766	15934.5
625.964	15923.1
627.16	15915
628.356	15909.3
629.554	15905.3
630.749	15897.5
631.945	15893
633.14	15889.6
634.337	15887.2
635.532	15887.5
636.726	15890.2
637.921	15898.1
639.117	15898.8
640.311	15886.8
641.505	15862.9
642.699	15838
643.892	15819.8
645.087	15806.7
646.28	15798.1
647.473	15794.5
648.666	15795.5
649.859	15801.8
651.051	15814.2
652.245	15830.2
653.437	15848.4
654.629	15864.2
655.821	15876
657.012	15888.4
658.204	15899.7
659.395	15910
660.586	15919.4
661.777	15927.4
662.967	15933.1
664.158	15936.1
665.349	15933.9
666.539	15924.8
667.729	15914.6
668.919	15907
670.109	15903.9
671.298	15911.7
672.487	15919.2
673.676	15929.3
674.865	15953.7
676.053	15959.1
677.242	15960.6
678.43	15957.5
679.616	15951
680.804	15941.8
681.992	15930.1
683.179	15915.4
684.366	15897.2
685.554	15888.9
686.74	15887.8
687.927	15886.3
689.114	15890.5
690.3	15904.4
691.486	15926.5
692.671	15961
693.856	15958.4
695.042	15946.3
696.227	15919.1
697.413	15867.6
698.598	15837.8
699.781	15814.5
700.966	15803.9
702.15	15807.6
703.334	15823.8
704.518	15829.1
705.701	15808.5
706.885	15806.7
708.068	15809.1
709.252	15818.1
710.433	15823
711.616	15827.7
712.799	15831.9
713.98	15828.5
715.163	15824.3
716.345	15818.3
717.527	15810.5
718.707	15800.2
719.889	15791.9
721.071	15796
722.25	15796.1
723.432	15797.6
724.611	15798.3
725.792	15796.4
726.972	15783.6
728.151	15770.4
729.332	15764
730.512	15764.1
731.69	15767.6
732.87	15767.4
734.048	15769.6
735.227	15771.3
736.405	15779.1
737.584	15790.9
738.761	15803.7
739.94	15823.9
741.117	15846.2
742.295	15849.6
743.471	15848.5
744.649	15829.8
745.825	15817.6
747.003	15812.7
748.179	15804
749.356	15815.7
750.531	15835.3
751.708	15855.8
752.883	15868.9
754.059	15870.1
755.234	15857.7
756.409	15841.8
757.585	15823.2
758.759	15802.7
759.934	15782.6
761.108	15775.8
762.282	15830.2
763.456	15870.9
764.63	15882.5
765.803	15865.5
766.977	15839.2
768.15	15814.8
769.323	15791.7
770.496	15764
771.668	15748.8
772.841	15742.5
774.014	15740.8
775.185	15735.7
776.357	15723.5
777.528	15696.9
778.701	15692.3
779.872	15690.3
781.042	15686.8
782.213	15678.2
783.383	15668.4
784.555	15657
785.725	15643.3
786.895	15628.9
788.064	15609.4
789.234	15589.1
790.404	15567.4
791.573	15546.6
792.742	15536.8
793.911	15528.2
795.08	15527.5
796.248	15533.1
797.416	15543
798.584	15551.4
799.753	15550.8
800.921	15549.3
802.088	15543.4
803.256	15534.1
804.423	15522
805.59	15507.1
806.756	15491.4
807.923	15486.8
809.089	15505.9
810.256	15515
811.422	15520.2
812.587	15521.9
813.753	15520.7
814.918	15516.8
816.084	15510.8
817.249	15501.8
818.414	15496.7
819.578	15505.7
820.743	15529.7
821.907	15546.8
823.072	15522.2
824.236	15501
825.399	15488.2
826.562	15502.2
827.725	15517.8
828.889	15531.5
830.052	15545.2
831.215	15557.8
832.377	15571.3
833.54	15574.1
834.701	15567.6
835.863	15549.8
837.025	15535.8
838.187	15523.5
839.349	15512.5
840.51	15505
841.67	15513.9
842.831	15528.5
843.992	15547.5
845.153	15561
846.312	15574.7
847.473	15576.4
848.633	15566.6
849.793	15553.6
850.951	15533.4
852.111	15513
853.27	15495.7
854.428	15480.6
855.588	15467.8
856.747	15455.7
857.904	15442.6
859.063	15426.7
860.221	15403.4
861.378	15377.6
862.536	15363.1
863.694	15345
864.85	15331.6
866.008	15326.1
867.164	15317.6
868.321	15305.7
869.478	15291.8
870.633	15276
871.79	15260.6
872.945	15248.3
874.101	15246.9
875.256	15243.6
876.412	15227.4
877.566	15210
878.722	15192
879.876	15173.4
881.031	15168.8
882.185	15164.7
883.34	15165.9
884.493	15173.4
885.647	15179.9
886.8	15183.2
887.954	15181.8
889.107	15177.9
890.261	15170.2
891.413	15159.2
892.565	15144.8
893.718	15127.2
894.87	15106.1
896.023	15088.5
897.174	15077.3
898.326	15076.8
899.478	15081.1
900.629	15091.7
901.779	15098.6
902.931	15106.7
904.081	15105.5
905.231	15114.6
906.383	15123
907.532	15145.9
908.682	15159.1
909.831	15174.4
910.982	15189.5
912.131	15183.6
913.28	15171.8
914.429	15163.1
915.578	15153.7
916.727	15149.5
917.875	15147.9
919.023	15145
920.171	15142.4
921.32	15141.5
922.467	15127.9
923.614	15129.4
924.761	15143.4
925.908	15156.5
927.055	15163.8
928.203	15169.2
929.349	15171.4
930.496	15169.9
931.642	15165.6
932.787	15157.8
933.933	15147.2
935.079	15133.6
936.224	15119.2
937.369	15108.5
938.514	15103
939.659	15104.7
940.804	15093.6
941.948	15076.5
943.092	15049
944.236	15023.6
945.38	15010.9
946.524	15006.6
947.667	15012.5
948.811	15013.2
949.954	15012.6
951.097	15012.8
952.24	15009.9
953.383	15008.6
954.525	15005
955.667	14987.8
956.81	14963.6
957.952	14939.9
959.093	14922.7
960.235	14913.6
961.376	14910.3
962.516	14909.6
963.658	14910.3
964.798	14914.3
965.939	14916.9
967.08	14913.6
968.22	14896.5
969.359	14881.2
970.499	14867.3
971.639	14856.4
972.779	14846.3
973.918	14837.7
975.056	14831.3
976.195	14826.1
977.334	14822.8
978.473	14820.7
979.61	14819.1
980.749	14816.3
981.887	14798.4
983.024	14786.1
984.162	14780.6
985.3	14774.7
986.437	14777.7
987.573	14786.3
988.711	14800.9
989.848	14822.4
990.983	14842.6
992.12	14856.2
993.255	14864.9
994.392	14867.2
995.528	14861.9
996.662	14846.8
997.798	14834
998.933	14831.5
1000.07	14835.7
1001.2	14829.1
1002.34	14823.7
1003.47	14806.8
1004.61	14803.2
1005.74	14797.2
1006.87	14800.4
1008.01	14804.4
1009.14	14811.4
1010.27	14819
1011.41	14824.1
1012.54	14825.1
1013.67	14824.1
1014.81	14820.6
1015.94	14813.9
1017.07	14804.9
1018.2	14792.6
1019.33	14777.8
1020.47	14761.1
1021.6	14743.5
1022.73	14731.1
1023.86	14727.9
1024.99	14723.1
1026.12	14719.6
1027.25	14717.8
1028.38	14713.5
1029.51	14705.3
1030.64	14703.9
1031.77	14693.1
1032.9	14670.5
1034.03	14643.4
1035.16	14611.5
1036.29	14593.4
1037.42	14580.3
1038.55	14589.9
1039.67	14591.2
1040.8	14591.9
1041.93	14591.3
1043.06	14585
1044.19	14574.3
1045.31	14561
1046.44	14544.9
1047.57	14526.9
1048.69	14507.6
1049.82	14519.6
1050.95	14521.6
1052.08	14513.5
1053.2	14496
1054.33	14468
1055.45	14450.9
1056.58	14439.3
1057.7	14432.7
1058.83	14427.8
1059.95	14423.3
1061.08	14419.1
1062.2	14416.3
1063.33	14411.8
1064.45	14404
1065.58	14397.8
1066.7	14391.9
1067.83	14388
1068.95	14386.3
1070.07	14387.2
1071.2	14390.8
1072.32	14396.7
1073.44	14404
1074.56	14411.9
1075.69	14418.9
1076.81	14412.7
1077.93	14404.8
1079.05	14393.3
1080.17	14380.1
1081.3	14369.6
1082.42	14359.5
1083.54	14350.6
1084.66	14341.4
1085.78	14338.7
1086.9	14343.6
1088.02	14354.5
1089.14	14364.4
1090.26	14366.8
1091.38	14369.3
1092.5	14368.7
1093.62	14365.7
1094.74	14359.6
1095.86	14351.1
1096.98	14340.3
1098.1	14329.2
1099.22	14338
1100.34	14347.8
1101.45	14358.6
1102.57	14370.2
1103.69	14380.3
1104.81	14391.7
1105.93	14390.7
1107.04	14372.6
1108.16	14340.7
1109.28	14307.7
1110.4	14278.5
1111.51	14256.4
1112.63	14237
1113.75	14222.1
1114.86	14211.1
1115.98	14204.2
1117.09	14201
1118.21	14202.4
1119.32	14206.9
1120.44	14205.7
1121.55	14199.9
1122.67	14185.7
1123.78	14170
1124.9	14159.7
1126.01	14148
1127.13	14134.8
1128.24	14120.4
1129.35	14103.7
1130.47	14080.2
1131.58	14043.5
1132.7	14010.4
1133.81	13983.1
1134.92	13960.1
1136.03	13947.2
1137.15	13946.9
1138.26	13946.7
1139.37	13948.7
1140.48	13949.4
1141.59	13949.2
1142.71	13941.5
1143.82	13921.2
1144.93	13907.8
1146.04	13895.3
1147.15	13901.8
1148.26	13910.8
1149.37	13884.4
1150.48	13822.2
1151.59	13777.5
1152.7	13783.1
1153.81	13830.9
1154.92	13876.6
1156.03	13828.7
1157.14	13806.8
1158.25	13787.9
1159.36	13779.6
1160.47	13774.9
1161.58	13771.5
1162.68	13769.9
1163.79	13773.5
1164.9	13780.6
1166.01	13786.6
1167.12	13787.6
1168.22	13774.5
1169.33	13771.2
1170.44	13767.9
1171.55	13764.7
1172.65	13766.2
1173.76	13770
1174.87	13777.3
1175.97	13783.8
1177.08	13791.6
1178.18	13795.1
1179.29	13788.8
1180.4	13784.2
1181.5	13778.7
1182.61	13770.1
1183.71	13763.3
1184.82	13759.9
1185.92	13760.4
1187.02	13769.5
1188.13	13779.3
1189.23	13789
1190.34	13793.6
1191.44	13786
1192.54	13781.3
1193.65	13772.1
1194.75	13768.4
1195.85	13766.3
1196.96	13765.5
1198.06	13768.5
1199.16	13772.5
1200.26	13779.6
1201.37	13789.3
1202.47	13797.1
1203.57	13802.8
1204.67	13790.2
1205.77	13777.4
1206.87	13766.4
1207.97	13757.4
1209.08	13750.5
1210.18	13744.8
1211.28	13741.3
1212.38	13740.1
1213.48	13741.4
1214.58	13745.5
1215.68	13754.5
1216.78	13743.6
1217.88	13716.7
1218.98	13672.3
1220.07	13616.5
1221.17	13652.1
1222.27	13672.8
1223.37	13685
1224.47	13690.5
1225.57	13692.7
1226.66	13688.3
1227.76	13680.1
1228.86	13667.6
1229.96	13653.7
1231.06	13638.7
1232.15	13621.7
1233.25	13602.8
1234.35	13582.4
1235.44	13561.5
1236.54	13540.5
1237.63	13523.7
1238.73	13508.2
1239.83	13500
1240.92	13492.9
1242.02	13487.8
1243.11	13483.6
1244.21	13478.8
1245.3	13472.7
1246.4	13465.2
1247.49	13457.2
1248.59	13448.1
1249.68	13437.5
1250.78	13427
1251.87	13426.2
1252.96	13422.6
1254.06	13421.3
1255.15	13418.3
1256.24	13414.5
1257.34	13412.1
1258.43	13409
1259.52	13406.1
1260.62	13402.6
1261.71	13396.8
1262.8	13388.3
1263.89	13360.3
1264.98	13350
1266.08	13337
1267.17	13337.9
1268.26	13349.4
1269.35	13356.5
1270.44	13364.3
1271.53	13372.1
1272.62	13378.5
1273.71	13383.6
1274.8	13388.4
1275.89	13388.3
1276.98	13383.8
1278.07	13377.3
1279.16	13376.5
1280.25	13374.9
1281.34	13374.2
1282.43	13374.3
1283.52	13375.5
1284.61	13379
1285.69	13383.8
1286.78	13388
1287.87	13391.8
1288.96	13386.4
1290.05	13388.6
1291.13	13391.9
1292.22	13396.5
1293.31	13397.3
1294.4	13396.9
1295.48	13389.3
1296.57	13380.3
1297.66	13370.6
1298.74	13358.4
1299.83	13354.7
1300.92	13361.2
1302	13365
1303.09	13376.6
1304.17	13365.8
1305.26	13350.9
1306.34	13319.9
1307.43	13301.4
1308.51	13298.8
1309.6	13310.9
1310.68	13353.6
1311.76	13372.1
1312.85	13342.4
1313.93	13323.1
1315.02	13306
1316.1	13289.5
1317.18	13275.9
1318.27	13273.6
1319.35	13274.1
1320.43	13274
1321.52	13276
1322.6	13269.2
1323.68	13264
1324.76	13258.6
1325.85	13254.5
1326.93	13252.4
1328.01	13249
1329.09	13243.9
1330.17	13237
1331.25	13228.5
1332.33	13217.9
1333.41	13206
1334.49	13193.8
1335.58	13181.4
1336.65	13169.8
1337.74	13159.7
1338.82	13151.5
1339.89	13147.5
1340.97	13151.9
1342.05	13154.4
1343.13	13158.2
1344.21	13160.3
1345.29	13159.7
1346.37	13148.9
1347.45	13126.5
1348.53	13090.4
1349.6	13093
1350.68	13103.9
1351.76	13108.9
1352.84	13113.4
1353.92	13116.5
1354.99	13106.2
1356.07	13097.5
1357.15	13080.8
1358.22	13053.5
1359.3	13028.1
1360.38	13040.2
1361.45	13048.1
1362.53	13060.4
1363.61	13070.1
1364.68	13072.8
1365.76	13071.5
1366.83	13069.5
1367.91	13064.7
1368.98	13056.9
1370.06	13049.7
1371.13	13040.5
1372.21	13034.6
1373.28	13036
1374.35	13037.3
1375.43	13038.3
1376.5	13040.5
1377.58	13041.9
1378.65	13040.8
1379.72	13037.2
1380.8	13031.8
1381.87	13027.4
1382.94	13022.6
1384.01	13019.1
1385.09	13014
1386.16	13006.5
1387.23	12997
1388.3	12978.9
1389.38	12961.9
1390.45	12952.7
1391.52	12951.7
1392.59	12951
1393.66	12948
1393.92	12946.1
1395	12942.7
1396.07	12936.7
1397.15	12928.9
1398.22	12921.2
1399.3	12923
1400.38	12924.9
1401.45	12927.1
1402.53	12930.7
1403.6	12926
1404.68	12913.2
1405.75	12895.1
1406.82	12860.1
1407.9	12837.2
1408.97	12831.6
1410.05	12859.1
1411.12	12875.3
1412.19	12880.3
1413.27	12876.5
1414.34	12867.7
1415.41	12842.4
1416.49	12825.5
1417.56	12815.4
1418.63	12815.8
1419.7	12844.5
1420.78	12846.5
1421.85	12848.3
1422.92	12834.6
1423.99	12817.8
1425.06	12792.7
1426.14	12774.5
1427.21	12763.8
1428.28	12760.2
1429.35	12759
1430.42	12761.3
1431.49	12761.3
1432.56	12761.5
1433.63	12760.6
1434.7	12758.9
1435.77	12755.7
1436.84	12751
1437.91	12744
1438.98	12735
1440.05	12724
1441.12	12711.3
1442.18	12694.8
1443.25	12683.6
1444.32	12694.3
1445.39	12702.7
1446.46	12714.5
1447.53	12723.5
1448.59	12727.9
1449.66	12728.3
1450.73	12724.7
1451.8	12716.9
1452.86	12704.6
1453.93	12687.5
1455	12668.3
1456.06	12645.8
1457.13	12637.7
1458.2	12656.8
1459.26	12682.4
1460.33	12667.1
1461.39	12654.7
1462.46	12642.6
1463.52	12628.7
1464.59	12612.3
1465.65	12599.8
1466.72	12583.3
1467.78	12584.5
1468.85	12587.6
1469.91	12591.3
1470.98	12596
1472.04	12598.9
1473.1	12597.7
1474.17	12584.1
1475.23	12575.9
1476.3	12571
1477.36	12566.6
1478.42	12562.3
1479.48	12558.9
1480.55	12556
1481.61	12554.5
1482.67	12553.4
1483.73	12552.2
1484.8	12550.7
1485.86	12545.1
1486.92	12540.2
1487.98	12535.7
1489.04	12531.3
1490.1	12526.4
1491.17	12522
1492.23	12519.4
1493.29	12518.4
1494.35	12537.9
1495.41	12555.1
1496.47	12544.6
1497.53	12510.3
1498.59	12499.8
1499.65	12485.6
1500.71	12471.8
1501.77	12460.8
1502.83	12453.2
1503.88	12450.2
1504.94	12447.6
1506	12446.6
1507.06	12444.2
1508.12	12442.1
1509.18	12425.2
1510.23	12412.7
1511.29	12388.1
1512.35	12381.7
1513.41	12393.1
1514.47	12394.3
1515.52	12387.2
1516.58	12375.5
1517.64	12367.2
1518.69	12363
1519.75	12364.7
1520.81	12362.8
1521.86	12354.4
1522.92	12341.8
1523.97	12326.3
1525.03	12307
1526.08	12286.1
1527.14	12262.8
1528.2	12248.2
1529.25	12261.9
1530.31	12269.9
1531.36	12277.1
1532.42	12280.9
1533.47	12282.3
1534.52	12255.9
1535.58	12236.3
1536.63	12229.4
1537.69	12238.1
1538.74	12304.3
1539.79	12292
1540.84	12263.8
1541.9	12210.6
1542.95	12207
1544	12202.1
1545.06	12196.3
1546.11	12189.8
1547.16	12187.6
1548.21	12190.9
1549.27	12198.4
1550.32	12192.1
1551.37	12191.1
1552.42	12193.7
1553.47	12197.4
1554.52	12200.9
1555.57	12203.6
1556.62	12205.3
1557.67	12204.9
1558.72	12203.7
1559.77	12201.2
1560.82	12196.7
1561.87	12190.9
1562.92	12183.7
1563.97	12176.1
1565.02	12173.2
1566.07	12180.5
1567.12	12156.5
1568.17	12136.6
1569.22	12114.4
1570.27	12105.4
1571.32	12106.9
1572.36	12115.6
1573.41	12134.2
1574.46	12147.8
1575.51	12154.4
1576.56	12158.3
1577.6	12158.4
1578.65	12153.1
1579.7	12142.7
1580.74	12127.8
1581.79	12108.2
1582.84	12085.7
1583.88	12069.7
1584.93	12065.2
1585.98	12060
1587.02	12068.6
1588.07	12069.1
1589.11	12068.2
1590.16	12068.2
1591.2	12066.5
1592.25	12063.7
1593.29	12060.9
1594.34	12056.6
1595.38	12051.8
1596.43	12046
1597.47	12038
1598.52	12026.8
1599.56	12008.5
1600.6	11986.6
1601.65	11964.3
1602.69	11942.5
1603.73	11927.5
1604.78	11918.3
1605.82	11911.1
1606.86	11907.8
1607.91	11907.7
1608.95	11911.2
1609.99	11914.5
1611.03	11903.3
1612.08	11896.1
1613.12	11879.9
1614.16	11864.3
1615.2	11849.9
1616.24	11836.4
1617.28	11826.8
1618.32	11824.1
1619.36	11819.4
1620.41	11812.3
1621.45	11804.5
1622.49	11795.4
1623.53	11790.9
1624.57	11785.4
1625.61	11779.4
1626.65	11771.3
1627.69	11722.6
1628.73	11697
1629.76	11722.4
1630.8	11729.8
1631.84	11726.7
1632.88	11722.8
1633.92	11717
1634.96	11700.9
1636	11681.6
1637.03	11661.7
1638.07	11641.9
1639.11	11624
1640.15	11622.3
1641.19	11618.1
1642.22	11617.1
1643.26	11619.6
1644.3	11624.3
1645.33	11613.6
1646.37	11608.1
1647.41	11591.4
1648.44	11569.5
1649.48	11559.8
1650.52	11561.6
1651.55	11565.8
1652.59	11556.4
1653.62	11535.9
1654.66	11517
1655.69	11503.4
1656.73	11494.8
1657.76	11490.1
1658.8	11486.7
1659.83	11485.8
1660.87	11485.7
1661.9	11484.5
1662.93	11482.1
1663.97	11476.8
1665	11473.3
1666.04	11470.6
1667.07	11469
1668.1	11470.2
1669.14	11471.9
1670.17	11474.1
1671.2	11477.3
1672.23	11481.2
1673.27	11488
1674.3	11454.6
1675.33	11414
1676.36	11407.7
1677.39	11401.8
1678.43	11433
1679.46	11430.1
1680.49	11420
1681.52	11406.9
1682.55	11393.7
1683.58	11380.1
1684.61	11365.1
1685.64	11360.7
1686.67	11356.8
1687.7	11355.8
1688.73	11358.5
1689.76	11361.9
1690.79	11363.3
1691.82	11360.9
1692.85	11357.5
1693.88	11352.6
1694.91	11345.4
1695.94	11336.8
1696.97	11326.1
1698	11313.9
1699.02	11301.5
1700.05	11289.4
1701.08	11279.9
1702.11	11270.9
1703.14	11263
1704.16	11256.1
1705.19	11250.4
1706.22	11247.9
1707.25	11247.7
1708.27	11250.5
1709.3	11250.5
1710.33	11241.5
1711.35	11230.3
1712.38	11216.6
1713.41	11200.5
1714.43	11181.5
1715.46	11160.2
1716.48	11137.6
1717.51	11113
1718.53	11094.1
1719.56	11076.7
1720.58	11073.6
1721.61	11087.3
1722.63	11099.7
1723.66	11108.9
1724.68	11113.1
1725.71	11108.7
1726.73	11099.6
1727.75	11087.6
1728.78	11076.3
1729.8	11066.8
1730.83	11058.1
1731.85	11052.5
1732.87	11050
1733.89	11046.4
1734.92	11041.6
1735.94	11028.1
1736.96	11008.7
1737.98	10982.8
1739.01	10957.9
1740.03	10949.9
1741.05	10973.9
1742.07	11034.2
1743.09	10931.6
1744.12	10937.1
1745.14	10937.2
1746.16	10937
1747.18	10930.1
1748.2	10921.7
1749.22	10913.4
1750.24	10907.5
1751.26	10906.1
1752.28	10908.4
1753.3	10924.5
1754.32	10911.6
1755.34	10882.1
1756.36	10869.8
1757.38	10864.8
1758.4	10847.6
1759.42	10837.1
1760.44	10823.3
1761.45	10814.5
1762.47	10810.8
1763.49	10836.2
1764.51	10844.6
1765.53	10838.5
1766.55	10827.1
1767.56	10812.9
1768.58	10797.6
1769.6	10782.1
1770.61	10766.7
1771.63	10767
1772.65	10770.9
1773.67	10774.8
1774.68	10777.8
1775.7	10779.1
1776.72	10775
1777.73	10769.3
1778.75	10760.3
1779.76	10749.3
1780.78	10735.6
1781.79	10719.7
1782.81	10706.1
1783.83	10695.7
1784.84	10693.7
1785.85	10694.4
1786.87	10697.6
1787.88	10698.1
1788.9	10695.5
1789.91	10684.6
1790.93	10673.7
1791.94	10663.2
1792.95	10652.9
1793.97	10642.5
1794.98	10632.4
1796	10622.3
1797.01	10612.5
1798.02	10602.7
1799.03	10593.1
1800.05	10583.7
1801.06	10581.1
1802.07	10580.9
1803.08	10575.9
1804.1	10568.3
1805.11	10561.5
1806.12	10552.6
1807.13	10542.5
1808.14	10531.2
1809.15	10519
1810.17	10505.8
1811.18	10493.1
1812.19	10475.5
1813.2	10455.3
1814.21	10438
1815.22	10430.6
1816.23	10437.9
1817.24	10413.2
1818.25	10381.8
1819.26	10372.8
1820.27	10370.9
1821.28	10385.7
1822.29	10394.3
1823.3	10397.3
1824.3	10394.8
1825.31	10387.4
1826.32	10366.6
1827.33	10287.9
1828.34	10318.1
1829.35	10363.1
1830.35	10346.9
1831.36	10329.6
1832.37	10317.7
1833.38	10303.5
1834.38	10289.6
1835.39	10277.4
1836.4	10266.7
1837.41	10257.6
1838.41	10250
1839.42	10244.1
1840.43	10240.3
1841.43	10235.6
1842.44	10232.4
1843.44	10228.7
1844.45	10222.5
1845.46	10213.9
1846.46	10202.5
1847.47	10192.4
1848.47	10182.2
1849.48	10173.3
1850.48	10164.1
1851.49	10151.6
1852.49	10138.2
1853.49	10124.1
1854.5	10109.1
1855.5	10092.5
1856.51	10076.2
1857.51	10076.6
1858.51	10076.5
1859.52	10081.7
1860.52	10092.8
1861.52	10094.9
1862.53	10083.9
1863.53	10074.9
1864.53	10061.9
1865.54	10049
1866.54	10038.6
1867.54	10027.3
1868.54	10016.6
1869.54	10004.7
1870.55	9990.89
1871.55	9973.7
1872.55	9951.64
1873.55	9940.11
1874.55	9937.31
1875.55	9945.05
1876.55	9947.43
1877.55	9952.49
1878.55	9956.03
1879.55	9948
1880.56	9931.72
1881.55	9910.76
1882.56	9893.95
1883.55	9881.35
1884.55	9872.47
1885.55	9865.9
1886.55	9862.44
1887.55	9861.72
1888.55	9864.04
1889.55	9865.88
1890.55	9850.61
1891.55	9840.21
1892.55	9827.45
1893.54	9814.9
1894.54	9805.76
1895.54	9794.08
1896.54	9790.73
1897.54	9796.16
1898.53	9797.58
1899.53	9795.54
1900.53	9788.5
1901.52	9779.19
1902.52	9763.8
1903.52	9752.36
1904.51	9741.4
1905.51	9731.57
1906.51	9721.16
1907.5	9710.66
1908.5	9700.61
1909.49	9690.89
1910.49	9681.62
1911.49	9672.64
1912.48	9663.99
1913.48	9655.52
1914.47	9647.46
1915.46	9639.73
1916.46	9631.65
1917.45	9623.4
1918.45	9614.93
1919.44	9606.7
1920.44	9599.66
1921.43	9594
1922.43	9588.2
1923.42	9582.15
1924.41	9576.37
1925.41	9569.13
1926.4	9560.86
1927.39	9551.37
1928.38	9541.14
1929.38	9529.59
1930.37	9517
1931.36	9502.32
1932.35	9485.85
1933.35	9472.25
1934.34	9466.16
1935.33	9468.55
1936.32	9479.78
1937.31	9481.16
1938.3	9481.29
1939.29	9479.02
1940.29	9472.19
1941.28	9463.26
1942.27	9451.24
1943.26	9435.28
1944.25	9416.13
1945.24	9391.13
1946.23	9366.99
1947.22	9351.96
1948.21	9343.11
1949.2	9343.2
1950.19	9338.98
1951.18	9339.8
1952.17	9338.67
1953.16	9335.51
1954.14	9330.49
1955.13	9323.76
1956.12	9314.99
1957.11	9304.15
1958.1	9291.22
1959.09	9275.85
1960.07	9258.21
1961.06	9254.05
1962.05	9251.62
1963.04	9242.42
1964.02	9224.16
1965.01	9171.68
1966	9173.7
1966.99	9194.52
1967.97	9206.88
1968.96	9207.13
1969.95	9208.36
1970.93	9202.08
1971.92	9192.07
1972.9	9178.15
1973.89	9160.58
1974.88	9138.72
1975.86	9117.13
1976.85	9110.37
1977.83	9103.65
1978.82	9100.36
1979.8	9094.71
1980.79	9088.88
1981.77	9082.76
1982.76	9076.24
1983.74	9069.3
1984.72	9062.02
1985.71	9054.31
1986.69	9046.28
1987.67	9041.91
1988.66	9042.25
1989.64	9040.24
1990.62	9039.13
1991.61	9037.76
1992.59	9033.99
1993.57	9029.55
1994.56	9022.51
1995.54	9011.42
1996.52	8996.63
1997.5	8977.42
1998.49	8954.87
1999.47	8940.24
2000.45	8931.02
2001.43	8930.06
2002.41	8929.22
2003.39	8931.02
2004.38	8930.68
2005.36	8926
2006.34	8906.81
2007.32	8909
2008.3	8911.4
2009.28	8921.32
2010.26	8905.56
2011.24	8886.79
2012.22	8871.78
2013.2	8863.66
2014.18	8857.99
2015.16	8849.75
2016.14	8839.11
2017.12	8828.7
2018.1	8818.74
2019.07	8808.38
2020.05	8799.47
2021.03	8788.3
2022.01	8739.8
2022.99	8729.25
2023.97	8727.49
2024.95	8726.41
2025.92	8726.6
2026.9	8726.49
2027.88	8715.48
2028.86	8695.67
2029.83	8672.42
2030.81	8659.87
2031.79	8647.91
2032.76	8649.96
2033.74	8649.26
2034.72	8648.46
2035.69	8646.39
2036.67	8640.6
2037.65	8633.47
2038.62	8624.86
2039.6	8614.79
2040.57	8603.87
2041.55	8591.88
2042.52	8583.5
2043.5	8576.22
2044.47	8583.05
2045.45	8590.23
2046.42	8582.17
2047.4	8549.72
2048.37	8504.14
2049.35	8514.21
2050.32	8513.13
2051.29	8510.39
2052.27	8507.17
2053.24	8505.22
2054.21	8501.04
2055.19	8494.48
2056.16	8485.53
2057.13	8474.18
2058.11	8460.13
2059.08	8439.42
2060.05	8414.6
2061.02	8371.98
2062	8350.26
2062.97	8324.86
2063.94	8368.08
2064.91	8359.46
2065.89	8351.81
2066.86	8344.72
2067.83	8338.49
2068.8	8332.66
2069.77	8327.96
2070.74	8325.13
2071.71	8324.37
2072.68	8319.57
2073.65	8330.29
2074.62	8315
2075.59	8294.96
2076.56	8277.36
2077.53	8261.64
2078.5	8247.69
2079.47	8237.48
2080.44	8230.88
2081.41	8226.22
2082.38	8223.6
2083.35	8223.39
2084.32	8223.52
2085.29	8222.92
2086.26	8214.15
2087.23	8200.1
2088.19	8181.97
2089.16	8166.56
2090.13	8152.92
2091.1	8139.72
2092.07	8129.19
2093.03	8117.09
2094	8107.28
2094.97	8103.58
2095.94	8105.78
2096.9	8127.22
2097.87	8122.81
2098.84	8115.03
2099.8	8106.43
2100.77	8097.06
2101.74	8085.87
2102.7	8073.29
2103.67	8059.74
2104.63	8045.02
2105.6	8029.08
2106.56	8012.03
2107.53	7995.65
2108.49	7980.67
2109.46	7968.27
2110.42	7961.7
2111.39	7957.16
2112.35	7956.28
2113.32	7956.1
2114.28	7956.19
2115.25	7956.71
2116.21	7948.27
2117.17	7941.67
2118.14	7930.02
2119.1	7917.86
2120.07	7907.7
2121.03	7898.84
2121.99	7908.09
2122.96	7917.08
2123.92	7922.96
2124.88	7934.63
2125.84	7860.97
2126.81	7863.36
2127.77	7867.74
2128.73	7882.1
2129.69	7876.79
2130.65	7863.87
2131.62	7850.58
2132.58	7834.03
2133.54	7807.48
2134.5	7786.91
2135.46	7767.29
2136.42	7753.86
2137.38	7751.25
2138.34	7745.14
2139.3	7732.9
2140.26	7721.48
2141.22	7709.43
2142.18	7695.1
2143.14	7684.38
2144.1	7674.93
2145.06	7662.69
2146.02	7660.29
2146.98	7659.37
2147.94	7660.03
2148.9	7660.02
2149.86	7660.03
2150.82	7659.92
2151.78	7659.92
2152.74	7660.12
2153.69	7660.47
2154.65	7660.42
2155.61	7660.82
2156.57	7586.58
2157.53	7581.54
2158.48	7580.67
2159.44	7580.17
2160.4	7581.79
2161.36	7585.02
2162.31	7577.68
2163.27	7566.88
2164.23	7548.4
2165.18	7530.19
2166.14	7512.82
2167.1	7502.22
2168.05	7494.26
2169.01	7484.62
2169.96	7474.1
2170.92	7462.5
2171.88	7449.29
2172.83	7434.83
2173.79	7418.24
2174.74	7400.74
2175.7	7382.16
2176.65	7363.63
2177.6	7348.74
2178.56	7338.69
2179.51	7331.96
2180.47	7321.42
2181.42	7310.22
2182.38	7300.84
2183.33	7295.8
2184.28	7292.19
2185.24	7288.95
2186.19	7284.71
2187.14	7274.71
2188.1	7266.38
2189.05	7257.5
2190	7247.98
2190.96	7237.85
2191.91	7228.64
2192.86	7219.96
2193.81	7211.84
2194.76	7203.54
2195.72	7194.47
2196.67	7185.6
2197.62	7177.37
2198.57	7169.46
2199.52	7161.79
2200.47	7154.59
2201.43	7148.04
2202.38	7142.46
2203.33	7135.34
2204.28	7127.4
2205.23	7116.22
2206.18	7115.36
2207.13	7127.92
2208.08	7120.86
2209.03	7106.56
2209.98	7096.94
2210.93	7087.81
2211.88	7080.58
2212.83	7074.63
2213.78	7070.19
2214.73	7067.42
2215.67	7065.08
2216.62	7061.49
2217.57	7053.27
2218.52	7039.53
2219.47	7027.59
2220.42	7017
2221.37	7010.14
2222.31	7006.09
2223.26	7003.18
2224.21	7001.7
2225.16	6982.2
2226.1	6965.27
2227.05	6947.45
2228	6942.38
2228.94	6963.11
2229.89	6962.88
2230.84	6962.59
2231.78	6963.55
2232.73	6962.41
2233.68	6961.06
2234.62	6957.18
2235.57	6949.86
2236.51	6938.68
2237.46	6915.88
2238.41	6905.74
2239.35	6897.96
2240.3	6893.41
2241.24	6895.12
2242.19	6888.33
2243.13	6882.5
2244.07	6874.27
2245.02	6875.91
2245.96	6878.14
2246.91	6880.6
2247.85	6883.52
2248.8	6885.43
2249.74	6885.43
2250.68	6882.36
2251.63	6867.79
2252.57	6854.3
2253.51	6843.86
2254.46	6842.25
2255.4	6851.99
2256.34	6855.74
2257.28	6865.08
2258.23	6857.45
2259.17	6847.13
2260.11	6838.4
2261.05	6827.27
2262	6816.14
2262.94	6807.23
2263.88	6803.32
2264.82	6800.86
2265.76	6800.36
2266.7	6801.54
2267.64	6799.91
2268.58	6794.99
2269.53	6789.78
2270.47	6783.32
2271.41	6775.8
2272.35	6768.19
2273.29	6763.71
2274.23	6762.45
2275.17	6761.91
2276.11	6761.05
2277.05	6757.11
2277.99	6751.76
2278.93	6750.32
2279.86	6747.78
2280.8	6743.64
2281.74	6736.28
2282.68	6732.05
2283.62	6731.12
2284.56	6731.64
2285.5	6722
2286.44	6723.54
2287.37	6738.11
2288.31	6744.77
2289.25	6741.53
2290.19	6730.76
2291.12	6720.08
2292.06	6704.99
2293	6691.17
2293.94	6686.13
2294.87	6688.1
2295.81	6696.13
2296.75	6709.2
2297.68	6724
2298.62	6723.97
2299.55	6712.9
2300.49	6697.96
2301.43	6684.44
2302.36	6672.29
2303.3	6662.29
2304.23	6652.53
2305.17	6644.81
2306.1	6637.95
2307.04	6631.88
2307.98	6626.7
2308.91	6622.58
2309.84	6619.88
2310.78	6618.77
2311.71	6618.82
2312.65	6617.14
2313.58	6610.71
2314.52	6600.67
2315.45	6587.62
2316.38	6572.65
2317.32	6559.46
2317.72	6554.7
2318.66	6546.19
2319.6	6538.6
2320.54	6532.45
2321.48	6527.74
2322.41	6524.4
2323.35	6522.43
2324.29	6521.84
2325.23	6522.67
2326.16	6525.03
2327.1	6528.48
2328.04	6526.53
2328.97	6501.27
2329.91	6474.54
2330.85	6454.04
2331.78	6435.85
2332.72	6429.27
2333.66	6426.5
2334.59	6427.78
2335.53	6434.87
2336.46	6447.51
2337.4	6450.17
2338.33	6449.86
2339.27	6444.17
2340.2	6436.32
2341.14	6426.4
2342.07	6419.16
2343.01	6411.48
2343.94	6405.45
2344.88	6400.33
2345.81	6395.86
2346.75	6391.36
2347.68	6385.78
2348.61	6376.72
2349.55	6368.64
2350.48	6364.42
2351.41	6361.98
2352.35	6359.59
2353.28	6361.47
2354.21	6341.22
2355.15	6362.27
2356.08	6402.61
2357.01	6385.12
2357.94	6368.24
2358.88	6347.47
2359.81	6332.01
2360.74	6318
2361.67	6314.74
2362.6	6332.81
2363.54	6334.91
2364.47	6334.04
2365.4	6330.27
2366.33	6325.31
2367.26	6320.52
2368.19	6314.22
2369.12	6307.06
2370.05	6299.01
2370.98	6289.85
2371.91	6279.8
2372.84	6269.06
2373.77	6258.32
2374.7	6247.56
2375.63	6240.02
2376.56	6242.79
2377.49	6243.52
2378.42	6246.56
2379.35	6252.42
2380.28	6262.02
2381.21	6261.77
2382.14	6251.58
2383.07	6231.8
2384	6213.91
2384.92	6194.34
2385.85	6177.47
2386.78	6151.46
2387.71	6139.66
2388.64	6144.85
2389.56	6157.13
2390.49	6173.38
2391.42	6196.03
2392.35	6206.74
2393.27	6212.92
2394.2	6193.37
2395.13	6183.61
2396.05	6170.59
2396.98	6148.89
2397.91	6153.28
2398.83	6152.33
2399.76	6148.05
2400.69	6140.57
2401.61	6129.98
2402.54	6116.54
2403.46	6101.87
2404.39	6100.93
2405.31	6103.36
2406.24	6113.17
2407.17	6116.75
2408.09	6113.89
2409.01	6109.21
2409.94	6100.14
2410.86	6087.87
2411.79	6067.98
2412.71	6054.15
2413.64	6048.07
2414.56	6039.87
2415.49	6040.84
2416.41	6042.94
2417.33	6047.25
2418.26	6052.71
2419.18	6059.04
2420.1	6066.56
2421.03	6065.57
2421.95	6056.18
2422.87	6037.23
2423.79	6014.15
2424.72	5995.64
2425.64	5987.13
2426.56	5985.88
2427.48	5992.34
2428.41	5996.11
2429.33	5998.73
2430.25	5996.61
2431.17	5984.23
2432.09	5974.96
2433.01	5966.17
2433.93	5958.79
2434.86	5951.78
2435.78	5944.99
2436.7	5936.76
2437.62	5928.2
2438.54	5919.03
2439.46	5909.12
2440.38	5898.58
2441.3	5887.24
2442.22	5875.67
2443.14	5864.61
2444.06	5855.73
2444.98	5848.18
2445.9	5844.69
2446.82	5839.05
2447.73	5831.31
2448.65	5820.66
2449.57	5814.44
2450.49	5806.92
2451.41	5840.9
2452.33	5838.72
2453.25	5832.08
2454.17	5824.11
2455.08	5818.1
2456	5809.92
2456.92	5801.21
2457.84	5791.84
2458.75	5781.8
2459.67	5771.21
2460.59	5759.71
2461.51	5748.1
2462.42	5737.31
2463.34	5727.56
2464.26	5719.36
2465.17	5713.35
2466.09	5709.96
2467	5709.37
2467.92	5713.53
2468.84	5716.41
2469.75	5712.76
2470.67	5706.27
2471.58	5703.43
2472.5	5698.82
2473.42	5694.58
2474.33	5689.39
2475.25	5684.19
2476.16	5675.23
2477.08	5654.11
2477.99	5640.41
2478.9	5633.94
2479.82	5634.87
2480.73	5643.63
2481.65	5659.33
2482.56	5645.2
2483.47	5629.96
2484.39	5614.91
2485.3	5600.74
2486.22	5590.81
2487.13	5588.03
2488.04	5591.6
2488.96	5604.64
2489.87	5612.9
2490.78	5616.64
2491.69	5615.68
2492.61	5610
2493.52	5595.8
2494.43	5580.92
2495.34	5566.75
2496.25	5559.39
2497.17	5555.13
2498.08	5554.24
2498.99	5557.16
2499.9	5563.04
2500.81	5571.05
2501.72	5580.82
2502.63	5585.87
2503.55	5584.77
2504.46	5579.8
2505.37	5572.32
2506.28	5568.04
2507.19	5558.7
2508.1	5549.93
2509.01	5541.4
2509.92	5533.58
2510.83	5526.3
2511.74	5520.28
2512.65	5514.9
2513.56	5510.57
2514.47	5507.67
2515.37	5506.37
2516.28	5506.81
2517.19	5504.72
2518.1	5503.19
2519.01	5499.74
2519.92	5494.35
2520.83	5473.62
2521.73	5457.55
2522.64	5455.91
2523.55	5462.21
2524.46	5482.83
2525.37	5468.68
2526.27	5453.21
2527.18	5452.42
2528.09	5450.92
2529	5446.49
2529.9	5439.52
2530.81	5429.94
2531.72	5417.42
2532.62	5399.2
2533.53	5383.47
2534.44	5382.85
2535.34	5392.98
2536.25	5416.54
2537.15	5441.3
2538.06	5427.83
2538.96	5416.26
2539.87	5399.98
2540.78	5382.28
2541.68	5365.06
2542.59	5356.47
2543.49	5351.8
2544.4	5348.49
2545.3	5346.64
2546.21	5344.24
2547.11	5342.14
2548.01	5340.02
2548.92	5337.95
2549.82	5336.47
2550.73	5335.12
2551.63	5333.68
2552.53	5331.52
2553.44	5326.48
2554.34	5320.49
2555.24	5312.18
2556.15	5302.91
2557.05	5293.01
2557.95	5282.73
2558.86	5273.23
2559.76	5264.42
2560.66	5255.72
2561.56	5247.27
2562.46	5239.05
2563.37	5231.13
2564.27	5223.58
2565.17	5216.46
2566.07	5222.22
2566.97	5234.77
2567.88	5225.14
2568.78	5207.63
2569.68	5184.7
2570.58	5178.74
2571.48	5185.9
2572.38	5183.64
2573.28	5178.71
2574.18	5173.82
2575.08	5168.96
2575.98	5163.7
2576.88	5158.14
2577.78	5152.18
2578.68	5145.51
2579.58	5137.75
2580.48	5127.08
2581.38	5114.46
2582.28	5098.83
2583.18	5087.29
2584.08	5080.18
2584.98	5075.63
2585.88	5072.54
2586.77	5072.06
2587.67	5073.33
2588.57	5075.17
2589.47	5075.83
2590.37	5073.62
2591.27	5070
2592.16	5064.86
2593.06	5050.31
2593.96	5042.85
2594.86	5034.72
2595.75	5032.85
2596.65	5045.38
2597.55	5030.47
2598.45	5009.25
2599.34	4989.13
2600.24	4986.1
2601.13	4992.09
2602.03	4997.51
2602.93	4995.71
2603.82	4996.08
2604.72	4995.02
2605.62	4993.61
2606.51	4991.13
2607.41	4986.01
2608.3	4979.42
2609.2	4966.3
2610.09	4957.05
2610.99	4962.81
2611.88	4962.14
2612.78	4958.79
2613.67	4951.12
2614.57	4938.69
2615.46	4920.66
2616.36	4932.6
2617.25	4933.48
2618.14	4932.48
2619.04	4929.74
2619.93	4925.55
2620.83	4918.51
2621.72	4911.57
2622.61	4907.83
2623.5	4905.39
2624.4	4903.8
2625.29	4903.22
2626.18	4902.31
2627.08	4902.76
2627.97	4888.21
2628.86	4888.72
2629.75	4887.82
2630.65	4885.13
2631.54	4880.46
2632.43	4873.33
2633.32	4863.84
2634.21	4852.28
2635.11	4839.04
2636	4824.37
2636.89	4809.85
2637.78	4794.35
2638.67	4786.87
2639.56	4791.52
2640.45	4825.23
2641.34	4750.19
2642.23	4735.84
2643.12	4740.39
2644.01	4747.09
2644.9	4751.84
2645.79	4755.3
2646.68	4757.93
2647.57	4743.57
2648.46	4726.11
2649.35	4710.97
2650.24	4702.92
2651.13	4704.9
2652.02	4711.66
2652.91	4712.81
2653.8	4712.72
2654.69	4709.29
2655.58	4704.12
2656.46	4695.1
2657.35	4684.32
2658.24	4672.4
2659.13	4660.61
2660.02	4657.08
2660.9	4655.94
2661.79	4654.08
2662.68	4649.92
2663.57	4646.16
2664.45	4643.36
2665.34	4641.08
2666.23	4639.39
2667.11	4637.85
2668	4636
2668.89	4633.23
2669.77	4630.33
2670.66	4627.01
2671.55	4623.32
2672.43	4619.19
2673.32	4614.8
2674.21	4610
2675.09	4604.94
2675.98	4599.02
2676.86	4589.91
2677.75	4574.78
2678.63	4570.76
2679.52	4565.97
2680.4	4565.81
2681.29	4558.69
2682.17	4552.09
2683.06	4539.25
2683.94	4526.4
2684.82	4514.76
2685.71	4504.25
2686.59	4508.43
2687.48	4517.09
2688.36	4522.83
2689.24	4528.82
2690.13	4526.47
2691.01	4517.69
2691.89	4503.86
2692.78	4486.58
2693.66	4474.51
2694.54	4468.26
2695.43	4461.98
2696.31	4457.05
2697.19	4454.67
2698.07	4453.05
2698.96	4454.3
2699.84	4456.47
2700.72	4455.57
2701.6	4453.28
2702.48	4425.6
2703.36	4399.47
2704.25	4389.66
2705.13	4387.82
2706.01	4386.56
2706.89	4383.81
2707.77	4380.38
2708.65	4374.89
2709.53	4368.7
2710.41	4361.94
2711.29	4356.43
2712.17	4356.73
2713.05	4357.85
2713.93	4358.66
2714.81	4360.17
2715.69	4360.42
2716.57	4355.7
2717.45	4348
2718.33	4336.95
2719.21	4321.69
2720.09	4323.9
2720.97	4330.32
2721.85	4333.73
2722.73	4334.74
2723.61	4333.66
2724.48	4319.26
2725.36	4330.2
2726.24	4335.88
2727.12	4337.61
2728	4335.05
2728.88	4328.13
2729.75	4316.74
2730.63	4298.94
2731.51	4284.55
2732.39	4276.52
2733.26	4276.21
2734.14	4275.14
2735.02	4280.37
2735.89	4283.61
2736.77	4283.72
2737.65	4281.06
2738.52	4275.63
2739.4	4267.56
2740.28	4257.18
2741.15	4249.29
2742.03	4247.33
2742.9	4240.19
2743.78	4236.6
2744.65	4225.39
2745.53	4215.47
2746.41	4205.43
2747.28	4196.75
2748.16	4192.79
2749.03	4190.3
2749.91	4189.36
2750.78	4191.8
2751.66	4195.65
2752.53	4200.24
2753.4	4205
2754.28	4206.98
2755.15	4209.47
2756.02	4204.12
2756.9	4200.24
2757.77	4189.9
2758.65	4178.83
2759.52	4167.81
2760.39	4162.44
2761.27	4161.88
2762.14	4168.29
2763.01	4171.32
2763.88	4172.93
2764.76	4163.66
2765.63	4158.45
2766.5	4151.39
2767.37	4143.89
2768.25	4137.66
2769.12	4133.6
2769.99	4128.93
2770.86	4122.44
2771.73	4112.04
2772.61	4100.15
2773.48	4088.8
2774.35	4078.41
2775.22	4069.19
2776.09	4061.3
2776.96	4058.6
2777.83	4056.36
2778.7	4056.72
2779.57	4060.29
2780.44	4063.4
2781.31	4066.29
2782.18	4065.85
2783.05	4065.29
2783.92	4060.27
2784.79	4050.57
2785.66	4039.08
2786.53	4028.56
2787.4	4018.82
2788.27	4017.55
2789.14	4015.18
2790.01	4017.57
2790.88	4022.18
2791.75	4028.62
2792.62	4034.12
2793.48	4023.3
2794.35	4015.11
2795.22	4008.17
2796.09	4004.58
2796.96	4001.87
2797.82	3996.81
2798.69	3991.28
2799.56	3982.8
2800.43	3971.35
2801.29	3951.87
2802.16	3933.74
2803.03	3922.53
2803.9	3921.36
2804.76	3927.53
2805.63	3940.41
2806.5	3945.48
2807.36	3945.29
2808.23	3941.15
2809.09	3938.83
2809.96	3936.3
2810.83	3933.09
2811.69	3929.9
2812.56	3925.67
2813.42	3921.19
2814.29	3917.86
2815.15	3914.96
2816.02	3913.84
2816.88	3912.36
2817.75	3908.57
2818.61	3904.87
2819.48	3901.15
2820.34	3897
2821.21	3892.31
2822.07	3887.03
2822.94	3880.84
2823.8	3874.13
2824.66	3866.42
2825.53	3858.05
2826.39	3848.75
2827.26	3839.2
2828.12	3831.37
2828.98	3825.83
2829.85	3825.05
2830.71	3829.54
2831.57	3837.91
2832.43	3842.62
2833.3	3841.29
2834.16	3839.45
2835.02	3834.15
2835.88	3826.89
2836.75	3818.44
2837.61	3813
2838.47	3808.22
2839.33	3803.57
2840.19	3799.85
2841.06	3796.4
2841.92	3793.23
2842.78	3790.29
2843.64	3787.33
2844.5	3784.52
2845.36	3781.98
2846.22	3779.46
2847.08	3774.58
2847.94	3767.42
2848.81	3762.06
2849.67	3758.91
2850.53	3757.84
2851.39	3759.4
2852.25	3764.05
2853.11	3764.59
2853.97	3759.71
2854.82	3748.75
2855.68	3737.07
2856.54	3731.84
2857.4	3732.5
2858.26	3749.12
2859.12	3752.05
2859.98	3749.75
2860.84	3742.56
2861.7	3730.97
2862.56	3719.23
2863.41	3707.79
2864.27	3699.38
2865.13	3693.92
2865.99	3685.29
2866.85	3692.82
2867.7	3698.69
2868.56	3701.95
2869.42	3699.01
2870.28	3690.89
2871.13	3679.56
2871.99	3666.03
2872.85	3658.75
2873.7	3654.43
2874.56	3651.53
2875.42	3649.82
2876.27	3649.65
2877.13	3650.85
2877.99	3653.64
2878.84	3652.32
2879.7	3650.7
2880.56	3642.88
2881.41	3631.47
2882.27	3622.62
2883.12	3613.63
2883.98	3606.1
2884.83	3600.13
2885.69	3594.74
2886.54	3589.77
2887.4	3585.5
2888.25	3581.59
2889.11	3578.46
2889.96	3578.96
2890.82	3581.92
2891.67	3582.29
2892.52	3581.14
2893.38	3575.06
2894.23	3566.52
2895.09	3560.92
2895.94	3556.38
2896.79	3554.37
2897.65	3554.85
2898.5	3556.96
2899.35	3560.73
2900.21	3566.12
2901.06	3573.39
2901.91	3581.54
2902.76	3583.68
2903.62	3570.13
2904.47	3555.22
2905.32	3542.86
2906.17	3531.76
2907.03	3521.86
2907.88	3514.47
2908.73	3506.01
2909.58	3498.47
2910.43	3491.71
2911.28	3485.57
2912.14	3479.94
2912.99	3474.89
2913.84	3470.23
2914.69	3466.28
2915.54	3463.77
2916.39	3469.47
2917.24	3464.48
2918.09	3460.49
2918.94	3457.37
2919.79	3453.71
2920.64	3449.48
2921.49	3444.73
2922.34	3439.43
2923.19	3433.73
2924.04	3426.78
2924.89	3419.22
2925.74	3411.31
2926.59	3404.65
2927.44	3399.21
2928.29	3395.1
2929.14	3391.81
2929.98	3389.45
2930.83	3387.72
2931.68	3387.68
2932.53	3388.36
2933.38	3389.79
2934.23	3391.02
2935.07	3390.27
2935.92	3388.76
2936.77	3387.04
2937.62	3384.22
2938.47	3380.1
2939.31	3373.95
2940.16	3359.2
2941.01	3344.72
2941.85	3337.14
2942.7	3331.83
2943.55	3349.33
2944.39	3352.12
2945.24	3351.07
2946.09	3346.77
2946.93	3337.39
2947.78	3325.79
2948.63	3314.76
2949.47	3303.22
2950.32	3296.95
2951.16	3297.52
2952.01	3297.84
2952.85	3297.59
2953.7	3297.07
2954.55	3296.3
2955.39	3295.57
2956.24	3294.69
2957.08	3293.35
2957.92	3291.58
2958.77	3289.25
2959.61	3286.37
2960.46	3282.35
2961.3	3277.68
2962.15	3272.13
2962.99	3266.7
2963.83	3263.06
2964.68	3260.3
2965.52	3261.1
2966.37	3261
2967.21	3259.46
2968.05	3256.52
2968.9	3233.76
2969.74	3218.72
2970.58	3207.15
2971.42	3204.93
2972.27	3223.32
2973.11	3233.99
2973.95	3238.93
2974.79	3244.56
2975.64	3243.69
2976.48	3239.14
2977.32	3229.26
2978.16	3217.32
2979	3210.62
2979.85	3210.36
2980.69	3214.18
2981.53	3216.44
2982.37	3216.26
2983.21	3213.51
2984.05	3206.2
2984.89	3201.36
2985.73	3196.15
2986.57	3190.49
2987.41	3185.01
2988.25	3179.3
2989.1	3173.91
2989.94	3169
2990.77	3164.64
2991.62	3162.24
2992.45	3160.39
2993.29	3162.11
2994.13	3165.39
2994.97	3170.91
2995.81	3171.47
2996.65	3168.35
2997.49	3148.61
2998.33	3170.69
2999.17	3195.1
