200.833	12066.5
202.102	12077.5
203.371	12097.8
204.639	12095.6
205.907	12059.7
207.175	12034.5
208.442	12181.2
209.71	12184.5
210.977	12191.2
212.244	12165.8
213.511	12119.4
214.777	12112.3
216.042	12114.5
217.309	12171.3
218.575	12218.8
219.84	12253
221.106	12276.8
222.371	12278.4
223.635	12285.8
224.9	12289.2
226.165	12299
227.429	12316.7
228.694	12354
229.956	12379.7
231.22	12417.4
232.484	12459.6
233.747	12499.7
235.011	12531.9
236.272	12558.2
237.535	12580.3
238.798	12587
240.06	12595.6
241.321	12606.9
242.583	12619.9
243.845	12646.5
245.105	12670.3
246.367	12699.1
247.628	12716.9
248.888	12735.7
250.149	12743.4
251.409	12739.3
252.67	12736.1
253.928	12735.9
255.189	12739
256.447	12748.3
257.707	12759.1
258.966	12778.4
260.224	12798.5
261.483	12828.1
262.742	12844
263.999	12839.5
265.257	12838.4
266.514	12844.9
267.772	12853.2
269.028	12862.9
270.286	12873.7
271.543	12885.6
272.799	12898.6
274.056	12913.4
275.311	12928
276.568	12942.4
277.823	12962.1
279.079	12988.5
280.333	13016.4
281.589	13039.1
282.843	13060.5
284.099	13076.9
285.352	13084.7
286.607	13104.1
287.86	13128.6
289.114	13150.2
290.368	13169.3
291.621	13181.4
292.875	13187.3
294.127	13185.6
295.38	13187.1
296.632	13192
297.884	13211.7
299.137	13228.2
300.388	13246.5
301.641	13242.7
302.891	13237.2
304.142	13234.4
305.394	13229.4
306.644	13232.6
307.894	13247
309.146	13259
310.395	13274
311.645	13289.5
312.895	13306.1
314.144	13322.8
315.393	13340
316.642	13357
317.892	13373.2
319.14	13387.8
320.388	13400.4
321.637	13400.8
322.885	13401.9
324.132	13402.3
325.38	13404
326.628	13423.7
327.875	13436.7
329.122	13450.1
330.368	13465.1
331.614	13480.1
332.862	13479.8
334.108	13480.5
335.353	13481.9
336.599	13486.8
337.844	13508.9
339.089	13538.9
340.335	13562.6
341.58	13584.1
342.824	13602.6
344.068	13613
345.312	13620.2
346.556	13626
347.8	13631
349.043	13635.4
350.286	13639.5
351.53	13643
352.774	13645.9
354.016	13646.7
355.259	13651.9
356.501	13669.6
357.743	13680
358.985	13689.4
360.227	13699.7
361.468	13708.6
362.709	13716.3
363.95	13722.4
365.191	13726.6
366.432	13727.3
367.672	13718.5
368.912	13711.2
370.152	13707
371.392	13705.5
372.632	13712.3
373.871	13722.2
375.11	13736.6
376.348	13755.5
377.587	13778.8
378.825	13807
380.064	13837.4
381.302	13849.1
382.54	13821.6
383.778	13783.5
385.016	13800
386.253	13822.1
387.489	13845.7
388.726	13870.2
389.963	13891.1
391.199	13903.8
392.436	13915.2
393.672	13916.3
394.907	13910
396.142	13903.1
397.378	13903.1
398.614	13907.3
399.849	13916
401.082	13927.1
402.317	13941.4
403.552	13956.1
404.786	13970.4
406.019	13983.1
407.253	13993.5
408.487	14003.8
409.721	14013.6
410.953	14022.5
412.186	14031
413.419	14037.8
414.651	14041.3
415.883	14042
417.116	14039.8
418.347	14045.8
419.579	14049.9
420.811	14054.7
422.041	14060
423.272	14066
424.504	14071.9
425.733	14078.6
426.964	14087.1
428.194	14097.6
429.424	14111.8
430.654	14128.2
431.883	14128.7
433.113	14127.8
434.341	14126.1
435.571	14123.4
436.799	14116.4
438.028	14110
439.257	14113.2
440.484	14119.4
441.713	14127.7
442.94	14137.1
444.168	14146.9
445.394	14157.9
446.622	14170.1
447.848	14182.8
449.076	14195.6
450.301	14207.6
451.528	14215.6
452.754	14216.7
453.979	14216.4
455.205	14214.8
456.43	14212.6
457.656	14207.6
458.88	14211
460.106	14230.9
461.33	14248.6
462.554	14268
463.779	14280.8
465.002	14288.1
466.225	14266.2
467.45	14248.3
468.672	14235.3
469.895	14228
471.119	14228
472.341	14229.7
473.563	14231.7
474.786	14234.7
476.008	14237.8
477.229	14241.1
478.452	14244
479.673	14246.5
480.894	14247.2
482.115	14244.1
483.337	14235.2
484.557	14212.8
485.777	14199.3
486.997	14200.8
488.218	14208.4
489.438	14223.4
490.657	14238.3
491.876	14252.9
493.096	14262
494.315	14266.5
495.533	14266.5
496.752	14262.9
497.97	14253.9
499.188	14239.3
500.407	14220.5
501.625	14198.7
502.842	14177.2
504.059	14187.9
505.276	14208.1
506.493	14218.5
507.71	14230.2
508.926	14238.9
510.142	14246
511.358	14250.9
512.575	14255.1
513.791	14259.4
515.006	14264.9
516.222	14293.5
517.437	14318.2
518.651	14330.2
519.866	14328.2
521.081	14311.3
522.295	14249.7
523.509	14350.2
524.723	14354.4
525.937	14362.9
527.15	14370
528.363	14374.1
529.576	14374.6
530.789	14371.7
532.002	14359.9
533.215	14347.4
534.426	14347.6
535.638	14354.5
536.85	14369.6
538.061	14392.9
539.273	14410.8
540.484	14415.7
541.695	14408.1
542.906	14393.8
544.117	14389.6
545.327	14400.6
546.537	14417.8
547.747	14431
548.957	14441.3
550.167	14449.7
551.377	14456.7
552.585	14460.6
553.794	14462.8
555.003	14462.3
556.212	14459.8
557.421	14455.9
558.628	14451.5
559.836	14443.4
561.044	14431.8
562.252	14399.7
563.458	14396.4
564.666	14401.4
565.873	14402.8
567.08	14424.7
568.286	14455.1
569.493	14487.6
570.699	14485.8
571.904	14469.4
573.111	14454.8
574.317	14442
575.521	14438.5
576.727	14440.6
577.932	14443.8
579.136	14448.8
580.341	14454.7
581.544	14461.4
582.749	14467.8
583.954	14474
585.156	14480.4
586.361	14482.4
587.563	14482.8
588.767	14478.9
589.97	14476
591.172	14474.3
592.375	14474.7
593.577	14480.6
594.78	14484.4
595.981	14487.6
597.183	14488.6
598.384	14477.7
599.586	14470.3
600.786	14457.8
601.988	14462.9
603.188	14468.2
604.389	14477.5
605.589	14484.6
606.79	14475
607.989	14455.7
609.188	14429
610.389	14412.4
611.587	14397.7
612.787	14387.8
613.986	14380.3
615.184	14374.7
616.383	14370.7
617.581	14368.5
618.78	14367.1
619.977	14363
621.174	14362.7
622.373	14365
623.57	14370.1
624.766	14375
625.964	14378.4
627.16	14378.4
628.356	14374.1
629.554	14367.6
630.749	14358.5
631.945	14345.7
633.14	14330.2
634.337	14312.1
635.532	14293
636.726	14283.7
637.921	14277.4
639.117	14273.2
640.311	14270.7
641.505	14269.3
642.699	14268.5
643.892	14267
645.087	14266.2
646.28	14265.7
647.473	14264.9
648.666	14264.5
649.859	14264.1
651.051	14263.7
652.245	14264.2
653.437	14266.1
654.629	14280.1
655.821	14294
657.012	14310.6
658.204	14329.8
659.395	14346.1
660.586	14355.2
661.777	14354.1
662.967	14347.1
664.158	14336.6
665.349	14329.7
666.539	14326.3
667.729	14330.4
668.919	14344
670.109	14361.6
671.298	14367.8
672.487	14369.2
673.676	14352.3
674.865	14345
676.053	14347.4
677.242	14349.7
678.43	14363.1
679.616	14379
680.804	14393.2
681.992	14402.2
683.179	14406.9
684.366	14406.6
685.554	14400.4
686.74	14389.5
687.927	14372
689.114	14349.1
690.3	14325.8
691.486	14312.9
692.671	14304.3
693.856	14297.5
695.042	14291.9
696.227	14285.6
697.413	14278.4
698.598	14271.5
699.781	14264.9
700.966	14258.3
702.15	14252
703.334	14247.4
704.518	14245.4
705.701	14240
706.885	14230.6
708.068	14198.5
709.252	14197.4
710.433	14216.4
711.616	14238.3
712.799	14265.6
713.98	14270.7
715.163	14278.6
716.345	14280.8
717.527	14276.1
718.707	14267
719.889	14249.5
721.071	14223.6
722.25	14194.1
723.432	14168.8
724.611	14213.9
725.792	14244.6
726.972	14221.5
728.151	14217.6
729.332	14213.7
730.512	14210.8
731.69	14208.5
732.87	14206.1
734.048	14209.6
735.227	14220.4
736.405	14234.4
737.584	14248.2
738.761	14261
739.94	14269.7
741.117	14274.5
742.295	14275.5
743.471	14272.4
744.649	14267.9
745.825	14266.7
747.003	14295.3
748.179	14291.2
749.356	14283.6
750.531	14276.2
751.708	14273.6
752.883	14279
754.059	14315.4
755.234	14307.3
756.409	14300
757.585	14285.2
758.759	14270.6
759.934	14256.8
761.108	14245.2
762.282	14242.7
763.456	14246.8
764.63	14267.7
765.803	14279.3
766.977	14271.4
768.15	14259.6
769.323	14246.3
770.496	14231.3
771.668	14218.1
772.841	14206.8
774.014	14196.9
775.185	14188.4
776.357	14179.7
777.528	14176
778.701	14172.2
779.872	14168.2
781.042	14161.8
782.213	14146.5
783.383	14130.2
784.555	14112.1
785.725	14094.4
786.895	14080.6
788.064	14071.1
789.234	14069
790.404	14068.8
791.573	14066.1
792.742	14059.1
793.911	14054.1
795.08	14048.5
796.248	14045.1
797.416	14041.8
798.584	14038.3
799.753	14034.1
800.921	14028.4
802.088	14018.5
803.256	14005.2
804.423	13995.5
805.59	13999.4
806.756	14011.2
807.923	14027
809.089	14045.3
810.256	14058.8
811.422	14063.3
812.587	14057.2
813.753	14039.3
814.918	14010.2
816.084	13990
817.249	13977.4
818.414	13974.8
819.578	13986.4
820.743	14006.6
821.907	14015.7
823.072	13984.7
824.236	13983.4
825.399	13986.3
826.562	13984.9
827.725	13986.4
828.889	13982.3
830.052	13980.3
831.215	13982.8
832.377	13994.7
833.54	14032.7
834.701	14057.5
835.863	14070
837.025	14077.7
838.187	14083.6
839.349	14088.2
840.51	14089.7
841.67	14089
842.831	14085.6
843.992	14078.6
845.153	14068
846.312	14053.4
847.473	14032.9
848.633	14009.2
849.793	13982.7
850.951	13992.6
852.111	13992.8
853.27	13987.8
854.428	13981.1
855.588	13974.1
856.747	13966.3
857.904	13959.1
859.063	13951.5
860.221	13943.5
861.378	13935.3
862.536	13925.6
863.694	13912.3
864.85	13895
866.008	13879.3
867.164	13866.2
868.321	13854.6
869.478	13843.4
870.633	13831.8
871.79	13818.9
872.945	13793.7
874.101	13770
875.256	13756.6
876.412	13751
877.566	13756.4
878.722	13767.7
879.876	13763.2
881.031	13759
882.185	13753.8
883.34	13745.3
884.493	13735.6
885.647	13732.4
886.8	13743.5
887.954	13746.6
889.107	13713.5
890.261	13676.4
891.413	13640.2
892.565	13617.8
893.718	13632.8
894.87	13638.7
896.023	13650.9
897.174	13665
898.326	13679.6
899.478	13692.3
900.629	13679.1
901.779	13668
902.931	13657.2
904.081	13640.5
905.231	13627.4
906.383	13617.9
907.532	13625
908.682	13642.7
909.831	13657.9
910.982	13670.2
912.131	13679.8
913.28	13686
914.429	13690.6
915.578	13691.8
916.727	13690.9
917.875	13688.3
919.023	13684.8
920.171	13686.4
921.32	13686.6
922.467	13682.8
923.614	13678.4
924.761	13674
925.908	13669.8
927.055	13665.9
928.203	13662.2
929.349	13659.4
930.496	13656.5
931.642	13652
932.787	13643.9
933.933	13639.7
935.079	13635.8
936.224	13631.8
937.369	13627.2
938.514	13621.7
939.659	13614.4
940.804	13605.4
941.948	13595.3
943.092	13584.6
944.236	13572.3
945.38	13560.9
946.524	13547.9
947.667	13534.2
948.811	13526
949.954	13525.4
951.097	13529.6
952.24	13536.4
953.383	13533.3
954.525	13528.8
955.667	13522.3
956.81	13515.3
957.952	13507.7
959.093	13500
960.235	13493.8
961.376	13487.5
962.516	13481.4
963.658	13474.6
964.798	13467.9
965.939	13461.3
967.08	13454.8
968.22	13448.5
969.359	13442.5
970.499	13436.5
971.639	13430.8
972.779	13425.6
973.918	13421.1
975.056	13417.7
976.195	13416.2
977.334	13418.5
978.473	13422
979.61	13437.3
980.749	13446
981.887	13444.4
983.024	13440.9
984.162	13428.9
985.3	13419.9
986.437	13414.3
987.573	13411.7
988.711	13410
989.848	13416.8
990.983	13431.6
992.12	13431.9
993.255	13427.1
994.392	13421.1
995.528	13406
996.662	13409.2
997.798	13412
998.933	13424.8
1000.07	13430.6
1001.2	13431.9
1002.34	13425.6
1003.47	13405.1
1004.61	13385.3
1005.74	13377.3
1006.87	13374.7
1008.01	13376.4
1009.14	13383.4
1010.27	13396.9
1011.41	13411.2
1012.54	13413.7
1013.67	13415.8
1014.81	13407.3
1015.94	13385.6
1017.07	13365.6
1018.2	13346.1
1019.33	13327
1020.47	13306.4
1021.6	13295.9
1022.73	13296.9
1023.86	13309.7
1024.99	13327.8
1026.12	13332
1027.25	13329.4
1028.38	13322.8
1029.51	13316.8
1030.64	13295.9
1031.77	13274.3
1032.9	13268.2
1034.03	13265.6
1035.16	13261.8
1036.29	13251.2
1037.42	13244.7
1038.55	13227.4
1039.67	13208.4
1040.8	13191.2
1041.93	13167.2
1043.06	13155.6
1044.19	13152.6
1045.31	13146.7
1046.44	13138.9
1047.57	13128.8
1048.69	13121
1049.82	13104
1050.95	13081.4
1052.08	13068.1
1053.2	13061.3
1054.33	13070.3
1055.45	13078.3
1056.58	13078.4
1057.7	13075.2
1058.83	13070.9
1059.95	13064
1061.08	13055.4
1062.2	13045.7
1063.33	13036.3
1064.45	13027.7
1065.58	13023.3
1066.7	13018.9
1067.83	13015.2
1068.95	13014.7
1070.07	13018.9
1071.2	13029
1072.32	13041.9
1073.44	13048.8
1074.56	13023.5
1075.69	13008
1076.81	13001.6
1077.93	13001
1079.05	12998.6
1080.17	12996.1
1081.3	12993.1
1082.42	12990
1083.54	12986
1084.66	12988.9
1085.78	13000.3
1086.9	13022.1
1088.02	13048.2
1089.14	13091.8
1090.26	13035
1091.38	13022.2
1092.5	13014.6
1093.62	13012.9
1094.74	13008.4
1095.86	13003.3
1096.98	12999.3
1098.1	12997.1
1099.22	12996.6
1100.34	12997.3
1101.45	12999.2
1102.57	13002.8
1103.69	13007.2
1104.81	13012.5
1105.93	13015
1107.04	13014
1108.16	13008.2
1109.28	12997.3
1110.4	12981.7
1111.51	12960.7
1112.63	12934.8
1113.75	12900
1114.86	12865.7
1115.98	12837.3
1117.09	12828.2
1118.21	12824.2
1119.32	12817.1
1120.44	12811
1121.55	12810
1122.67	12806.6
1123.78	12802
1124.9	12796.1
1126.01	12788.8
1127.13	12780
1128.24	12769.8
1129.35	12758.4
1130.47	12745.6
1131.58	12731.7
1132.7	12716.1
1133.81	12696.5
1134.92	12653.3
1136.03	12623.4
1137.15	12596.7
1138.26	12612.6
1139.37	12653.7
1140.48	12656.2
1141.59	12660.2
1142.71	12660.8
1143.82	12624.4
1144.93	12540.1
1146.04	12578.1
1147.15	12576.8
1148.26	12675.6
1149.37	12597.5
1150.48	12514.9
1151.59	12515
1152.7	12517
1153.81	12534.1
1154.92	12542.2
1156.03	12542.4
1157.14	12513.9
1158.25	12498.8
1159.36	12488.2
1160.47	12473.4
1161.58	12467.2
1162.68	12473.6
1163.79	12481.6
1164.9	12495
1166.01	12494.8
1167.12	12495.8
1168.22	12486.7
1169.33	12474.9
1170.44	12475.8
1171.55	12479.1
1172.65	12481.7
1173.76	12482.1
1174.87	12482.3
1175.97	12482.2
1177.08	12482
1178.18	12481.2
1179.29	12479.9
1180.4	12477.9
1181.5	12475.5
1182.61	12472.3
1183.71	12467.9
1184.82	12462
1185.92	12451.3
1187.02	12455
1188.13	12469.8
1189.23	12478.4
1190.34	12483.7
1191.44	12484.6
1192.54	12481.4
1193.65	12490.9
1194.75	12498.5
1195.85	12503.1
1196.96	12505.4
1198.06	12509.7
1199.16	12506.3
1200.26	12497
1201.37	12489.8
1202.47	12482.4
1203.57	12480.2
1204.67	12479.8
1205.77	12481.7
1206.87	12486.8
1207.97	12494
1209.08	12504.5
1210.18	12514.3
1211.28	12491.5
1212.38	12478.3
1213.48	12466
1214.58	12455.4
1215.68	12445.9
1216.78	12439.1
1217.88	12431.3
1218.98	12414.1
1220.07	12395.8
1221.17	12379.2
1222.27	12368.5
1223.37	12365.8
1224.47	12372
1225.57	12383.4
1226.66	12366.3
1227.76	12358.8
1228.86	12350.7
1229.96	12327.8
1231.06	12314.1
1232.15	12307.3
1233.25	12311.6
1234.35	12315.6
1235.44	12307.6
1236.54	12289.6
1237.63	12272
1238.73	12262.7
1239.83	12258.2
1240.92	12259.7
1242.02	12260.6
1243.11	12258.5
1244.21	12254.7
1245.3	12249.1
1246.4	12242.3
1247.49	12233.7
1248.59	12223.8
1249.68	12212.5
1250.78	12200.1
1251.87	12186.4
1252.96	12171.7
1254.06	12156.3
1255.15	12141.4
1256.24	12133.5
1257.34	12131.2
1258.43	12139.4
1259.52	12149.7
1260.62	12169.8
1261.71	12186.1
1262.8	12176.8
1263.89	12162.3
1264.98	12143.1
1266.08	12126.1
1267.17	12116
1268.26	12112.7
1269.35	12108.5
1270.44	12105.8
1271.53	12105.4
1272.62	12107.2
1273.71	12111.2
1274.8	12117.5
1275.89	12125.8
1276.98	12136.1
1278.07	12148.5
1279.16	12163.5
1280.25	12177.7
1281.34	12188.3
1282.43	12186.7
1283.52	12178.8
1284.61	12160.5
1285.69	12150.4
1286.78	12141.7
1287.87	12128.6
1288.96	12125.6
1290.05	12128.6
1291.13	12137.9
1292.22	12150.5
1293.31	12159.1
1294.4	12168.1
1295.48	12175.9
1296.57	12180.7
1297.66	12181.8
1298.74	12179.6
1299.83	12171.5
1300.92	12159.1
1302	12144.4
1303.09	12136.4
1304.17	12131
1305.26	12128.4
1306.34	12128.4
1307.43	12125.9
1308.51	12119.8
1309.6	12111.6
1310.68	12104.4
1311.76	12098.7
1312.85	12095.6
1313.93	12095.2
1315.02	12096.9
1316.1	12097.9
1317.18	12096.9
1318.27	12096.5
1319.35	12096.5
1320.43	12093.5
1321.52	12086.6
1322.6	12071
1323.68	12047.4
1324.76	12022.6
1325.85	12024.8
1326.93	12030.2
1328.01	12019.5
1329.09	12030.9
1330.17	12036
1331.25	12015.8
1332.33	12010
1333.41	12002.9
1334.49	11993.1
1335.58	11970.3
1336.65	11964
1337.74	11966.3
1338.82	11968.7
1339.89	11970.2
1340.97	11970.5
1342.05	11968.7
1343.13	11964
1344.21	11956.5
1345.29	11944.2
1346.37	11917.3
1347.45	11886.4
1348.53	11863.5
1349.6	11852.1
1350.68	11850.3
1351.76	11852.3
1352.84	11867.8
1353.92	11894
1354.99	11914.1
1356.07	11922
1357.15	11922.9
1358.22	11906.2
1359.3	11895.8
1360.38	11891.3
1361.45	11888.8
1362.53	11886.9
1363.61	11889
1364.68	11887.8
1365.76	11884.8
1366.83	11879.5
1367.91	11876
1368.98	11873.4
1370.06	11872
1371.13	11873.8
1372.21	11876.3
1373.28	11874.9
1374.35	11871.7
1375.43	11865.4
1376.5	11856.5
1377.58	11844.4
1378.65	11830.7
1379.72	11819
1380.8	11822
1381.87	11823.8
1382.94	11823
1384.01	11824.2
1385.09	11826.2
1386.16	11827.2
1387.23	11826.9
1388.3	11823.7
1389.38	11815.9
1390.45	11805.5
1391.52	11803.1
1392.59	11801.3
1393.66	11797.3
1393.92	11795.7
1395	11791.4
1396.07	11785.2
1397.15	11777.1
1398.22	11767.9
1399.3	11753.3
1400.38	11740.4
1401.45	11737
1402.53	11749.5
1403.6	11747.3
1404.68	11738.2
1405.75	11730.8
1406.82	11720.1
1407.9	11706.2
1408.97	11688.2
1410.05	11683.3
1411.12	11683
1412.19	11687.3
1413.27	11695.5
1414.34	11700.1
1415.41	11697
1416.49	11692
1417.56	11683.2
1418.63	11676
1419.7	11670.4
1420.78	11665.9
1421.85	11661.8
1422.92	11657.5
1423.99	11652.1
1425.06	11641.5
1426.14	11629.5
1427.21	11618.6
1428.28	11605.5
1429.35	11596.7
1430.42	11599.5
1431.49	11598.1
1432.56	11595.1
1433.63	11590.7
1434.7	11584.1
1435.77	11568.8
1436.84	11569.1
1437.91	11571.1
1438.98	11569.4
1440.05	11567.2
1441.12	11563
1442.18	11556.5
1443.25	11547.8
1444.32	11537.8
1445.39	11526.8
1446.46	11515.5
1447.53	11508.8
1448.59	11507.3
1449.66	11505.7
1450.73	11505.1
1451.8	11507.2
1452.86	11510.2
1453.93	11513.9
1455	11517.6
1456.06	11515.3
1457.13	11507.9
1458.2	11494.1
1459.26	11483.4
1460.33	11476.8
1461.39	11480.5
1462.46	11491.7
1463.52	11499.7
1464.59	11503.4
1465.65	11502.3
1466.72	11495.9
1467.78	11484.7
1468.85	11468.5
1469.91	11463.6
1470.98	11468.2
1472.04	11469.3
1473.1	11480.5
1474.17	11495.3
1475.23	11496.5
1476.3	11498.8
1477.36	11483.4
1478.42	11465.9
1479.48	11448.1
1480.55	11437.1
1481.61	11426.7
1482.67	11422.2
1483.73	11419.6
1484.8	11420.6
1485.86	11423.7
1486.92	11428.7
1487.98	11434.7
1489.04	11437.7
1490.1	11432.3
1491.17	11427.7
1492.23	11417.3
1493.29	11405.1
1494.35	11391
1495.41	11382.5
1496.47	11379.6
1497.53	11383.1
1498.59	11385.7
1499.65	11385.9
1500.71	11383.8
1501.77	11391.8
1502.83	11372.4
1503.88	11351.9
1504.94	11332.1
1506	11314.8
1507.06	11323.3
1508.12	11328.9
1509.18	11321.3
1510.23	11304
1511.29	11279.8
1512.35	11277.3
1513.41	11284.8
1514.47	11285.4
1515.52	11276.4
1516.58	11248.6
1517.64	11238.7
1518.69	11236.2
1519.75	11235.4
1520.81	11241.2
1521.86	11245.8
1522.92	11244.8
1523.97	11237.8
1525.03	11226.4
1526.08	11214.9
1527.14	11201.9
1528.2	11198.5
1529.25	11194.8
1530.31	11191.4
1531.36	11188.1
1532.42	11186.5
1533.47	11181
1534.52	11173
1535.58	11161.5
1536.63	11148.3
1537.69	11140.3
1538.74	11136.5
1539.79	11137.4
1540.84	11138.5
1541.9	11140
1542.95	11145.9
1544	11141.8
1545.06	11127.4
1546.11	11120.3
1547.16	11113.1
1548.21	11111.4
1549.27	11110.7
1550.32	11111.4
1551.37	11113.7
1552.42	11118.5
1553.47	11125.3
1554.52	11135.3
1555.57	11138.4
1556.62	11128.6
1557.67	11117.9
1558.72	11101.3
1559.77	11098.3
1560.82	11104.7
1561.87	11111.7
1562.92	11111.7
1563.97	11109.1
1565.02	11103.6
1566.07	11095.4
1567.12	11085.7
1568.17	11076.2
1569.22	11073
1570.27	11083.5
1571.32	11101.7
1572.36	11102.1
1573.41	11093.1
1574.46	11085.8
1575.51	11075.8
1576.56	11066.4
1577.6	11057.3
1578.65	11052
1579.7	11048
1580.74	11045.4
1581.79	11043.6
1582.84	11042.5
1583.88	11041.2
1584.93	11041
1585.98	11039.6
1587.02	11028.8
1588.07	11023.8
1589.11	11025
1590.16	11031.9
1591.2	11042.7
1592.25	11045.2
1593.29	11038.5
1594.34	11013.4
1595.38	11003.1
1596.43	10991.9
1597.47	10977.4
1598.52	10963.9
1599.56	10949.6
1600.6	10934.7
1601.65	10919
1602.69	10901.9
1603.73	10886
1604.78	10874.6
1605.82	10877
1606.86	10874.3
1607.91	10869.5
1608.95	10865.1
1609.99	10859.7
1611.03	10853.7
1612.08	10847.3
1613.12	10840.6
1614.16	10833.6
1615.2	10826.6
1616.24	10819.1
1617.28	10805.9
1618.32	10786.4
1619.36	10770.1
1620.41	10756.9
1621.45	10750.6
1622.49	10745.8
1623.53	10742.9
1624.57	10740.2
1625.61	10737.4
1626.65	10731.1
1627.69	10725.2
1628.73	10717.5
1629.76	10708.9
1630.8	10698.5
1631.84	10686.8
1632.88	10670
1633.92	10631.5
1634.96	10620
1636	10611.1
1637.03	10615.7
1638.07	10625.5
1639.11	10627.2
1640.15	10627.8
1641.19	10588
1642.22	10580.8
1643.26	10583.6
1644.3	10590.3
1645.33	10598.9
1646.37	10611.3
1647.41	10607
1648.44	10599.1
1649.48	10589.9
1650.52	10578.8
1651.55	10565.9
1652.59	10551.2
1653.62	10544.1
1654.66	10542.7
1655.69	10544.2
1656.73	10549.3
1657.76	10548.8
1658.8	10550.3
1659.83	10538.5
1660.87	10519.4
1661.9	10509.7
1662.93	10497.7
1663.97	10489.5
1665	10486.3
1666.04	10496.6
1667.07	10508.3
1668.1	10508.1
1669.14	10493.4
1670.17	10477.2
1671.2	10466.9
1672.23	10458
1673.27	10452.7
1674.3	10450.1
1675.33	10450
1676.36	10452.3
1677.39	10457.4
1678.43	10464.1
1679.46	10458.8
1680.49	10450.8
1681.52	10447.6
1682.55	10444.4
1683.58	10444.7
1684.61	10440.8
1685.64	10433.3
1686.67	10427
1687.7	10410.8
1688.73	10399.5
1689.76	10393.1
1690.79	10392.7
1691.82	10396.1
1692.85	10399.2
1693.88	10395.9
1694.91	10400.8
1695.94	10392.4
1696.97	10372.3
1698	10355.1
1699.02	10341
1700.05	10336.7
1701.08	10330.3
1702.11	10324.5
1703.14	10315.4
1704.16	10300.6
1705.19	10288.6
1706.22	10283
1707.25	10278.1
1708.27	10273.7
1709.3	10269.2
1710.33	10264.5
1711.35	10256
1712.38	10249.7
1713.41	10243
1714.43	10236.8
1715.46	10230.2
1716.48	10226.2
1717.51	10221.1
1718.53	10215.6
1719.56	10208.1
1720.58	10197.9
1721.61	10185.7
1722.63	10175
1723.66	10167
1724.68	10160.6
1725.71	10158.7
1726.73	10157.5
1727.75	10153.4
1728.78	10146.2
1729.8	10141.9
1730.83	10128.2
1731.85	10116.2
1732.87	10102.9
1733.89	10092.3
1734.92	10084.2
1735.94	10078.6
1736.96	10073.8
1737.98	10071.6
1739.01	10071.5
1740.03	10075.7
1741.05	10064.7
1742.07	10051
1743.09	10038.3
1744.12	10028.5
1745.14	10020.6
1746.16	10016.7
1747.18	10013.7
1748.2	10012.1
1749.22	10011.5
1750.24	10012
1751.26	10013
1752.28	10009
1753.3	10004.8
1754.32	9995.97
1755.34	9984.17
1756.36	9972.5
1757.38	9961.07
1758.4	9948.91
1759.42	9940.57
1760.44	9935.99
1761.45	9932.57
1762.47	9932.45
1763.49	9931.39
1764.51	9930.38
1765.53	9924.52
1766.55	9918.96
1767.56	9915.75
1768.58	9902.1
1769.6	9875.62
1770.61	9848.7
1771.63	9819.45
1772.65	9803.63
1773.67	9795
1774.68	9825.54
1775.7	9844.22
1776.72	9861.32
1777.73	9875.9
1778.75	9878.48
1779.76	9874.49
1780.78	9861.15
1781.79	9841.58
1782.81	9818.07
1783.83	9795.16
1784.84	9800.79
1785.85	9795.2
1786.87	9789.72
1787.88	9789.93
1788.9	9770.07
1789.91	9746.35
1790.93	9735.02
1791.94	9733.97
1792.95	9732.14
1793.97	9729.68
1794.98	9727.21
1796	9724.59
1797.01	9695.38
1798.02	9690.98
1799.03	9692.24
1800.05	9699.15
1801.06	9702.74
1802.07	9700.24
1803.08	9693.33
1804.1	9682.04
1805.11	9668.27
1806.12	9652.42
1807.13	9641.61
1808.14	9635.68
1809.15	9633.49
1810.17	9633.33
1811.18	9631.46
1812.19	9630.59
1813.2	9630.25
1814.21	9630.18
1815.22	9627.73
1816.23	9622.23
1817.24	9605.21
1818.25	9585.61
1819.26	9569.18
1820.27	9555.18
1821.28	9542.76
1822.29	9530.84
1823.3	9520.97
1824.3	9512.01
1825.31	9503.57
1826.32	9495.69
1827.33	9486.18
1828.34	9477.27
1829.35	9466.96
1830.35	9457.23
1831.36	9447.46
1832.37	9438.18
1833.38	9432.45
1834.38	9429.32
1835.39	9429.14
1836.4	9431.19
1837.41	9434.68
1838.41	9440.58
1839.42	9438.55
1840.43	9431.4
1841.43	9417.99
1842.44	9397.93
1843.44	9378.4
1844.45	9358.94
1845.46	9358.18
1846.46	9369.08
1847.47	9360.1
1848.47	9346.04
1849.48	9311.47
1850.48	9280.88
1851.49	9278.34
1852.49	9264.02
1853.49	9313.66
1854.5	9314.71
1855.5	9302.57
1856.51	9291.93
1857.51	9283.22
1858.51	9274.82
1859.52	9262.85
1860.52	9252.36
1861.52	9241.36
1862.53	9231.5
1863.53	9223.08
1864.53	9215.94
1865.54	9213.01
1866.54	9213.2
1867.54	9221.55
1868.54	9232.92
1869.54	9243.67
1870.55	9242.2
1871.55	9211
1872.55	9183.4
1873.55	9161.87
1874.55	9157.99
1875.55	9149.58
1876.55	9141.92
1877.55	9133.09
1878.55	9125.65
1879.55	9116.82
1880.56	9107.77
1881.55	9098.48
1882.56	9089.04
1883.55	9080.33
1884.55	9080.23
1885.55	9083.36
1886.55	9088.13
1887.55	9090.8
1888.55	9090.76
1889.55	9087.66
1890.55	9081.19
1891.55	9071.36
1892.55	9062.32
1893.54	9050.51
1894.54	9034.96
1895.54	9007.48
1896.54	9029.74
1897.54	9022.51
1898.53	9013.1
1899.53	9005.19
1900.53	8996.98
1901.52	8995.99
1902.52	8983.14
1903.52	8985.6
1904.51	8996.82
1905.51	9005.02
1906.51	9014.44
1907.5	8993.53
1908.5	8968.46
1909.49	8942.41
1910.49	8916.12
1911.49	8909.69
1912.48	8895.78
1913.48	8879.03
1914.47	8864.5
1915.46	8851.41
1916.46	8839.5
1917.45	8828.28
1918.45	8817.4
1919.44	8808.86
1920.44	8811.75
1921.43	8819.36
1922.43	8830.08
1923.42	8832.4
1924.41	8830.98
1925.41	8824.91
1926.4	8815.57
1927.39	8800.23
1928.38	8791.18
1929.38	8776.21
1930.37	8771.03
1931.36	8771.42
1932.35	8769.71
1933.35	8764.72
1934.34	8756.55
1935.33	8746.18
1936.32	8734.23
1937.31	8720.41
1938.3	8704.61
1939.29	8687.1
1940.29	8667.74
1941.28	8647.89
1942.27	8633.29
1943.26	8625.85
1944.25	8626.01
1945.24	8629.86
1946.23	8637.01
1947.22	8641.27
1948.21	8638.08
1949.2	8632.92
1950.19	8622.35
1951.18	8610.11
1952.17	8597.33
1953.16	8585.42
1954.14	8576.75
1955.13	8572.91
1956.12	8569.67
1957.11	8568.82
1958.1	8570.11
1959.09	8574.3
1960.07	8571.34
1961.06	8558.19
1962.05	8527.9
1963.04	8507.22
1964.02	8485.57
1965.01	8495.62
1966	8491
1966.99	8487.43
1967.97	8485.3
1968.96	8484.51
1969.95	8484.21
1970.93	8482.34
1971.92	8479.72
1972.9	8477.32
1973.89	8473.5
1974.88	8468.85
1975.86	8462.83
1976.85	8451.95
1977.83	8438.1
1978.82	8421.32
1979.8	8405.14
1980.79	8386.98
1981.77	8379.13
1982.76	8371.87
1983.74	8367.88
1984.72	8360.52
1985.71	8353.84
1986.69	8336.48
1987.67	8354.3
1988.66	8374.31
1989.64	8381.33
1990.62	8296.94
1991.61	8267.59
1992.59	8271.41
1993.57	8249.32
1994.56	8276.54
1995.54	8325.34
1996.52	8301.76
1997.5	8282.54
1998.49	8258.81
1999.47	8244.52
2000.45	8250.04
2001.43	8247.54
2002.41	8244.21
2003.39	8234.64
2004.38	8228.33
2005.36	8214.76
2006.34	8202.83
2007.32	8185.93
2008.3	8168.52
2009.28	8183.14
2010.26	8195.41
2011.24	8201.64
2012.22	8199.91
2013.2	8164.13
2014.18	8155.43
2015.16	8147.6
2016.14	8141.46
2017.12	8137.17
2018.1	8134.78
2019.07	8135.42
2020.05	8129
2021.03	8124.78
2022.01	8110.59
2022.99	8093.08
2023.97	8074.08
2024.95	8052.27
2025.92	8053.39
2026.9	8049.89
2027.88	8044.13
2028.86	8035.6
2029.83	8025.55
2030.81	8017.08
2031.79	8008.77
2032.76	8000.62
2033.74	7993.17
2034.72	7986.38
2035.69	7980.42
2036.67	7975.85
2037.65	7972.17
2038.62	7967.13
2039.6	7961.4
2040.57	7952.76
2041.55	7940.4
2042.52	7925.12
2043.5	7909.01
2044.47	7891.26
2045.45	7879.16
2046.42	7881.18
2047.4	7881.32
2048.37	7885.88
2049.35	7884.9
2050.32	7876.67
2051.29	7870.83
2052.27	7866.35
2053.24	7862.5
2054.21	7858
2055.19	7847.94
2056.16	7831.76
2057.13	7803.34
2058.11	7782.78
2059.08	7762.41
2060.05	7741.65
2061.02	7720.78
2062	7720.51
2062.97	7733.81
2063.94	7741.39
2064.91	7740.94
2065.89	7739.98
2066.86	7713.75
2067.83	7728.5
2068.8	7733.4
2069.77	7734.75
2070.74	7729.62
2071.71	7719.76
2072.68	7706.55
2073.65	7688.16
2074.62	7664.93
2075.59	7641.67
2076.56	7632.21
2077.53	7637.58
2078.5	7640.56
2079.47	7643.64
2080.44	7644.86
2081.41	7643.85
2082.38	7640.43
2083.35	7634.53
2084.32	7626.04
2085.29	7611.95
2086.26	7594.64
2087.23	7580.23
2088.19	7566.58
2089.16	7561.77
2090.13	7562.05
2091.1	7561.38
2092.07	7561.92
2093.03	7551.09
2094	7538.3
2094.97	7523.17
2095.94	7508.78
2096.9	7492.64
2097.87	7493.16
2098.84	7499.42
2099.8	7498.69
2100.77	7497.99
2101.74	7485.72
2102.7	7475.92
2103.67	7465.42
2104.63	7456.61
2105.6	7449.21
2106.56	7442.55
2107.53	7437.57
2108.49	7433.55
2109.46	7430.47
2110.42	7427.48
2111.39	7409.89
2112.35	7393.96
2113.32	7370.92
2114.28	7348.76
2115.25	7329.27
2116.21	7313.35
2117.17	7299.55
2118.14	7298.54
2119.1	7300.05
2120.07	7305.45
2121.03	7311.85
2121.99	7316.04
2122.96	7315.12
2123.92	7304.69
2124.88	7288.91
2125.84	7269.47
2126.81	7257.78
2127.77	7258.91
2128.73	7258.29
2129.69	7263.07
2130.65	7271.19
2131.62	7278.92
2132.58	7285.07
2133.54	7280.09
2134.5	7272.02
2135.46	7255.63
2136.42	7235.89
2137.38	7213.56
2138.34	7197.5
2139.3	7186.64
2140.26	7175.48
2141.22	7166.88
2142.18	7159.68
2143.14	7153.69
2144.1	7148.91
2145.06	7145.45
2146.02	7142.7
2146.98	7140.05
2147.94	7137.81
2148.9	7134.86
2149.86	7130.73
2150.82	7125.65
2151.78	7118.36
2152.74	7112.02
2153.69	7104.71
2154.65	7099.18
2155.61	7090.14
2156.57	7079.07
2157.53	7066.73
2158.48	7054.58
2159.44	7042.23
2160.4	7032.38
2161.36	7022.84
2162.31	7013.85
2163.27	7005.3
2164.23	6997.24
2165.18	6989.49
2166.14	6981.14
2167.1	6971.79
2168.05	6962.61
2169.01	6952.44
2169.96	6941.78
2170.92	6929.94
2171.88	6915.72
2172.83	6897.74
2173.79	6878.15
2174.74	6865.28
2175.7	6853.71
2176.65	6843.55
2177.6	6834.88
2178.56	6827.82
2179.51	6822.33
2180.47	6816.79
2181.42	6807.56
2182.38	6794.56
2183.33	6785.28
2184.28	6776.97
2185.24	6768.76
2186.19	6759.64
2187.14	6751.01
2188.1	6741.82
2189.05	6733.17
2190	6724.86
2190.96	6717.14
2191.91	6709.65
2192.86	6704.04
2193.81	6700.38
2194.76	6697.58
2195.72	6694.13
2196.67	6689.65
2197.62	6682.86
2198.57	6672.44
2199.52	6661.77
2200.47	6650.56
2201.43	6640.83
2202.38	6631.01
2203.33	6631.63
2204.28	6626.4
2205.23	6618.72
2206.18	6611.73
2207.13	6603.89
2208.08	6603.44
2209.03	6609.14
2209.98	6613.11
2210.93	6625.69
2211.88	6618.27
2212.83	6607.46
2213.78	6586.23
2214.73	6563.39
2215.67	6551.59
2216.62	6538.9
2217.57	6531.59
2218.52	6531.72
2219.47	6535.08
2220.42	6524.53
2221.37	6509.72
2222.31	6503.11
2223.26	6499.69
2224.21	6503.91
2225.16	6523.09
2226.1	6531.22
2227.05	6515.55
2228	6504.62
2228.94	6496.55
2229.89	6484.99
2230.84	6471.01
2231.78	6457.94
2232.73	6453.05
2233.68	6449.11
2234.62	6447.53
2235.57	6434.25
2236.51	6427.48
2237.46	6426.03
2238.41	6431.93
2239.35	6437.74
2240.3	6445.36
2241.24	6440.37
2242.19	6433.99
2243.13	6423.69
2244.07	6410.7
2245.02	6401.54
2245.96	6394.91
2246.91	6392.35
2247.85	6396.03
2248.8	6401.4
2249.74	6402.62
2250.68	6399.41
2251.63	6393.8
2252.57	6388.66
2253.51	6382.94
2254.46	6377.45
2255.4	6372.47
2256.34	6368.9
2257.28	6366.55
2258.23	6365.59
2259.17	6364.83
2260.11	6362.91
2261.05	6356.75
2262	6349.94
2262.94	6340.99
2263.88	6330.73
2264.82	6321.8
2265.76	6333.77
2266.7	6345.88
2267.64	6355.49
2268.58	6337.6
2269.53	6338.23
2270.47	6342.59
2271.41	6348.74
2272.35	6340.96
2273.29	6325.74
2274.23	6307.44
2275.17	6295.99
2276.11	6287.74
2277.05	6284.49
2277.99	6283.12
2278.93	6289.02
2279.86	6295.23
2280.8	6299.34
2281.74	6301.01
2282.68	6300.66
2283.62	6296.97
2284.56	6291.68
2285.5	6283.14
2286.44	6273.7
2287.37	6265.03
2288.31	6257.82
2289.25	6255.38
2290.19	6255.85
2291.12	6256.66
2292.06	6258.47
2293	6262.31
2293.94	6266.58
2294.87	6270.3
2295.81	6272.55
2296.75	6271.23
2297.68	6261.59
2298.62	6245.83
2299.55	6225.35
2300.49	6225.09
2301.43	6246.78
2302.36	6236.21
2303.3	6220.41
2304.23	6211.54
2305.17	6200.86
2306.1	6197.93
2307.04	6195.05
2307.98	6189.42
2308.91	6184.13
2309.84	6178.85
2310.78	6171.78
2311.71	6164.74
2312.65	6158.83
2313.58	6153.13
2314.52	6147.51
2315.45	6141.68
2316.38	6135.75
2317.32	6130.15
2317.72	6128.37
2318.66	6126.27
2319.6	6126.13
2320.54	6125.14
2321.48	6116.07
2322.41	6108
2323.35	6098.39
2324.29	6090.17
2325.23	6083.07
2326.16	6076.54
2327.1	6070.22
2328.04	6064.17
2328.97	6058.46
2329.91	6052.76
2330.85	6046.81
2331.78	6040.22
2332.72	6033.14
2333.66	6027.52
2334.59	6024.69
2335.53	6028.14
2336.46	6026.48
2337.4	6024.35
2338.33	6021.83
2339.27	6018.65
2340.2	6014.42
2341.14	6009.64
2342.07	6004.61
2343.01	6000.43
2343.94	6007.55
2344.88	5989.05
2345.81	5973.98
2346.75	5968.91
2347.68	5981.74
2348.61	5983.13
2349.55	5984.62
2350.48	5969.81
2351.41	5958.02
2352.35	5948
2353.28	5940.79
2354.21	5934.94
2355.15	5929.79
2356.08	5925.56
2357.01	5922.05
2357.94	5919.19
2358.88	5916.68
2359.81	5914.57
2360.74	5912.63
2361.67	5910.68
2362.6	5908.66
2363.54	5904.54
2364.47	5899.04
2365.4	5892
2366.33	5886.31
2367.26	5880.29
2368.19	5878.94
2369.12	5877.68
2370.05	5871.65
2370.98	5864.51
2371.91	5858.15
2372.84	5852.6
2373.77	5852.18
2374.7	5851.42
2375.63	5851.31
2376.56	5851.56
2377.49	5853.64
2378.42	5853.92
2379.35	5851.63
2380.28	5844.74
2381.21	5832.97
2382.14	5824.44
2383.07	5816.83
2384	5809.56
2384.92	5802.83
2385.85	5797.08
2386.78	5792.57
2387.71	5789.25
2388.64	5787.63
2389.56	5787.89
2390.49	5785.26
2391.42	5780.93
2392.35	5774.89
2393.27	5769.68
2394.2	5742.01
2395.13	5770.18
2396.05	5787.32
2396.98	5775.91
2397.91	5762.45
2398.83	5751.94
2399.76	5742.57
2400.69	5732.19
2401.61	5732
2402.54	5732.41
2403.46	5733.96
2404.39	5735.51
2405.31	5735.16
2406.24	5731.12
2407.17	5710.4
2408.09	5699.96
2409.01	5698.82
2409.94	5704.47
2410.86	5715.68
2411.79	5720.21
2412.71	5718.94
2413.64	5711.76
2414.56	5699.65
2415.49	5685.43
2416.41	5670.76
2417.33	5657.39
2418.26	5644.53
2419.18	5635.19
2420.1	5634.63
2421.03	5637.49
2421.95	5638.51
2422.87	5637.16
2423.79	5633.9
2424.72	5628.88
2425.64	5622.06
2426.56	5614.09
2427.48	5604.25
2428.41	5600.46
2429.33	5602.96
2430.25	5607.69
2431.17	5598.89
2432.09	5588.37
2433.01	5577.56
2433.93	5568.77
2434.86	5560.13
2435.78	5548.83
2436.7	5545.93
2437.62	5544.29
2438.54	5543.23
2439.46	5541.73
2440.38	5537.44
2441.3	5531.89
2442.22	5520.22
2443.14	5509.54
2444.06	5497.35
2444.98	5490.72
2445.9	5489.75
2446.82	5483.31
2447.73	5475.79
2448.65	5467.98
2449.57	5454.36
2450.49	5446.57
2451.41	5442
2452.33	5437
2453.25	5432.1
2454.17	5427.82
2455.08	5422.15
2456	5413.29
2456.92	5403.03
2457.84	5391.86
2458.75	5380.27
2459.67	5368.17
2460.59	5371.03
2461.51	5379.63
2462.42	5392.36
2463.34	5397.18
2464.26	5375.45
2465.17	5350.94
2466.09	5335.95
2467	5325.69
2467.92	5317.25
2468.84	5319.15
2469.75	5327.66
2470.67	5337.46
2471.58	5348.57
2472.5	5359.81
2473.42	5355.12
2474.33	5351.04
2475.25	5343.72
2476.16	5329.73
2477.08	5313.36
2477.99	5295.73
2478.9	5284.73
2479.82	5275.78
2480.73	5269.27
2481.65	5265.28
2482.56	5264.52
2483.47	5266.13
2484.39	5271.45
2485.3	5277.71
2486.22	5278.02
2487.13	5274.84
2488.04	5264.38
2488.96	5255.44
2489.87	5250.46
2490.78	5267.93
2491.69	5262.82
2492.61	5253.76
2493.52	5242.22
2494.43	5215.86
2495.34	5204.29
2496.25	5220.08
2497.17	5272.93
2498.08	5260.53
2498.99	5223.07
2499.9	5227.31
2500.81	5221.58
2501.72	5219.1
2502.63	5218.9
2503.55	5221.61
2504.46	5227.15
2505.37	5237.23
2506.28	5240.97
2507.19	5234.79
2508.1	5202.72
2509.01	5177.87
2509.92	5160.14
2510.83	5147.85
2511.74	5158.64
2512.65	5164.11
2513.56	5168.96
2514.47	5172.34
2515.37	5174.16
2516.28	5173.35
2517.19	5171.16
2518.1	5167.24
2519.01	5161.71
2519.92	5154.56
2520.83	5145.79
2521.73	5135.91
2522.64	5124.98
2523.55	5114.89
2524.46	5108.22
2525.37	5111.17
2526.27	5111.69
2527.18	5110.03
2528.09	5098.51
2529	5089.97
2529.9	5079.13
2530.81	5086.3
2531.72	5091.94
2532.62	5092.31
2533.53	5091.08
2534.44	5087.02
2535.34	5082.85
2536.25	5068.44
2537.15	5054.97
2538.06	5042.83
2538.96	5032.04
2539.87	5030.88
2540.78	5031.64
2541.68	5035.11
2542.59	5043.8
2543.49	5049.41
2544.4	5057.39
2545.3	5049.02
2546.21	5034.29
2547.11	5017.24
2548.01	5009.51
2548.92	5006.79
2549.82	5011
2550.73	5015.75
2551.63	4999.23
2552.53	4989.04
2553.44	4982.79
2554.34	4973.48
2555.24	4964.82
2556.15	4957.19
2557.05	4950.34
2557.95	4946.59
2558.86	4945.8
2559.76	4949.49
2560.66	4950.41
2561.56	4947.57
2562.46	4941.67
2563.37	4919.29
2564.27	4898.45
2565.17	4884.1
2566.07	4874.77
2566.97	4870.87
2567.88	4871.85
2568.78	4876.28
2569.68	4882.65
2570.58	4889.67
2571.48	4887.51
2572.38	4885.67
2573.28	4878.79
2574.18	4867.18
2575.08	4860.38
2575.98	4856.88
2576.88	4853.42
2577.78	4850.47
2578.68	4847.39
2579.58	4844.06
2580.48	4840.04
2581.38	4833.69
2582.28	4827.3
2583.18	4820.86
2584.08	4814.06
2584.98	4806.78
2585.88	4798.84
2586.77	4790.49
2587.67	4781.6
2588.57	4772.27
2589.47	4762.39
2590.37	4751.57
2591.27	4740.46
2592.16	4741.54
2593.06	4742.68
2593.96	4740.94
2594.86	4739.23
2595.75	4739.36
2596.65	4734.54
2597.55	4728.59
2598.45	4719.87
2599.34	4710.79
2600.24	4702.65
2601.13	4699.27
2602.03	4739.08
2602.93	4753.44
2603.82	4738.3
2604.72	4721.5
2605.62	4697.7
2606.51	4701.71
2607.41	4701.12
2608.3	4699.42
2609.2	4697.51
2610.09	4695.86
2610.99	4693.68
2611.88	4690.85
2612.78	4687.61
2613.67	4683.87
2614.57	4679.76
2615.46	4675.47
2616.36	4670.63
2617.25	4661.58
2618.14	4644.74
2619.04	4631.55
2619.93	4619.39
2620.83	4609.98
2621.72	4602.26
2622.61	4596.35
2623.5	4592.4
2624.4	4590.36
2625.29	4590.09
2626.18	4591.62
2627.08	4594.14
2627.97	4595.39
2628.86	4596.37
2629.75	4595.87
2630.65	4590
2631.54	4584.97
2632.43	4578.97
2633.32	4571.47
2634.21	4562.52
2635.11	4551.5
2636	4538.89
2636.89	4525.01
2637.78	4509.41
2638.67	4495.47
2639.56	4483.21
2640.45	4472.64
2641.34	4462.32
2642.23	4456.38
2643.12	4453.07
2644.01	4451.03
2644.9	4449.18
2645.79	4447.58
2646.68	4445.31
2647.57	4437.39
2648.46	4429.26
2649.35	4422.75
2650.24	4417.64
2651.13	4413.91
2652.02	4411.56
2652.91	4415.17
2653.8	4417.77
2654.69	4419.21
2655.58	4419.64
2656.46	4413.87
2657.35	4399.62
2658.24	4387.83
2659.13	4379.01
2660.02	4372.95
2660.9	4369.56
2661.79	4368.59
2662.68	4369.72
2663.57	4373.53
2664.45	4379.82
2665.34	4385.94
2666.23	4389.09
2667.11	4381.59
2668	4370.55
2668.89	4357.36
2669.77	4347.49
2670.66	4338.4
2671.55	4330.13
2672.43	4331.63
2673.32	4333.7
2674.21	4334.03
2675.09	4331.45
2675.98	4320.93
2676.86	4314.3
2677.75	4302.84
2678.63	4298.35
2679.52	4299.58
2680.4	4299.83
2681.29	4301.8
2682.17	4299.52
2683.06	4296.19
2683.94	4294.99
2684.82	4282.44
2685.71	4268.44
2686.59	4249.13
2687.48	4246.38
2688.36	4253.93
2689.24	4279.38
2690.13	4271.07
2691.01	4257.83
2691.89	4244.56
2692.78	4232.85
2693.66	4220.54
2694.54	4223.44
2695.43	4213.59
2696.31	4203.16
2697.19	4192.63
2698.07	4181.57
2698.96	4169.64
2699.84	4161.69
2700.72	4159.01
2701.6	4161.49
2702.48	4159.31
2703.36	4156.31
2704.25	4152.79
2705.13	4148.65
2706.01	4143.99
2706.89	4138.75
2707.77	4132.92
2708.65	4126.6
2709.53	4125.55
2710.41	4129.14
2711.29	4129.04
2712.17	4128.43
2713.05	4126.38
2713.93	4123.15
2714.81	4117.61
2715.69	4110.94
2716.57	4102.71
2717.45	4094.04
2718.33	4092.2
2719.21	4082.3
2720.09	4071.67
2720.97	4061.52
2721.85	4051.37
2722.73	4044.29
2723.61	4037.08
2724.48	4036.94
2725.36	4043.99
2726.24	4050.27
2727.12	4049.77
2728	4048.66
2728.88	4046.42
2729.75	4043.34
2730.63	4037.17
2731.51	4032.01
2732.39	4030.42
2733.26	4030.05
2734.14	4029.73
2735.02	4025.79
2735.89	4021.55
2736.77	4015.84
2737.65	4008.97
2738.52	4000.89
2739.4	3991.76
2740.28	3981.84
2741.15	3978.22
2742.03	3979.84
2742.9	3982.32
2743.78	3991.95
2744.65	3997.23
2745.53	3995.97
2746.41	3995.69
2747.28	3984.99
2748.16	3978.93
2749.03	3974.92
2749.91	3972.98
2750.78	3972.95
2751.66	3976.29
2752.53	3979.65
2753.4	3974.59
2754.28	3966.86
2755.15	3958.77
2756.02	3951.49
2756.9	3945.71
2757.77	3944.18
2758.65	3943.4
2759.52	3941.71
2760.39	3938.83
2761.27	3934.43
2762.14	3928.5
2763.01	3920.18
2763.88	3911.31
2764.76	3906.16
2765.63	3899.67
2766.5	3895.83
2767.37	3890.93
2768.25	3884.31
2769.12	3878.9
2769.99	3874.11
2770.86	3870.22
2771.73	3866.39
2772.61	3867.75
2773.48	3871.87
2774.35	3873.03
2775.22	3865.38
2776.09	3848.37
2776.96	3836.15
2777.83	3836.29
2778.7	3838.47
2779.57	3842.68
2780.44	3849.78
2781.31	3850.45
2782.18	3846.31
2783.05	3838.62
2783.92	3827.02
2784.79	3812.02
2785.66	3801.45
2786.53	3787.96
2787.4	3785.46
2788.27	3791.41
2789.14	3790.71
2790.01	3789.4
2790.88	3784.4
2791.75	3778.77
2792.62	3775.94
2793.48	3778.79
2794.35	3780.49
2795.22	3782.11
2796.09	3783.2
2796.96	3782.35
2797.82	3775.84
2798.69	3765.57
2799.56	3757.03
2800.43	3750.67
2801.29	3746.15
2802.16	3739.47
2803.03	3731
2803.9	3721.15
2804.76	3709.69
2805.63	3706.91
2806.5	3710.1
2807.36	3713.37
2808.23	3714.87
2809.09	3715.73
2809.96	3716.18
2810.83	3714.17
2811.69	3711.69
2812.56	3707.57
2813.42	3702.68
2814.29	3697.39
2815.15	3693.15
2816.02	3689.64
2816.88	3684.86
2817.75	3674.74
2818.61	3665.97
2819.48	3662.03
2820.34	3660.25
2821.21	3659.64
2822.07	3660.39
2822.94	3657.2
2823.8	3655.08
2824.66	3650.62
2825.53	3645.8
2826.39	3640.12
2827.26	3634.12
2828.12	3629.15
2828.98	3626.21
2829.85	3629.98
2830.71	3629.28
2831.57	3627.16
2832.43	3622.89
2833.3	3614.87
2834.16	3607.57
2835.02	3600.98
2835.88	3597.43
2836.75	3595.03
2837.61	3594.23
2838.47	3594.83
2839.33	3597.03
2840.19	3600.7
2841.06	3606.28
2841.92	3605.52
2842.78	3602.79
2843.64	3596.5
2844.5	3587.32
2845.36	3578.83
2846.22	3564.6
2847.08	3560.16
2847.94	3560.37
2848.81	3565.44
2849.67	3565
2850.53	3563.19
2851.39	3559.96
2852.25	3555.1
2853.11	3548.68
2853.97	3540.6
2854.82	3531.45
2855.68	3527.66
2856.54	3526.81
2857.4	3527.7
2858.26	3530.06
2859.12	3531.76
2859.98	3531.15
2860.84	3528.92
2861.7	3519.12
2862.56	3504.68
2863.41	3493.78
2864.27	3489.38
2865.13	3483.17
2865.99	3482.21
2866.85	3483.48
2867.7	3483.97
2868.56	3483.47
2869.42	3483.66
2870.28	3483.27
2871.13	3484.14
2871.99	3484.64
2872.85	3484.93
2873.7	3481.26
2874.56	3468.8
2875.42	3460.6
2876.27	3455.04
2877.13	3452.43
2877.99	3452.42
2878.84	3455.08
2879.7	3459.79
2880.56	3457.7
2881.41	3448.23
2882.27	3439.71
2883.12	3431.68
2883.98	3424.51
2884.83	3419.27
2885.69	3420.24
2886.54	3420.45
2887.4	3422.7
2888.25	3425.1
2889.11	3417.62
2889.96	3411.19
2890.82	3402.01
2891.67	3399.13
2892.52	3398.15
2893.38	3397.53
2894.23	3396.78
2895.09	3394.37
2895.94	3391.33
2896.79	3386.73
2897.65	3381.33
2898.5	3375.39
2899.35	3371.34
2900.21	3371.21
2901.06	3368.29
2901.91	3363.57
2902.76	3357.76
2903.62	3350.87
2904.47	3343.88
2905.32	3336.86
2906.17	3329.92
2907.03	3324.18
2907.88	3318.94
2908.73	3317.02
2909.58	3315.58
2910.43	3314.24
2911.28	3312.79
2912.14	3310.75
2912.99	3308.15
2913.84	3303.25
2914.69	3294.67
2915.54	3284.63
2916.39	3278.24
2917.24	3271.76
2918.09	3266.38
2918.94	3262.56
2919.79	3260.85
2920.64	3261.27
2921.49	3264.22
2922.34	3269
2923.19	3270.82
2924.04	3269.12
2924.89	3265.73
2925.74	3259.81
2926.59	3253.11
2927.44	3246.49
2928.29	3239.09
2929.14	3230.46
2929.98	3220.45
2930.83	3211.94
2931.68	3205.43
2932.53	3198.82
2933.38	3196.93
2934.23	3200.02
2935.07	3208.79
2935.92	3217.27
2936.77	3223
2937.62	3226.03
2938.47	3213.76
2939.31	3198.62
2940.16	3186.68
2941.01	3176.27
2941.85	3165.42
2942.7	3161.34
2943.55	3163.97
2944.39	3167.19
2945.24	3168.77
2946.09	3169.65
2946.93	3168.01
2947.78	3164.61
2948.63	3161.17
2949.47	3157.08
2950.32	3151.82
2951.16	3145.88
2952.01	3138.54
2952.85	3132.7
2953.7	3128.12
2954.55	3126.14
2955.39	3128.46
2956.24	3130.71
2957.08	3132.4
2957.92	3132.24
2958.77	3131.44
2959.61	3129.67
2960.46	3126.73
2961.3	3122.92
2962.15	3117.89
2962.99	3111.93
2963.83	3105.22
2964.68	3098.25
2965.52	3093.51
2966.37	3088.5
2967.21	3087.42
2968.05	3085.72
2968.9	3083.47
2969.74	3079.73
2970.58	3076.41
2971.42	3073.7
2972.27	3071.99
2973.11	3072.61
2973.95	3074.97
2974.79	3079.34
2975.64	3080.48
2976.48	3066.29
2977.32	3054.03
2978.16	3049.46
2979	3045.56
2979.85	3043.03
2980.69	3040.75
2981.53	3040.58
2982.37	3040.82
2983.21	3042.4
2984.05	3042.88
2984.89	3039.6
2985.73	3034.12
2986.57	3027.41
2987.41	3023.29
2988.25	3020.04
2989.1	3017.49
2989.94	3016.67
2990.77	3016.05
2991.62	3015.8
2992.45	3015.97
2993.29	3017.29
2994.13	3018.35
2994.97	3018.28
2995.81	3010.04
2996.65	3004.43
2997.49	3003.62
2998.33	3038.02
2999.17	3018.21
