200.833	12443
202.102	12544.8
203.371	12551.1
204.639	12559.3
205.907	12556.4
207.175	12553.3
208.442	12552
209.71	12558.4
210.977	12566.1
212.244	12578.8
213.511	12592.1
214.777	12610.7
216.042	12630.7
217.309	12652.8
218.575	12672.9
219.84	12689.3
221.106	12698.7
222.371	12695.1
223.635	12703.5
224.9	12713.5
226.165	12731.8
227.429	12752.5
228.694	12778.2
229.956	12806.3
231.22	12839.5
232.484	12876.3
233.747	12913.4
235.011	12948.1
236.272	12978.8
237.535	13011.1
238.798	13039.6
240.06	13065.8
241.321	13090.1
242.583	13109.5
243.845	13118.3
245.105	13114.4
246.367	13111.7
247.628	13107.4
248.888	13113.7
250.149	13126.4
251.409	13129.2
252.67	13133.8
253.928	13140.9
255.189	13150.3
256.447	13164.5
257.707	13180.6
258.966	13207.3
260.224	13231.2
261.483	13255
262.742	13263.8
263.999	13266.3
265.257	13273.8
266.514	13284.2
267.772	13298.5
269.028	13313.6
270.286	13338.3
271.543	13365.9
272.799	13390
274.056	13411.7
275.311	13416.7
276.568	13425.2
277.823	13437.7
279.079	13449.4
280.333	13466.9
281.589	13494.8
282.843	13517
284.099	13534.2
285.352	13551.1
286.607	13570
287.86	13588.5
289.114	13606.2
290.368	13622.6
291.621	13637.5
292.875	13652.2
294.127	13665.8
295.38	13665.3
296.632	13652.1
297.884	13648.8
299.137	13645.5
300.388	13654.4
301.641	13670.5
302.891	13683.7
304.142	13699.6
305.394	13717.2
306.644	13725.1
307.894	13729.1
309.146	13735.5
310.395	13744
311.645	13754.4
312.895	13768
314.144	13780.9
315.393	13793.7
316.642	13806.1
317.892	13818.3
319.14	13829.5
320.388	13837.6
321.637	13844.2
322.885	13850.5
324.132	13861.3
325.38	13895.1
326.628	13915.5
327.875	13925.1
329.122	13915.9
330.368	13932.9
331.614	13955.6
332.862	13981.3
334.108	14008.4
335.353	14027.8
336.599	14045.5
337.844	14061.1
339.089	14074.1
340.335	14080
341.58	14074.1
342.824	14061.1
344.068	14042.5
345.312	14033.4
346.556	14040.4
347.8	14052.7
349.043	14075.2
350.286	14091.1
351.53	14105.1
352.774	14118.6
354.016	14131.1
355.259	14142.7
356.501	14153.3
357.743	14162.5
358.985	14169.8
360.227	14176.8
361.468	14182.8
362.709	14184.1
363.95	14179.1
365.191	14137.8
366.432	14145.5
367.672	14156.4
368.912	14209.7
370.152	14213.8
371.392	14216.5
372.632	14215.1
373.871	14217.1
375.11	14220.6
376.348	14226.2
377.587	14233.3
378.825	14242.7
380.064	14251.8
381.302	14257.5
382.54	14254.3
383.778	14278.5
385.016	14292.9
386.253	14307.4
387.489	14326.5
388.726	14344.2
389.963	14364.7
391.199	14381.2
392.436	14393.9
393.672	14401
394.907	14399.2
396.142	14399
397.378	14397.1
398.614	14397.5
399.849	14400.2
401.082	14409.6
402.317	14425.3
403.552	14445.5
404.786	14457.5
406.019	14464.3
407.253	14454
408.487	14445
409.721	14439.7
410.953	14440.4
412.186	14448.6
413.419	14460.5
414.651	14470.2
415.883	14480.4
417.116	14491.3
418.347	14502.9
419.579	14514.5
420.811	14525.8
422.041	14536.4
423.272	14546.1
424.504	14552.5
425.733	14558.4
426.964	14563.3
428.194	14567.2
429.424	14570.8
430.654	14573.7
431.883	14576.4
433.113	14578.6
434.341	14580.2
435.571	14580.8
436.799	14580.3
438.028	14578.5
439.257	14575.5
440.484	14571.4
441.713	14567
442.94	14561.3
444.168	14559.1
445.394	14589.1
446.622	14613.2
447.848	14644.1
449.076	14680.2
450.301	14700.7
451.528	14711.3
452.754	14709.6
453.979	14705.3
455.205	14703
456.43	14700.8
457.656	14699.7
458.88	14699.2
460.106	14699.7
461.33	14699.1
462.554	14684.2
463.779	14691.1
465.002	14703.3
466.225	14714.3
467.45	14727.7
468.672	14728.5
469.895	14726.4
471.119	14722
472.341	14714.9
473.563	14705
474.786	14694.6
476.008	14700.3
477.229	14714
478.452	14714.7
479.673	14720.5
480.894	14719.1
482.115	14715.9
483.337	14712.8
484.557	14710
485.777	14707.8
486.997	14706.5
488.218	14711.2
489.438	14714.6
490.657	14719.1
491.876	14724.9
493.096	14729.6
494.315	14729
495.533	14720
496.752	14712.4
497.97	14706.7
499.188	14703
500.407	14701.5
501.625	14704.3
502.842	14711.4
504.059	14719.6
505.276	14727.8
506.493	14726.8
507.71	14725.1
508.926	14723.9
510.142	14711.6
511.358	14704.1
512.575	14665.2
513.791	14719.8
515.006	14806.4
516.222	14803
517.437	14806
518.651	14807.8
519.866	14806.9
521.081	14805.8
522.295	14803.3
523.509	14801.5
524.723	14806.9
525.937	14828.8
527.15	14842.7
528.363	14859.6
529.576	14874.9
530.789	14886
532.002	14889.2
533.215	14884.9
534.426	14873.1
535.638	14870.8
536.85	14874.9
538.061	14884.5
539.273	14896.8
540.484	14911
541.695	14929
542.906	14947.5
544.117	14951.9
545.327	14945.2
546.537	14943
547.747	14929.6
548.957	14920.4
550.167	14918.3
551.377	14920.8
552.585	14926.6
553.794	14925.7
555.003	14919.3
556.212	14911
557.421	14904
558.628	14900.6
559.836	14900
561.044	14906.5
562.252	14926.2
563.458	14934.8
564.666	14938.2
565.873	14933
567.08	14931.9
568.286	14919.7
569.493	14919.4
570.699	14925.9
571.904	14933.3
573.111	14944.3
574.317	14955.7
575.521	14953.3
576.727	14948.2
577.932	14940.7
579.136	14933.4
580.341	14924.9
581.544	14936.1
582.749	14955.9
583.954	14968.3
585.156	14982.2
586.361	14995.3
587.563	14994.4
588.767	14987.7
589.97	14978.3
591.172	14972
592.375	14968.5
593.577	14971.6
594.78	14974.8
595.981	14979.2
597.183	14991.1
598.384	14997.6
599.586	14989.9
600.786	14976.8
601.988	14959.2
603.188	14950
604.389	14950.3
605.589	14950.7
606.79	14954.8
607.989	14962.4
609.188	14969.4
610.389	14973.1
611.587	14953.5
612.787	14933.1
613.986	14911.1
615.184	14893.2
616.383	14875.4
617.581	14860.5
618.78	14847.5
619.977	14836.3
621.174	14827.1
622.373	14819.8
623.57	14814.8
624.766	14814.9
625.964	14818.4
627.16	14834.3
628.356	14836.2
629.554	14835
630.749	14837.8
631.945	14819.9
633.14	14798.6
634.337	14782.4
635.532	14773.2
636.726	14775.7
637.921	14785.7
639.117	14797.8
640.311	14803.2
641.505	14799.4
642.699	14793.6
643.892	14788.8
645.087	14785.5
646.28	14785.1
647.473	14786.5
648.666	14792.4
649.859	14803.7
651.051	14816.1
652.245	14825.1
653.437	14830
654.629	14831.5
655.821	14827.9
657.012	14821.3
658.204	14813.3
659.395	14806
660.586	14800.7
661.777	14799.6
662.967	14798.8
664.158	14800.7
665.349	14805
666.539	14812.5
667.729	14825
668.919	14843.6
670.109	14860.5
671.298	14874.2
672.487	14850.7
673.676	14809
674.865	14782.7
676.053	14857.7
677.242	14863.2
678.43	14881.5
679.616	14809.9
680.804	14804.3
681.992	14815.5
683.179	14825.9
684.366	14832.9
685.554	14835.3
686.74	14832.4
687.927	14825.9
689.114	14815
690.3	14800.6
691.486	14784.2
692.671	14764.6
693.856	14750.2
695.042	14740.4
696.227	14740.7
697.413	14745.4
698.598	14760.6
699.781	14772.3
700.966	14779.9
702.15	14782.8
703.334	14781.5
704.518	14775.8
705.701	14766.6
706.885	14753.3
708.068	14733.5
709.252	14706.8
710.433	14676.6
711.616	14646.8
712.799	14652.4
713.98	14701.8
715.163	14781.7
716.345	14701.2
717.527	14687.1
718.707	14688.6
719.889	14681.5
721.071	14677.2
722.25	14680.4
723.432	14685.2
724.611	14692.5
725.792	14700.1
726.972	14707
728.151	14712.1
729.332	14706.2
730.512	14694.9
731.69	14684.7
732.87	14676.5
734.048	14673.7
735.227	14689.8
736.405	14707.4
737.584	14718.5
738.761	14721.4
739.94	14724
741.117	14727.6
742.295	14732.4
743.471	14738.9
744.649	14746.8
745.825	14758
747.003	14745.9
748.179	14728.2
749.356	14724.9
750.531	14737.6
751.708	14763.4
752.883	14764.2
754.059	14759.1
755.234	14754
756.409	14748.2
757.585	14744.2
758.759	14741.7
759.934	14740.4
761.108	14743.7
762.282	14747.5
763.456	14747.2
764.63	14741.6
765.803	14725.8
766.977	14712.3
768.15	14704.4
769.323	14699.8
770.496	14697.6
771.668	14694.4
772.841	14688.9
774.014	14679.6
775.185	14667.6
776.357	14651.6
777.528	14646.6
778.701	14646.8
779.872	14641.8
781.042	14630.5
782.213	14612.5
783.383	14596.9
784.555	14485.4
785.725	14476.4
786.895	14548.3
788.064	14646
789.234	14509.7
790.404	14497.8
791.573	14397.1
792.742	14472.3
793.911	14496.3
795.08	14499.1
796.248	14485.3
797.416	14476.4
798.584	14476.9
799.753	14482.9
800.921	14487.9
802.088	14492
803.256	14495.4
804.423	14498.1
805.59	14500.2
806.756	14494.7
807.923	14489.7
809.089	14479.9
810.256	14471.8
811.422	14465.6
812.587	14459.3
813.753	14447.7
814.918	14476.8
816.084	14533.1
817.249	14523.3
818.414	14481.3
819.578	14487
820.743	14487.4
821.907	14487.4
823.072	14487.8
824.236	14489.7
825.399	14492.5
826.562	14496.3
827.725	14501.1
828.889	14507
830.052	14514
831.215	14522.5
832.377	14532.8
833.54	14550.5
834.701	14559.3
835.863	14555
837.025	14542.3
838.187	14524
839.349	14519.1
840.51	14512.7
841.67	14510.1
842.831	14511.7
843.992	14513.5
845.153	14518.2
846.312	14517
847.473	14511.8
848.633	14504.3
849.793	14492.1
850.951	14476.5
852.111	14457.9
853.27	14436.2
854.428	14422.8
855.588	14415
856.747	14410.6
857.904	14403.9
859.063	14396.3
860.221	14388.6
861.378	14379.8
862.536	14371.7
863.694	14360.4
864.85	14344.9
866.008	14326.1
867.164	14301.8
868.321	14282.1
869.478	14260.5
870.633	14241.7
871.79	14234.3
872.945	14233.2
874.101	14235.3
875.256	14229.8
876.412	14229.3
877.566	14227
878.722	14226.5
879.876	14219.9
881.031	14211
882.185	14192.5
883.34	14170.7
884.493	14152.7
885.647	14137.5
886.8	14120.2
887.954	14107.7
889.107	14099.4
890.261	14096.2
891.413	14108.8
892.565	14114.9
893.718	14128.3
894.87	14135.4
896.023	14141.5
897.174	14133
898.326	14125.1
899.478	14114.8
900.629	14103.6
901.779	14098.3
902.931	14094.6
904.081	14093.6
905.231	14095.7
906.383	14101.7
907.532	14111.7
908.682	14128.2
909.831	14150.9
910.982	14165.1
912.131	14175.9
913.28	14167.8
914.429	14153.2
915.578	14134.5
916.727	14113.7
917.875	14100.5
919.023	14099.8
920.171	14108.2
921.32	14120.8
922.467	14136.5
923.614	14149.1
924.761	14157.9
925.908	14165.1
927.055	14170.1
928.203	14172.4
929.349	14171.6
930.496	14167.9
931.642	14161
932.787	14150.1
933.933	14136
935.079	14118.1
936.224	14096.1
937.369	14072
938.514	14049
939.659	14029.5
940.804	14021.5
941.948	14025.4
943.092	14042.5
944.236	14058.4
945.38	14067.3
946.524	14069.7
947.667	14064.8
948.811	14069.4
949.954	14021.1
951.097	13971.3
952.24	13935.6
953.383	13925.5
954.525	13937.2
955.667	13950.1
956.81	13944.3
957.952	13942.3
959.093	13940.2
960.235	13933.1
961.376	13925.5
962.516	13914.4
963.658	13904.1
964.798	13898.6
965.939	13899.4
967.08	13906.7
968.22	13909
969.359	13908.6
970.499	13908.5
971.639	13895.1
972.779	13872.8
973.918	13841.1
975.056	13822.2
976.195	13811.8
977.334	13810.4
978.473	13816.8
979.61	13832.4
980.749	13850.7
981.887	13859.9
983.024	13859.1
984.162	13851.1
985.3	13848.1
986.437	13847.6
987.573	13851
988.711	13866.9
989.848	13879
990.983	13880.7
992.12	13866.8
993.255	13849.1
994.392	13822.6
995.528	13811.7
996.662	13804.8
997.798	13802.8
998.933	13811.5
1000.07	13833.2
1001.2	13855
1002.34	13876.3
1003.47	13886.1
1004.61	13892.9
1005.74	13892.5
1006.87	13887.1
1008.01	13877.6
1009.14	13865.7
1010.27	13859.4
1011.41	13851.1
1012.54	13842.5
1013.67	13832.7
1014.81	13822.1
1015.94	13813.6
1017.07	13805.8
1018.2	13798.5
1019.33	13790.6
1020.47	13782.5
1021.6	13774.1
1022.73	13765.6
1023.86	13756.7
1024.99	13749.3
1026.12	13741.2
1027.25	13732.5
1028.38	13722.4
1029.51	13701.2
1030.64	13683.3
1031.77	13676.3
1032.9	13670.1
1034.03	13665.4
1035.16	13661.8
1036.29	13658.9
1037.42	13649.5
1038.55	13642.4
1039.67	13633.9
1040.8	13634.4
1041.93	13632.2
1043.06	13623.3
1044.19	13592
1045.31	13524.3
1046.44	13517.5
1047.57	13508.9
1048.69	13511.5
1049.82	13524.7
1050.95	13535.6
1052.08	13542.5
1053.2	13544.7
1054.33	13541.7
1055.45	13535.1
1056.58	13522.7
1057.7	13507.8
1058.83	13492.6
1059.95	13479.5
1061.08	13467.9
1062.2	13458.9
1063.33	13450.9
1064.45	13445.4
1065.58	13442.7
1066.7	13443.7
1067.83	13452.2
1068.95	13461
1070.07	13467.1
1071.2	13476.7
1072.32	13449.2
1073.44	13438.8
1074.56	13435.1
1075.69	13460.9
1076.81	13481.8
1077.93	13462.9
1079.05	13458.1
1080.17	13455.1
1081.3	13452.6
1082.42	13448.5
1083.54	13441
1084.66	13432.9
1085.78	13425.7
1086.9	13428.8
1088.02	13433.1
1089.14	13436.5
1090.26	13438.8
1091.38	13438.5
1092.5	13433.6
1093.62	13425.1
1094.74	13416
1095.86	13414
1096.98	13420.4
1098.1	13429.2
1099.22	13436
1100.34	13440.9
1101.45	13442.8
1102.57	13442.6
1103.69	13439.3
1104.81	13433.7
1105.93	13425.5
1107.04	13415
1108.16	13401.8
1109.28	13386.8
1110.4	13375.1
1111.51	13367.6
1112.63	13366.6
1113.75	13364.3
1114.86	13358.8
1115.98	13352.8
1117.09	13346.2
1118.21	13339.6
1119.32	13315.6
1120.44	13290
1121.55	13267.8
1122.67	13249.6
1123.78	13235.3
1124.9	13225.3
1126.01	13219.3
1127.13	13217.3
1128.24	13218.9
1129.35	13216.2
1130.47	13191.8
1131.58	13161.6
1132.7	13139.4
1133.81	13134.8
1134.92	13128.8
1136.03	13121.3
1137.15	13112.5
1138.26	13102.8
1139.37	13092.3
1140.48	13080.4
1141.59	13067.2
1142.71	13052.4
1143.82	13036.5
1144.93	13018.3
1146.04	13002.6
1147.15	12990
1148.26	12982.3
1149.37	12977.6
1150.48	12974.1
1151.59	12969.5
1152.7	12966.6
1153.81	12964.3
1154.92	12962.4
1156.03	12961
1157.14	12959.3
1158.25	12956.9
1159.36	12950.5
1160.47	12942.4
1161.58	12932.8
1162.68	12922.6
1163.79	12912.3
1164.9	12902.5
1166.01	12893.1
1167.12	12883.9
1168.22	12874.6
1169.33	12865.6
1170.44	12857.8
1171.55	12852.4
1172.65	12856.2
1173.76	12863.9
1174.87	12870.9
1175.97	12876.6
1177.08	12880
1178.18	12882.4
1179.29	12885
1180.4	12887.3
1181.5	12889.5
1182.61	12891.6
1183.71	12898.4
1184.82	12905.9
1185.92	12914.8
1187.02	12924.3
1188.13	12927.6
1189.23	12926.4
1190.34	12919
1191.44	12913.6
1192.54	12908.8
1193.65	12904.6
1194.75	12902.3
1195.85	12901
1196.96	12901
1198.06	12902.5
1199.16	12905.1
1200.26	12909.8
1201.37	12916.2
1202.47	12923.8
1203.57	12930.5
1204.67	12930.5
1205.77	12927
1206.87	12922
1207.97	12914.9
1209.08	12906.4
1210.18	12895.8
1211.28	12889.9
1212.38	12878.7
1213.48	12865.8
1214.58	12842.6
1215.68	12892.6
1216.78	12884.9
1217.88	12867.6
1218.98	12861.5
1220.07	12850.7
1221.17	12840.7
1222.27	12826.7
1223.37	12807.2
1224.47	12782.7
1225.57	12758.3
1226.66	12738.2
1227.76	12721.4
1228.86	12706.5
1229.96	12704.3
1231.06	12697.4
1232.15	12694
1233.25	12685
1234.35	12684
1235.44	12688.1
1236.54	12700.5
1237.63	12710.8
1238.73	12717.7
1239.83	12692.5
1240.92	12678.7
1242.02	12662.7
1243.11	12641.7
1244.21	12618.8
1245.3	12597
1246.4	12574.2
1247.49	12570.4
1248.59	12580.9
1249.68	12597
1250.78	12608.1
1251.87	12620.3
1252.96	12634.1
1254.06	12628
1255.15	12611.2
1256.24	12597.9
1257.34	12590.5
1258.43	12582.6
1259.52	12584.7
1260.62	12588.7
1261.71	12583.9
1262.8	12565.2
1263.89	12547.6
1264.98	12533.8
1266.08	12521
1267.17	12514.4
1268.26	12518.3
1269.35	12531
1270.44	12536.4
1271.53	12549.6
1272.62	12556.2
1273.71	12560.9
1274.8	12564.1
1275.89	12565.3
1276.98	12561.7
1278.07	12557.3
1279.16	12554
1280.25	12552.2
1281.34	12550.5
1282.43	12548.7
1283.52	12547
1284.61	12545.7
1285.69	12544.9
1286.78	12552.3
1287.87	12559
1288.96	12569.2
1290.05	12572.5
1291.13	12576
1292.22	12578.6
1293.31	12564.3
1294.4	12554
1295.48	12548.2
1296.57	12544.6
1297.66	12541.2
1298.74	12537
1299.83	12546.9
1300.92	12555.5
1302	12552
1303.09	12553
1304.17	12545.4
1305.26	12537.3
1306.34	12528.2
1307.43	12521.1
1308.51	12516.2
1309.6	12516
1310.68	12517.8
1311.76	12516.2
1312.85	12509.5
1313.93	12499.6
1315.02	12485.7
1316.1	12485.2
1317.18	12503.8
1318.27	12520.7
1319.35	12485.1
1320.43	12469.4
1321.52	12450.4
1322.6	12434.3
1323.68	12420.6
1324.76	12409.5
1325.85	12405.5
1326.93	12403.8
1328.01	12405.5
1329.09	12409.8
1330.17	12384
1331.25	12383
1332.33	12382.6
1333.41	12381
1334.49	12373.2
1335.58	12358.6
1336.65	12347.7
1337.74	12342.2
1338.82	12340.6
1339.89	12342.5
1340.97	12330.7
1342.05	12320.5
1343.13	12305.8
1344.21	12296.5
1345.29	12280.8
1346.37	12296
1347.45	12305.3
1348.53	12303.3
1349.6	12296.7
1350.68	12279.6
1351.76	12269.3
1352.84	12264.1
1353.92	12261.7
1354.99	12264.1
1356.07	12268.7
1357.15	12271
1358.22	12274.7
1359.3	12277.1
1360.38	12279
1361.45	12271.1
1362.53	12268
1363.61	12270.8
1364.68	12279.2
1365.76	12283.9
1366.83	12282.2
1367.91	12271.9
1368.98	12261
1370.06	12248.8
1371.13	12235.4
1372.21	12221
1373.28	12216.2
1374.35	12215.5
1375.43	12218.3
1376.5	12221.4
1377.58	12227.7
1378.65	12234.3
1379.72	12241.5
1380.8	12248.8
1381.87	12253.1
1382.94	12253.2
1384.01	12234.2
1385.09	12188.3
1386.16	12187.8
1387.23	12189.2
1388.3	12187.4
1389.38	12186.2
1390.45	12184.5
1391.52	12180.6
1392.59	12175.5
1393.66	12169.3
1393.92	12167.1
1395	12165
1396.07	12161.8
1397.15	12157.3
1398.22	12150.3
1399.3	12139.1
1400.38	12124.7
1401.45	12106.4
1402.53	12105
1403.6	12102
1404.68	12126.3
1405.75	12148.1
1406.82	12140.5
1407.9	12113.1
1408.97	12090.6
1410.05	12080.2
1411.12	12071.7
1412.19	12063.5
1413.27	12055.9
1414.34	12049.1
1415.41	12042.8
1416.49	12037.1
1417.56	12031.1
1418.63	12026.1
1419.7	12021.9
1420.78	12019
1421.85	12018.9
1422.92	12016.6
1423.99	12008.1
1425.06	11985.7
1426.14	11972.6
1427.21	11961
1428.28	11952.4
1429.35	11947.6
1430.42	11937.9
1431.49	11947.4
1432.56	11958.3
1433.63	12018.5
1434.7	12032.1
1435.77	12041.5
1436.84	11982.3
1437.91	11918.7
1438.98	11941
1440.05	11952.3
1441.12	11958.9
1442.18	11961.7
1443.25	11961.9
1444.32	11961.1
1445.39	11958.5
1446.46	11953.6
1447.53	11946.9
1448.59	11941.3
1449.66	11937.6
1450.73	11935.8
1451.8	11933.8
1452.86	11942.8
1453.93	11924.4
1455	11907.3
1456.06	11890.8
1457.13	11875.5
1458.2	11865.2
1459.26	11865.3
1460.33	11885.4
1461.39	11899.6
1462.46	11907.9
1463.52	11916.7
1464.59	11914.3
1465.65	11908.6
1466.72	11899.8
1467.78	11887.9
1468.85	11872.4
1469.91	11857.1
1470.98	11856
1472.04	11860.6
1473.1	11861
1474.17	11863.7
1475.23	11860.2
1476.3	11849.7
1477.36	11837.9
1478.42	11825
1479.48	11810.9
1480.55	11797.6
1481.61	11782.9
1482.67	11768.6
1483.73	11758.3
1484.8	11751.6
1485.86	11748.4
1486.92	11748.8
1487.98	11758.4
1489.04	11773.3
1490.1	11778.2
1491.17	11774.8
1492.23	11762.1
1493.29	11739
1494.35	11708.6
1495.41	11726
1496.47	11737.5
1497.53	11747.6
1498.59	11755.6
1499.65	11760.4
1500.71	11765.9
1501.77	11758.5
1502.83	11735.6
1503.88	11720.7
1504.94	11703.2
1506	11705.1
1507.06	11709.3
1508.12	11705.9
1509.18	11694.4
1510.23	11677.1
1511.29	11662.9
1512.35	11649.2
1513.41	11636.5
1514.47	11625.4
1515.52	11615.5
1516.58	11608
1517.64	11601.6
1518.69	11596.6
1519.75	11592.7
1520.81	11590.3
1521.86	11589
1522.92	11589.1
1523.97	11589.6
1525.03	11587.2
1526.08	11578.5
1527.14	11554.1
1528.2	11544
1529.25	11528.5
1530.31	11524.7
1531.36	11536.4
1532.42	11545.4
1533.47	11554
1534.52	11557.1
1535.58	11558
1536.63	11550.5
1537.69	11534
1538.74	11520.1
1539.79	11488.3
1540.84	11480.3
1541.9	11478.6
1542.95	11478.9
1544	11487.1
1545.06	11494.1
1546.11	11496.6
1547.16	11494.1
1548.21	11482.2
1549.27	11469
1550.32	11462.2
1551.37	11458.2
1552.42	11461.7
1553.47	11465.4
1554.52	11488.1
1555.57	11494.5
1556.62	11490.8
1557.67	11478.8
1558.72	11470.2
1559.77	11464.4
1560.82	11460.4
1561.87	11456.6
1562.92	11457.2
1563.97	11461
1565.02	11463
1566.07	11462.3
1567.12	11440.1
1568.17	11430.6
1569.22	11421.1
1570.27	11417
1571.32	11412
1572.36	11410
1573.41	11408.8
1574.46	11408.3
1575.51	11410.3
1576.56	11411.6
1577.6	11411.8
1578.65	11409.9
1579.7	11405.3
1580.74	11397.7
1581.79	11388.2
1582.84	11376.3
1583.88	11362.7
1584.93	11346.3
1585.98	11335.3
1587.02	11339.8
1588.07	11345.4
1589.11	11347.7
1590.16	11347.7
1591.2	11346.5
1592.25	11343.2
1593.29	11338.2
1594.34	11330.7
1595.38	11321.4
1596.43	11310.3
1597.47	11298.4
1598.52	11293.9
1599.56	11286.5
1600.6	11273.9
1601.65	11262.2
1602.69	11252.2
1603.73	11246
1604.78	11240.2
1605.82	11235.6
1606.86	11232.3
1607.91	11230.7
1608.95	11230.8
1609.99	11229.9
1611.03	11222.4
1612.08	11208.6
1613.12	11191
1614.16	11176.1
1615.2	11164.1
1616.24	11153.6
1617.28	11145.1
1618.32	11137.5
1619.36	11131.9
1620.41	11125.7
1621.45	11118.6
1622.49	11109.7
1623.53	11098.4
1624.57	11085.8
1625.61	11071
1626.65	11054.8
1627.69	11035.8
1628.73	11015
1629.76	10992.4
1630.8	10970.3
1631.84	10993
1632.88	11001.4
1633.92	11007.9
1634.96	11011.3
1636	11012.4
1637.03	11008
1638.07	10998.9
1639.11	10986.9
1640.15	10973.8
1641.19	10961.4
1642.22	10958.3
1643.26	10954.8
1644.3	10950
1645.33	10942.3
1646.37	10934.2
1647.41	10925.6
1648.44	10916.8
1649.48	10907.6
1650.52	10898.6
1651.55	10890
1652.59	10882.6
1653.62	10876
1654.66	10870.7
1655.69	10868.3
1656.73	10868
1657.76	10846.3
1658.8	10838
1659.83	10837.6
1660.87	10841.6
1661.9	10854
1662.93	10858.7
1663.97	10850.7
1665	10846
1666.04	10835.4
1667.07	10824.8
1668.1	10818.6
1669.14	10815.7
1670.17	10813.5
1671.2	10811.6
1672.23	10809.8
1673.27	10808.3
1674.3	10801.4
1675.33	10795.6
1676.36	10789.1
1677.39	10781.5
1678.43	10773.2
1679.46	10766.5
1680.49	10767.8
1681.52	10764.7
1682.55	10768.5
1683.58	10775.5
1684.61	10767.2
1685.64	10752.9
1686.67	10739.8
1687.7	10728.3
1688.73	10717.3
1689.76	10705.7
1690.79	10690.7
1691.82	10690.2
1692.85	10688.8
1693.88	10691.6
1694.91	10671.8
1695.94	10649.6
1696.97	10643.1
1698	10648.3
1699.02	10654
1700.05	10657.8
1701.08	10660.2
1702.11	10665.7
1703.14	10658.6
1704.16	10637.8
1705.19	10618.6
1706.22	10603.7
1707.25	10588.7
1708.27	10576.2
1709.3	10565.7
1710.33	10556.6
1711.35	10549
1712.38	10542.6
1713.41	10536.6
1714.43	10522.9
1715.46	10523.9
1716.48	10524.6
1717.51	10526.6
1718.53	10530.5
1719.56	10524.4
1720.58	10513.3
1721.61	10496.2
1722.63	10479.6
1723.66	10466.8
1724.68	10462.1
1725.71	10470.7
1726.73	10474.5
1727.75	10465.9
1728.78	10460.6
1729.8	10456.6
1730.83	10452.3
1731.85	10447.3
1732.87	10441.2
1733.89	10434
1734.92	10426.1
1735.94	10418
1736.96	10409.8
1737.98	10402.5
1739.01	10395.8
1740.03	10389.6
1741.05	10383.7
1742.07	10377.7
1743.09	10371.1
1744.12	10355.1
1745.14	10339.5
1746.16	10321
1747.18	10301.5
1748.2	10281.4
1749.22	10262.9
1750.24	10264.7
1751.26	10267.5
1752.28	10271.6
1753.3	10287.3
1754.32	10283.9
1755.34	10271.7
1756.36	10260.2
1757.38	10248.9
1758.4	10241.5
1759.42	10240.3
1760.44	10243.1
1761.45	10248.3
1762.47	10257.1
1763.49	10260.5
1764.51	10234.9
1765.53	10215.9
1766.55	10199.7
1767.56	10188.5
1768.58	10188.1
1769.6	10186.7
1770.61	10181.5
1771.63	10173.6
1772.65	10162.5
1773.67	10149.6
1774.68	10142.9
1775.7	10138
1776.72	10134.7
1777.73	10133
1778.75	10133.3
1779.76	10137.2
1780.78	10131.2
1781.79	10115.4
1782.81	10106.9
1783.83	10103.4
1784.84	10108
1785.85	10107.4
1786.87	10104.5
1787.88	10096.7
1788.9	10083.7
1789.91	10064.4
1790.93	10048
1791.94	10034.4
1792.95	10022.4
1793.97	10004.8
1794.98	10000.6
1796	10011.9
1797.01	10026.9
1798.02	10031.1
1799.03	10032.1
1800.05	10033.9
1801.06	10031.8
1802.07	10028.6
1803.08	10022.3
1804.1	10010.8
1805.11	9991.7
1806.12	9976.69
1807.13	9964.74
1808.14	9951.53
1809.15	9938.55
1810.17	9925.33
1811.18	9912.16
1812.19	9899.58
1813.2	9887.4
1814.21	9879.51
1815.22	9879.19
1816.23	9878.72
1817.24	9878.51
1818.25	9876.7
1819.26	9873.08
1820.27	9861.65
1821.28	9844.87
1822.29	9824.88
1823.3	9804.66
1824.3	9789.07
1825.31	9778.97
1826.32	9772.06
1827.33	9768.53
1828.34	9768.92
1829.35	9772.9
1830.35	9780.86
1831.36	9791.9
1832.37	9799.69
1833.38	9806.92
1834.38	9723.15
1835.39	9662.85
1836.4	9677.78
1837.41	9675.75
1838.41	9669.59
1839.42	9672.33
1840.43	9679.01
1841.43	9684.42
1842.44	9687.59
1843.44	9686.43
1844.45	9682.05
1845.46	9674.83
1846.46	9664.69
1847.47	9650.74
1848.47	9633.74
1849.48	9613.62
1850.48	9591.69
1851.49	9571.72
1852.49	9561.65
1853.49	9560.73
1854.5	9557.9
1855.5	9557.34
1856.51	9550.27
1857.51	9540.95
1858.51	9532.12
1859.52	9522.4
1860.52	9510.01
1861.52	9497.33
1862.53	9490.68
1863.53	9487.25
1864.53	9485.3
1865.54	9489.83
1866.54	9491.98
1867.54	9488.65
1868.54	9480.59
1869.54	9467.79
1870.55	9454.51
1871.55	9444.13
1872.55	9438.87
1873.55	9439.44
1874.55	9440.68
1875.55	9443.67
1876.55	9451.55
1877.55	9456.74
1878.55	9445.79
1879.55	9426.96
1880.56	9394.32
1881.55	9364.74
1882.56	9343.38
1883.55	9329.08
1884.55	9339.45
1885.55	9340.87
1886.55	9344.25
1887.55	9358.49
1888.55	9351.93
1889.55	9334.76
1890.55	9309.56
1891.55	9302.43
1892.55	9305.19
1893.54	9310.71
1894.54	9310.86
1895.54	9311.74
1896.54	9312.08
1897.54	9310.88
1898.53	9308.38
1899.53	9304.43
1900.53	9299.12
1901.52	9291.26
1902.52	9279.52
1903.52	9266.52
1904.51	9251.76
1905.51	9235.11
1906.51	9218.57
1907.5	9219.7
1908.5	9217.43
1909.49	9226.79
1910.49	9237.44
1911.49	9234.57
1912.48	9220.4
1913.48	9208.14
1914.47	9191.28
1915.46	9172.67
1916.46	9153.25
1917.45	9137.09
1918.45	9124.26
1919.44	9109.9
1920.44	9092.04
1921.43	9071.4
1922.43	9056.52
1923.42	9047.29
1924.41	9039.7
1925.41	9034.61
1926.4	9033.21
1927.39	9034.49
1928.38	9038.06
1929.38	9037.34
1930.37	9027.27
1931.36	9016.99
1932.35	9003.2
1933.35	8984.6
1934.34	8970.13
1935.33	8960.24
1936.32	8954.52
1937.31	8952.38
1938.3	8954.55
1939.29	8948.21
1940.29	8933.25
1941.28	8921.91
1942.27	8894.05
1943.26	8875.96
1944.25	8874.83
1945.24	8879.25
1946.23	8889.44
1947.22	8891.74
1948.21	8887.88
1949.2	8876.55
1950.19	8848.71
1951.18	8830.27
1952.17	8815.57
1953.16	8809.85
1954.14	8809.97
1955.13	8804.99
1956.12	8799.84
1957.11	8796.83
1958.1	8792.64
1959.09	8788.72
1960.07	8783.83
1961.06	8777.76
1962.05	8766.14
1963.04	8739
1964.02	8729.23
1965.01	8733.34
1966	8733.37
1966.99	8730.61
1967.97	8730.84
1968.96	8731.69
1969.95	8731.74
1970.93	8730.41
1971.92	8727.54
1972.9	8722.83
1973.89	8713.41
1974.88	8702.46
1975.86	8688.65
1976.85	8672
1977.83	8653.22
1978.82	8637.09
1979.8	8625.53
1980.79	8616.94
1981.77	8611.57
1982.76	8609.48
1983.74	8610.69
1984.72	8615.43
1985.71	8624.02
1986.69	8654.65
1987.67	8615.89
1988.66	8597.33
1989.64	8582.92
1990.62	8572.68
1991.61	8566.22
1992.59	8557.52
1993.57	8555.48
1994.56	8551.62
1995.54	8548.82
1996.52	8546.38
1997.5	8532.02
1998.49	8516.65
1999.47	8504.61
2000.45	8502.66
2001.43	8524.51
2002.41	8563.03
2003.39	8448.75
2004.38	8417.61
2005.36	8438.15
2006.34	8437.63
2007.32	8429.8
2008.3	8424.13
2009.28	8420.69
2010.26	8418.89
2011.24	8417.32
2012.22	8410.42
2013.2	8400.07
2014.18	8383.81
2015.16	8375.58
2016.14	8368.23
2017.12	8364.16
2018.1	8365.92
2019.07	8370.68
2020.05	8378.77
2021.03	8378.66
2022.01	8367.36
2022.99	8354.94
2023.97	8337.77
2024.95	8322.3
2025.92	8305.81
2026.9	8289.51
2027.88	8273.69
2028.86	8258.95
2029.83	8245.89
2030.81	8239.62
2031.79	8231.51
2032.76	8216.93
2033.74	8201.4
2034.72	8188
2035.69	8172.16
2036.67	8180.5
2037.65	8194.61
2038.62	8195.85
2039.6	8178.57
2040.57	8156.79
2041.55	8049.43
2042.52	8125.5
2043.5	8146.63
2044.47	8142.02
2045.45	8142.69
2046.42	8143.69
2047.4	8143.89
2048.37	8139.42
2049.35	8134.11
2050.32	8126.78
2051.29	8117.42
2052.27	8106.1
2053.24	8092.5
2054.21	8076.85
2055.19	8058.8
2056.16	8039.6
2057.13	8024.94
2058.11	8009.38
2059.08	7993.88
2060.05	7990.78
2061.02	7995.94
2062	7998.89
2062.97	7997.65
2063.94	7995.7
2064.91	7991.05
2065.89	7983.3
2066.86	7973.03
2067.83	7960.21
2068.8	7948.05
2069.77	7942.31
2070.74	7947.26
2071.71	7946.67
2072.68	7940.44
2073.65	7931.48
2074.62	7920.49
2075.59	7908.68
2076.56	7897.53
2077.53	7886.1
2078.5	7874.12
2079.47	7861.73
2080.44	7849.67
2081.41	7838.37
2082.38	7828.62
2083.35	7820.65
2084.32	7816
2085.29	7812.32
2086.26	7810.31
2087.23	7810.45
2088.19	7811.85
2089.16	7810.42
2090.13	7805.02
2091.1	7785.7
2092.07	7763.31
2093.03	7746.58
2094	7735.51
2094.97	7722.47
2095.94	7723.57
2096.9	7721.49
2097.87	7718.21
2098.84	7713.51
2099.8	7705.97
2100.77	7699.09
2101.74	7692.29
2102.7	7685.2
2103.67	7677.81
2104.63	7669.52
2105.6	7661.29
2106.56	7607.16
2107.53	7656.3
2108.49	7643.56
2109.46	7636.25
2110.42	7631.75
2111.39	7620.13
2112.35	7612.99
2113.32	7604.91
2114.28	7596.05
2115.25	7587.21
2116.21	7577.25
2117.17	7567.18
2118.14	7557.25
2119.1	7547.73
2120.07	7541.4
2121.03	7534.32
2121.99	7536.86
2122.96	7537.47
2123.92	7535.4
2124.88	7525.86
2125.84	7497.85
2126.81	7477.99
2127.77	7469.02
2128.73	7462.42
2129.69	7456.05
2130.65	7457.05
2131.62	7461.88
2132.58	7456.02
2133.54	7440.55
2134.5	7423.48
2135.46	7406.71
2136.42	7394.57
2137.38	7386.16
2138.34	7383.57
2139.3	7380.34
2140.26	7375.26
2141.22	7370.05
2142.18	7362.65
2143.14	7355.78
2144.1	7348.08
2145.06	7342.87
2146.02	7342.85
2146.98	7341.61
2147.94	7340.05
2148.9	7336.72
2149.86	7331.63
2150.82	7322.76
2151.78	7311.34
2152.74	7297.68
2153.69	7282.04
2154.65	7265.36
2155.61	7246.97
2156.57	7238.31
2157.53	7234.52
2158.48	7232.19
2159.44	7228.54
2160.4	7224.33
2161.36	7221.58
2162.31	7217.98
2163.27	7214.77
2164.23	7210.73
2165.18	7205.31
2166.14	7197.45
2167.1	7187.26
2168.05	7172.74
2169.01	7152
2169.96	7130
2170.92	7103.66
2171.88	7083.8
2172.83	7067.24
2173.79	7052.8
2174.74	7035.62
2175.7	7020.32
2176.65	7007.07
2177.6	6997.15
2178.56	6992.96
2179.51	6991.66
2180.47	6991.52
2181.42	6994.3
2182.38	6990.16
2183.33	6983.63
2184.28	6975.01
2185.24	6965.78
2186.19	6955.47
2187.14	6943.04
2188.1	6930.52
2189.05	6922.42
2190	6915.4
2190.96	6908.86
2191.91	6902.27
2192.86	6895.08
2193.81	6887.17
2194.76	6877.72
2195.72	6865.65
2196.67	6852.31
2197.62	6845.25
2198.57	6840.54
2199.52	6838.57
2200.47	6837.75
2201.43	6839.82
2202.38	6839.61
2203.33	6834.08
2204.28	6825.7
2205.23	6814.76
2206.18	6802.04
2207.13	6788.11
2208.08	6774.93
2209.03	6767.07
2209.98	6765.76
2210.93	6768.01
2211.88	6763.09
2212.83	6753.69
2213.78	6739.89
2214.73	6723.28
2215.67	6704.12
2216.62	6684.54
2217.57	6685.21
2218.52	6688.64
2219.47	6701.48
2220.42	6715.1
2221.37	6721.36
2222.31	6719.51
2223.26	6708.83
2224.21	6696.71
2225.16	6678.34
2226.1	6664.6
2227.05	6656.18
2228	6652.56
2228.94	6652.98
2229.89	6657.36
2230.84	6665.19
2231.78	6663.21
2232.73	6656.97
2233.68	6650.17
2234.62	6643.05
2235.57	6636.26
2236.51	6630.56
2237.46	6627.3
2238.41	6625.57
2239.35	6626.79
2240.3	6630.8
2241.24	6632.91
2242.19	6626.88
2243.13	6619.21
2244.07	6608.23
2245.02	6592.86
2245.96	6576.66
2246.91	6566.51
2247.85	6561.23
2248.8	6559.64
2249.74	6560.48
2250.68	6563.42
2251.63	6566.62
2252.57	6569.79
2253.51	6567.55
2254.46	6558.57
2255.4	6549.22
2256.34	6540.67
2257.28	6532.15
2258.23	6522.62
2259.17	6513.06
2260.11	6506.22
2261.05	6506.51
2262	6512.24
2262.94	6523.33
2263.88	6533.25
2264.82	6537.22
2265.76	6528.2
2266.7	6520.24
2267.64	6510.8
2268.58	6504
2269.53	6506.06
2270.47	6511.68
2271.41	6511.71
2272.35	6508.71
2273.29	6505.5
2274.23	6493.07
2275.17	6494.07
2276.11	6494.55
2277.05	6490.42
2277.99	6486.61
2278.93	6480.52
2279.86	6472.49
2280.8	6460.93
2281.74	6455.36
2282.68	6449.84
2283.62	6447.24
2284.56	6446.72
2285.5	6445.62
2286.44	6444.87
2287.37	6447.2
2288.31	6448.09
2289.25	6448.08
2290.19	6446.96
2291.12	6444.35
2292.06	6439.83
2293	6433.61
2293.94	6425.99
2294.87	6416.88
2295.81	6406.78
2296.75	6399.91
2297.68	6395.35
2298.62	6393.95
2299.55	6395.54
2300.49	6403.61
2301.43	6404
2302.36	6396.39
2303.3	6386.21
2304.23	6375.03
2305.17	6366.34
2306.1	6360.52
2307.04	6355.7
2307.98	6350.81
2308.91	6345.93
2309.84	6340.92
2310.78	6335.66
2311.71	6329.86
2312.65	6324.05
2313.58	6318.29
2314.52	6312.02
2315.45	6304.55
2316.38	6296.84
2317.32	6288.17
2317.72	6284.69
2318.66	6280.7
2319.6	6279.67
2320.54	6285.22
2321.48	6288.11
2322.41	6284.61
2323.35	6276.31
2324.29	6255.85
2325.23	6247.67
2326.16	6242.71
2327.1	6238.54
2328.04	6230.78
2328.97	6223.03
2329.91	6215.78
2330.85	6208.73
2331.78	6201.67
2332.72	6194.72
2333.66	6187.98
2334.59	6181.42
2335.53	6175.12
2336.46	6168.7
2337.4	6162.61
2338.33	6157.03
2339.27	6153.09
2340.2	6150.36
2341.14	6148.88
2342.07	6148.54
2343.01	6149.52
2343.94	6151.81
2344.88	6155.3
2345.81	6155.31
2346.75	6149.55
2347.68	6131.54
2348.61	6120.63
2349.55	6109.19
2350.48	6099.11
2351.41	6093.07
2352.35	6089.81
2353.28	6088.46
2354.21	6089.39
2355.15	6092
2356.08	6097.19
2357.01	6100.42
2357.94	6092.24
2358.88	6074.99
2359.81	6055.75
2360.74	6048.85
2361.67	6046.67
2362.6	6047.9
2363.54	6049.7
2364.47	6052.17
2365.4	6055.66
2366.33	6060.2
2367.26	6066.73
2368.19	6073.69
2369.12	6079.04
2370.05	6080.42
2370.98	6052.07
2371.91	6030.63
2372.84	6012.51
2373.77	5995.2
2374.7	5985.18
2375.63	5979.1
2376.56	5977.76
2377.49	5979.04
2378.42	5981.88
2379.35	5986.17
2380.28	5984.24
2381.21	5983.76
2382.14	5982.6
2383.07	5980.88
2384	5978.52
2384.92	5975.47
2385.85	5971.23
2386.78	5961.73
2387.71	5946.73
2388.64	5928.53
2389.56	5906.01
2390.49	5909.04
2391.42	5909.59
2392.35	5910.56
2393.27	5910.84
2394.2	5909.54
2395.13	5907.08
2396.05	5903.59
2396.98	5899.18
2397.91	5893.61
2398.83	5887.12
2399.76	5879.61
2400.69	5871.96
2401.61	5866.6
2402.54	5863.27
2403.46	5863.91
2404.39	5853.49
2405.31	5844.37
2406.24	5828.4
2407.17	5816.25
2408.09	5816.57
2409.01	5818.97
2409.94	5826.09
2410.86	5833.36
2411.79	5839.84
2412.71	5845.31
2413.64	5841.85
2414.56	5837.56
2415.49	5832.06
2416.41	5824.61
2417.33	5816.51
2418.26	5805.44
2419.18	5795.07
2420.1	5782.58
2421.03	5770.23
2421.95	5761.66
2422.87	5758.79
2423.79	5778
2424.72	5772.46
2425.64	5762.26
2426.56	5751.22
2427.48	5737.79
2428.41	5726.39
2429.33	5717.49
2430.25	5710.95
2431.17	5707.01
2432.09	5704.46
2433.01	5702.34
2433.93	5698.69
2434.86	5694.76
2435.78	5690.41
2436.7	5684.5
2437.62	5677.7
2438.54	5669.81
2439.46	5661.32
2440.38	5652.39
2441.3	5643.05
2442.22	5634.49
2443.14	5625.55
2444.06	5619.45
2444.98	5614.62
2445.9	5608.33
2446.82	5592.52
2447.73	5524.7
2448.65	5580.56
2449.57	5586.55
2450.49	5581.17
2451.41	5574.96
2452.33	5570.92
2453.25	5564.42
2454.17	5558.09
2455.08	5552.12
2456	5546.34
2456.92	5540.95
2457.84	5536
2458.75	5532.26
2459.67	5530.08
2460.59	5526.43
2461.51	5521.54
2462.42	5515.37
2463.34	5510.15
2464.26	5505.31
2465.17	5500.44
2466.09	5495.24
2467	5489.35
2467.92	5483.18
2468.84	5476.84
2469.75	5471.21
2470.67	5466.82
2471.58	5464.29
2472.5	5465.01
2473.42	5463.53
2474.33	5462.62
2475.25	5458.67
2476.16	5447.34
2477.08	5436.55
2477.99	5425.28
2478.9	5414.76
2479.82	5407.14
2480.73	5408.08
2481.65	5410.83
2482.56	5414.46
2483.47	5418.31
2484.39	5418.23
2485.3	5412.94
2486.22	5403.87
2487.13	5391.21
2488.04	5375.4
2488.96	5365.67
2489.87	5361.99
2490.78	5364.37
2491.69	5365.65
2492.61	5366.98
2493.52	5369.25
2494.43	5369.98
2495.34	5368.35
2496.25	5365.44
2497.17	5361.62
2498.08	5355.73
2498.99	5348.63
2499.9	5340.14
2500.81	5331.24
2501.72	5326.14
2502.63	5323.69
2503.55	5325.92
2504.46	5328.48
2505.37	5334
2506.28	5338.18
2507.19	5335.76
2508.1	5330.51
2509.01	5319.63
2509.92	5311.62
2510.83	5302.77
2511.74	5291.02
2512.65	5280.43
2513.56	5271.74
2514.47	5271.26
2515.37	5270.39
2516.28	5274.18
2517.19	5278.47
2518.1	5281.14
2519.01	5282.39
2519.92	5282.14
2520.83	5281.02
2521.73	5277.52
2522.64	5273.53
2523.55	5270.03
2524.46	5269.83
2525.37	5275.23
2526.27	5273.91
2527.18	5270.34
2528.09	5262.41
2529	5248.59
2529.9	5227.6
2530.81	5212.76
2531.72	5202.38
2532.62	5195.01
2533.53	5192.02
2534.44	5192.89
2535.34	5197.88
2536.25	5205.6
2537.15	5207.94
2538.06	5201.41
2538.96	5194.27
2539.87	5185.6
2540.78	5176.86
2541.68	5169.49
2542.59	5163.51
2543.49	5161.33
2544.4	5156.19
2545.3	5147.91
2546.21	5136.99
2547.11	5124.28
2548.01	5119.24
2548.92	5115.5
2549.82	5115.77
2550.73	5117.26
2551.63	5114
2552.53	5113.47
2553.44	5106.06
2554.34	5092.82
2555.24	5074.62
2556.15	5062.01
2557.05	5058.6
2557.95	5060.52
2558.86	5064.35
2559.76	5064.03
2560.66	5063.31
2561.56	5060.76
2562.46	5055.87
2563.37	5049.9
2564.27	5044.28
2565.17	5037.38
2566.07	5033.94
2566.97	5037.74
2567.88	5033.59
2568.78	5025.04
2569.68	5017.83
2570.58	5008.98
2571.48	5001.18
2572.38	4993.54
2573.28	4985.63
2574.18	4976.85
2575.08	4967.53
2575.98	4967.97
2576.88	4964.55
2577.78	4960.92
2578.68	4955.41
2579.58	4949.35
2580.48	4945.46
2581.38	4941.58
2582.28	4937.78
2583.18	4934.01
2584.08	4930.37
2584.98	4926.81
2585.88	4923.42
2586.77	4920.1
2587.67	4916.73
2588.57	4913.45
2589.47	4911.91
2590.37	4910.64
2591.27	4907.97
2592.16	4903.2
2593.06	4892.09
2593.96	4880.41
2594.86	4865.61
2595.75	4848.4
2596.65	4828.1
2597.55	4808.46
2598.45	4801.62
2599.34	4799.27
2600.24	4800.06
2601.13	4832.42
2602.03	4818.09
2602.93	4815.07
2603.82	4815.43
2604.72	4815.62
2605.62	4812.19
2606.51	4807.34
2607.41	4797.84
2608.3	4783.44
2609.2	4773.69
2610.09	4763.61
2610.99	4758.49
2611.88	4754.34
2612.78	4755.89
2613.67	4757.46
2614.57	4758.87
2615.46	4759.72
2616.36	4759.9
2617.25	4759.94
2618.14	4759.65
2619.04	4758.88
2619.93	4757.72
2620.83	4756.03
2621.72	4753.96
2622.61	4750.3
2623.5	4742.23
2624.4	4728.12
2625.29	4711.35
2626.18	4701.64
2627.08	4692.6
2627.97	4684.26
2628.86	4676.53
2629.75	4668.9
2630.65	4662.11
2631.54	4656.07
2632.43	4650.9
2633.32	4646.49
2634.21	4643.65
2635.11	4642.7
2636	4642.66
2636.89	4642.85
2637.78	4642.64
2638.67	4634.93
2639.56	4630.63
2640.45	4624.33
2641.34	4616.71
2642.23	4606.97
2643.12	4593.29
2644.01	4574.36
2644.9	4552.69
2645.79	4546.2
2646.68	4546.66
2647.57	4555.63
2648.46	4560
2649.35	4560.11
2650.24	4554.29
2651.13	4547.26
2652.02	4541.48
2652.91	4535.71
2653.8	4530.14
2654.69	4524.62
2655.58	4519.43
2656.46	4513.54
2657.35	4502.93
2658.24	4490.66
2659.13	4488.16
2660.02	4491.66
2660.9	4492.62
2661.79	4497.55
2662.68	4499.53
2663.57	4499.57
2664.45	4497.33
2665.34	4488.6
2666.23	4486.67
2667.11	4487.73
2668	4484.3
2668.89	4476.9
2669.77	4461.31
2670.66	4445.82
2671.55	4431.28
2672.43	4429.1
2673.32	4430.17
2674.21	4431.94
2675.09	4434.32
2675.98	4435.67
2676.86	4435.49
2677.75	4433.7
2678.63	4430.33
2679.52	4425.03
2680.4	4418.02
2681.29	4409.22
2682.17	4398.79
2683.06	4387.03
2683.94	4376.11
2684.82	4374.68
2685.71	4373.9
2686.59	4375.32
2687.48	4381.74
2688.36	4382.08
2689.24	4376.97
2690.13	4371.4
2691.01	4359.05
2691.89	4342.31
2692.78	4326.61
2693.66	4312.99
2694.54	4309.96
2695.43	4311.26
2696.31	4310.28
2697.19	4308.21
2698.07	4306.12
2698.96	4302.63
2699.84	4297.96
2700.72	4292.37
2701.6	4285.76
2702.48	4278.25
2703.36	4269.67
2704.25	4260.78
2705.13	4251.44
2706.01	4242.72
2706.89	4234.52
2707.77	4230.88
2708.65	4246.89
2709.53	4252.61
2710.41	4260.1
2711.29	4258.59
2712.17	4251.88
2713.05	4238.14
2713.93	4224.98
2714.81	4209.35
2715.69	4196.38
2716.57	4193.3
2717.45	4193.39
2718.33	4194
2719.21	4190.15
2720.09	4187.39
2720.97	4184.86
2721.85	4182.39
2722.73	4179.82
2723.61	4176.85
2724.48	4174.3
2725.36	4172.29
2726.24	4170.49
2727.12	4168.59
2728	4162.39
2728.88	4153.43
2729.75	4141.96
2730.63	4129.7
2731.51	4119.63
2732.39	4114.06
2733.26	4112.69
2734.14	4112.97
2735.02	4115.17
2735.89	4115.43
2736.77	4118.1
2737.65	4118.4
2738.52	4116
2739.4	4111.88
2740.28	4106
2741.15	4100.5
2742.03	4093.7
2742.9	4086.45
2743.78	4077.73
2744.65	4068.47
2745.53	4059.43
2746.41	4051.58
2747.28	4050.84
2748.16	4051.89
2749.03	4055.8
2749.91	4061.86
2750.78	4068.4
2751.66	4072.83
2752.53	4071.76
2753.4	4066.06
2754.28	4058.99
2755.15	4053.22
2756.02	4048.27
2756.9	4043.84
2757.77	4039.16
2758.65	4034.92
2759.52	4030.98
2760.39	4027.63
2761.27	4024.41
2762.14	4024.24
2763.01	4022.81
2763.88	4019.99
2764.76	4013
2765.63	3999.26
2766.5	3986.27
2767.37	3981.14
2768.25	3979.53
2769.12	3983.42
2769.99	3994.94
2770.86	3997.6
2771.73	3991.91
2772.61	3977.7
2773.48	3957.45
2774.35	3937.78
2775.22	3909.87
2776.09	3950.99
2776.96	3940.52
2777.83	3929.82
2778.7	3926.96
2779.57	3925.4
2780.44	3925.03
2781.31	3920.85
2782.18	3916.12
2783.05	3911.25
2783.92	3906.41
2784.79	3902.48
2785.66	3901.07
2786.53	3902.15
2787.4	3902.69
2788.27	3898.37
2789.14	3884.94
2790.01	3869.18
2790.88	3856.57
2791.75	3844.73
2792.62	3833.44
2793.48	3823.61
2794.35	3840.76
2795.22	3856.87
2796.09	3873.54
2796.96	3874.64
2797.82	3862.72
2798.69	3855.23
2799.56	3848.12
2800.43	3841.07
2801.29	3835.49
2802.16	3831.48
2803.03	3828.06
2803.9	3825.13
2804.76	3822.68
2805.63	3819.21
2806.5	3809.69
2807.36	3807.28
2808.23	3807.37
2809.09	3806.79
2809.96	3805.6
2810.83	3803.41
2811.69	3799.63
2812.56	3794.92
2813.42	3789.71
2814.29	3784.08
2815.15	3778.51
2816.02	3773.25
2816.88	3768.48
2817.75	3763.93
2818.61	3759.38
2819.48	3755.02
2820.34	3750.55
2821.21	3746.61
2822.07	3757.18
2822.94	3753.06
2823.8	3745.66
2824.66	3732.82
2825.53	3717.93
2826.39	3712.1
2827.26	3709.87
2828.12	3721.18
2828.98	3723.68
2829.85	3719.48
2830.71	3715.9
2831.57	3711.72
2832.43	3705.84
2833.3	3699.03
2834.16	3691.52
2835.02	3683.25
2835.88	3673.49
2836.75	3664.31
2837.61	3665.04
2838.47	3664.22
2839.33	3668.47
2840.19	3675.76
2841.06	3681.98
2841.92	3685.83
2842.78	3687.16
2843.64	3684.6
2844.5	3674.14
2845.36	3663.76
2846.22	3656.17
2847.08	3648.32
2847.94	3645.85
2848.81	3643.64
2849.67	3642.94
2850.53	3643.29
2851.39	3642.82
2852.25	3641.21
2853.11	3638.14
2853.97	3633.05
2854.82	3625.78
2855.68	3618.76
2856.54	3612.36
2857.4	3606.52
2858.26	3601.95
2859.12	3597.98
2859.98	3594.7
2860.84	3592.3
2861.7	3590.62
2862.56	3589.82
2863.41	3589.98
2864.27	3591.87
2865.13	3601.03
2865.99	3608.9
2866.85	3611.29
2867.7	3607.47
2868.56	3594.66
2869.42	3575.93
2870.28	3561.46
2871.13	3551.17
2871.99	3541.23
2872.85	3534.61
2873.7	3531.59
2874.56	3523.43
2875.42	3506.44
2876.27	3500.75
2877.13	3500.5
2877.99	3504.38
2878.84	3513.24
2879.7	3525.14
2880.56	3530.9
2881.41	3532.84
2882.27	3531.99
2883.12	3528.49
2883.98	3524.78
2884.83	3518.85
2885.69	3511.54
2886.54	3502.63
2887.4	3492.43
2888.25	3481.21
2889.11	3470.27
2889.96	3464.93
2890.82	3473.44
2891.67	3478.16
2892.52	3478.05
2893.38	3476.9
2894.23	3472.44
2895.09	3465.58
2895.94	3459.1
2896.79	3451.62
2897.65	3444.01
2898.5	3436.79
2899.35	3430.77
2900.21	3425.78
2901.06	3426.42
2901.91	3427.11
2902.76	3429.34
2903.62	3433
2904.47	3439.38
2905.32	3444.5
2906.17	3438.55
2907.03	3425.82
2907.88	3412.06
2908.73	3399.37
2909.58	3387.62
2910.43	3379.65
2911.28	3374.19
2912.14	3372.44
2912.99	3375.89
2913.84	3375.57
2914.69	3375.32
2915.54	3374.19
2916.39	3377.36
2917.24	3373.21
2918.09	3361.18
2918.94	3349.52
2919.79	3341.58
2920.64	3333.77
2921.49	3327.19
2922.34	3322.64
2923.19	3320.81
2924.04	3321.49
2924.89	3325.14
2925.74	3331.02
2926.59	3334.97
2927.44	3340.07
2928.29	3345.39
2929.14	3341.78
2929.98	3334
2930.83	3324.95
2931.68	3313.51
2932.53	3301.1
2933.38	3296.04
2934.23	3289.07
2935.07	3284.28
2935.92	3280.3
2936.77	3274.19
2937.62	3268.84
2938.47	3264.05
2939.31	3259.89
2940.16	3256.68
2941.01	3254.78
2941.85	3256.82
2942.7	3261.69
2943.55	3258.43
2944.39	3252.44
2945.24	3247.64
2946.09	3243.26
2946.93	3239.79
2947.78	3237.09
2948.63	3235.61
2949.47	3225.48
2950.32	3209.01
2951.16	3224.37
2952.01	3234.63
2952.85	3233.2
2953.7	3224.51
2954.55	3214.67
2955.39	3211.38
2956.24	3204.8
2957.08	3199.68
2957.92	3195.34
2958.77	3189.49
2959.61	3181.8
2960.46	3170.95
2961.3	3158.15
2962.15	3148.41
2962.99	3138
2963.83	3173.33
2964.68	3189.92
2965.52	3204.06
2966.37	3189.16
2967.21	3167.6
2968.05	3161.25
2968.9	3157.83
2969.74	3153.7
2970.58	3149.06
2971.42	3143.68
2972.27	3138.56
2973.11	3134.37
2973.95	3131.21
2974.79	3129.3
2975.64	3128.08
2976.48	3130.51
2977.32	3133.16
2978.16	3136.83
2979	3140.98
2979.85	3144.4
2980.69	3142.96
2981.53	3136.41
2982.37	3129.65
2983.21	3123.07
2984.05	3116.19
2984.89	3109.07
2985.73	3101.36
2986.57	3093.38
2987.41	3084.8
2988.25	3077.71
2989.1	3083.72
2989.94	3083.41
2990.77	3084.42
2991.62	3085.21
2992.45	3085.28
2993.29	3084.42
2994.13	3082.64
2994.97	3079.97
2995.81	3076.23
2996.65	3071.28
2997.49	3065.89
2998.33	3059.21
2999.17	3068.44
