200.833	10131
202.102	10123.9
203.371	10201.9
204.639	10164.2
205.907	10114.7
207.175	10124.8
208.442	10153.4
209.71	10177.6
210.977	10195.2
212.244	10207.6
213.511	10214.7
214.777	10222.6
216.042	10228
217.309	10232.5
218.575	10239.5
219.84	10250.6
221.106	10266.3
222.371	10284.1
223.635	10305.8
224.9	10330.5
226.165	10358.4
227.429	10389.3
228.694	10423
229.956	10459.4
231.22	10496.5
232.484	10520.2
233.747	10532.6
235.011	10532.4
236.272	10527.9
237.535	10541.6
238.798	10550.6
240.06	10591.2
241.321	10634.2
242.583	10650
243.845	10659.2
245.105	10657.7
246.367	10648.2
247.628	10651.8
248.888	10653.2
250.149	10694.8
251.409	10697.7
252.67	10700.8
253.928	10705.5
255.189	10711
256.447	10717.2
257.707	10724.4
258.966	10732
260.224	10741.6
261.483	10751.6
262.742	10762.4
263.999	10767.5
265.257	10756.3
266.514	10766.7
267.772	10791.8
269.028	10804.1
270.286	10818.2
271.543	10831.6
272.799	10827.4
274.056	10844.3
275.311	10869.5
276.568	10886.2
277.823	10908.8
279.079	10928.5
280.333	10938.3
281.589	10859.2
282.843	10938.8
284.099	10974.9
285.352	11049.6
286.607	10956.7
287.86	10966.1
289.114	10996.1
290.368	11023.8
291.621	11043.9
292.875	11060.4
294.127	11073.7
295.38	11085
296.632	11094
297.884	11101.1
299.137	11105.7
300.388	11108.3
301.641	11109.1
302.891	11108.7
304.142	11106.2
305.394	11106
306.644	11110.8
307.894	11121.7
309.146	11142.7
310.395	11158.9
311.645	11174.2
312.895	11191.2
314.144	11207.5
315.393	11223.3
316.642	11238.2
317.892	11247.3
319.14	11253.9
320.388	11266.9
321.637	11251
322.885	11234.8
324.132	11223.3
325.38	11225.1
326.628	11238.9
327.875	11251.7
329.122	11268.1
330.368	11288.3
331.614	11308.1
332.862	11325.3
334.108	11338.9
335.353	11351.2
336.599	11360.3
337.844	11369.3
339.089	11382.2
340.335	11393.2
341.58	11416
342.824	11437.5
344.068	11445.1
345.312	11435.7
346.556	11367
347.8	11356.2
349.043	11414.2
350.286	11434.3
351.53	11447.7
352.774	11457.3
354.016	11466.2
355.259	11480.8
356.501	11491.7
357.743	11499.3
358.985	11503.5
360.227	11506.3
361.468	11501
362.709	11494.4
363.95	11484.6
365.191	11479.1
366.432	11478.2
367.672	11482.2
368.912	11487.8
370.152	11496.3
371.392	11507.3
372.632	11520
373.871	11532.7
375.11	11545.1
376.348	11557.2
377.587	11566.7
378.825	11573
380.064	11576.7
381.302	11580.2
382.54	11582.9
383.778	11585.4
385.016	11588.7
386.253	11593
387.489	11598.5
388.726	11604.5
389.963	11611.1
391.199	11618.3
392.436	11627.2
393.672	11641.4
394.907	11660.9
396.142	11682.1
397.378	11695.9
398.614	11702.9
399.849	11703.2
401.082	11701.4
402.317	11701.8
403.552	11695.3
404.786	11704.3
406.019	11718.2
407.253	11740.6
408.487	11758.6
409.721	11755.4
410.953	11739.3
412.186	11717.5
413.419	11721
414.651	11731.6
415.883	11747.5
417.116	11764.8
418.347	11778.4
419.579	11788
420.811	11789.2
422.041	11786.3
423.272	11780.2
424.504	11774.8
425.733	11774.6
426.964	11775.5
428.194	11776.4
429.424	11779.2
430.654	11782.7
431.883	11794.4
433.113	11813.9
434.341	11836.8
435.571	11861.9
436.799	11888.8
438.028	11910.7
439.257	11924.6
440.484	11931
441.713	11921.9
442.94	11904.7
444.168	11893.5
445.394	11884.8
446.622	11884.1
447.848	11897.7
449.076	11910.5
450.301	11915.4
451.528	11929.7
452.754	11949.9
453.979	11965.7
455.205	11966.1
456.43	11962.7
457.656	11958.2
458.88	11954.2
460.106	11951.4
461.33	11953.6
462.554	11956.9
463.779	11961.3
465.002	11966.8
466.225	11973.6
467.45	11980
468.672	11981.7
469.895	11977.3
471.119	11967.5
472.341	11966
473.563	11964.3
474.786	11962.5
476.008	11960.5
477.229	11958.1
478.452	11955.3
479.673	11951.9
480.894	11947.9
482.115	11940.6
483.337	11933.9
484.557	11927.1
485.777	11921.4
486.997	11916.4
488.218	11915.8
489.438	11919.6
490.657	11922.3
491.876	11923.6
493.096	11923.3
494.315	11921.1
495.533	11921.1
496.752	11923.1
497.97	11926.7
499.188	11930.3
500.407	11937
501.625	11945.7
502.842	11957.5
504.059	11973
505.276	11980
506.493	11983.4
507.71	11977.2
508.926	11970.9
510.142	11964.8
511.358	11960.2
512.575	11961.6
513.791	11964.3
515.006	11970.3
516.222	11979
517.437	11992.8
518.651	12009.7
519.866	12034
521.081	12052.8
522.295	12056.8
523.509	12058.2
524.723	12055.4
525.937	12051.8
527.15	12055.8
528.363	12064.7
529.576	12072.5
530.789	12079.4
532.002	12077.7
533.215	12073.5
534.426	12065.8
535.638	12055.5
536.85	12036.2
538.061	12029.2
539.273	12047.9
540.484	12066.6
541.695	12081.2
542.906	12092.8
544.117	12102.8
545.327	12111.2
546.537	12118.3
547.747	12123.4
548.957	12126.6
550.167	12127.4
551.377	12127
552.585	12126.3
553.794	12129
555.003	12133.1
556.212	12141.2
557.421	12145.7
558.628	12150.8
559.836	12140.5
561.044	12130.6
562.252	12124.2
563.458	12121.7
564.666	12119.4
565.873	12118.5
567.08	12121.3
568.286	12127.1
569.493	12133.2
570.699	12133.6
571.904	12120.9
573.111	12108.7
574.317	12093.8
575.521	12091.4
576.727	12100
577.932	12112.9
579.136	12132.5
580.341	12145.6
581.544	12156
582.749	12135.1
583.954	12126.4
585.156	12122.8
586.361	12127.5
587.563	12156.3
588.767	12158.6
589.97	12160.6
591.172	12160.1
592.375	12154.6
593.577	12143
594.78	12145.4
595.981	12159.9
597.183	12182.2
598.384	12196.5
599.586	12165.5
600.786	12126.7
601.988	12109.4
603.188	12103.2
604.389	12102.3
605.589	12107.2
606.79	12116.9
607.989	12129.1
609.188	12139.3
610.389	12144.8
611.587	12124.7
612.787	12111.1
613.986	12096.2
615.184	12084.2
616.383	12089.1
617.581	12079.2
618.78	12063
619.977	12050.9
621.174	12037.9
622.373	12035.7
623.57	12035.1
624.766	12034.9
625.964	12031.3
627.16	12027.3
628.356	12021.8
629.554	12015.6
630.749	12007.4
631.945	11998.2
633.14	11988.7
634.337	11980.8
635.532	11982.4
636.726	11984.7
637.921	11983.8
639.117	11982.9
640.311	11980.6
641.505	11977.2
642.699	11972.7
643.892	11967.2
645.087	11960.8
646.28	11953.8
647.473	11946.3
648.666	11942
649.859	11942
651.051	11944.2
652.245	11953.7
653.437	11966.4
654.629	11979.9
655.821	11991.5
657.012	12000.2
658.204	12006.4
659.395	12008.9
660.586	12009.7
661.777	12009
662.967	12008.5
664.158	12008.4
665.349	12009
666.539	12013.8
667.729	12016.3
668.919	12020.5
670.109	12028.1
671.298	12043.7
672.487	12072.9
673.676	12090.9
674.865	12096.4
676.053	12094.5
677.242	12048.4
678.43	12036.5
679.616	12031.7
680.804	12028.7
681.992	12030.7
683.179	12037.9
684.366	12052.2
685.554	12063.6
686.74	12072.9
687.927	12080.2
689.114	12084
690.3	12070.8
691.486	12060.4
692.671	12047.2
693.856	12029.4
695.042	12008.6
696.227	11989.7
697.413	11972.3
698.598	11955.6
699.781	11944.3
700.966	11938.5
702.15	11931.3
703.334	11924.8
704.518	11919
705.701	11914.7
706.885	11905.7
708.068	11885
709.252	11890.4
710.433	11910.3
711.616	11942.1
712.799	11964.6
713.98	11971.4
715.163	11964.6
716.345	11956.3
717.527	11946.9
718.707	11936.8
719.889	11920.3
721.071	11928.4
722.25	11941
723.432	11948.2
724.611	11952
725.792	11948.1
726.972	11933.2
728.151	11930.2
729.332	11927.9
730.512	11924.8
731.69	11924.2
732.87	11925.7
734.048	11930
735.227	11938.9
736.405	11952.2
737.584	11968.7
738.761	11983.7
739.94	12000.9
741.117	12005.3
742.295	12003.6
743.471	11987.1
744.649	11980.8
745.825	11975.3
747.003	11973.6
748.179	11974
749.356	11978.4
750.531	11978.9
751.708	11979.3
752.883	11978.7
754.059	11976.3
755.234	11972.2
756.409	11966.6
757.585	11961.6
758.759	11989.9
759.934	12000.8
761.108	12011.6
762.282	12003.5
763.456	11991.3
764.63	11969.4
765.803	11950.6
766.977	11935.5
768.15	11922.1
769.323	11912.6
770.496	11908.7
771.668	11908.6
772.841	11910.6
774.014	11913.1
775.185	11914.7
776.357	11911.3
777.528	11903.1
778.701	11894
779.872	11883.9
781.042	11873.6
782.213	11861.9
783.383	11849.3
784.555	11835.7
785.725	11821.2
786.895	11805.7
788.064	11789.2
789.234	11772.5
790.404	11759.8
791.573	11749.8
792.742	11745.6
793.911	11751.4
795.08	11758.6
796.248	11769.1
797.416	11787.8
798.584	11801.8
799.753	11804.6
800.921	11801.9
802.088	11792.8
803.256	11780.9
804.423	11772.9
805.59	11766.2
806.756	11760.3
807.923	11755.8
809.089	11752.6
810.256	11750.9
811.422	11750.6
812.587	11751.5
813.753	11753.7
814.918	11759
816.084	11768.1
817.249	11776.2
818.414	11781.9
819.578	11785.7
820.743	11789
821.907	11790.9
823.072	11792
824.236	11791.6
825.399	11790.3
826.562	11788.6
827.725	11787
828.889	11788.6
830.052	11791.8
831.215	11807.7
832.377	11824.3
833.54	11828.4
834.701	11818.8
835.863	11801.1
837.025	11786
838.187	11767.1
839.349	11752.1
840.51	11746.8
841.67	11749.1
842.831	11765.4
843.992	11782.8
845.153	11794.1
846.312	11800.9
847.473	11803.4
848.633	11798.9
849.793	11786.7
850.951	11768
852.111	11748.1
853.27	11725.3
854.428	11711.4
855.588	11707.7
856.747	11704.6
857.904	11714.7
859.063	11710.1
860.221	11705
861.378	11696.3
862.536	11689.8
863.694	11681.2
864.85	11672.1
866.008	11662.1
867.164	11651.3
868.321	11639.4
869.478	11626.7
870.633	11607.8
871.79	11587.1
872.945	11571.6
874.101	11567.6
875.256	11564.4
876.412	11564.7
877.566	11559.2
878.722	11552.4
879.876	11546.7
881.031	11537.9
882.185	11532.8
883.34	11527
884.493	11519.7
885.647	11511.4
886.8	11502.5
887.954	11493.7
889.107	11485.5
890.261	11478.1
891.413	11472.4
892.565	11469.8
893.718	11468.7
894.87	11467.8
896.023	11466.7
897.174	11465.4
898.326	11463.7
899.478	11461.2
900.629	11457.7
901.779	11452.3
902.931	11443.1
904.081	11436.3
905.231	11444.4
906.383	11450.6
907.532	11465.3
908.682	11495.7
909.831	11509
910.982	11507
912.131	11493.9
913.28	11481.5
914.429	11473.1
915.578	11466.8
916.727	11491.4
917.875	11494.2
919.023	11491.2
920.171	11489.4
921.32	11479.4
922.467	11464.5
923.614	11462.5
924.761	11464.9
925.908	11469.5
927.055	11476.4
928.203	11484.7
929.349	11495.2
930.496	11506.8
931.642	11506.4
932.787	11491.8
933.933	11481
935.079	11465.3
936.224	11454.6
937.369	11443.4
938.514	11434.7
939.659	11433.9
940.804	11434.2
941.948	11436.2
943.092	11437.7
944.236	11437.4
945.38	11435.2
946.524	11421.1
947.667	11407.1
948.811	11386
949.954	11372.8
951.097	11352.8
952.24	11337.4
953.383	11321.9
954.525	11325.8
955.667	11352.8
956.81	11351.3
957.952	11342.5
959.093	11336.8
960.235	11333
961.376	11332
962.516	11331.7
963.658	11328.7
964.798	11321.9
965.939	11312.1
967.08	11299.7
968.22	11284
969.359	11269.4
970.499	11267
971.639	11273.7
972.779	11287.2
973.918	11308.9
975.056	11324.1
976.195	11333.9
977.334	11332.5
978.473	11321.2
979.61	11308.9
980.749	11298.4
981.887	11288.9
983.024	11280.4
984.162	11273
985.3	11266.8
986.437	11261.7
987.573	11258.4
988.711	11257
989.848	11259.1
990.983	11263.6
992.12	11270.6
993.255	11279.9
994.392	11276.6
995.528	11267
996.662	11258.9
997.798	11253.1
998.933	11251.5
1000.07	11257.3
1001.2	11263.8
1002.34	11272.5
1003.47	11285.6
1004.61	11296.3
1005.74	11299
1006.87	11291.4
1008.01	11271.1
1009.14	11258.3
1010.27	11249.3
1011.41	11244.8
1012.54	11242.1
1013.67	11242.7
1014.81	11246.3
1015.94	11252.5
1017.07	11260.8
1018.2	11269.4
1019.33	11269.2
1020.47	11258.8
1021.6	11243.5
1022.73	11225.3
1023.86	11209.3
1024.99	11195.8
1026.12	11188.8
1027.25	11186.1
1028.38	11188.3
1029.51	11153
1030.64	11142.1
1031.77	11137.6
1032.9	11138.8
1034.03	11142.4
1035.16	11127.9
1036.29	11112.7
1037.42	11101.3
1038.55	11088.7
1039.67	11078
1040.8	11071.2
1041.93	11066.4
1043.06	11062.4
1044.19	11056.4
1045.31	11045.2
1046.44	11011.7
1047.57	11002.3
1048.69	10999.7
1049.82	11000.9
1050.95	11006.2
1052.08	11021.8
1053.2	11022.2
1054.33	11011.5
1055.45	10987.5
1056.58	10962.2
1057.7	10945.2
1058.83	10940.9
1059.95	10946.8
1061.08	10954.9
1062.2	10967.2
1063.33	10985
1064.45	10996.9
1065.58	11000.9
1066.7	10999
1067.83	10983.3
1068.95	10964.7
1070.07	10940.9
1071.2	10926.9
1072.32	10919.7
1073.44	10920.1
1074.56	10925.7
1075.69	10926.5
1076.81	10928
1077.93	10929.9
1079.05	10929.6
1080.17	10927.8
1081.3	10924.6
1082.42	10920.4
1083.54	10909.5
1084.66	10901.1
1085.78	10904.1
1086.9	10914
1088.02	10933
1089.14	10950
1090.26	10960.7
1091.38	10968.9
1092.5	10964.3
1093.62	10952.2
1094.74	10939.3
1095.86	10939.2
1096.98	10943
1098.1	10953.1
1099.22	10957
1100.34	10958.3
1101.45	10954.4
1102.57	10928.6
1103.69	10918.1
1104.81	10917
1105.93	10916.7
1107.04	10917.8
1108.16	10918
1109.28	10916.6
1110.4	10913.1
1111.51	10907.6
1112.63	10900.6
1113.75	10892.2
1114.86	10883.7
1115.98	10874.7
1117.09	10864.5
1118.21	10853.9
1119.32	10842.9
1120.44	10831.6
1121.55	10820.2
1122.67	10808.4
1123.78	10794.8
1124.9	10780.8
1126.01	10766.3
1127.13	10751.2
1128.24	10735.1
1129.35	10718.4
1130.47	10700.4
1131.58	10684.9
1132.7	10677.5
1133.81	10673.4
1134.92	10674.9
1136.03	10666.5
1137.15	10658
1138.26	10647.8
1139.37	10631.8
1140.48	10613.8
1141.59	10593.2
1142.71	10577.1
1143.82	10573.4
1144.93	10576.7
1146.04	10594.9
1147.15	10597.5
1148.26	10593.6
1149.37	10588.6
1150.48	10579.1
1151.59	10569.9
1152.7	10569.1
1153.81	10566.7
1154.92	10557.8
1156.03	10545.2
1157.14	10531.6
1158.25	10517.3
1159.36	10508.7
1160.47	10506.9
1161.58	10508.6
1162.68	10511
1163.79	10513.7
1164.9	10501.5
1166.01	10483.4
1167.12	10477.3
1168.22	10469.6
1169.33	10478.2
1170.44	10493.3
1171.55	10507.6
1172.65	10516.4
1173.76	10522.2
1174.87	10526
1175.97	10520.3
1177.08	10499.5
1178.18	10492.1
1179.29	10493.2
1180.4	10495.7
1181.5	10500.1
1182.61	10506.4
1183.71	10514.4
1184.82	10520.5
1185.92	10522.8
1187.02	10523.3
1188.13	10521.5
1189.23	10518.1
1190.34	10513.5
1191.44	10508.1
1192.54	10504.2
1193.65	10502.1
1194.75	10500.5
1195.85	10499.4
1196.96	10497.8
1198.06	10497.3
1199.16	10498.3
1200.26	10503.6
1201.37	10509.6
1202.47	10513.4
1203.57	10515.3
1204.67	10515.7
1205.77	10510.8
1206.87	10501.1
1207.97	10488.9
1209.08	10476.8
1210.18	10468.3
1211.28	10464.1
1212.38	10467.2
1213.48	10469.8
1214.58	10472.2
1215.68	10473.6
1216.78	10473.4
1217.88	10472.8
1218.98	10471.3
1220.07	10469.1
1221.17	10466
1222.27	10462.2
1223.37	10456.6
1224.47	10442
1225.57	10427.7
1226.66	10412.8
1227.76	10398.1
1228.86	10382.2
1229.96	10380.9
1231.06	10378.6
1232.15	10379.9
1233.25	10383.7
1234.35	10384.3
1235.44	10383.1
1236.54	10369.8
1237.63	10351.1
1238.73	10335.8
1239.83	10323.7
1240.92	10315.2
1242.02	10310.8
1243.11	10311
1244.21	10301.4
1245.3	10291.3
1246.4	10280.9
1247.49	10260.9
1248.59	10255.1
1249.68	10264.7
1250.78	10277.2
1251.87	10287.4
1252.96	10307.5
1254.06	10317.1
1255.15	10304.3
1256.24	10289.8
1257.34	10265.6
1258.43	10248.8
1259.52	10247.3
1260.62	10244.3
1261.71	10236.6
1262.8	10233.8
1263.89	10233.9
1264.98	10228.6
1266.08	10207.5
1267.17	10205.4
1268.26	10204.7
1269.35	10224.5
1270.44	10256.3
1271.53	10273.3
1272.62	10265.8
1273.71	10253.2
1274.8	10243.4
1275.89	10235.7
1276.98	10233.5
1278.07	10233.6
1279.16	10233.3
1280.25	10234.2
1281.34	10236.1
1282.43	10237.7
1283.52	10237.8
1284.61	10227.3
1285.69	10219.2
1286.78	10211.6
1287.87	10218.1
1288.96	10218.8
1290.05	10222.8
1291.13	10232.6
1292.22	10230.5
1293.31	10228.5
1294.4	10223.2
1295.48	10213.1
1296.57	10217.8
1297.66	10221.4
1298.74	10226.5
1299.83	10230.2
1300.92	10230.2
1302	10228.9
1303.09	10225.5
1304.17	10220
1305.26	10212.8
1306.34	10204.3
1307.43	10190.4
1308.51	10175.6
1309.6	10160
1310.68	10149.3
1311.76	10149.2
1312.85	10151.7
1313.93	10160.4
1315.02	10174.5
1316.1	10191.5
1317.18	10205.6
1318.27	10211.4
1319.35	10212.1
1320.43	10208.6
1321.52	10200.6
1322.6	10188.8
1323.68	10173.5
1324.76	10156.2
1325.85	10152.5
1326.93	10153.5
1328.01	10144
1329.09	10134.1
1330.17	10117.3
1331.25	10110
1332.33	10105.4
1333.41	10099.7
1334.49	10084.7
1335.58	10065.6
1336.65	10059.1
1337.74	10057.7
1338.82	10055.8
1339.89	10054.3
1340.97	10053
1342.05	10052.2
1343.13	10051.3
1344.21	10050.5
1345.29	10048.7
1346.37	10045.1
1347.45	10042.1
1348.53	10048.8
1349.6	10051.2
1350.68	10051.6
1351.76	10051
1352.84	10047.1
1353.92	10039.4
1354.99	10027.5
1356.07	10019.5
1357.15	10009.9
1358.22	9996.96
1359.3	9995.71
1360.38	9994.78
1361.45	9995.34
1362.53	10000.4
1363.61	10008.3
1364.68	10014.1
1365.76	10017.3
1366.83	10016.3
1367.91	10013.9
1368.98	10008.3
1370.06	10001.6
1371.13	9992.67
1372.21	9983.57
1373.28	9975.61
1374.35	9971.62
1375.43	9973.4
1376.5	9974.86
1377.58	9975.51
1378.65	9976.58
1379.72	9978.2
1380.8	9980.23
1381.87	9981.31
1382.94	9983.19
1384.01	9991.13
1385.09	10009.5
1386.16	10002.2
1387.23	9978.98
1388.3	9945.1
1389.38	9919.7
1390.45	9907.07
1391.52	9906.85
1392.59	9904.94
1393.66	9906.65
1393.92	9906.5
1395	9918.45
1396.07	9931.25
1397.15	9936.41
1398.22	9927.84
1399.3	9923.2
1400.38	9916.64
1401.45	9909.37
1402.53	9901.05
1403.6	9891.15
1404.68	9881.26
1405.75	9875.48
1406.82	9882.03
1407.9	9887.4
1408.97	9890.25
1410.05	9890.76
1411.12	9888.99
1412.19	9883.04
1413.27	9871.65
1414.34	9857.16
1415.41	9838.89
1416.49	9817.45
1417.56	9792.13
1418.63	9781.97
1419.7	9776.9
1420.78	9778.41
1421.85	9795.56
1422.92	9810.28
1423.99	9825.64
1425.06	9835.85
1426.14	9832.45
1427.21	9830.33
1428.28	9827.42
1429.35	9822.25
1430.42	9813.07
1431.49	9800.39
1432.56	9784.73
1433.63	9766.1
1434.7	9745.66
1435.77	9738.81
1436.84	9732.77
1437.91	9743.24
1438.98	9751.61
1440.05	9754.08
1441.12	9750.64
1442.18	9744.18
1443.25	9739.32
1444.32	9733.32
1445.39	9726.09
1446.46	9719.31
1447.53	9718.62
1448.59	9719.92
1449.66	9724.89
1450.73	9727.99
1451.8	9729.46
1452.86	9729.64
1453.93	9728.06
1455	9724.98
1456.06	9720.34
1457.13	9714.12
1458.2	9706.28
1459.26	9696.84
1460.33	9685.68
1461.39	9672.79
1462.46	9658.21
1463.52	9646.07
1464.59	9632.73
1465.65	9627.22
1466.72	9631.82
1467.78	9646.1
1468.85	9664.08
1469.91	9671.65
1470.98	9676.69
1472.04	9677.57
1473.1	9673.92
1474.17	9663.44
1475.23	9655.1
1476.3	9650.39
1477.36	9647.11
1478.42	9645.16
1479.48	9644.84
1480.55	9645.28
1481.61	9645.97
1482.67	9646.69
1483.73	9646.1
1484.8	9643.58
1485.86	9639.03
1486.92	9634.62
1487.98	9629.64
1489.04	9625.37
1490.1	9623.22
1491.17	9627.81
1492.23	9630.56
1493.29	9630.93
1494.35	9628.32
1495.41	9624.39
1496.47	9618.85
1497.53	9612.56
1498.59	9600.84
1499.65	9588
1500.71	9573.14
1501.77	9558.4
1502.83	9547.83
1503.88	9541.51
1504.94	9536.79
1506	9534.26
1507.06	9533.98
1508.12	9536.25
1509.18	9540.68
1510.23	9538.62
1511.29	9530.83
1512.35	9515.99
1513.41	9498.31
1514.47	9486.66
1515.52	9478.77
1516.58	9474.99
1517.64	9475.22
1518.69	9479.98
1519.75	9488.85
1520.81	9485.81
1521.86	9480.14
1522.92	9470.1
1523.97	9455.35
1525.03	9437.88
1526.08	9436.11
1527.14	9432.58
1528.2	9427.11
1529.25	9420.09
1530.31	9412.4
1531.36	9402.16
1532.42	9393.81
1533.47	9390.53
1534.52	9388.73
1535.58	9388.97
1536.63	9400.56
1537.69	9413.17
1538.74	9416.86
1539.79	9418.66
1540.84	9419.75
1541.9	9429.04
1542.95	9418.56
1544	9402.85
1545.06	9375.46
1546.11	9340.32
1547.16	9320.35
1548.21	9334.8
1549.27	9344.42
1550.32	9353.31
1551.37	9361.04
1552.42	9362.22
1553.47	9358.24
1554.52	9355.75
1555.57	9353.08
1556.62	9350.59
1557.67	9349.32
1558.72	9353.24
1559.77	9358.32
1560.82	9363.82
1561.87	9368.5
1562.92	9371.69
1563.97	9373.18
1565.02	9371.91
1566.07	9369.06
1567.12	9359.48
1568.17	9348.48
1569.22	9338.31
1570.27	9331.11
1571.32	9334.29
1572.36	9338.27
1573.41	9344.02
1574.46	9346.89
1575.51	9347.97
1576.56	9347.45
1577.6	9345
1578.65	9340.4
1579.7	9332.49
1580.74	9321.01
1581.79	9301.12
1582.84	9278.26
1583.88	9263.89
1584.93	9255.89
1585.98	9256.38
1587.02	9266.79
1588.07	9273.39
1589.11	9291.66
1590.16	9304.22
1591.2	9310.61
1592.25	9310.25
1593.29	9299.52
1594.34	9284.16
1595.38	9265.24
1596.43	9227.13
1597.47	9203.71
1598.52	9186.92
1599.56	9176.57
1600.6	9186.23
1601.65	9195.11
1602.69	9189.62
1603.73	9187.29
1604.78	9184.93
1605.82	9181.52
1606.86	9177.1
1607.91	9171.94
1608.95	9165.83
1609.99	9159.19
1611.03	9151.46
1612.08	9142.67
1613.12	9132.44
1614.16	9120.56
1615.2	9107.19
1616.24	9090.41
1617.28	9071.05
1618.32	9062.05
1619.36	9060.9
1620.41	9063.06
1621.45	9065.2
1622.49	9067.03
1623.53	9068.82
1624.57	9070.81
1625.61	9061.1
1626.65	9051.2
1627.69	9033.36
1628.73	9013.37
1629.76	8994.23
1630.8	8981.88
1631.84	8968.89
1632.88	8966.25
1633.92	8965.13
1634.96	8964.95
1636	8962.38
1637.03	8960.29
1638.07	8957.41
1639.11	8951.8
1640.15	8946.37
1641.19	8940.11
1642.22	8933.94
1643.26	8928.31
1644.3	8925.23
1645.33	8928.13
1646.37	8929.9
1647.41	8931.52
1648.44	8934.82
1649.48	8929.09
1650.52	8922.4
1651.55	8915.51
1652.59	8908.32
1653.62	8901.04
1654.66	8896.2
1655.69	8904.95
1656.73	8905.03
1657.76	8899.69
1658.8	8890.71
1659.83	8869.81
1660.87	8846.55
1661.9	8833.6
1662.93	8827.47
1663.97	8826.01
1665	8833.45
1666.04	8842.54
1667.07	8855.04
1668.1	8867
1669.14	8874
1670.17	8877.52
1671.2	8876.47
1672.23	8869.47
1673.27	8858.29
1674.3	8850.02
1675.33	8835.98
1676.36	8818.41
1677.39	8805.16
1678.43	8792.72
1679.46	8781.19
1680.49	8771.5
1681.52	8764.83
1682.55	8759.34
1683.58	8755.41
1684.61	8752.58
1685.64	8750.91
1686.67	8749.94
1687.7	8750.69
1688.73	8752.87
1689.76	8756.55
1690.79	8762.02
1691.82	8769.08
1692.85	8777.99
1693.88	8788.93
1694.91	8789.97
1695.94	8758.88
1696.97	8683.1
1698	8726.37
1699.02	8747.25
1700.05	8743.08
1701.08	8733.83
1702.11	8721.27
1703.14	8703.91
1704.16	8691.45
1705.19	8680.72
1706.22	8670.92
1707.25	8663.72
1708.27	8663.19
1709.3	8657.43
1710.33	8640.95
1711.35	8624.29
1712.38	8608.44
1713.41	8599.78
1714.43	8600.1
1715.46	8600.77
1716.48	8604.2
1717.51	8601.77
1718.53	8600.16
1719.56	8595.19
1720.58	8589.67
1721.61	8583.57
1722.63	8577.29
1723.66	8571.89
1724.68	8566.08
1725.71	8558.19
1726.73	8548.05
1727.75	8530.28
1728.78	8524.13
1729.8	8521.33
1730.83	8521.08
1731.85	8523.77
1732.87	8530.26
1733.89	8530.14
1734.92	8528.23
1735.94	8526.79
1736.96	8517.34
1737.98	8501.3
1739.01	8484.7
1740.03	8467.45
1741.05	8463.54
1742.07	8463.18
1743.09	8470.15
1744.12	8483.36
1745.14	8477.21
1746.16	8453.18
1747.18	8436.2
1748.2	8421.88
1749.22	8423.27
1750.24	8431.18
1751.26	8432.45
1752.28	8436.11
1753.3	8442.39
1754.32	8444.81
1755.34	8435.04
1756.36	8420.44
1757.38	8407.65
1758.4	8396.58
1759.42	8386.08
1760.44	8375.44
1761.45	8366.2
1762.47	8358.15
1763.49	8351.63
1764.51	8346.55
1765.53	8344.33
1766.55	8343
1767.56	8345.11
1768.58	8347.55
1769.6	8348.57
1770.61	8341.41
1771.63	8324.02
1772.65	8313.32
1773.67	8306.32
1774.68	8305.71
1775.7	8307.34
1776.72	8305.48
1777.73	8301.55
1778.75	8292.77
1779.76	8282.98
1780.78	8273.14
1781.79	8275.98
1782.81	8288.56
1783.83	8277.28
1784.84	8269.16
1785.85	8258.96
1786.87	8250.04
1787.88	8242.02
1788.9	8233.82
1789.91	8225.81
1790.93	8217.91
1791.94	8210.14
1792.95	8202.07
1793.97	8194.78
1794.98	8204.19
1796	8199.95
1797.01	8196.55
1798.02	8183.44
1799.03	8171.16
1800.05	8172.42
1801.06	8181.33
1802.07	8174.11
1803.08	8162.65
1804.1	8153.25
1805.11	8149.07
1806.12	8144.73
1807.13	8141.09
1808.14	8144.9
1809.15	8144.96
1810.17	8140.07
1811.18	8131.66
1812.19	8119.21
1813.2	8103.21
1814.21	8085.29
1815.22	8068.34
1816.23	8053.22
1817.24	8041.01
1818.25	8029.34
1819.26	8020.23
1820.27	8020.85
1821.28	8037.79
1822.29	8040.49
1823.3	8037.11
1824.3	8028.33
1825.31	8012.2
1826.32	7995.7
1827.33	7981.83
1828.34	7960.51
1829.35	7952.77
1830.35	7953.04
1831.36	7955.22
1832.37	7960.65
1833.38	7964.59
1834.38	7965.04
1835.39	7964.16
1836.4	7961.87
1837.41	7958.02
1838.41	7951.97
1839.42	7944.3
1840.43	7934.92
1841.43	7924.67
1842.44	7915.79
1843.44	7907.05
1844.45	7898.43
1845.46	7892.1
1846.46	7885.29
1847.47	7875.34
1848.47	7861.02
1849.48	7849.97
1850.48	7837.42
1851.49	7833.6
1852.49	7831.99
1853.49	7833.64
1854.5	7839.32
1855.5	7839.45
1856.51	7838.27
1857.51	7818.84
1858.51	7804.48
1859.52	7792.77
1860.52	7779.78
1861.52	7767.64
1862.53	7755.76
1863.53	7753.5
1864.53	7753.65
1865.54	7759.25
1866.54	7760.41
1867.54	7759.11
1868.54	7759.54
1869.54	7757.9
1870.55	7751.78
1871.55	7741.75
1872.55	7727.29
1873.55	7709.31
1874.55	7703.4
1875.55	7707.85
1876.55	7715.86
1877.55	7711.48
1878.55	7704.61
1879.55	7696.43
1880.56	7686.37
1881.55	7674.7
1882.56	7672.52
1883.55	7675.44
1884.55	7685.23
1885.55	7697.91
1886.55	7702.35
1887.55	7701.52
1888.55	7690.55
1889.55	7674.68
1890.55	7658.37
1891.55	7643.73
1892.55	7641.95
1893.54	7632.31
1894.54	7624.98
1895.54	7614.59
1896.54	7601.87
1897.54	7585.45
1898.53	7570.13
1899.53	7562.51
1900.53	7558.89
1901.52	7559.74
1902.52	7561.47
1903.52	7574.31
1904.51	7587.89
1905.51	7591.63
1906.51	7586.75
1907.5	7565.35
1908.5	7501.71
1909.49	7434.15
1910.49	7513.11
1911.49	7510.13
1912.48	7506.68
1913.48	7499.06
1914.47	7495.33
1915.46	7488.84
1916.46	7481.5
1917.45	7473.86
1918.45	7466.19
1919.44	7458.71
1920.44	7451.51
1921.43	7445.72
1922.43	7442.71
1923.42	7438.46
1924.41	7432.98
1925.41	7423.71
1926.4	7418.66
1927.39	7413.94
1928.38	7409.98
1929.38	7409.26
1930.37	7405.82
1931.36	7398.28
1932.35	7386
1933.35	7368.55
1934.34	7354.51
1935.33	7343.7
1936.32	7334.7
1937.31	7328.45
1938.3	7324.28
1939.29	7322.34
1940.29	7322.15
1941.28	7323.09
1942.27	7324.93
1943.26	7312.67
1944.25	7299.38
1945.24	7285.56
1946.23	7276.3
1947.22	7271.15
1948.21	7270.09
1949.2	7274.23
1950.19	7276.03
1951.18	7274.77
1952.17	7268.97
1953.16	7257.72
1954.14	7238.69
1955.13	7223.75
1956.12	7214.46
1957.11	7209.72
1958.1	7208.09
1959.09	7208.69
1960.07	7210.95
1961.06	7207.85
1962.05	7198.9
1963.04	7183.18
1964.02	7167.05
1965.01	7151
1966	7135.55
1966.99	7139.04
1967.97	7154.55
1968.96	7166.3
1969.95	7176.15
1970.93	7183.94
1971.92	7135.99
1972.9	7092.85
1973.89	7112.43
1974.88	7111.41
1975.86	7107.62
1976.85	7102.33
1977.83	7094.68
1978.82	7091.61
1979.8	7095.59
1980.79	7085.63
1981.77	7072.22
1982.76	7052.57
1983.74	7044.52
1984.72	7042.09
1985.71	7041.73
1986.69	7046.45
1987.67	7042.76
1988.66	7037.83
1989.64	7031.97
1990.62	7024.79
1991.61	7016.91
1992.59	7008.19
1993.57	6999.1
1994.56	6989.72
1995.54	6980.57
1996.52	6972.11
1997.5	6964.16
1998.49	6960.06
1999.47	6963.47
2000.45	6973.04
2001.43	6972.72
2002.41	6971.56
2003.39	6970.59
2004.38	6967.83
2005.36	6964.47
2006.34	6958.97
2007.32	6951.74
2008.3	6939.34
2009.28	6924.55
2010.26	6915.16
2011.24	6902
2012.22	6897.81
2013.2	6897.24
2014.18	6896.3
2015.16	6894.32
2016.14	6891.22
2017.12	6886.97
2018.1	6876.23
2019.07	6864.15
2020.05	6850.44
2021.03	6835.41
2022.01	6820.71
2022.99	6809.49
2023.97	6799.88
2024.95	6792.7
2025.92	6788.44
2026.9	6786.49
2027.88	6786.93
2028.86	6789.57
2029.83	6794.08
2030.81	6799.07
2031.79	6783.42
2032.76	6772.15
2033.74	6747.25
2034.72	6732.83
2035.69	6728.62
2036.67	6719.75
2037.65	6705.64
2038.62	6693.5
2039.6	6682.27
2040.57	6667.75
2041.55	6656.93
2042.52	6663.34
2043.5	6669.01
2044.47	6683.41
2045.45	6697.46
2046.42	6703.43
2047.4	6684.89
2048.37	6630.96
2049.35	6632.65
2050.32	6616.83
2051.29	6609.6
2052.27	6605.62
2053.24	6602.3
2054.21	6598.71
2055.19	6593.92
2056.16	6587.93
2057.13	6580.9
2058.11	6572.22
2059.08	6561.98
2060.05	6549.41
2061.02	6560.19
2062	6569.81
2062.97	6567.24
2063.94	6552.52
2064.91	6526.66
2065.89	6497.96
2066.86	6500.68
2067.83	6501.6
2068.8	6508.14
2069.77	6512.95
2070.74	6522.19
2071.71	6530.87
2072.68	6525.76
2073.65	6515.98
2074.62	6505.06
2075.59	6494.53
2076.56	6485.05
2077.53	6474.98
2078.5	6465
2079.47	6455.22
2080.44	6445.59
2081.41	6436.2
2082.38	6427.08
2083.35	6418.91
2084.32	6411.57
2085.29	6405.35
2086.26	6403.23
2087.23	6397.4
2088.19	6384.46
2089.16	6377.21
2090.13	6372.52
2091.1	6366.72
2092.07	6361.67
2093.03	6357.06
2094	6353.13
2094.97	6350.15
2095.94	6349.2
2096.9	6350.08
2097.87	6350.04
2098.84	6349.65
2099.8	6345.06
2100.77	6326.23
2101.74	6308.47
2102.7	6293.95
2103.67	6282.75
2104.63	6272.94
2105.6	6264.41
2106.56	6257.47
2107.53	6252.66
2108.49	6249.57
2109.46	6248.08
2110.42	6248.12
2111.39	6249.18
2112.35	6247.43
2113.32	6244.33
2114.28	6239.6
2115.25	6232.58
2116.21	6225.09
2117.17	6217.72
2118.14	6211.21
2119.1	6208.09
2120.07	6203.82
2121.03	6202.67
2121.99	6201.82
2122.96	6200.26
2123.92	6193.34
2124.88	6181.12
2125.84	6170.67
2126.81	6169.85
2127.77	6176.54
2128.73	6167.25
2129.69	6159.58
2130.65	6153.46
2131.62	6141.12
2132.58	6121.07
2133.54	6106.01
2134.5	6101.26
2135.46	6102.73
2136.42	6106.59
2137.38	6105.48
2138.34	6101.43
2139.3	6094.46
2140.26	6085.6
2141.22	6075.24
2142.18	6064.21
2143.14	6054.13
2144.1	6045.56
2145.06	6038.33
2146.02	6033.94
2146.98	6030.96
2147.94	6027.84
2148.9	6026.76
2149.86	6026.16
2150.82	6024.74
2151.78	6018.93
2152.74	5994.98
2153.69	5994.46
2154.65	5995.94
2155.61	5993.96
2156.57	5990.36
2157.53	5982.67
2158.48	5965.92
2159.44	5896.66
2160.4	5994.81
2161.36	5961.42
2162.31	5968.29
2163.27	5908.77
2164.23	5860.22
2165.18	5864.41
2166.14	5875.4
2167.1	5878.22
2168.05	5879.46
2169.01	5878.89
2169.96	5875.58
2170.92	5861.26
2171.88	5850.32
2172.83	5840.91
2173.79	5827.74
2174.74	5821.99
2175.7	5816.58
2176.65	5809.96
2177.6	5802.92
2178.56	5794.29
2179.51	5784.54
2180.47	5773.33
2181.42	5761.03
2182.38	5747.34
2183.33	5732.7
2184.28	5722.24
2185.24	5715.45
2186.19	5712.33
2187.14	5709.04
2188.1	5706.18
2189.05	5703.9
2190	5702.3
2190.96	5700.97
2191.91	5699.66
2192.86	5697.29
2193.81	5694.72
2194.76	5691.9
2195.72	5689.02
2196.67	5682.77
2197.62	5672.13
2198.57	5659.53
2199.52	5645.96
2200.47	5635.45
2201.43	5627.24
2202.38	5621.29
2203.33	5616.74
2204.28	5614.36
2205.23	5611.66
2206.18	5598.01
2207.13	5588.83
2208.08	5584.66
2209.03	5585.95
2209.98	5593.54
2210.93	5594.89
2211.88	5590.71
2212.83	5577.88
2213.78	5570.25
2214.73	5561.53
2215.67	5547.65
2216.62	5535.52
2217.57	5524.92
2218.52	5518.01
2219.47	5516.34
2220.42	5520.65
2221.37	5522.31
2222.31	5521.66
2223.26	5518.41
2224.21	5512.77
2225.16	5503.69
2226.1	5500.45
2227.05	5496.49
2228	5498.95
2228.94	5499.67
2229.89	5500.57
2230.84	5501.24
2231.78	5501.4
2232.73	5489.79
2233.68	5481.99
2234.62	5477.1
2235.57	5474.88
2236.51	5468.6
2237.46	5460.19
2238.41	5442.04
2239.35	5432.8
2240.3	5429.6
2241.24	5433.94
2242.19	5459.41
2243.13	5473.5
2244.07	5471.75
2245.02	5465.76
2245.96	5455.52
2246.91	5440.8
2247.85	5428.61
2248.8	5425.77
2249.74	5419.82
2250.68	5414.42
2251.63	5411.29
2252.57	5408.87
2253.51	5408.1
2254.46	5407.55
2255.4	5405.71
2256.34	5402.78
2257.28	5393.39
2258.23	5386.62
2259.17	5381.3
2260.11	5378.55
2261.05	5381.73
2262	5389.59
2262.94	5396.71
2263.88	5404.23
2264.82	5407.45
2265.76	5407.31
2266.7	5403.97
2267.64	5397.35
2268.58	5388.41
2269.53	5377.74
2270.47	5370.14
2271.41	5364.04
2272.35	5361
2273.29	5358.57
2274.23	5356.29
2275.17	5354.51
2276.11	5353.39
2277.05	5352.9
2277.99	5353.46
2278.93	5354.28
2279.86	5354.93
2280.8	5353.25
2281.74	5341.32
2282.68	5327.73
2283.62	5325.9
2284.56	5328.38
2285.5	5330.25
2286.44	5330.9
2287.37	5332.42
2288.31	5332.5
2289.25	5331.33
2290.19	5330.42
2291.12	5326.98
2292.06	5320.21
2293	5315.31
2293.94	5312.08
2294.87	5310.11
2295.81	5309.19
2296.75	5309.35
2297.68	5310.48
2298.62	5309.83
2299.55	5307.1
2300.49	5299.43
2301.43	5289.63
2302.36	5280.4
2303.3	5273.56
2304.23	5268.46
2305.17	5264.69
2306.1	5262.06
2307.04	5260.18
2307.98	5258.88
2308.91	5258.16
2309.84	5257.63
2310.78	5255.88
2311.71	5244.71
2312.65	5228.24
2313.58	5222.49
2314.52	5224.1
2315.45	5226.54
2316.38	5222.46
2317.32	5213.11
2317.72	5209.05
2318.66	5200.38
2319.6	5190.43
2320.54	5178.38
2321.48	5164.55
2322.41	5153.33
2323.35	5144.26
2324.29	5140.16
2325.23	5128.45
2326.16	5141.54
2327.1	5151.75
2328.04	5155.72
2328.97	5152.72
2329.91	5141.83
2330.85	5119.96
2331.78	5119.17
2332.72	5141.2
2333.66	5137.66
2334.59	5130.01
2335.53	5119.48
2336.46	5098.08
2337.4	5091.56
2338.33	5086.22
2339.27	5082.09
2340.2	5079.2
2341.14	5077.4
2342.07	5076.83
2343.01	5075.78
2343.94	5073.08
2344.88	5067.86
2345.81	5060.62
2346.75	5052.02
2347.68	5043.84
2348.61	5040.56
2349.55	5035.29
2350.48	5036.67
2351.41	5042.61
2352.35	5050.09
2353.28	5055.49
2354.21	5049.14
2355.15	5042.44
2356.08	5039.85
2357.01	5037.53
2357.94	5033.94
2358.88	5029.6
2359.81	5024.57
2360.74	5019
2361.67	5012.73
2362.6	5005.35
2363.54	4997.25
2364.47	4988.3
2365.4	4979.37
2366.33	4972.96
2367.26	4971.28
2368.19	4969.7
2369.12	4970.72
2370.05	4973.63
2370.98	4978.16
2371.91	4982.88
2372.84	4977.45
2373.77	4972.29
2374.7	4956.88
2375.63	4942.29
2376.56	4933.45
2377.49	4929.46
2378.42	4929.58
2379.35	4930.96
2380.28	4935.86
2381.21	4946.52
2382.14	4955.88
2383.07	4958.9
2384	4955.97
2384.92	4946.22
2385.85	4932.75
2386.78	4919.35
2387.71	4903.99
2388.64	4892.85
2389.56	4886.7
2390.49	4885.3
2391.42	4889.52
2392.35	4891.64
2393.27	4889.32
2394.2	4882.94
2395.13	4875.09
2396.05	4872.26
2396.98	4870.38
2397.91	4870.85
2398.83	4870.42
2399.76	4869.53
2400.69	4868.02
2401.61	4866.29
2402.54	4863.77
2403.46	4857.12
2404.39	4848.81
2405.31	4838.63
2406.24	4825.95
2407.17	4819.79
2408.09	4812.25
2409.01	4808.23
2409.94	4808.47
2410.86	4811.63
2411.79	4806.06
2412.71	4801.05
2413.64	4812.48
2414.56	4841.26
2415.49	4840.73
2416.41	4837.32
2417.33	4800.96
2418.26	4783.05
2419.18	4780.44
2420.1	4796.94
2421.03	4802.94
2421.95	4806.66
2422.87	4799.44
2423.79	4790.04
2424.72	4781.71
2425.64	4766.75
2426.56	4752.41
2427.48	4740.25
2428.41	4729.61
2429.33	4720.97
2430.25	4713.62
2431.17	4707.22
2432.09	4701.68
2433.01	4696.79
2433.93	4692.42
2434.86	4688.29
2435.78	4683.49
2436.7	4679.61
2437.62	4678.35
2438.54	4678.89
2439.46	4684.32
2440.38	4689.5
2441.3	4683.14
2442.22	4673.32
2443.14	4659.89
2444.06	4648.19
2444.98	4637.86
2445.9	4633.87
2446.82	4634.29
2447.73	4631.37
2448.65	4626.35
2449.57	4621.05
2450.49	4614.74
2451.41	4607.16
2452.33	4598.9
2453.25	4589.39
2454.17	4580.66
2455.08	4577.53
2456	4578.02
2456.92	4578.57
2457.84	4578.27
2458.75	4577.49
2459.67	4575.87
2460.59	4573.44
2461.51	4569.63
2462.42	4564.47
2463.34	4557.64
2464.26	4550.76
2465.17	4545.07
2466.09	4540.27
2467	4537.03
2467.92	4537.63
2468.84	4529.1
2469.75	4516.1
2470.67	4502.69
2471.58	4503.78
2472.5	4512.16
2473.42	4523.77
2474.33	4523.18
2475.25	4522.65
2476.16	4519.81
2477.08	4515.47
2477.99	4505.75
2478.9	4493.74
2479.82	4480.29
2480.73	4469.89
2481.65	4470.81
2482.56	4474.42
2483.47	4482.45
2484.39	4481.65
2485.3	4478.86
2486.22	4474.09
2487.13	4467.76
2488.04	4460.06
2488.96	4453.72
2489.87	4458.79
2490.78	4456.71
2491.69	4449.51
2492.61	4440.33
2493.52	4432.06
2494.43	4425.5
2495.34	4419.22
2496.25	4413.9
2497.17	4409.81
2498.08	4406.51
2498.99	4404.52
2499.9	4403.51
2500.81	4403.42
2501.72	4403.24
2502.63	4400.68
2503.55	4398.22
2504.46	4388.38
2505.37	4382.62
2506.28	4369.79
2507.19	4382.31
2508.1	4396.28
2509.01	4402.14
2509.92	4398.65
2510.83	4375.29
2511.74	4362.57
2512.65	4369.49
2513.56	4375.91
2514.47	4375.95
2515.37	4365.93
2516.28	4359.44
2517.19	4356.25
2518.1	4351.57
2519.01	4347.84
2519.92	4341.88
2520.83	4335.95
2521.73	4331.08
2522.64	4327.41
2523.55	4325.34
2524.46	4324.87
2525.37	4322.57
2526.27	4318.17
2527.18	4312.39
2528.09	4307.13
2529	4306.05
2529.9	4302.01
2530.81	4317.6
2531.72	4322.27
2532.62	4323.21
2533.53	4314.36
2534.44	4293.43
2535.34	4293.66
2536.25	4294.34
2537.15	4309.72
2538.06	4301.46
2538.96	4271.26
2539.87	4252.06
2540.78	4236.26
2541.68	4278.4
2542.59	4290.33
2543.49	4280.56
2544.4	4267.21
2545.3	4261.67
2546.21	4254.54
2547.11	4248.7
2548.01	4242.86
2548.92	4231.47
2549.82	4223.11
2550.73	4214.62
2551.63	4208.95
2552.53	4208.1
2553.44	4206.21
2554.34	4216.78
2555.24	4207.15
2556.15	4198.08
2557.05	4190.33
2557.95	4184.65
2558.86	4197.16
2559.76	4197.3
2560.66	4185.17
2561.56	4175.77
2562.46	4167.43
2563.37	4158.68
2564.27	4149.44
2565.17	4139.17
2566.07	4130.37
2566.97	4122.76
2567.88	4116.72
2568.78	4112.23
2569.68	4110.79
2570.58	4111.99
2571.48	4115.35
2572.38	4120.19
2573.28	4122.81
2574.18	4121.85
2575.08	4120.22
2575.98	4117.42
2576.88	4112.68
2577.78	4106.97
2578.68	4099.47
2579.58	4090.93
2580.48	4082.56
2581.38	4074.91
2582.28	4077.73
2583.18	4077.67
2584.08	4077.28
2584.98	4076.04
2585.88	4074.75
2586.77	4072.44
2587.67	4068.29
2588.57	4062.53
2589.47	4052.37
2590.37	4038.94
2591.27	4029.14
2592.16	4019.6
2593.06	4010.43
2593.96	3993.97
2594.86	3994.47
2595.75	3994.43
2596.65	3992.61
2597.55	3989.4
2598.45	3988.18
2599.34	3988.3
2600.24	3987.87
2601.13	3987.42
2602.03	3986.26
2602.93	3984.01
2603.82	3981.36
2604.72	3978.04
2605.62	3974.19
2606.51	3969.61
2607.41	3964.47
2608.3	3958.76
2609.2	3953.04
2610.09	3949.97
2610.99	3948.76
2611.88	3947.31
2612.78	3947.49
2613.67	3945.77
2614.57	3941.98
2615.46	3933.89
2616.36	3928.11
2617.25	3922.87
2618.14	3918.37
2619.04	3915.56
2619.93	3912.77
2620.83	3908.54
2621.72	3904.49
2622.61	3900
2623.5	3896.44
2624.4	3893.9
2625.29	3891.17
2626.18	3888.23
2627.08	3885.08
2627.97	3881.8
2628.86	3876.67
2629.75	3870.3
2630.65	3862.89
2631.54	3854.67
2632.43	3844.61
2633.32	3840.99
2634.21	3844.09
2635.11	3849.64
2636	3853.05
2636.89	3850.4
2637.78	3843.06
2638.67	3830.31
2639.56	3821.37
2640.45	3812.18
2641.34	3803.81
2642.23	3793.93
2643.12	3790.58
2644.01	3791
2644.9	3795.12
2645.79	3792.15
2646.68	3787.03
2647.57	3780.36
2648.46	3773.42
2649.35	3764.16
2650.24	3753.52
2651.13	3745.32
2652.02	3738.89
2652.91	3739.45
2653.8	3737.34
2654.69	3731.93
2655.58	3724.78
2656.46	3716.55
2657.35	3709.92
2658.24	3703.52
2659.13	3697.64
2660.02	3692.35
2660.9	3687.48
2661.79	3683.17
2662.68	3679.38
2663.57	3676.35
2664.45	3675.18
2665.34	3676.34
2666.23	3682.7
2667.11	3686.93
2668	3692.01
2668.89	3693.51
2669.77	3692.98
2670.66	3690.35
2671.55	3680.95
2672.43	3674.33
2673.32	3666.9
2674.21	3666.96
2675.09	3666.6
2675.98	3666.13
2676.86	3665.29
2677.75	3663.95
2678.63	3661.56
2679.52	3657.82
2680.4	3652.81
2681.29	3646.83
2682.17	3640.44
2683.06	3631.13
2683.94	3618.06
2684.82	3604.85
2685.71	3596.64
2686.59	3600.21
2687.48	3601.24
2688.36	3592.03
2689.24	3582.51
2690.13	3579.78
2691.01	3579.47
2691.89	3579.3
2692.78	3577.05
2693.66	3574.88
2694.54	3572.14
2695.43	3569.19
2696.31	3565.56
2697.19	3561.36
2698.07	3557.31
2698.96	3553.64
2699.84	3551.85
2700.72	3550.55
2701.6	3546.08
2702.48	3539.88
2703.36	3528.94
2704.25	3521.44
2705.13	3514.92
2706.01	3509.34
2706.89	3506.57
2707.77	3504.27
2708.65	3502.16
2709.53	3499.63
2710.41	3493.16
2711.29	3478.57
2712.17	3458.09
2713.05	3454.79
2713.93	3457.14
2714.81	3464.49
2715.69	3469.22
2716.57	3471.94
2717.45	3472.28
2718.33	3471.44
2719.21	3469.59
2720.09	3466.46
2720.97	3462.04
2721.85	3456.51
2722.73	3450.02
2723.61	3443.14
2724.48	3441.63
2725.36	3458.46
2726.24	3455.49
2727.12	3451.08
2728	3445.61
2728.88	3438.17
2729.75	3428.21
2730.63	3416.18
2731.51	3404.08
2732.39	3408.34
2733.26	3415.48
2734.14	3412.88
2735.02	3409.39
2735.89	3391.75
2736.77	3389.74
2737.65	3385.77
2738.52	3381.16
2739.4	3375.53
2740.28	3369.71
2741.15	3363.15
2742.03	3357.55
2742.9	3350.65
2743.78	3344.43
2744.65	3339.94
2745.53	3340.79
2746.41	3350.26
2747.28	3349.73
2748.16	3346.54
2749.03	3342.51
2749.91	3338.49
2750.78	3337.95
2751.66	3338.11
2752.53	3338.37
2753.4	3340.7
2754.28	3344.01
2755.15	3347.43
2756.02	3348.41
2756.9	3340.87
2757.77	3330.1
2758.65	3324.59
2759.52	3320.54
2760.39	3316.97
2761.27	3313.18
2762.14	3309.66
2763.01	3306.34
2763.88	3303.26
2764.76	3300.3
2765.63	3297.5
2766.5	3294.37
2767.37	3289.81
2768.25	3280.34
2769.12	3272.79
2769.99	3267.34
2770.86	3259.79
2771.73	3259.47
2772.61	3261.27
2773.48	3267.59
2774.35	3272.44
2775.22	3270.6
2776.09	3263.67
2776.96	3256.48
2777.83	3243.38
2778.7	3235.64
2779.57	3224.97
2780.44	3226.43
2781.31	3229.53
2782.18	3231.51
2783.05	3233.24
2783.92	3233.12
2784.79	3231.18
2785.66	3227.64
2786.53	3223.36
2787.4	3217.41
2788.27	3211.02
2789.14	3205.29
2790.01	3200.62
2790.88	3199.55
2791.75	3198.74
2792.62	3200.87
2793.48	3199.45
2794.35	3195.69
2795.22	3189.09
2796.09	3181.2
2796.96	3168.62
2797.82	3160.78
2798.69	3156.04
2799.56	3157.67
2800.43	3161.65
2801.29	3152.86
2802.16	3143.66
2803.03	3135.59
2803.9	3134.97
2804.76	3149.42
2805.63	3155.82
2806.5	3161.44
2807.36	3164.88
2808.23	3160.82
2809.09	3147.65
2809.96	3138.67
2810.83	3125
2811.69	3116.9
2812.56	3112.31
2813.42	3113.29
2814.29	3116.93
2815.15	3119.19
2816.02	3118.4
2816.88	3117.34
2817.75	3115.29
2818.61	3112.41
2819.48	3108.65
2820.34	3103.75
2821.21	3098.16
2822.07	3092.86
2822.94	3087.86
2823.8	3084.36
2824.66	3081.8
2825.53	3080.77
2826.39	3079.01
2827.26	3077.11
2828.12	3074.4
2828.98	3067.27
2829.85	3060.15
2830.71	3051.46
2831.57	3044.21
2832.43	3039.25
2833.3	3041.97
2834.16	3044.93
2835.02	3047.26
2835.88	3048.64
2836.75	3049.4
2837.61	3049.59
2838.47	3049.15
2839.33	3047.86
2840.19	3044.49
2841.06	3040.05
2841.92	3034.69
2842.78	3028.67
2843.64	3021.86
2844.5	3014.44
2845.36	3004.7
2846.22	3000.79
2847.08	3006.44
2847.94	3015.56
2848.81	3017.19
2849.67	3013.09
2850.53	3003.33
2851.39	2998.2
2852.25	2992.94
2853.11	2988.17
2853.97	2986.33
2854.82	2986.52
2855.68	2988.57
2856.54	2992.01
2857.4	2997.1
2858.26	3001.87
2859.12	2993.99
2859.98	2986.73
2860.84	2977.69
2861.7	2970.25
2862.56	2967.54
2863.41	2973.63
2864.27	2971.2
2865.13	2968.79
2865.99	2963.21
2866.85	2958.53
2867.7	2954.1
2868.56	2950.09
2869.42	2947.13
2870.28	2948.54
2871.13	2950.1
2871.99	2946.96
2872.85	2942.73
2873.7	2937.25
2874.56	2932.51
2875.42	2931.98
2876.27	2931.05
2877.13	2931.32
2877.99	2933.4
2878.84	2935.62
2879.7	2936.68
2880.56	2929.82
2881.41	2922.85
2882.27	2916.17
2883.12	2910.09
2883.98	2904.15
2884.83	2897.15
2885.69	2889.78
2886.54	2886.05
2887.4	2885.14
2888.25	2885.2
2889.11	2882.87
2889.96	2880.12
2890.82	2878.33
2891.67	2871.04
2892.52	2865.14
2893.38	2858.87
2894.23	2852.21
2895.09	2850.94
2895.94	2853.46
2896.79	2858.57
2897.65	2862.38
2898.5	2867.57
2899.35	2871.14
2900.21	2858.67
2901.06	2843.68
2901.91	2826.62
2902.76	2810
2903.62	2812.41
2904.47	2813.54
2905.32	2813.99
2906.17	2814.81
2907.03	2818.23
2907.88	2820.07
2908.73	2810.77
2909.58	2801.11
2910.43	2796
2911.28	2793.24
2912.14	2790.87
2912.99	2788.66
2913.84	2786.14
2914.69	2783.88
2915.54	2781.7
2916.39	2779.54
2917.24	2777.27
2918.09	2774.75
2918.94	2771.95
2919.79	2768.72
2920.64	2764.65
2921.49	2760.28
2922.34	2755.53
2923.19	2750.33
2924.04	2744.75
2924.89	2738.71
2925.74	2733.09
2926.59	2733.55
2927.44	2735.5
2928.29	2735.2
2929.14	2734.2
2929.98	2733.43
2930.83	2732.82
2931.68	2732.01
2932.53	2725.27
2933.38	2713.59
2934.23	2706.6
2935.07	2704.86
2935.92	2704.03
2936.77	2705.3
2937.62	2707.55
2938.47	2709.29
2939.31	2710.7
2940.16	2711.82
2941.01	2712.4
2941.85	2713.1
2942.7	2713.18
2943.55	2712.59
2944.39	2710.52
2945.24	2697.3
2946.09	2683.8
2946.93	2670.08
2947.78	2663.4
2948.63	2659.4
2949.47	2660.07
2950.32	2661.46
2951.16	2665.91
2952.01	2664.77
2952.85	2663.15
2953.7	2659.01
2954.55	2654.12
2955.39	2647.83
2956.24	2640.55
2957.08	2632.14
2957.92	2626.58
2958.77	2626.16
2959.61	2625.63
2960.46	2625.37
2961.3	2625.26
2962.15	2623.7
2962.99	2622.32
2963.83	2615.19
2964.68	2610.28
2965.52	2608.02
2966.37	2607.68
2967.21	2607.98
2968.05	2608.85
2968.9	2607.26
2969.74	2604.8
2970.58	2602.06
2971.42	2600.34
2972.27	2596.72
2973.11	2599.2
2973.95	2603.32
2974.79	2605.58
2975.64	2608.21
2976.48	2607.69
2977.32	2603.17
2978.16	2594.84
2979	2582.13
2979.85	2572.81
2980.69	2564.54
2981.53	2557.86
2982.37	2552.54
2983.21	2549.05
2984.05	2547.26
2984.89	2547.51
2985.73	2549.65
2986.57	2554.38
2987.41	2559.82
2988.25	2566.44
2989.1	2572.55
2989.94	2575.82
2990.77	2571.75
2991.62	2563.45
2992.45	2549.95
2993.29	2533.62
2994.13	2527.6
2994.97	2523.07
2995.81	2520.05
2996.65	2518.39
2997.49	2520.37
2998.33	2520.97
2999.17	2502.5
