200.833	11810.6
202.102	11867.3
203.371	11829
204.639	11806.6
205.907	11793.9
207.175	11788.3
208.442	11788.9
209.71	11795.1
210.977	11805.5
212.244	11822.6
213.511	11844.5
214.777	11870.8
216.042	11900
217.309	11932.3
218.575	11964.3
219.84	11991.7
221.106	12009.2
222.371	12027.8
223.635	12047.9
224.9	12069.4
226.165	12093.1
227.429	12117
228.694	12140.1
229.956	12161.1
231.22	12181
232.484	12199.3
233.747	12214.9
235.011	12235.8
236.272	12258.5
237.535	12282.8
238.798	12306.5
240.06	12329.5
241.321	12351.5
242.583	12371.8
243.845	12390.4
245.105	12407.7
246.367	12423.2
247.628	12436.1
248.888	12446
250.149	12440.8
251.409	12439.2
252.67	12450.3
253.928	12461.7
255.189	12479.6
256.447	12493.4
257.707	12506
258.966	12517
260.224	12521.6
261.483	12525.5
262.742	12528.3
263.999	12531.2
265.257	12536
266.514	12554.5
267.772	12572.1
269.028	12593.8
270.286	12617.3
271.543	12641.6
272.799	12662.7
274.056	12670.7
275.311	12675
276.568	12670.3
277.823	12667
279.079	12678.5
280.333	12693.6
281.589	12714.7
282.843	12740.6
284.099	12772.7
285.352	12798.8
286.607	12818.1
287.86	12833.5
289.114	12831.1
290.368	12844
291.621	12861.4
292.875	12876.1
294.127	12906.7
295.38	12913.4
296.632	12912.4
297.884	12914.1
299.137	12918.8
300.388	12923.8
301.641	12928.4
302.891	12932
304.142	12935.4
305.394	12938.6
306.644	12942
307.894	12945.2
309.146	12948.9
310.395	12960.7
311.645	12978.6
312.895	13004.1
314.144	13026.1
315.393	13036.7
316.642	13046.9
317.892	13061.5
319.14	13076.1
320.388	13089.7
321.637	13102
322.885	13113.3
324.132	13122.1
325.38	13123.5
326.628	13125.5
327.875	13131.4
329.122	13160.2
330.368	13185.4
331.614	13206.2
332.862	13224.6
334.108	13240
335.353	13248
336.599	13253.9
337.844	13255.3
339.089	13254.6
340.335	13253.3
341.58	13253.5
342.824	13260.9
344.068	13269.7
345.312	13280.5
346.556	13292.8
347.8	13305.5
349.043	13319.7
350.286	13334.2
351.53	13348.2
352.774	13359.6
354.016	13367.6
355.259	13371.1
356.501	13370.2
357.743	13371.3
358.985	13372.2
360.227	13374.4
361.468	13382.7
362.709	13390.9
363.95	13400.4
365.191	13408.4
366.432	13414.6
367.672	13407.1
368.912	13409.6
370.152	13412.4
371.392	13411.6
372.632	13418.3
373.871	13423.4
375.11	13420.7
376.348	13416.1
377.587	13411.1
378.825	13410.1
380.064	13411.2
381.302	13434
382.54	13451.7
383.778	13472.6
385.016	13499.1
386.253	13513.4
387.489	13518.7
388.726	13528.6
389.963	13536.2
391.199	13549.6
392.436	13570.9
393.672	13602.7
394.907	13625.7
396.142	13652
397.378	13671.8
398.614	13677.6
399.849	13675.6
401.082	13674.1
402.317	13670.4
403.552	13669
404.786	13668.4
406.019	13668.2
407.253	13669
408.487	13670.9
409.721	13673.9
410.953	13678.2
412.186	13683.7
413.419	13690.8
414.651	13699
415.883	13708.3
417.116	13719.1
418.347	13729
419.579	13736
420.811	13737.4
422.041	13729.3
423.272	13720.6
424.504	13714.8
425.733	13704.9
426.964	13704
428.194	13729.5
429.424	13761
430.654	13792.5
431.883	13809
433.113	13812.9
434.341	13797.6
435.571	13778.7
436.799	13768.2
438.028	13760.2
439.257	13756.7
440.484	13757.9
441.713	13762
442.94	13769.2
444.168	13779.6
445.394	13792.9
446.622	13809.5
447.848	13829.4
449.076	13849
450.301	13865.8
451.528	13878.2
452.754	13890.7
453.979	13901
455.205	13910
456.43	13917.5
457.656	13925
458.88	13937.6
460.106	13958.6
461.33	13969
462.554	13968.7
463.779	13958
465.002	13946.1
466.225	13936.8
467.45	13928.5
468.672	13922.5
469.895	13919.9
471.119	13923.4
472.341	13921
473.563	13918.1
474.786	13911.6
476.008	13902.6
477.229	13897.6
478.452	13893.5
479.673	13891
480.894	13889.8
482.115	13890.5
483.337	13893
484.557	13896.8
485.777	13901.4
486.997	13904.7
488.218	13906.9
489.438	13907.5
490.657	13905.4
491.876	13902.2
493.096	13893.2
494.315	13884.1
495.533	13876.9
496.752	13871.9
497.97	13869.8
499.188	13869.4
500.407	13871.1
501.625	13875.3
502.842	13881.3
504.059	13890
505.276	13901
506.493	13913.4
507.71	13926.2
508.926	13935.7
510.142	13942.3
511.358	13946.9
512.575	13950.1
513.791	13951
515.006	13955.6
516.222	13965.5
517.437	13972.4
518.651	13979.5
519.866	13986.8
521.081	13995
522.295	14003.2
523.509	14011.2
524.723	14018.9
525.937	14025.9
527.15	14032
528.363	14037.6
529.576	14042.7
530.789	14047.3
532.002	14051.3
533.215	14057.5
534.426	14063.7
535.638	14071.5
536.85	14072.9
538.061	14062.7
539.273	14056.1
540.484	14051.9
541.695	14048
542.906	14045.9
544.117	14046
545.327	14047.1
546.537	14049.9
547.747	14053.8
548.957	14058.9
550.167	14063.5
551.377	14067.3
552.585	14079
553.794	14091.1
555.003	14101.1
556.212	14108.2
557.421	14113.7
558.628	14118
559.836	14120
561.044	14120.1
562.252	14119.1
563.458	14117.6
564.666	14118.6
565.873	14123
567.08	14119.3
568.286	14108.4
569.493	14100.7
570.699	14096.7
571.904	14093.7
573.111	14096.7
574.317	14101.3
575.521	14108.4
576.727	14119.8
577.932	14132.2
579.136	14133.4
580.341	14133.5
581.544	14135.1
582.749	14144.9
583.954	14151.6
585.156	14166.4
586.361	14176.7
587.563	14181.9
588.767	14185
589.97	14188.1
591.172	14191.4
592.375	14193.3
593.577	14193.4
594.78	14189.8
595.981	14172.3
597.183	14130.4
598.384	14123.9
599.586	14148
600.786	14149.3
601.988	14144.8
603.188	14126.2
604.389	14083
605.589	14089.5
606.79	14106.3
607.989	14103.5
609.188	14101.2
610.389	14099.2
611.587	14096.5
612.787	14076
613.986	14074.2
615.184	14089.8
616.383	14134.6
617.581	14108.9
618.78	14090.3
619.977	14069.4
621.174	14048.6
622.373	14026.3
623.57	14008.7
624.766	13997.8
625.964	13995.4
627.16	14000.4
628.356	14009.7
629.554	14010.8
630.749	14020.4
631.945	14012.5
633.14	13996.3
634.337	13973.5
635.532	13956.1
636.726	13945.1
637.921	13938.1
639.117	13934.1
640.311	13933.7
641.505	13937
642.699	13944.2
643.892	13955.7
645.087	13971.5
646.28	13991.7
647.473	14009
648.666	14010.3
649.859	14003.4
651.051	13984
652.245	13955
653.437	13933.4
654.629	13942.5
655.821	13947.9
657.012	13964.2
658.204	13975
659.395	13980.9
660.586	13984.7
661.777	13987.6
662.967	13985.6
664.158	13982.7
665.349	13979.1
666.539	13977.3
667.729	13976.7
668.919	13980.6
670.109	13991.1
671.298	14001.9
672.487	14014.1
673.676	14028.2
674.865	14033.8
676.053	14017.4
677.242	14004.3
678.43	13991.8
679.616	13984
680.804	13990.8
681.992	13999.4
683.179	14002.7
684.366	13999.9
685.554	13987.4
686.74	13965.5
687.927	13960.9
689.114	13954.3
690.3	13982.4
691.486	14030.7
692.671	14016.4
693.856	14004.7
695.042	13993.7
696.227	13983.2
697.413	13972.9
698.598	13962.4
699.781	13951.5
700.966	13938.3
702.15	13925
703.334	13912.2
704.518	13900.7
705.701	13892.3
706.885	13895.3
708.068	13902.2
709.252	13910.2
710.433	13908.3
711.616	13891.1
712.799	13864.2
713.98	13841
715.163	13827.1
716.345	13821.3
717.527	13824.5
718.707	13839.1
719.889	13861.5
721.071	13879.4
722.25	13881.8
723.432	13867.1
724.611	13855.1
725.792	13843.5
726.972	13827.7
728.151	13833
729.332	13844.2
730.512	13867.5
731.69	13898.3
732.87	13923.2
734.048	13941.3
735.227	13952.1
736.405	13951.8
737.584	13951.6
738.761	13943.9
739.94	13931.3
741.117	13915.8
742.295	13898.1
743.471	13887.7
744.649	13896
745.825	13901.4
747.003	13911
748.179	13927.3
749.356	13944.4
750.531	13957
751.708	13967.7
752.883	13974.1
754.059	13977.4
755.234	13978.7
756.409	13977.9
757.585	13975.7
758.759	13971.3
759.934	13963.9
761.108	13946.6
762.282	13926.5
763.456	13910.4
764.63	13892.9
765.803	13875.3
766.977	13861.7
768.15	13855.3
769.323	13849.7
770.496	13844.3
771.668	13839.5
772.841	13835.7
774.014	13832.9
775.185	13826.1
776.357	13815
777.528	13798.2
778.701	13786.3
779.872	13777.7
781.042	13774.3
782.213	13772.4
783.383	13774.3
784.555	13778.4
785.725	13783.3
786.895	13787.1
788.064	13770.9
789.234	13744.6
790.404	13726.8
791.573	13688.5
792.742	13818.7
793.911	13704
795.08	13689.3
796.248	13679.7
797.416	13655.9
798.584	13694.1
799.753	13668
800.921	13653.1
802.088	13651
803.256	13660.7
804.423	13683.1
805.59	13713.4
806.756	13716.7
807.923	13724
809.089	13726.3
810.256	13713.4
811.422	13699.2
812.587	13690
813.753	13684
814.918	13683.6
816.084	13689
817.249	13699.7
818.414	13709.1
819.578	13717.1
820.743	13720.1
821.907	13720.9
823.072	13717.3
824.236	13706.2
825.399	13676.5
826.562	13713.6
827.725	13709.7
828.889	13704.9
830.052	13697.4
831.215	13688.9
832.377	13680.9
833.54	13678.4
834.701	13675.2
835.863	13674.2
837.025	13674.1
838.187	13676
839.349	13680.2
840.51	13689.4
841.67	13745.3
842.831	13745
843.992	13742.6
845.153	13731.6
846.312	13718.6
847.473	13704.2
848.633	13690.4
849.793	13679
850.951	13668.7
852.111	13659.7
853.27	13654.9
854.428	13647.7
855.588	13638.1
856.747	13626.2
857.904	13611.8
859.063	13602.2
860.221	13596
861.378	13598.1
862.536	13597.4
863.694	13586.2
864.85	13562.8
866.008	13533.3
867.164	13528.9
868.321	13517.6
869.478	13507.8
870.633	13499.5
871.79	13492.9
872.945	13487.4
874.101	13478
875.256	13466.5
876.412	13453.6
877.566	13439.6
878.722	13425
879.876	13410
881.031	13395.6
882.185	13383.2
883.34	13372.7
884.493	13364.3
885.647	13357.9
886.8	13353.2
887.954	13350.5
889.107	13345
890.261	13340.7
891.413	13339.6
892.565	13341.7
893.718	13348.5
894.87	13356.8
896.023	13364.7
897.174	13369.8
898.326	13370.6
899.478	13365.1
900.629	13353.5
901.779	13335.2
902.931	13311.2
904.081	13287.6
905.231	13288.1
906.383	13304.7
907.532	13325.4
908.682	13344.4
909.831	13358.3
910.982	13367
912.131	13360
913.28	13353.6
914.429	13344
915.578	13329.8
916.727	13319.6
917.875	13314.9
919.023	13338.4
920.171	13352.8
921.32	13361.6
922.467	13362.8
923.614	13357.6
924.761	13335
925.908	13327.3
927.055	13328.8
928.203	13367
929.349	13382.8
930.496	13394
931.642	13396.3
932.787	13390.7
933.933	13377.1
935.079	13355.5
936.224	13330
937.369	13314.9
938.514	13304.4
939.659	13301.7
940.804	13312.6
941.948	13328.5
943.092	13337.7
944.236	13338.8
945.38	13328.9
946.524	13313.8
947.667	13293.4
948.811	13268.4
949.954	13251.8
951.097	13241.8
952.24	13234.2
953.383	13226.9
954.525	13216.7
955.667	13207.1
956.81	13197.6
957.952	13187.3
959.093	13177.2
960.235	13166.2
961.376	13158.1
962.516	13160.7
963.658	13160.4
964.798	13158.9
965.939	13156
967.08	13152.8
968.22	13148.1
969.359	13141.8
970.499	13133.9
971.639	13124.2
972.779	13113.1
973.918	13102.6
975.056	13091.6
976.195	13100.3
977.334	13109.9
978.473	13124.1
979.61	13125.1
980.749	13124.6
981.887	13120.1
983.024	13116.9
984.162	13113.1
985.3	13106.5
986.437	13099.9
987.573	13092
988.711	13083.7
989.848	13076
990.983	13070.3
992.12	13080.1
993.255	13091.9
994.392	13106.9
995.528	13107.3
996.662	13085.9
997.798	13064.1
998.933	13044.1
1000.07	13069.2
1001.2	13078.2
1002.34	13088.4
1003.47	13091.8
1004.61	13095.2
1005.74	13085.5
1006.87	13073.8
1008.01	13068
1009.14	13071.4
1010.27	13073
1011.41	13073.6
1012.54	13071.4
1013.67	13062.9
1014.81	13046.8
1015.94	13024.2
1017.07	13006.8
1018.2	13000.8
1019.33	12995.2
1020.47	12994.8
1021.6	12999.9
1022.73	13009
1023.86	13008.7
1024.99	12999.2
1026.12	12977.7
1027.25	12967.6
1028.38	12970.8
1029.51	12985.5
1030.64	12979.4
1031.77	12972.9
1032.9	12966.4
1034.03	12945.4
1035.16	12925.4
1036.29	12912.4
1037.42	12899.6
1038.55	12899.4
1039.67	12908.5
1040.8	12901.4
1041.93	12880.1
1043.06	12866
1044.19	12850.2
1045.31	12833.1
1046.44	12818
1047.57	12803.4
1048.69	12789.5
1049.82	12775.7
1050.95	12769.6
1052.08	12785.3
1053.2	12793.5
1054.33	12792
1055.45	12788.5
1056.58	12783.4
1057.7	12776.4
1058.83	12767.8
1059.95	12757.6
1061.08	12745.4
1062.2	12733.7
1063.33	12722.6
1064.45	12713
1065.58	12704.9
1066.7	12699.6
1067.83	12697.8
1068.95	12702.9
1070.07	12703
1071.2	12702.4
1072.32	12696.2
1073.44	12683.8
1074.56	12675.3
1075.69	12657.6
1076.81	12658.6
1077.93	12665.7
1079.05	12679.6
1080.17	12699.2
1081.3	12707.9
1082.42	12710
1083.54	12695.4
1084.66	12687.6
1085.78	12683.7
1086.9	12680.2
1088.02	12681.4
1089.14	12685.2
1090.26	12693
1091.38	12703.7
1092.5	12716.7
1093.62	12730.6
1094.74	12734.9
1095.86	12731.5
1096.98	12719.1
1098.1	12707.7
1099.22	12697.2
1100.34	12688.8
1101.45	12678.9
1102.57	12682.3
1103.69	12682.3
1104.81	12692.6
1105.93	12697
1107.04	12695.7
1108.16	12674.9
1109.28	12661
1110.4	12633.7
1111.51	12616.2
1112.63	12602.6
1113.75	12593.3
1114.86	12587.4
1115.98	12586.2
1117.09	12586.3
1118.21	12577.1
1119.32	12555.9
1120.44	12538.9
1121.55	12523.8
1122.67	12510.2
1123.78	12498.3
1124.9	12487.2
1126.01	12478.3
1127.13	12472.5
1128.24	12469.3
1129.35	12474
1130.47	12436.3
1131.58	12409.8
1132.7	12394.5
1133.81	12391.6
1134.92	12422.4
1136.03	12444
1137.15	12451.6
1138.26	12394.7
1139.37	12367.5
1140.48	12334.9
1141.59	12316.3
1142.71	12309.4
1143.82	12309.9
1144.93	12320.4
1146.04	12313.7
1147.15	12301.4
1148.26	12276.8
1149.37	12257.2
1150.48	12250.2
1151.59	12240.5
1152.7	12247.9
1153.81	12249.3
1154.92	12244.8
1156.03	12244.3
1157.14	12230.8
1158.25	12213.8
1159.36	12200.1
1160.47	12200.2
1161.58	12198
1162.68	12196.2
1163.79	12204.6
1164.9	12208.1
1166.01	12212.8
1167.12	12199.6
1168.22	12186.7
1169.33	12174
1170.44	12161.8
1171.55	12151.1
1172.65	12138
1173.76	12139.7
1174.87	12157.8
1175.97	12173.8
1177.08	12189.4
1178.18	12198.9
1179.29	12223.4
1180.4	12226.3
1181.5	12214.3
1182.61	12198.4
1183.71	12183
1184.82	12176.7
1185.92	12175.5
1187.02	12175.4
1188.13	12176.2
1189.23	12177.8
1190.34	12180.1
1191.44	12182.8
1192.54	12181.3
1193.65	12177.8
1194.75	12173.3
1195.85	12170.9
1196.96	12170.2
1198.06	12174.1
1199.16	12179
1200.26	12186.3
1201.37	12195.4
1202.47	12205.9
1203.57	12216.4
1204.67	12211.3
1205.77	12202.8
1206.87	12190.5
1207.97	12175.8
1209.08	12161
1210.18	12143.5
1211.28	12120.7
1212.38	12119.6
1213.48	12122.3
1214.58	12124.1
1215.68	12124.1
1216.78	12123.7
1217.88	12111
1218.98	12090.4
1220.07	12075.7
1221.17	12067.4
1222.27	12066.5
1223.37	12069.4
1224.47	12074.9
1225.57	12073.9
1226.66	12067
1227.76	12061
1228.86	12050.8
1229.96	12039.1
1231.06	12026.3
1232.15	12013.1
1233.25	12014.4
1234.35	12013.3
1235.44	12013.5
1236.54	12013.1
1237.63	12003.5
1238.73	11988.3
1239.83	11965.8
1240.92	11957.1
1242.02	11954.2
1243.11	11949
1244.21	11939
1245.3	11929.8
1246.4	11920.9
1247.49	11912.2
1248.59	11903.5
1249.68	11896.8
1250.78	11891.5
1251.87	11888.2
1252.96	11886.2
1254.06	11882.8
1255.15	11878.5
1256.24	11872.1
1257.34	11865.1
1258.43	11856.9
1259.52	11849.8
1260.62	11853.6
1261.71	11865.5
1262.8	11873.5
1263.89	11880.3
1264.98	11872.1
1266.08	11850.6
1267.17	11835.3
1268.26	11821.4
1269.35	11812
1270.44	11810.6
1271.53	11811.8
1272.62	11817
1273.71	11825.7
1274.8	11837.8
1275.89	11852.3
1276.98	11857
1278.07	11860.2
1279.16	11852
1280.25	11850.7
1281.34	11849.9
1282.43	11848.9
1283.52	11848.4
1284.61	11848
1285.69	11847.5
1286.78	11845.7
1287.87	11843.2
1288.96	11840.5
1290.05	11839.1
1291.13	11842.5
1292.22	11853
1293.31	11862.4
1294.4	11872.4
1295.48	11868.2
1296.57	11865
1297.66	11856
1298.74	11846.2
1299.83	11839.4
1300.92	11835.3
1302	11836.7
1303.09	11835.5
1304.17	11833.1
1305.26	11830.1
1306.34	11825.6
1307.43	11819.6
1308.51	11811
1309.6	11804
1310.68	11797
1311.76	11791.1
1312.85	11788.6
1313.93	11792.1
1315.02	11808.4
1316.1	11849.3
1317.18	11800.2
1318.27	11766.4
1319.35	11762.1
1320.43	11766.1
1321.52	11766.8
1322.6	11764.9
1323.68	11759.7
1324.76	11744.1
1325.85	11729.3
1326.93	11713.7
1328.01	11697.2
1329.09	11683.8
1330.17	11672.9
1331.25	11661.6
1332.33	11653.1
1333.41	11647
1334.49	11644.6
1335.58	11645.6
1336.65	11648.5
1337.74	11653.1
1338.82	11651.9
1339.89	11649
1340.97	11648.2
1342.05	11645
1343.13	11636
1344.21	11625
1345.29	11613.4
1346.37	11613.2
1347.45	11613
1348.53	11611.4
1349.6	11603.6
1350.68	11598.7
1351.76	11588.4
1352.84	11580.8
1353.92	11575.8
1354.99	11573.8
1356.07	11575.1
1357.15	11575.3
1358.22	11578.5
1359.3	11578.2
1360.38	11568.9
1361.45	11560.7
1362.53	11554.9
1363.61	11552.4
1364.68	11554.3
1365.76	11564.2
1366.83	11569.4
1367.91	11565.5
1368.98	11561.2
1370.06	11552.1
1371.13	11540.1
1372.21	11535.1
1373.28	11533.1
1374.35	11533.2
1375.43	11542.3
1376.5	11549.1
1377.58	11552.3
1378.65	11548.9
1379.72	11530.4
1380.8	11530.1
1381.87	11533.7
1382.94	11537.5
1384.01	11540
1385.09	11541.8
1386.16	11545
1387.23	11548.6
1388.3	11551.8
1389.38	11552.6
1390.45	11545.3
1391.52	11535.5
1392.59	11526.7
1393.66	11516.3
1393.92	11513
1395	11500.2
1396.07	11484.1
1397.15	11466.1
1398.22	11446.7
1399.3	11427.3
1400.38	11418.4
1401.45	11419.8
1402.53	11437.8
1403.6	11458
1404.68	11467.3
1405.75	11457.7
1406.82	11443.3
1407.9	11437.9
1408.97	11425.4
1410.05	11419.3
1411.12	11412.7
1412.19	11405.5
1413.27	11397.9
1414.34	11390.4
1415.41	11369.4
1416.49	11355.4
1417.56	11353.3
1418.63	11362.6
1419.7	11371.4
1420.78	11378.3
1421.85	11376.5
1422.92	11369.5
1423.99	11368.3
1425.06	11364.4
1426.14	11358.8
1427.21	11352.2
1428.28	11343.7
1429.35	11334
1430.42	11324.3
1431.49	11317.5
1432.56	11311.5
1433.63	11306.1
1434.7	11302.2
1435.77	11299.7
1436.84	11298.4
1437.91	11300.1
1438.98	11301.3
1440.05	11267.6
1441.12	11244.1
1442.18	11226.2
1443.25	11221.3
1444.32	11230.6
1445.39	11238.6
1446.46	11245.4
1447.53	11247.2
1448.59	11248
1449.66	11245.4
1450.73	11241
1451.8	11234.3
1452.86	11225.5
1453.93	11214.3
1455	11201.5
1456.06	11189.4
1457.13	11180.3
1458.2	11182.5
1459.26	11194.2
1460.33	11207.1
1461.39	11211.8
1462.46	11213.2
1463.52	11216.8
1464.59	11219.5
1465.65	11220.9
1466.72	11221.7
1467.78	11219.5
1468.85	11205.6
1469.91	11188.5
1470.98	11173.5
1472.04	11163.1
1473.1	11156.8
1474.17	11159.9
1475.23	11162.7
1476.3	11171.4
1477.36	11188.1
1478.42	11187.1
1479.48	11178.9
1480.55	11163.5
1481.61	11153.3
1482.67	11147.6
1483.73	11142
1484.8	11137.4
1485.86	11135.9
1486.92	11136.1
1487.98	11134.7
1489.04	11131.6
1490.1	11120.6
1491.17	11110.8
1492.23	11113.2
1493.29	11112.6
1494.35	11108.9
1495.41	11096.4
1496.47	11088.3
1497.53	11082.8
1498.59	11078.2
1499.65	11073.4
1500.71	11068.5
1501.77	11063.3
1502.83	11057.8
1503.88	11051.5
1504.94	11045.3
1506	11039.1
1507.06	11040.2
1508.12	11051
1509.18	11054.6
1510.23	11049.1
1511.29	11037.6
1512.35	11029.5
1513.41	10999.1
1514.47	10976.2
1515.52	10957.7
1516.58	10943.5
1517.64	10933.2
1518.69	10926.5
1519.75	10923.5
1520.81	10925
1521.86	10929.2
1522.92	10935.1
1523.97	10940.8
1525.03	10948.1
1526.08	10954.6
1527.14	10941.6
1528.2	10928.4
1529.25	10915
1530.31	10901.7
1531.36	10888.6
1532.42	10876.5
1533.47	10870.9
1534.52	10866.6
1535.58	10863.7
1536.63	10861.4
1537.69	10860
1538.74	10858.3
1539.79	10850.2
1540.84	10848.3
1541.9	10849.5
1542.95	10851.9
1544	10853.9
1545.06	10852.4
1546.11	10839.6
1547.16	10828.8
1548.21	10818.9
1549.27	10810
1550.32	10801.3
1551.37	10792.8
1552.42	10784.2
1553.47	10793.8
1554.52	10814.8
1555.57	10845.9
1556.62	10852.9
1557.67	10841
1558.72	10835.8
1559.77	10829.4
1560.82	10820.2
1561.87	10810.7
1562.92	10799.3
1563.97	10788
1565.02	10777.6
1566.07	10769.4
1567.12	10779.9
1568.17	10789.9
1569.22	10798.3
1570.27	10804.9
1571.32	10810.6
1572.36	10806.3
1573.41	10789.9
1574.46	10774.9
1575.51	10763.9
1576.56	10753.4
1577.6	10755.3
1578.65	10755.7
1579.7	10755.8
1580.74	10755.6
1581.79	10755.7
1582.84	10744
1583.88	10745.3
1584.93	10745.7
1585.98	10745.5
1587.02	10745.9
1588.07	10745.1
1589.11	10733.6
1590.16	10721.8
1591.2	10711.2
1592.25	10700.4
1593.29	10689
1594.34	10676.7
1595.38	10675.9
1596.43	10673.7
1597.47	10670.8
1598.52	10667.5
1599.56	10664.6
1600.6	10662.5
1601.65	10662
1602.69	10652.2
1603.73	10635.8
1604.78	10616.9
1605.82	10598.1
1606.86	10577.8
1607.91	10563.8
1608.95	10555.4
1609.99	10559.8
1611.03	10572.8
1612.08	10570.7
1613.12	10572.6
1614.16	10558.7
1615.2	10540.4
1616.24	10515.4
1617.28	10499.3
1618.32	10494.9
1619.36	10496.5
1620.41	10492.5
1621.45	10489.5
1622.49	10485.1
1623.53	10479.6
1624.57	10473
1625.61	10464.5
1626.65	10454.9
1627.69	10444.6
1628.73	10434.8
1629.76	10426.1
1630.8	10417.7
1631.84	10409.7
1632.88	10402.6
1633.92	10395.8
1634.96	10389.6
1636	10383.4
1637.03	10377.1
1638.07	10370.4
1639.11	10363.4
1640.15	10356.3
1641.19	10347.5
1642.22	10354.8
1643.26	10366
1644.3	10332.2
1645.33	10309.9
1646.37	10308.2
1647.41	10307.9
1648.44	10302.2
1649.48	10300.2
1650.52	10297.6
1651.55	10295.9
1652.59	10293.2
1653.62	10289.2
1654.66	10284
1655.69	10277.4
1656.73	10267
1657.76	10253.9
1658.8	10237.4
1659.83	10219.9
1660.87	10205.6
1661.9	10197.9
1662.93	10214.4
1663.97	10224.8
1665	10231
1666.04	10233.8
1667.07	10234
1668.1	10228.9
1669.14	10221.7
1670.17	10211.2
1671.2	10198.1
1672.23	10183.1
1673.27	10168.5
1674.3	10153.3
1675.33	10144.9
1676.36	10144.5
1677.39	10155.4
1678.43	10164
1679.46	10163.9
1680.49	10154.6
1681.52	10133.3
1682.55	10128.3
1683.58	10134.7
1684.61	10139.3
1685.64	10140
1686.67	10138.9
1687.7	10136.5
1688.73	10131.5
1689.76	10122
1690.79	10110
1691.82	10093.1
1692.85	10076.1
1693.88	10089.7
1694.91	10100
1695.94	10107.5
1696.97	10112.1
1698	10113.5
1699.02	10072.8
1700.05	10058.8
1701.08	10047.5
1702.11	10037
1703.14	10032.4
1704.16	10031.6
1705.19	10032.4
1706.22	10033.6
1707.25	10027.5
1708.27	10021.5
1709.3	10013.8
1710.33	10004.1
1711.35	9992.56
1712.38	9980.95
1713.41	9970.2
1714.43	9961.85
1715.46	9959.8
1716.48	9963.94
1717.51	9967.51
1718.53	9964.26
1719.56	9954
1720.58	9943.84
1721.61	9922.95
1722.63	9898.19
1723.66	9870.55
1724.68	9842.44
1725.71	9838.71
1726.73	9848.5
1727.75	9865.44
1728.78	9873.56
1729.8	9876.27
1730.83	9881.49
1731.85	9873.13
1732.87	9864.22
1733.89	9855.02
1734.92	9845.55
1735.94	9836.12
1736.96	9826.43
1737.98	9816.42
1739.01	9806.27
1740.03	9795.8
1741.05	9785.05
1742.07	9774.33
1743.09	9763.9
1744.12	9756.57
1745.14	9749.57
1746.16	9735.02
1747.18	9715.34
1748.2	9703.51
1749.22	9691.9
1750.24	9699.31
1751.26	9713.58
1752.28	9716.6
1753.3	9721.26
1754.32	9725.12
1755.34	9726.53
1756.36	9723.18
1757.38	9703.51
1758.4	9676.58
1759.42	9657.13
1760.44	9673.76
1761.45	9670.56
1762.47	9656.8
1763.49	9650.77
1764.51	9647.74
1765.53	9647.36
1766.55	9646.5
1767.56	9645.28
1768.58	9642.62
1769.6	9638.9
1770.61	9633.25
1771.63	9622.03
1772.65	9606.92
1773.67	9553.72
1774.68	9561.27
1775.7	9582.7
1776.72	9594.05
1777.73	9594.33
1778.75	9582.13
1779.76	9553.16
1780.78	9551.68
1781.79	9549.99
1782.81	9548.11
1783.83	9545.67
1784.84	9542.59
1785.85	9538.85
1786.87	9534.87
1787.88	9530.81
1788.9	9527
1789.91	9524.67
1790.93	9524.5
1791.94	9528.88
1792.95	9534.35
1793.97	9531.08
1794.98	9514.41
1796	9496.25
1797.01	9477.08
1798.02	9456.7
1799.03	9436.75
1800.05	9418.38
1801.06	9401.8
1802.07	9386.53
1803.08	9373.61
1804.1	9364.02
1805.11	9359.69
1806.12	9370.23
1807.13	9382.51
1808.14	9396.71
1809.15	9417.37
1810.17	9404.03
1811.18	9378.47
1812.19	9348.63
1813.2	9326.64
1814.21	9317.35
1815.22	9319.79
1816.23	9334.77
1817.24	9342.07
1818.25	9325.53
1819.26	9317.08
1820.27	9305.28
1821.28	9289.27
1822.29	9268.14
1823.3	9250.5
1824.3	9240.44
1825.31	9234.05
1826.32	9224.99
1827.33	9227.99
1828.34	9228.29
1829.35	9223.1
1830.35	9214.32
1831.36	9200.4
1832.37	9185.72
1833.38	9172.55
1834.38	9160.3
1835.39	9148.9
1836.4	9138.18
1837.41	9125.67
1838.41	9118.61
1839.42	9122.72
1840.43	9126.71
1841.43	9128.21
1842.44	9126.15
1843.44	9118.19
1844.45	9105.75
1845.46	9100.77
1846.46	9109.15
1847.47	9110.57
1848.47	9110.84
1849.48	9109.11
1850.48	9099.78
1851.49	9088.18
1852.49	9074.03
1853.49	9057.77
1854.5	9040.16
1855.5	9022.94
1856.51	9026.46
1857.51	9018.13
1858.51	9009.01
1859.52	9004.26
1860.52	8993.27
1861.52	8981.4
1862.53	8979.73
1863.53	8973.11
1864.53	8976.62
1865.54	8976.07
1866.54	8974.22
1867.54	8964.98
1868.54	8955.06
1869.54	8946.22
1870.55	8936.68
1871.55	8926.63
1872.55	8918.22
1873.55	8909.19
1874.55	8899.62
1875.55	8889.63
1876.55	8878.38
1877.55	8866.24
1878.55	8857.18
1879.55	8851.67
1880.56	8848.18
1881.55	8846.08
1882.56	8845.17
1883.55	8845.94
1884.55	8847.96
1885.55	8846.18
1886.55	8844.53
1887.55	8828.79
1888.55	8816.53
1889.55	8808.13
1890.55	8802.95
1891.55	8794.92
1892.55	8794.74
1893.54	8801.56
1894.54	8796.19
1895.54	8780.5
1896.54	8769.25
1897.54	8758.21
1898.53	8752.28
1899.53	8745.98
1900.53	8741.04
1901.52	8738.13
1902.52	8736.46
1903.52	8736.21
1904.51	8727.91
1905.51	8713.71
1906.51	8701.08
1907.5	8689.84
1908.5	8678.61
1909.49	8669.89
1910.49	8661.51
1911.49	8655.17
1912.48	8649.61
1913.48	8644
1914.47	8637.82
1915.46	8626.63
1916.46	8614.2
1917.45	8602.33
1918.45	8586
1919.44	8565.16
1920.44	8554.77
1921.43	8550.26
1922.43	8555.05
1923.42	8557.58
1924.41	8547.25
1925.41	8539.45
1926.4	8528.63
1927.39	8516.41
1928.38	8499.15
1929.38	8490.35
1930.37	8495.87
1931.36	8502.86
1932.35	8506.01
1933.35	8506.01
1934.34	8506.24
1935.33	8503.17
1936.32	8496.41
1937.31	8486
1938.3	8471.92
1939.29	8451.11
1940.29	8441.49
1941.28	8435.35
1942.27	8429.13
1943.26	8425.3
1944.25	8422.23
1945.24	8418.86
1946.23	8416.4
1947.22	8413.51
1948.21	8407.53
1949.2	8401.27
1950.19	8393
1951.18	8379.77
1952.17	8364.13
1953.16	8345.54
1954.14	8327.53
1955.13	8313.22
1956.12	8310.26
1957.11	8305.82
1958.1	8303.67
1959.09	8306.92
1960.07	8305.71
1961.06	8291.67
1962.05	8278.18
1963.04	8266.81
1964.02	8257.57
1965.01	8250.38
1966	8245.17
1966.99	8241.8
1967.97	8240.48
1968.96	8241.02
1969.95	8243.63
1970.93	8240.86
1971.92	8217.22
1972.9	8191.58
1973.89	8173.29
1974.88	8165.25
1975.86	8163.33
1976.85	8167.81
1977.83	8167.89
1978.82	8159.59
1979.8	8151.88
1980.79	8137.99
1981.77	8132.91
1982.76	8132.35
1983.74	8132.1
1984.72	8139.46
1985.71	8158.57
1986.69	8153.27
1987.67	8137.68
1988.66	8114.61
1989.64	8093
1990.62	8075.48
1991.61	8062.36
1992.59	8057.22
1993.57	8051.88
1994.56	8048.05
1995.54	8048.21
1996.52	8049.4
1997.5	8053.13
1998.49	8057.39
1999.47	8061.96
2000.45	8064.1
2001.43	8061.24
2002.41	8053.71
2003.39	8044.07
2004.38	8026
2005.36	8009.84
2006.34	7994.54
2007.32	7980.42
2008.3	7968
2009.28	7956.4
2010.26	7946.37
2011.24	7937.4
2012.22	7929.54
2013.2	7922.2
2014.18	7914.35
2015.16	7905.92
2016.14	7897.91
2017.12	7890.73
2018.1	7888.14
2019.07	7883.59
2020.05	7879.32
2021.03	7865.65
2022.01	7853.86
2022.99	7839.16
2023.97	7832.34
2024.95	7826.75
2025.92	7824.02
2026.9	7822.83
2027.88	7825.12
2028.86	7827.7
2029.83	7815.5
2030.81	7795.49
2031.79	7785.59
2032.76	7775.8
2033.74	7766
2034.72	7757.28
2035.69	7750.78
2036.67	7750.25
2037.65	7741.87
2038.62	7723.98
2039.6	7707.16
2040.57	7695.24
2041.55	7688.48
2042.52	7692.96
2043.5	7697.86
2044.47	7700.19
2045.45	7701.34
2046.42	7698.72
2047.4	7693.39
2048.37	7680.4
2049.35	7663.43
2050.32	7644.1
2051.29	7626.44
2052.27	7614.27
2053.24	7604.44
2054.21	7596.2
2055.19	7593.02
2056.16	7593.01
2057.13	7596.41
2058.11	7602.35
2059.08	7591.98
2060.05	7577.72
2061.02	7564.17
2062	7546.28
2062.97	7524.37
2063.94	7512.46
2064.91	7510.16
2065.89	7506.18
2066.86	7511.9
2067.83	7506.03
2068.8	7497.38
2069.77	7491.69
2070.74	7486.96
2071.71	7483.78
2072.68	7483.21
2073.65	7483.35
2074.62	7480.09
2075.59	7475.23
2076.56	7470.29
2077.53	7458.47
2078.5	7443.51
2079.47	7426.66
2080.44	7408.63
2081.41	7388.64
2082.38	7373.49
2083.35	7371.69
2084.32	7371.8
2085.29	7375.67
2086.26	7379.41
2087.23	7377.81
2088.19	7369.22
2089.16	7361.3
2090.13	7352.84
2091.1	7343.07
2092.07	7332.7
2093.03	7319.7
2094	7306.14
2094.97	7292.81
2095.94	7281.9
2096.9	7276.79
2097.87	7277.02
2098.84	7278.01
2099.8	7279.25
2100.77	7279.64
2101.74	7276.92
2102.7	7272.39
2103.67	7265.7
2104.63	7256.97
2105.6	7246.08
2106.56	7233.2
2107.53	7217.7
2108.49	7201.07
2109.46	7200.8
2110.42	7198.68
2111.39	7191.74
2112.35	7184.48
2113.32	7176.62
2114.28	7168.09
2115.25	7158.79
2116.21	7148.48
2117.17	7138.39
2118.14	7129.27
2119.1	7121.43
2120.07	7115
2121.03	7109.55
2121.99	7105.76
2122.96	7103.14
2123.92	7101.87
2124.88	7101.23
2125.84	7099.29
2126.81	7096.53
2127.77	7088.22
2128.73	7077.48
2129.69	7059.33
2130.65	7041.63
2131.62	7025.48
2132.58	7011.17
2133.54	6999.68
2134.5	6990.12
2135.46	6982.69
2136.42	6977.11
2137.38	6973.85
2138.34	6972.53
2139.3	6973.08
2140.26	6973.52
2141.22	6969.25
2142.18	6959.75
2143.14	6949.41
2144.1	6938.3
2145.06	6926.4
2146.02	6918.69
2146.98	6918.52
2147.94	6916.83
2148.9	6916.8
2149.86	6912.42
2150.82	6908.64
2151.78	6903.04
2152.74	6896.45
2153.69	6889.6
2154.65	6882.31
2155.61	6874.29
2156.57	6865.75
2157.53	6856.65
2158.48	6847.1
2159.44	6836.81
2160.4	6826.23
2161.36	6815.48
2162.31	6804.8
2163.27	6795.36
2164.23	6786.28
2165.18	6777.64
2166.14	6769.37
2167.1	6761.62
2168.05	6753.91
2169.01	6747.2
2169.96	6737.1
2170.92	6722.95
2171.88	6706.2
2172.83	6695.19
2173.79	6682.89
2174.74	6674.9
2175.7	6668.33
2176.65	6662.54
2177.6	6657.18
2178.56	6651.51
2179.51	6644.79
2180.47	6637.32
2181.42	6629.07
2182.38	6620.01
2183.33	6610.6
2184.28	6600.49
2185.24	6589.92
2186.19	6578.7
2187.14	6567.05
2188.1	6555.09
2189.05	6543.18
2190	6537.37
2190.96	6534.48
2191.91	6538.13
2192.86	6539.45
2193.81	6541.71
2194.76	6532.18
2195.72	6506.36
2196.67	6498.27
2197.62	6490.32
2198.57	6498.53
2199.52	6504.01
2200.47	6504.67
2201.43	6500.97
2202.38	6464.46
2203.33	6453.65
2204.28	6443.48
2205.23	6434
2206.18	6429.92
2207.13	6427.88
2208.08	6427.5
2209.03	6425.59
2209.98	6432.96
2210.93	6428.5
2211.88	6419.68
2212.83	6406.02
2213.78	6386.96
2214.73	6372.47
2215.67	6365.14
2216.62	6367.64
2217.57	6365.43
2218.52	6361.52
2219.47	6357.5
2220.42	6353.64
2221.37	6340.73
2222.31	6334.73
2223.26	6329.47
2224.21	6327.33
2225.16	6324.38
2226.1	6319.97
2227.05	6312.79
2228	6302.61
2228.94	6290.65
2229.89	6278.27
2230.84	6269.81
2231.78	6272.83
2232.73	6269.58
2233.68	6270.63
2234.62	6273.39
2235.57	6276.58
2236.51	6279.16
2237.46	6279.83
2238.41	6277.23
2239.35	6271.38
2240.3	6267.18
2241.24	6261.2
2242.19	6253.49
2243.13	6244.02
2244.07	6234.01
2245.02	6225.24
2245.96	6217.55
2246.91	6212.5
2247.85	6210.29
2248.8	6207.27
2249.74	6205.7
2250.68	6205.1
2251.63	6205.53
2252.57	6206.76
2253.51	6208.64
2254.46	6210.71
2255.4	6203.59
2256.34	6197.7
2257.28	6190.44
2258.23	6179.29
2259.17	6171.69
2260.11	6165.31
2261.05	6158.3
2262	6155.43
2262.94	6154.73
2263.88	6156.51
2264.82	6158.63
2265.76	6161.32
2266.7	6163.04
2267.64	6163.98
2268.58	6164.33
2269.53	6158.65
2270.47	6148.17
2271.41	6141.66
2272.35	6138.24
2273.29	6137.46
2274.23	6139.74
2275.17	6143.62
2276.11	6147.95
2277.05	6140.9
2277.99	6140.52
2278.93	6139.29
2279.86	6136.56
2280.8	6133.17
2281.74	6128.84
2282.68	6122.73
2283.62	6120.08
2284.56	6122.71
2285.5	6127.63
2286.44	6131.98
2287.37	6134.87
2288.31	6130.81
2289.25	6123.72
2290.19	6117.08
2291.12	6105.46
2292.06	6092.37
2293	6082.22
2293.94	6076.23
2294.87	6074.14
2295.81	6075.78
2296.75	6080.28
2297.68	6082
2298.62	6079.49
2299.55	6074.14
2300.49	6065.93
2301.43	6055.46
2302.36	6048.04
2303.3	6041.9
2304.23	6036.62
2305.17	6032.58
2306.1	6029.57
2307.04	6025.49
2307.98	6021.77
2308.91	6010.68
2309.84	5994.32
2310.78	5981.37
2311.71	5973.42
2312.65	5964.73
2313.58	5958.84
2314.52	5958.51
2315.45	5959.76
2316.38	5962.28
2317.32	5961.61
2317.72	5959.35
2318.66	5947.76
2319.6	5936.93
2320.54	5935.53
2321.48	5938.02
2322.41	5935.13
2323.35	5931.62
2324.29	5925.11
2325.23	5909.09
2326.16	5896.57
2327.1	5887.41
2328.04	5882.09
2328.97	5881.02
2329.91	5883.25
2330.85	5888.03
2331.78	5893.13
2332.72	5899.48
2333.66	5898.89
2334.59	5890.51
2335.53	5883.59
2336.46	5862.26
2337.4	5844.93
2338.33	5829.58
2339.27	5823.17
2340.2	5820.38
2341.14	5823.81
2342.07	5824.35
2343.01	5822.63
2343.94	5820.24
2344.88	5817.87
2345.81	5815.2
2346.75	5812.95
2347.68	5811.13
2348.61	5811.96
2349.55	5812.3
2350.48	5807.78
2351.41	5801.29
2352.35	5787.04
2353.28	5772.88
2354.21	5758.37
2355.15	5743.41
2356.08	5732.82
2357.01	5727.15
2357.94	5724.79
2358.88	5725.29
2359.81	5727.56
2360.74	5732.55
2361.67	5738.4
2362.6	5739.76
2363.54	5735
2364.47	5729.66
2365.4	5725.14
2366.33	5721.41
2367.26	5719.34
2368.19	5718.26
2369.12	5719.05
2370.05	5719.23
2370.98	5703.67
2371.91	5700.86
2372.84	5697.72
2373.77	5692.86
2374.7	5686.88
2375.63	5680.92
2376.56	5675.4
2377.49	5670.43
2378.42	5666.27
2379.35	5664.3
2380.28	5662.65
2381.21	5661.5
2382.14	5660.46
2383.07	5657.85
2384	5653.21
2384.92	5643.96
2385.85	5638.63
2386.78	5638.25
2387.71	5641.48
2388.64	5640.98
2389.56	5637.83
2390.49	5632.26
2391.42	5624.79
2392.35	5615.48
2393.27	5604.27
2394.2	5591.77
2395.13	5578.31
2396.05	5568.36
2396.98	5566.58
2397.91	5569.15
2398.83	5568.69
2399.76	5571.18
2400.69	5576.34
2401.61	5578.51
2402.54	5576.35
2403.46	5572.27
2404.39	5566.62
2405.31	5559.98
2406.24	5552.77
2407.17	5544.69
2408.09	5535.92
2409.01	5526.35
2409.94	5517
2410.86	5507.92
2411.79	5500.62
2412.71	5495.53
2413.64	5493.32
2414.56	5495.09
2415.49	5499.51
2416.41	5501.64
2417.33	5501.24
2418.26	5491.22
2419.18	5484.01
2420.1	5477.98
2421.03	5472.2
2421.95	5465.92
2422.87	5459
2423.79	5451.14
2424.72	5441.96
2425.64	5431.13
2426.56	5417.86
2427.48	5403.44
2428.41	5392.97
2429.33	5391.85
2430.25	5392.35
2431.17	5389.12
2432.09	5390.75
2433.01	5389.46
2433.93	5391.34
2434.86	5386.23
2435.78	5378.89
2436.7	5369.78
2437.62	5359.4
2438.54	5348.42
2439.46	5336.39
2440.38	5295.27
2441.3	5320.98
2442.22	5345.29
2443.14	5341.61
2444.06	5310.76
2444.98	5278.41
2445.9	5262.13
2446.82	5259.95
2447.73	5272.42
2448.65	5284.95
2449.57	5297.3
2450.49	5309.57
2451.41	5306.43
2452.33	5307.15
2453.25	5298.78
2454.17	5287.27
2455.08	5276.81
2456	5266.89
2456.92	5257.88
2457.84	5252.24
2458.75	5247.41
2459.67	5241.91
2460.59	5231.65
2461.51	5220.2
2462.42	5207.97
2463.34	5201.69
2464.26	5199.41
2465.17	5196.59
2466.09	5192.39
2467	5187.53
2467.92	5182.55
2468.84	5176.91
2469.75	5169.76
2470.67	5161.84
2471.58	5152.89
2472.5	5144.37
2473.42	5141.48
2474.33	5141.98
2475.25	5153.47
2476.16	5150.83
2477.08	5144.19
2477.99	5135.12
2478.9	5124.76
2479.82	5112.6
2480.73	5102.38
2481.65	5096.54
2482.56	5091.21
2483.47	5087.3
2484.39	5084.53
2485.3	5083.42
2486.22	5083.45
2487.13	5084.57
2488.04	5085.84
2488.96	5082.43
2489.87	5072.08
2490.78	5072.57
2491.69	5072.98
2492.61	5075.24
2493.52	5077.75
2494.43	5079.04
2495.34	5079.76
2496.25	5069.32
2497.17	5062.81
2498.08	5059.18
2498.99	5058.2
2499.9	5065.22
2500.81	5068.15
2501.72	5068.35
2502.63	5049.12
2503.55	5042.45
2504.46	5038.19
2505.37	5028.91
2506.28	5031.07
2507.19	5032.71
2508.1	5033.66
2509.01	5033.71
2509.92	5028.76
2510.83	5023.72
2511.74	5017.37
2512.65	5009.71
2513.56	4999.89
2514.47	4992.37
2515.37	4995.33
2516.28	4996.85
2517.19	4997.18
2518.1	4993.37
2519.01	4987.87
2519.92	4981.47
2520.83	4972.83
2521.73	4961.85
2522.64	4953.49
2523.55	4948.61
2524.46	4951.98
2525.37	4952.75
2526.27	4952.69
2527.18	4946.71
2528.09	4932.7
2529	4922.06
2529.9	4914.79
2530.81	4911.22
2531.72	4911.87
2532.62	4915.68
2533.53	4919.17
2534.44	4920.57
2535.34	4919.08
2536.25	4913.92
2537.15	4905.75
2538.06	4895.13
2538.96	4886
2539.87	4885.16
2540.78	4884.84
2541.68	4884.57
2542.59	4883.16
2543.49	4879.49
2544.4	4870.24
2545.3	4862.99
2546.21	4856.53
2547.11	4849.57
2548.01	4842.6
2548.92	4834.09
2549.82	4825.83
2550.73	4817.97
2551.63	4813.69
2552.53	4844.33
2553.44	4835.86
2554.34	4827.23
2555.24	4817.8
2556.15	4806.97
2557.05	4793.05
2557.95	4780.85
2558.86	4771.34
2559.76	4762.94
2560.66	4755.13
2561.56	4747.58
2562.46	4740.76
2563.37	4734.76
2564.27	4729.64
2565.17	4725.67
2566.07	4723.11
2566.97	4722.3
2567.88	4723.88
2568.78	4726.67
2569.68	4724.59
2570.58	4719.26
2571.48	4716.29
2572.38	4713.88
2573.28	4711.54
2574.18	4707.28
2575.08	4702.65
2575.98	4697.75
2576.88	4692.63
2577.78	4687.58
2578.68	4682.67
2579.58	4677.92
2580.48	4673.42
2581.38	4669.49
2582.28	4665.8
2583.18	4662.12
2584.08	4656.77
2584.98	4642.19
2585.88	4628.42
2586.77	4614.22
2587.67	4600.01
2588.57	4592.17
2589.47	4596.9
2590.37	4600.68
2591.27	4598.47
2592.16	4594.76
2593.06	4588.25
2593.96	4579.99
2594.86	4573.67
2595.75	4566.9
2596.65	4561.4
2597.55	4556.68
2598.45	4552.88
2599.34	4550
2600.24	4550.34
2601.13	4551.26
2602.03	4551.67
2602.93	4550.65
2603.82	4548.36
2604.72	4545.29
2605.62	4541.27
2606.51	4536.15
2607.41	4530.13
2608.3	4523.23
2609.2	4515.93
2610.09	4510.22
2610.99	4507.64
2611.88	4503.97
2612.78	4500.4
2613.67	4496.99
2614.57	4493.55
2615.46	4490.18
2616.36	4486.7
2617.25	4483.16
2618.14	4479.94
2619.04	4477.08
2619.93	4477.51
2620.83	4468
2621.72	4451.69
2622.61	4440.94
2623.5	4432.57
2624.4	4428.44
2625.29	4427.46
2626.18	4434.51
2627.08	4437.5
2627.97	4443.64
2628.86	4440.79
2629.75	4433.11
2630.65	4418.69
2631.54	4401.41
2632.43	4399.76
2633.32	4403.36
2634.21	4410.35
2635.11	4403.22
2636	4391.18
2636.89	4377.21
2637.78	4363.53
2638.67	4347.95
2639.56	4330.95
2640.45	4321.86
2641.34	4322.19
2642.23	4321.78
2643.12	4321.48
2644.01	4321.53
2644.9	4321.99
2645.79	4315.01
2646.68	4303.12
2647.57	4284.82
2648.46	4271.19
2649.35	4280.36
2650.24	4285.95
2651.13	4288.62
2652.02	4261.88
2652.91	4244.37
2653.8	4241.85
2654.69	4241.76
2655.58	4242.56
2656.46	4245.78
2657.35	4255.44
2658.24	4267.67
2659.13	4280.68
2660.02	4272.08
2660.9	4257.81
2661.79	4242.13
2662.68	4230.08
2663.57	4227.44
2664.45	4225.24
2665.34	4224.33
2666.23	4223.47
2667.11	4223.46
2668	4221.71
2668.89	4214.8
2669.77	4204
2670.66	4188.47
2671.55	4178.91
2672.43	4180.11
2673.32	4179.32
2674.21	4178.27
2675.09	4177.27
2675.98	4178.53
2676.86	4174.28
2677.75	4166.39
2678.63	4149.76
2679.52	4136.44
2680.4	4130.94
2681.29	4133.03
2682.17	4145.91
2683.06	4147.57
2683.94	4151.68
2684.82	4147.18
2685.71	4131.92
2686.59	4107.3
2687.48	4089.21
2688.36	4077.53
2689.24	4074.24
2690.13	4069.96
2691.01	4067.37
2691.89	4065.86
2692.78	4067.17
2693.66	4070.32
2694.54	4069.12
2695.43	4062.9
2696.31	4053.52
2697.19	4039.3
2698.07	4029.28
2698.96	4025.86
2699.84	4043.54
2700.72	4042.65
2701.6	4037.99
2702.48	4032.36
2703.36	4025.71
2704.25	4019.57
2705.13	4012.48
2706.01	4001.14
2706.89	3988.89
2707.77	3982.4
2708.65	3990.67
2709.53	3994.3
2710.41	3995.51
2711.29	3995.15
2712.17	3994.12
2713.05	3972.7
2713.93	3961.85
2714.81	3954.82
2715.69	3950.67
2716.57	3948.84
2717.45	3954.42
2718.33	3950.65
2719.21	3944.3
2720.09	3938.91
2720.97	3930.51
2721.85	3917.87
2722.73	3910.83
2723.61	3908.86
2724.48	3913.22
2725.36	3917.91
2726.24	3925.39
2727.12	3928.06
2728	3926.44
2728.88	3918.72
2729.75	3910.98
2730.63	3902.12
2731.51	3892.98
2732.39	3882.24
2733.26	3876.2
2734.14	3879.23
2735.02	3884.08
2735.89	3890.49
2736.77	3888.36
2737.65	3883.3
2738.52	3876.87
2739.4	3867.27
2740.28	3860.66
2741.15	3854.12
2742.03	3848.54
2742.9	3844.25
2743.78	3840.94
2744.65	3838.52
2745.53	3837.41
2746.41	3837.55
2747.28	3838.82
2748.16	3839.9
2749.03	3840.58
2749.91	3836.09
2750.78	3827.73
2751.66	3824.35
2752.53	3819.04
2753.4	3815.95
2754.28	3816.33
2755.15	3814.04
2756.02	3812.4
2756.9	3804.59
2757.77	3799.42
2758.65	3793.08
2759.52	3792.36
2760.39	3794.72
2761.27	3789.58
2762.14	3780.91
2763.01	3772.15
2763.88	3760.79
2764.76	3752.93
2765.63	3744.84
2766.5	3742.36
2767.37	3742.43
2768.25	3743.86
2769.12	3747.94
2769.99	3748.99
2770.86	3750.01
2771.73	3746.91
2772.61	3738.43
2773.48	3731.1
2774.35	3723.86
2775.22	3717.91
2776.09	3712.92
2776.96	3708.58
2777.83	3704.99
2778.7	3702.14
2779.57	3699.93
2780.44	3698.26
2781.31	3696.53
2782.18	3693.79
2783.05	3687.17
2783.92	3682.89
2784.79	3678.44
2785.66	3674.1
2786.53	3669.54
2787.4	3666.83
2788.27	3663.4
2789.14	3659.26
2790.01	3653.48
2790.88	3647.67
2791.75	3636.31
2792.62	3621.3
2793.48	3620.03
2794.35	3622.19
2795.22	3625.09
2796.09	3626.95
2796.96	3626.92
2797.82	3625.71
2798.69	3623.43
2799.56	3620.14
2800.43	3615.69
2801.29	3609.77
2802.16	3602.79
2803.03	3606.33
2803.9	3609.42
2804.76	3601.72
2805.63	3597.25
2806.5	3588.53
2807.36	3576.76
2808.23	3568.12
2809.09	3561.79
2809.96	3559.7
2810.83	3563.08
2811.69	3559.87
2812.56	3555.53
2813.42	3549.16
2814.29	3540.33
2815.15	3534.44
2816.02	3532.18
2816.88	3533.56
2817.75	3538.54
2818.61	3547.22
2819.48	3549.23
2820.34	3544.97
2821.21	3539.47
2822.07	3530.43
2822.94	3522.86
2823.8	3516.73
2824.66	3512.57
2825.53	3510.08
2826.39	3511.06
2827.26	3512.1
2828.12	3509.32
2828.98	3505.33
2829.85	3498.06
2830.71	3494.96
2831.57	3496.88
2832.43	3496.11
2833.3	3499.63
2834.16	3497.41
2835.02	3488.78
2835.88	3481.61
2836.75	3476.19
2837.61	3472.46
2838.47	3468.26
2839.33	3464.82
2840.19	3461.53
2841.06	3458.28
2841.92	3455.02
2842.78	3451.59
2843.64	3447.62
2844.5	3443.98
2845.36	3440.18
2846.22	3436.37
2847.08	3432.08
2847.94	3424.69
2848.81	3416.81
2849.67	3407.01
2850.53	3403.6
2851.39	3402.9
2852.25	3402.38
2853.11	3405.48
2853.97	3406.04
2854.82	3405.86
2855.68	3399.57
2856.54	3394.77
2857.4	3387.44
2858.26	3375.09
2859.12	3372.29
2859.98	3381.83
2860.84	3383.52
2861.7	3382.48
2862.56	3381.6
2863.41	3378.41
2864.27	3372.04
2865.13	3366.96
2865.99	3361.61
2866.85	3354.71
2867.7	3347.2
2868.56	3341.77
2869.42	3339.55
2870.28	3341.95
2871.13	3345.01
2871.99	3349.53
2872.85	3349.48
2873.7	3340.47
2874.56	3331.82
2875.42	3318.41
2876.27	3307.06
2877.13	3297.18
2877.99	3294.7
2878.84	3298
2879.7	3307.84
2880.56	3314.62
2881.41	3319.45
2882.27	3326.28
2883.12	3326.93
2883.98	3313.87
2884.83	3313.25
2885.69	3310.23
2886.54	3311.34
2887.4	3309.33
2888.25	3304.65
2889.11	3295.2
2889.96	3283.38
2890.82	3274.62
2891.67	3265
2892.52	3254.88
2893.38	3246.96
2894.23	3239.9
2895.09	3234.92
2895.94	3231.5
2896.79	3229.26
2897.65	3227.96
2898.5	3227.16
2899.35	3226.84
2900.21	3225.07
2901.06	3227.17
2901.91	3233.63
2902.76	3236.53
2903.62	3238.05
2904.47	3236.54
2905.32	3224.32
2906.17	3214.2
2907.03	3202.57
2907.88	3194.19
2908.73	3188.03
2909.58	3183.64
2910.43	3180.51
2911.28	3178.93
2912.14	3178.83
2912.99	3180.41
2913.84	3179.95
2914.69	3172.72
2915.54	3162.28
2916.39	3155.59
2917.24	3158.55
2918.09	3159.39
2918.94	3159.86
2919.79	3160.23
2920.64	3158.02
2921.49	3154.27
2922.34	3149.58
2923.19	3143.56
2924.04	3136.38
2924.89	3127.66
2925.74	3122.6
2926.59	3118.6
2927.44	3113.5
2928.29	3109.24
2929.14	3103.8
2929.98	3099
2930.83	3095.27
2931.68	3092.09
2932.53	3089.41
2933.38	3087.18
2934.23	3085.73
2935.07	3084.77
2935.92	3084.19
2936.77	3083.6
2937.62	3081.18
2938.47	3076.38
2939.31	3069.45
2940.16	3069.95
2941.01	3068.47
2941.85	3066.28
2942.7	3062.96
2943.55	3058.87
2944.39	3052.51
2945.24	3046.57
2946.09	3041.46
2946.93	3036.59
2947.78	3031.25
2948.63	3030.11
2949.47	3027.12
2950.32	3016.91
2951.16	3001.34
2952.01	2993.93
2952.85	2989.86
2953.7	2989.2
2954.55	2989.73
2955.39	2992.17
2956.24	2996.96
2957.08	3003.72
2957.92	3010.75
2958.77	3013.57
2959.61	3005.91
2960.46	2998.47
2961.3	2986.96
2962.15	2979.46
2962.99	2972.03
2963.83	2968.54
2964.68	2965.33
2965.52	2965.69
2966.37	2966.36
2967.21	2967.62
2968.05	2968.9
2968.9	2969.86
2969.74	2970.67
2970.58	2967.98
2971.42	2963.08
2972.27	2954.67
2973.11	2946.86
2973.95	2939.55
2974.79	2931.98
2975.64	2924.93
2976.48	2919.97
2977.32	2916.33
2978.16	2913.99
2979	2913.3
2979.85	2914.19
2980.69	2916.82
2981.53	2920.89
2982.37	2926.17
2983.21	2932.1
2984.05	2937.22
2984.89	2940.55
2985.73	2939.12
2986.57	2933.36
2987.41	2921.53
2988.25	2909.75
2989.1	2898.33
2989.94	2886.86
2990.77	2879.55
2991.62	2875
2992.45	2872.81
2993.29	2874.12
2994.13	2882.78
2994.97	2891.67
2995.81	2895.71
2996.65	2896.02
2997.49	2882.49
2998.33	2840.99
2999.17	2878.18
