200.833	11565.2
202.102	11556.7
203.371	11623.7
204.639	11642.6
205.907	11655.6
207.175	11669.7
208.442	11683.2
209.71	11694.4
210.977	11710.2
212.244	11728.6
213.511	11746.1
214.777	11759.8
216.042	11763.5
217.309	11747.7
218.575	11741.4
219.84	11767.1
221.106	11786.6
222.371	11811.7
223.635	11836.9
224.9	11862.9
226.165	11893.3
227.429	11925.2
228.694	11954.2
229.956	11981.2
231.22	11996.4
232.484	12016.8
233.747	12019.3
235.011	12045.8
236.272	12090.7
237.535	12123.1
238.798	12151.4
240.06	12166.1
241.321	12178.9
242.583	12188.4
243.845	12195.5
245.105	12200.9
246.367	12203.4
247.628	12222
248.888	12246.5
250.149	12278.6
251.409	12305.2
252.67	12307.9
253.928	12293.8
255.189	12269.9
256.447	12263.6
257.707	12268.1
258.966	12278.3
260.224	12312
261.483	12327.7
262.742	12346.7
263.999	12352.1
265.257	12359.7
266.514	12364.4
267.772	12371.3
269.028	12382.3
270.286	12394.7
271.543	12413.8
272.799	12444.4
274.056	12483.7
275.311	12525.8
276.568	12548.4
277.823	12558.3
279.079	12566.8
280.333	12576.7
281.589	12586.8
282.843	12597.5
284.099	12608.4
285.352	12619.6
286.607	12632.3
287.86	12645.9
289.114	12656.7
290.368	12664
291.621	12671.6
292.875	12682.6
294.127	12694.5
295.38	12720.3
296.632	12727.2
297.884	12734.4
299.137	12741.1
300.388	12746.3
301.641	12750.2
302.891	12754.9
304.142	12768.3
305.394	12782
306.644	12798.9
307.894	12816.5
309.146	12832.6
310.395	12844.5
311.645	12854
312.895	12861.2
314.144	12865.8
315.393	12867.6
316.642	12867
317.892	12863.5
319.14	12858.4
320.388	12860.2
321.637	12874.9
322.885	12891.9
324.132	12909.8
325.38	12923.8
326.628	12935.8
327.875	12948
329.122	12958.1
330.368	12967.4
331.614	12975
332.862	12980.3
334.108	12981.3
335.353	12983.4
336.599	12986.4
337.844	12995.7
339.089	13016.3
340.335	13034.8
341.58	13063.1
342.824	13086.4
344.068	13107.2
345.312	13123.9
346.556	13135.3
347.8	13143.3
349.043	13150.2
350.286	13158.4
351.53	13165.9
352.774	13171.8
354.016	13176.8
355.259	13184
356.501	13186.4
357.743	13185.4
358.985	13181.2
360.227	13177.8
361.468	13175.8
362.709	13176.5
363.95	13185.9
365.191	13198.6
366.432	13215.2
367.672	13231.8
368.912	13247.3
370.152	13247.6
371.392	13247.3
372.632	13244.7
373.871	13240.2
375.11	13229.4
376.348	13231.5
377.587	13250
378.825	13261.8
380.064	13274.5
381.302	13283.4
382.54	13283.2
383.778	13281.6
385.016	13288.6
386.253	13297.2
387.489	13316
388.726	13346.7
389.963	13376.3
391.199	13398.6
392.436	13417.6
393.672	13431.6
394.907	13440.5
396.142	13444
397.378	13443.9
398.614	13439.5
399.849	13435.7
401.082	13449.3
402.317	13463.4
403.552	13478
404.786	13491.6
406.019	13500.6
407.253	13498.4
408.487	13492.2
409.721	13486.1
410.953	13474.5
412.186	13469.6
413.419	13473.1
414.651	13478.9
415.883	13485
417.116	13491.8
418.347	13498.8
419.579	13506.5
420.811	13509.2
422.041	13514
423.272	13519.4
424.504	13526.6
425.733	13536
426.964	13549.1
428.194	13574.1
429.424	13572.5
430.654	13573.3
431.883	13575.2
433.113	13577.9
434.341	13581.2
435.571	13586.9
436.799	13598.9
438.028	13596.2
439.257	13585.7
440.484	13588.3
441.713	13591.2
442.94	13598
444.168	13607
445.394	13616.7
446.622	13627.7
447.848	13640.7
449.076	13654.6
450.301	13669.9
451.528	13686.2
452.754	13703.2
453.979	13720
455.205	13709.4
456.43	13705.2
457.656	13701.2
458.88	13701.3
460.106	13698.1
461.33	13700.6
462.554	13706.4
463.779	13717.2
465.002	13730.4
466.225	13750.2
467.45	13755.1
468.672	13754.4
469.895	13750.4
471.119	13745.2
472.341	13739.7
473.563	13733.4
474.786	13729.4
476.008	13725.3
477.229	13737.3
478.452	13739.3
479.673	13734.7
480.894	13725.4
482.115	13722.7
483.337	13726.8
484.557	13723.7
485.777	13720.8
486.997	13715.1
488.218	13708.5
489.438	13701.6
490.657	13694.4
491.876	13690
493.096	13690.3
494.315	13690.8
495.533	13692.4
496.752	13695
497.97	13698.4
499.188	13702.1
500.407	13706.8
501.625	13712.2
502.842	13718.2
504.059	13725.2
505.276	13704.2
506.493	13673.8
507.71	13615.6
508.926	13695.9
510.142	13789
511.358	13690.6
512.575	13708.7
513.791	13736.6
515.006	13765.6
516.222	13786.2
517.437	13803.5
518.651	13816.3
519.866	13824
521.081	13827.1
522.295	13825.9
523.509	13820.4
524.723	13810.9
525.937	13804.6
527.15	13793.7
528.363	13791.8
529.576	13805.8
530.789	13834.6
532.002	13867
533.215	13894.4
534.426	13913.2
535.638	13924.4
536.85	13928.5
538.061	13927.9
539.273	13917.2
540.484	13901.9
541.695	13884.5
542.906	13875.1
544.117	13873
545.327	13872.9
546.537	13876.8
547.747	13885.1
548.957	13897.3
550.167	13913.2
551.377	13931.3
552.585	13938.5
553.794	13938.3
555.003	13930.4
556.212	13913.8
557.421	13903.5
558.628	13891.7
559.836	13895.1
561.044	13891.4
562.252	13940.5
563.458	13895.4
564.666	13841.9
565.873	13853.7
567.08	13868.8
568.286	13891.2
569.493	13905.6
570.699	13887.5
571.904	13891.5
573.111	13900
574.317	13907.7
575.521	13913.1
576.727	13916.2
577.932	13916.6
579.136	13913.7
580.341	13908.8
581.544	13905.1
582.749	13900
583.954	13909.5
585.156	13918.4
586.361	13932.5
587.563	13939.4
588.767	13941.4
589.97	13934.5
591.172	13933.4
592.375	13938.8
593.577	13949.1
594.78	13963.5
595.981	13973.2
597.183	13980.9
598.384	13986
599.586	13984.6
600.786	13968.8
601.988	13950.1
603.188	13931.2
604.389	13911.6
605.589	13893.1
606.79	13892.2
607.989	13900.3
609.188	13906.2
610.389	13915.5
611.587	13916.8
612.787	13909
613.986	13898
615.184	13883
616.383	13864.9
617.581	13847.8
618.78	13834.1
619.977	13834.7
621.174	13832.6
622.373	13833.6
623.57	13838.8
624.766	13840.7
625.964	13820
627.16	13801.5
628.356	13784.3
629.554	13764.3
630.749	13742.6
631.945	13726.8
633.14	13718.6
634.337	13714.1
635.532	13713.3
636.726	13716.2
637.921	13723.4
639.117	13734.5
640.311	13751.3
641.505	13780.9
642.699	13767.9
643.892	13750.5
645.087	13700.5
646.28	13667.1
647.473	13674.2
648.666	13687.4
649.859	13701.3
651.051	13717.4
652.245	13734.6
653.437	13753.8
654.629	13772.2
655.821	13787.5
657.012	13800.6
658.204	13811.7
659.395	13820.1
660.586	13816.5
661.777	13810.4
662.967	13781
664.158	13762.3
665.349	13748.3
666.539	13769.9
667.729	13775.6
668.919	13769.3
670.109	13766.7
671.298	13770.6
672.487	13780.3
673.676	13799
674.865	13811.5
676.053	13826.9
677.242	13826.5
678.43	13825.1
679.616	13816.7
680.804	13806.4
681.992	13792.7
683.179	13779.3
684.366	13768.6
685.554	13759.3
686.74	13750.9
687.927	13744
689.114	13737.1
690.3	13734.8
691.486	13759.6
692.671	13774.8
693.856	13778.9
695.042	13778.4
696.227	13775.6
697.413	13771.2
698.598	13766.5
699.781	13759.2
700.966	13750.3
702.15	13740.3
703.334	13729.5
704.518	13718.1
705.701	13706.8
706.885	13697
708.068	13690.1
709.252	13686.3
710.433	13687.1
711.616	13690.7
712.799	13688.6
713.98	13683.1
715.163	13671
716.345	13634.7
717.527	13690.8
718.707	13750.2
719.889	13767.6
721.071	13739.8
722.25	13676.1
723.432	13691.4
724.611	13706.8
725.792	13742
726.972	13742.7
728.151	13727.5
729.332	13708.8
730.512	13688.1
731.69	13665
732.87	13641.7
734.048	13636.6
735.227	13662.6
736.405	13672.3
737.584	13684.8
738.761	13707.3
739.94	13737.1
741.117	13766.4
742.295	13771.2
743.471	13761.8
744.649	13743.5
745.825	13734.4
747.003	13725.5
748.179	13719.3
749.356	13715.6
750.531	13713.8
751.708	13713.6
752.883	13714.2
754.059	13714.5
755.234	13713.9
756.409	13709.1
757.585	13719.4
758.759	13727.8
759.934	13736.9
761.108	13742.1
762.282	13730.7
763.456	13714.9
764.63	13699.4
765.803	13683.8
766.977	13670
768.15	13657.6
769.323	13647.8
770.496	13656.2
771.668	13677.2
772.841	13689.2
774.014	13689.9
775.185	13680.7
776.357	13661.6
777.528	13620.3
778.701	13610.7
779.872	13601.6
781.042	13593.7
782.213	13586.5
783.383	13579.6
784.555	13572.7
785.725	13556.6
786.895	13546.1
788.064	13535.5
789.234	13528.3
790.404	13522
791.573	13516.1
792.742	13509.7
793.911	13503.2
795.08	13496.3
796.248	13488
797.416	13478.5
798.584	13469.4
799.753	13461.5
800.921	13454.9
802.088	13453.1
803.256	13453.4
804.423	13456.5
805.59	13461.5
806.756	13468.8
807.923	13475.8
809.089	13468.5
810.256	13461
811.422	13448
812.587	13440.6
813.753	13440.9
814.918	13447.9
816.084	13459.3
817.249	13479.2
818.414	13501
819.578	13516.2
820.743	13523.9
821.907	13518.5
823.072	13507.1
824.236	13498.8
825.399	13489.8
826.562	13481.7
827.725	13475.7
828.889	13471.7
830.052	13469.9
831.215	13469.8
832.377	13471.9
833.54	13476.1
834.701	13482.9
835.863	13491.8
837.025	13500.4
838.187	13499.7
839.349	13490.9
840.51	13479.8
841.67	13474.8
842.831	13467.9
843.992	13461.5
845.153	13448.1
846.312	13434.5
847.473	13424.1
848.633	13425.8
849.793	13423.6
850.951	13417.7
852.111	13411.5
853.27	13404.8
854.428	13397.6
855.588	13390.1
856.747	13381.9
857.904	13373.7
859.063	13364.8
860.221	13355.5
861.378	13344.7
862.536	13330.3
863.694	13316.6
864.85	13307.3
866.008	13302.2
867.164	13303
868.321	13302.9
869.478	13295.4
870.633	13286.2
871.79	13275.8
872.945	13263.5
874.101	13249.2
875.256	13235.5
876.412	13227.3
877.566	13224.7
878.722	13216.5
879.876	13203.6
881.031	13188.2
882.185	13170.9
883.34	13151.9
884.493	13133.4
885.647	13115.6
886.8	13116.5
887.954	13116.2
889.107	13132.3
890.261	13146.2
891.413	13159.1
892.565	13170.4
893.718	13168.1
894.87	13166.9
896.023	13148.8
897.174	13119.9
898.326	13100.8
899.478	13081.8
900.629	13084.6
901.779	13089.9
902.931	13099
904.081	13111.9
905.231	13114.2
906.383	13116.4
907.532	13115.8
908.682	13112.4
909.831	13116.3
910.982	13127.9
912.131	13147.5
913.28	13158.5
914.429	13161
915.578	13155
916.727	13139.6
917.875	13116.4
919.023	13115.8
920.171	13111
921.32	13110.5
922.467	13126
923.614	13137.3
924.761	13141.7
925.908	13141.3
927.055	13137.5
928.203	13133
929.349	13125.8
930.496	13135.9
931.642	13143.9
932.787	13149.5
933.933	13153.7
935.079	13157.9
936.224	13160.8
937.369	13137.7
938.514	13101.5
939.659	13062.3
940.804	13045.7
941.948	13048
943.092	13065.9
944.236	13068.4
945.38	13068.7
946.524	13069.8
947.667	13068.4
948.811	13062.1
949.954	13051.3
951.097	13035.9
952.24	13014.2
953.383	12983.5
954.525	12957.5
955.667	12964.4
956.81	12954.2
957.952	12943.7
959.093	12934.3
960.235	12920.7
961.376	12923.2
962.516	12926.5
963.658	12927.1
964.798	12928.1
965.939	12926.5
967.08	12922.6
968.22	12913.1
969.359	12899.9
970.499	12882.1
971.639	12871.1
972.779	12883.1
973.918	12896.9
975.056	12908.2
976.195	12917
977.334	12918.7
978.473	12917.7
979.61	12912.5
980.749	12905.2
981.887	12896.5
983.024	12889.1
984.162	12888.8
985.3	12888.2
986.437	12887.7
987.573	12890.4
988.711	12883.6
989.848	12865.9
990.983	12845.5
992.12	12839.9
993.255	12849.2
994.392	12859.2
995.528	12870.4
996.662	12880.5
997.798	12890.7
998.933	12894.7
1000.07	12887.8
1001.2	12872.5
1002.34	12855.2
1003.47	12866.4
1004.61	12881.4
1005.74	12886.2
1006.87	12886.7
1008.01	12865
1009.14	12853.7
1010.27	12844
1011.41	12835.4
1012.54	12829.6
1013.67	12826
1014.81	12824.6
1015.94	12823.4
1017.07	12822.8
1018.2	12823
1019.33	12824
1020.47	12825.8
1021.6	12828.1
1022.73	12829.2
1023.86	12820.4
1024.99	12809.4
1026.12	12796.9
1027.25	12780
1028.38	12761.1
1029.51	12768.8
1030.64	12771.4
1031.77	12769.6
1032.9	12764
1034.03	12753.7
1035.16	12731.5
1036.29	12704.9
1037.42	12679.3
1038.55	12653.3
1039.67	12628.9
1040.8	12622.5
1041.93	12624.2
1043.06	12625.9
1044.19	12624.2
1045.31	12614.9
1046.44	12600.9
1047.57	12592.1
1048.69	12587.6
1049.82	12583.2
1050.95	12590
1052.08	12587
1053.2	12584.6
1054.33	12578.4
1055.45	12568.3
1056.58	12549.1
1057.7	12527.4
1058.83	12503.3
1059.95	12481.1
1061.08	12482.2
1062.2	12503.2
1063.33	12529.6
1064.45	12539.8
1065.58	12541.6
1066.7	12519.8
1067.83	12502.5
1068.95	12487.7
1070.07	12473.2
1071.2	12472
1072.32	12470.3
1073.44	12470.4
1074.56	12471.6
1075.69	12471.6
1076.81	12468.8
1077.93	12461.6
1079.05	12455.5
1080.17	12451
1081.3	12448.9
1082.42	12447.6
1083.54	12447.6
1084.66	12449.2
1085.78	12452.3
1086.9	12457.5
1088.02	12464.5
1089.14	12473.4
1090.26	12487.7
1091.38	12505.7
1092.5	12523.7
1093.62	12535.8
1094.74	12524.3
1095.86	12520.1
1096.98	12516
1098.1	12511.7
1099.22	12509
1100.34	12510.8
1101.45	12509.7
1102.57	12506.3
1103.69	12491
1104.81	12467.6
1105.93	12461.7
1107.04	12479.4
1108.16	12463.4
1109.28	12445.4
1110.4	12427.4
1111.51	12416.5
1112.63	12405.1
1113.75	12397.3
1114.86	12389.7
1115.98	12384.9
1117.09	12380.5
1118.21	12379.3
1119.32	12375.7
1120.44	12368.5
1121.55	12357.9
1122.67	12340.3
1123.78	12322.4
1124.9	12302.5
1126.01	12280.7
1127.13	12258.1
1128.24	12245.3
1129.35	12238.5
1130.47	12229.8
1131.58	12221.5
1132.7	12213.2
1133.81	12204.5
1134.92	12193.2
1136.03	12177.7
1137.15	12151.2
1138.26	12136.4
1139.37	12127.1
1140.48	12121.6
1141.59	12125.5
1142.71	12116.3
1143.82	12103.3
1144.93	12093.2
1146.04	12082.8
1147.15	12072.3
1148.26	12062.1
1149.37	12052.3
1150.48	12043
1151.59	12034.2
1152.7	12025.9
1153.81	12018.4
1154.92	12011.2
1156.03	12004.6
1157.14	11998.7
1158.25	11993.6
1159.36	11989.5
1160.47	11986.6
1161.58	11984.4
1162.68	11983.1
1163.79	11982.7
1164.9	11983
1166.01	11982.2
1167.12	11981.6
1168.22	11978.9
1169.33	11965.7
1170.44	11977.1
1171.55	11988
1172.65	11996.2
1173.76	12002.3
1174.87	12005.7
1175.97	12006
1177.08	12002.9
1178.18	11997.7
1179.29	11991
1180.4	11982.1
1181.5	11971.5
1182.61	11959.4
1183.71	11945.9
1184.82	11937.5
1185.92	11932.9
1187.02	11940
1188.13	11950.8
1189.23	11961.3
1190.34	11971.6
1191.44	11985.7
1192.54	12000.6
1193.65	12011.5
1194.75	12018.3
1195.85	12013.9
1196.96	12008.7
1198.06	11996.7
1199.16	11980.6
1200.26	11961
1201.37	11944
1202.47	11946.9
1203.57	11960
1204.67	11978.7
1205.77	11996.9
1206.87	12020.3
1207.97	12010
1209.08	11981.9
1210.18	11967
1211.28	11953.8
1212.38	11939.2
1213.48	11926.3
1214.58	11913.5
1215.68	11903.1
1216.78	11895.1
1217.88	11890
1218.98	11890.6
1220.07	11905.4
1221.17	11913.6
1222.27	11909.4
1223.37	11897.3
1224.47	11884.1
1225.57	11871.4
1226.66	11858.9
1227.76	11846.8
1228.86	11834.4
1229.96	11822.6
1231.06	11813.3
1232.15	11806.3
1233.25	11800.8
1234.35	11792.8
1235.44	11785.6
1236.54	11779.1
1237.63	11773
1238.73	11768.9
1239.83	11768.8
1240.92	11766.9
1242.02	11764.5
1243.11	11761.8
1244.21	11759.6
1245.3	11753.5
1246.4	11740.4
1247.49	11711.5
1248.59	11673.8
1249.68	11638.1
1250.78	11646.4
1251.87	11651.6
1252.96	11655.8
1254.06	11658.5
1255.15	11656.8
1256.24	11653.9
1257.34	11648.8
1258.43	11642.9
1259.52	11637.1
1260.62	11631.7
1261.71	11634.5
1262.8	11634.4
1263.89	11636.6
1264.98	11631.4
1266.08	11622.6
1267.17	11615.3
1268.26	11614.8
1269.35	11624.2
1270.44	11632.7
1271.53	11645
1272.62	11642
1273.71	11629.8
1274.8	11614.6
1275.89	11609.1
1276.98	11608.4
1278.07	11603.6
1279.16	11614
1280.25	11633.9
1281.34	11644.4
1282.43	11652.4
1283.52	11647.1
1284.61	11618.1
1285.69	11637.9
1286.78	11634.8
1287.87	11632.7
1288.96	11627.7
1290.05	11629.8
1291.13	11635.7
1292.22	11645.2
1293.31	11653.1
1294.4	11658.9
1295.48	11662.3
1296.57	11664.1
1297.66	11665.5
1298.74	11665.5
1299.83	11664.8
1300.92	11663.8
1302	11662.5
1303.09	11661
1304.17	11659.5
1305.26	11654.7
1306.34	11643.2
1307.43	11635
1308.51	11616.9
1309.6	11601
1310.68	11595.4
1311.76	11593.6
1312.85	11595.2
1313.93	11597.7
1315.02	11596.3
1316.1	11595.2
1317.18	11590.7
1318.27	11584
1319.35	11575
1320.43	11564.6
1321.52	11552.1
1322.6	11538.8
1323.68	11527.4
1324.76	11529
1325.85	11523.2
1326.93	11519
1328.01	11505
1329.09	11502.9
1330.17	11508.4
1331.25	11519
1332.33	11512.8
1333.41	11508.9
1334.49	11464
1335.58	11450.2
1336.65	11445.2
1337.74	11445
1338.82	11441.9
1339.89	11439.8
1340.97	11439.2
1342.05	11435.4
1343.13	11432
1344.21	11417.2
1345.29	11404.1
1346.37	11395.4
1347.45	11390.7
1348.53	11394
1349.6	11389.6
1350.68	11386.8
1351.76	11382.8
1352.84	11381
1353.92	11385.8
1354.99	11383.5
1356.07	11385.5
1357.15	11390.9
1358.22	11396.7
1359.3	11394
1360.38	11379.7
1361.45	11385.1
1362.53	11393.1
1363.61	11403
1364.68	11408.1
1365.76	11411.9
1366.83	11412.1
1367.91	11407
1368.98	11399.2
1370.06	11388.6
1371.13	11376.1
1372.21	11364
1373.28	11354.7
1374.35	11348.7
1375.43	11345.5
1376.5	11344.9
1377.58	11344.7
1378.65	11345.1
1379.72	11346.8
1380.8	11348.9
1381.87	11347.9
1382.94	11333.6
1384.01	11328.1
1385.09	11326.1
1386.16	11328
1387.23	11331.2
1388.3	11330.5
1389.38	11329.9
1390.45	11313.7
1391.52	11294.5
1392.59	11269.4
1393.66	11249.6
1393.92	11244.5
1395	11253.1
1396.07	11274.8
1397.15	11303.8
1398.22	11265.3
1399.3	11247.8
1400.38	11228
1401.45	11220.4
1402.53	11216.6
1403.6	11215.2
1404.68	11216.7
1405.75	11218.8
1406.82	11222.2
1407.9	11219.4
1408.97	11203.4
1410.05	11195.1
1411.12	11194
1412.19	11197.9
1413.27	11198.4
1414.34	11200.8
1415.41	11206.5
1416.49	11210.7
1417.56	11213.1
1418.63	11212.7
1419.7	11203.1
1420.78	11191.1
1421.85	11175
1422.92	11155.4
1423.99	11133.2
1425.06	11115.6
1426.14	11114
1427.21	11112.8
1428.28	11114.7
1429.35	11118
1430.42	11121.1
1431.49	11120.8
1432.56	11120.1
1433.63	11118
1434.7	11114
1435.77	11108.6
1436.84	11101.8
1437.91	11092.1
1438.98	11081.5
1440.05	11071.4
1441.12	11065.6
1442.18	11062.2
1443.25	11060.2
1444.32	11059.2
1445.39	11059.2
1446.46	11058.7
1447.53	11058.6
1448.59	11058.6
1449.66	11057.8
1450.73	11056.2
1451.8	11049.4
1452.86	11042.1
1453.93	11036.9
1455	11032.3
1456.06	11026.1
1457.13	11033.9
1458.2	11046
1459.26	11048.1
1460.33	11051.9
1461.39	11024.7
1462.46	10969.1
1463.52	10946
1464.59	10950.4
1465.65	10969.3
1466.72	11008.9
1467.78	11001.8
1468.85	10995.8
1469.91	10990.3
1470.98	10985.3
1472.04	10980
1473.1	10975
1474.17	10980.2
1475.23	10979.8
1476.3	10971.7
1477.36	10960.9
1478.42	10950.7
1479.48	10933.3
1480.55	10931.6
1481.61	10934.1
1482.67	10939.8
1483.73	10948.3
1484.8	10954.4
1485.86	10959.3
1486.92	10962.3
1487.98	10963.8
1489.04	10963.3
1490.1	10961
1491.17	10956.7
1492.23	10950.6
1493.29	10942.5
1494.35	10932.4
1495.41	10921.2
1496.47	10910.5
1497.53	10903.3
1498.59	10895.7
1499.65	10887.4
1500.71	10876.5
1501.77	10863.2
1502.83	10848.2
1503.88	10848.5
1504.94	10853.1
1506	10856.3
1507.06	10854.4
1508.12	10850.4
1509.18	10844.7
1510.23	10834.2
1511.29	10819.4
1512.35	10803.9
1513.41	10788.5
1514.47	10777
1515.52	10766.8
1516.58	10758.4
1517.64	10751.9
1518.69	10747.2
1519.75	10745.1
1520.81	10745.1
1521.86	10747.4
1522.92	10750.7
1523.97	10748.8
1525.03	10740.8
1526.08	10729.8
1527.14	10715.8
1528.2	10698.4
1529.25	10679.9
1530.31	10675.6
1531.36	10669.7
1532.42	10671.4
1533.47	10677.4
1534.52	10684.6
1535.58	10686.1
1536.63	10674.4
1537.69	10674.4
1538.74	10677.4
1539.79	10681.8
1540.84	10686.3
1541.9	10686.6
1542.95	10686.2
1544	10684
1545.06	10679.4
1546.11	10673.2
1547.16	10664.4
1548.21	10653.7
1549.27	10640.2
1550.32	10627.7
1551.37	10621.4
1552.42	10619.1
1553.47	10619.9
1554.52	10625.7
1555.57	10626.5
1556.62	10626.8
1557.67	10628.6
1558.72	10629.1
1559.77	10629.3
1560.82	10628.5
1561.87	10625.5
1562.92	10619.1
1563.97	10612.5
1565.02	10609.9
1566.07	10609.6
1567.12	10611.2
1568.17	10614.3
1569.22	10617.6
1570.27	10620.2
1571.32	10620.4
1572.36	10616.5
1573.41	10614.3
1574.46	10612.2
1575.51	10609.2
1576.56	10605.9
1577.6	10602
1578.65	10597.9
1579.7	10593.3
1580.74	10587.7
1581.79	10579.8
1582.84	10567.9
1583.88	10557.9
1584.93	10547
1585.98	10539.9
1587.02	10538.3
1588.07	10546.3
1589.11	10515.5
1590.16	10499.5
1591.2	10486.8
1592.25	10477.5
1593.29	10472.5
1594.34	10477.7
1595.38	10484.1
1596.43	10492.9
1597.47	10492.8
1598.52	10488.8
1599.56	10479.8
1600.6	10470.6
1601.65	10461.6
1602.69	10452.3
1603.73	10443
1604.78	10433.7
1605.82	10424.6
1606.86	10415.9
1607.91	10408.7
1608.95	10403.6
1609.99	10400.4
1611.03	10397.3
1612.08	10396.7
1613.12	10374.9
1614.16	10354.9
1615.2	10328
1616.24	10310.6
1617.28	10300.3
1618.32	10296.5
1619.36	10292
1620.41	10286.6
1621.45	10288.9
1622.49	10283.6
1623.53	10271
1624.57	10259.9
1625.61	10253.1
1626.65	10250.7
1627.69	10253.2
1628.73	10253.5
1629.76	10250
1630.8	10244.7
1631.84	10238.9
1632.88	10231.8
1633.92	10224.5
1634.96	10216.8
1636	10207.9
1637.03	10198.6
1638.07	10189
1639.11	10179
1640.15	10169.5
1641.19	10160.7
1642.22	10154.9
1643.26	10148.6
1644.3	10142.9
1645.33	10137.7
1646.37	10132.4
1647.41	10129.1
1648.44	10127
1649.48	10126
1650.52	10126.4
1651.55	10125.3
1652.59	10125.5
1653.62	10088.7
1654.66	10135.4
1655.69	10153.5
1656.73	10146.9
1657.76	10128.3
1658.8	10093
1659.83	10054.8
1660.87	10049.8
1661.9	10038.8
1662.93	10031.6
1663.97	10028.2
1665	10028.9
1666.04	10034.2
1667.07	10043.4
1668.1	10050.2
1669.14	10046.7
1670.17	10029.9
1671.2	10013.7
1672.23	10016.7
1673.27	10023.5
1674.3	10026.5
1675.33	10027.5
1676.36	10027.6
1677.39	10026.2
1678.43	10022.9
1679.46	10015.8
1680.49	10006.2
1681.52	9993.39
1682.55	9980.21
1683.58	9971.14
1684.61	9964.12
1685.64	9960.14
1686.67	9957.77
1687.7	9954.65
1688.73	9948.95
1689.76	9941.38
1690.79	9932.86
1691.82	9924.94
1692.85	9917.82
1693.88	9918.44
1694.91	9916.3
1695.94	9910.12
1696.97	9900.65
1698	9889.68
1699.02	9878.52
1700.05	9870.06
1701.08	9862.41
1702.11	9855.16
1703.14	9849.77
1704.16	9846.11
1705.19	9844.36
1706.22	9844.78
1707.25	9848.45
1708.27	9851.14
1709.3	9848.81
1710.33	9841.89
1711.35	9831.55
1712.38	9813.82
1713.41	9799.62
1714.43	9789.52
1715.46	9783.9
1716.48	9774.24
1717.51	9764.18
1718.53	9753.49
1719.56	9740.93
1720.58	9734.22
1721.61	9729.18
1722.63	9725.41
1723.66	9723.13
1724.68	9722.19
1725.71	9722.77
1726.73	9724.61
1727.75	9728.75
1728.78	9719.63
1729.8	9708.13
1730.83	9684.25
1731.85	9662.42
1732.87	9640.6
1733.89	9637.14
1734.92	9642.14
1735.94	9642.69
1736.96	9641.79
1737.98	9637.7
1739.01	9631.64
1740.03	9623.85
1741.05	9613.32
1742.07	9599.91
1743.09	9585.38
1744.12	9571.54
1745.14	9562.72
1746.16	9555.56
1747.18	9550.74
1748.2	9548.14
1749.22	9547.78
1750.24	9550.67
1751.26	9554.79
1752.28	9556.65
1753.3	9554.72
1754.32	9551.14
1755.34	9545.82
1756.36	9538.02
1757.38	9528.38
1758.4	9516.47
1759.42	9502.66
1760.44	9487.54
1761.45	9471.82
1762.47	9459.21
1763.49	9454.71
1764.51	9453
1765.53	9454.24
1766.55	9457.81
1767.56	9461.17
1768.58	9463.77
1769.6	9450.89
1770.61	9444.21
1771.63	9422.59
1772.65	9390.55
1773.67	9380.7
1774.68	9390.26
1775.7	9401.79
1776.72	9417.19
1777.73	9421.12
1778.75	9414.62
1779.76	9408.63
1780.78	9403.61
1781.79	9399.34
1782.81	9395.76
1783.83	9392.91
1784.84	9390.78
1785.85	9389.43
1786.87	9387.65
1787.88	9378.44
1788.9	9366.95
1789.91	9355.81
1790.93	9344.74
1791.94	9333.78
1792.95	9321.16
1793.97	9308.53
1794.98	9295.94
1796	9282.99
1797.01	9270.46
1798.02	9256.81
1799.03	9265.09
1800.05	9282.44
1801.06	9285.64
1802.07	9281.91
1803.08	9276.17
1804.1	9267.33
1805.11	9254.43
1806.12	9240.96
1807.13	9231.44
1808.14	9225.04
1809.15	9222.04
1810.17	9221.82
1811.18	9222.54
1812.19	9227.1
1813.2	9224.87
1814.21	9188.83
1815.22	9168.32
1816.23	9149.78
1817.24	9129.16
1818.25	9123.73
1819.26	9137.39
1820.27	9139.23
1821.28	9137.93
1822.29	9133.23
1823.3	9113.01
1824.3	9088.64
1825.31	9092.11
1826.32	9090.72
1827.33	9083.99
1828.34	9076.59
1829.35	9065.77
1830.35	9052.34
1831.36	9037.86
1832.37	9026.97
1833.38	9016.56
1834.38	9006.7
1835.39	8998.27
1836.4	8990.36
1837.41	8983.67
1838.41	8977.46
1839.42	8971.69
1840.43	8965.23
1841.43	8959.36
1842.44	8953.21
1843.44	8946.35
1844.45	8938.33
1845.46	8925.81
1846.46	8914.43
1847.47	8901.29
1848.47	8901.45
1849.48	8900.34
1850.48	8897.29
1851.49	8891.86
1852.49	8881.33
1853.49	8869.59
1854.5	8860.89
1855.5	8866.04
1856.51	8861.69
1857.51	8859.32
1858.51	8852.21
1859.52	8839.86
1860.52	8824.91
1861.52	8806.92
1862.53	8801.81
1863.53	8802.39
1864.53	8828.3
1865.54	8860.93
1866.54	8847.43
1867.54	8816.37
1868.54	8790.08
1869.54	8762.38
1870.55	8802.18
1871.55	8798.81
1872.55	8785.31
1873.55	8772.37
1874.55	8760.41
1875.55	8746.39
1876.55	8733.04
1877.55	8724.28
1878.55	8719.53
1879.55	8723.8
1880.56	8726.05
1881.55	8724.2
1882.56	8716.2
1883.55	8705.07
1884.55	8694
1885.55	8680.01
1886.55	8665.47
1887.55	8646.19
1888.55	8645.86
1889.55	8653.66
1890.55	8669.96
1891.55	8676.28
1892.55	8670.3
1893.54	8630.67
1894.54	8611.67
1895.54	8593.67
1896.54	8592.14
1897.54	8588.86
1898.53	8587.09
1899.53	8582.17
1900.53	8577.89
1901.52	8573.91
1902.52	8570.21
1903.52	8567.05
1904.51	8564.15
1905.51	8561.26
1906.51	8558.43
1907.5	8554.72
1908.5	8547.6
1909.49	8536.89
1910.49	8521.55
1911.49	8498.55
1912.48	8485.47
1913.48	8479.42
1914.47	8483.87
1915.46	8490.3
1916.46	8502.11
1917.45	8507.85
1918.45	8508.11
1919.44	8480.14
1920.44	8461.69
1921.43	8441.16
1922.43	8419.44
1923.42	8395.18
1924.41	8378.2
1925.41	8359.52
1926.4	8353.33
1927.39	8345.91
1928.38	8349.95
1929.38	8352.84
1930.37	8354.53
1931.36	8351.86
1932.35	8342.05
1933.35	8324.63
1934.34	8309.35
1935.33	8290.89
1936.32	8281.96
1937.31	8273.74
1938.3	8279.53
1939.29	8285.34
1940.29	8278.34
1941.28	8265.97
1942.27	8252.93
1943.26	8246.29
1944.25	8241.95
1945.24	8234.71
1946.23	8238.36
1947.22	8253.92
1948.21	8263.01
1949.2	8265.65
1950.19	8241.99
1951.18	8212.93
1952.17	8189.21
1953.16	8167.09
1954.14	8174.28
1955.13	8170.4
1956.12	8165.5
1957.11	8162.56
1958.1	8156.33
1959.09	8148.33
1960.07	8137.4
1961.06	8124.61
1962.05	8110.94
1963.04	8096.43
1964.02	8082.97
1965.01	8070.75
1966	8061.73
1966.99	8054.53
1967.97	8049.32
1968.96	8047.41
1969.95	8047.47
1970.93	8050.06
1971.92	8052.63
1972.9	8044.77
1973.89	8034.94
1974.88	8017.74
1975.86	8007.55
1976.85	8010.99
1977.83	8027.95
1978.82	8006.91
1979.8	7969.61
1980.79	7970.19
1981.77	7985.6
1982.76	8004.35
1983.74	8014.76
1984.72	8025.67
1985.71	7992.12
1986.69	7987.86
1987.67	7989.12
1988.66	7988.9
1989.64	7985.19
1990.62	7977.31
1991.61	7965.65
1992.59	7950.24
1993.57	7930.83
1994.56	7907.74
1995.54	7890.05
1996.52	7873.49
1997.5	7860.2
1998.49	7849.52
1999.47	7841.49
2000.45	7836.28
2001.43	7834.11
2002.41	7835.9
2003.39	7840.71
2004.38	7847.05
2005.36	7850.93
2006.34	7841.53
2007.32	7834.1
2008.3	7827.17
2009.28	7819.37
2010.26	7810.33
2011.24	7800.34
2012.22	7789.11
2013.2	7776.94
2014.18	7763.7
2015.16	7749.68
2016.14	7736.97
2017.12	7727.96
2018.1	7734.01
2019.07	7740.3
2020.05	7748.29
2021.03	7757.35
2022.01	7750.82
2022.99	7737.21
2023.97	7722.83
2024.95	7698.66
2025.92	7685.96
2026.9	7679.31
2027.88	7678.83
2028.86	7683.28
2029.83	7681.02
2030.81	7679.1
2031.79	7668.28
2032.76	7657.16
2033.74	7639.37
2034.72	7621.03
2035.69	7612.05
2036.67	7601.44
2037.65	7594.41
2038.62	7595.64
2039.6	7595.17
2040.57	7595.64
2041.55	7591.43
2042.52	7586.46
2043.5	7578.97
2044.47	7569.11
2045.45	7556.83
2046.42	7541.83
2047.4	7524.1
2048.37	7535.01
2049.35	7542.34
2050.32	7510.44
2051.29	7494.22
2052.27	7483.84
2053.24	7475.72
2054.21	7465.71
2055.19	7457.31
2056.16	7449.77
2057.13	7441.88
2058.11	7433.7
2059.08	7425.51
2060.05	7414.64
2061.02	7402.98
2062	7394.35
2062.97	7389.18
2063.94	7393.05
2064.91	7400.23
2065.89	7401.2
2066.86	7398.66
2067.83	7391.04
2068.8	7381.74
2069.77	7371.17
2070.74	7359.56
2071.71	7346.67
2072.68	7338.78
2073.65	7333.76
2074.62	7331.73
2075.59	7333.63
2076.56	7333.93
2077.53	7327.48
2078.5	7316.92
2079.47	7302.4
2080.44	7286.47
2081.41	7271.93
2082.38	7261.35
2083.35	7252.86
2084.32	7246.02
2085.29	7240.17
2086.26	7236.08
2087.23	7233.43
2088.19	7231.33
2089.16	7227.59
2090.13	7221.87
2091.1	7214.26
2092.07	7202.98
2093.03	7191.21
2094	7182.44
2094.97	7174.49
2095.94	7166.94
2096.9	7159.81
2097.87	7152.12
2098.84	7144.38
2099.8	7134.41
2100.77	7123.85
2101.74	7112.35
2102.7	7100
2103.67	7089.55
2104.63	7086.36
2105.6	7091.4
2106.56	7093.43
2107.53	7093.19
2108.49	7089.01
2109.46	7085.17
2110.42	7072.11
2111.39	7064.36
2112.35	7058.51
2113.32	7050.38
2114.28	7041.18
2115.25	7030.35
2116.21	7018.56
2117.17	7006.51
2118.14	6995.71
2119.1	6986.87
2120.07	6978.11
2121.03	6986.17
2121.99	7003.47
2122.96	6995.28
2123.92	6987.16
2124.88	6973.7
2125.84	6961.1
2126.81	6949.36
2127.77	6938.72
2128.73	6928.83
2129.69	6916.71
2130.65	6913.59
2131.62	6916.55
2132.58	6912.35
2133.54	6906.89
2134.5	6899.67
2135.46	6891.35
2136.42	6882.12
2137.38	6872.18
2138.34	6861.75
2139.3	6850.94
2140.26	6839.95
2141.22	6829.99
2142.18	6828.02
2143.14	6831.88
2144.1	6841.38
2145.06	6851.12
2146.02	6845.67
2146.98	6827.22
2147.94	6793.9
2148.9	6789.94
2149.86	6788.38
2150.82	6788.64
2151.78	6787.34
2152.74	6785.25
2153.69	6781.25
2154.65	6775.37
2155.61	6766.96
2156.57	6756.58
2157.53	6743.77
2158.48	6733.33
2159.44	6732.63
2160.4	6726.2
2161.36	6720.68
2162.31	6712.76
2163.27	6698.83
2164.23	6685.34
2165.18	6667.75
2166.14	6654.94
2167.1	6654.56
2168.05	6649.05
2169.01	6639.15
2169.96	6624.43
2170.92	6597.39
2171.88	6580.24
2172.83	6566.32
2173.79	6553.07
2174.74	6540.9
2175.7	6528.85
2176.65	6516.94
2177.6	6505.11
2178.56	6493.96
2179.51	6483.34
2180.47	6473.87
2181.42	6466.33
2182.38	6460.69
2183.33	6462.2
2184.28	6463.59
2185.24	6466.06
2186.19	6464.85
2187.14	6455.86
2188.1	6448.38
2189.05	6439.26
2190	6435.39
2190.96	6432.07
2191.91	6428.34
2192.86	6424.75
2193.81	6420.94
2194.76	6417.7
2195.72	6409.05
2196.67	6397.5
2197.62	6383.93
2198.57	6376.65
2199.52	6375.81
2200.47	6376.07
2201.43	6374.57
2202.38	6370.93
2203.33	6365.36
2204.28	6359.67
2205.23	6349.46
2206.18	6336.63
2207.13	6322.29
2208.08	6309.39
2209.03	6297.44
2209.98	6291.57
2210.93	6284.6
2211.88	6278.24
2212.83	6271.93
2213.78	6265.39
2214.73	6258.84
2215.67	6251.71
2216.62	6244.59
2217.57	6237.45
2218.52	6230.75
2219.47	6225.32
2220.42	6220.55
2221.37	6216.58
2222.31	6213.4
2223.26	6211.74
2224.21	6209.98
2225.16	6207.4
2226.1	6204.44
2227.05	6201.68
2228	6198.4
2228.94	6194.82
2229.89	6191.32
2230.84	6188.42
2231.78	6185.73
2232.73	6187.67
2233.68	6189.42
2234.62	6191.47
2235.57	6193
2236.51	6189.34
2237.46	6182.88
2238.41	6172.58
2239.35	6159.7
2240.3	6145.35
2241.24	6128.26
2242.19	6121.51
2243.13	6122.34
2244.07	6126.36
2245.02	6129.77
2245.96	6130.28
2246.91	6128.97
2247.85	6124.42
2248.8	6113.66
2249.74	6107.99
2250.68	6100.68
2251.63	6092.06
2252.57	6083.05
2253.51	6075.15
2254.46	6074.25
2255.4	6074.05
2256.34	6075.76
2257.28	6079.74
2258.23	6086.33
2259.17	6096.25
2260.11	6099.73
2261.05	6092.07
2262	6025.33
2262.94	6060.19
2263.88	6059.01
2264.82	6051.84
2265.76	6050.77
2266.7	6047.79
2267.64	6045.62
2268.58	6044.1
2269.53	6043.33
2270.47	6043.27
2271.41	6042.59
2272.35	6039.62
2273.29	6034.05
2274.23	6027.46
2275.17	6022.2
2276.11	6018.83
2277.05	6016.04
2277.99	6014.22
2278.93	6013.58
2279.86	6012.21
2280.8	6011.14
2281.74	6011.01
2282.68	6011.5
2283.62	6009.87
2284.56	6007.25
2285.5	6004.51
2286.44	6003.95
2287.37	6004.85
2288.31	6001.04
2289.25	5993.04
2290.19	5981.48
2291.12	5971.28
2292.06	5966.09
2293	5964.61
2293.94	5966.05
2294.87	5965.9
2295.81	5964.03
2296.75	5961.41
2297.68	5958.86
2298.62	5956
2299.55	5953.15
2300.49	5950.2
2301.43	5947.7
2302.36	5944.19
2303.3	5939.3
2304.23	5931.36
2305.17	5921.16
2306.1	5914.2
2307.04	5910.91
2307.98	5907.65
2308.91	5904.4
2309.84	5901.75
2310.78	5897.15
2311.71	5890.43
2312.65	5880.23
2313.58	5869.23
2314.52	5861.33
2315.45	5857.8
2316.38	5854.1
2317.32	5847.38
2317.72	5844.49
2318.66	5838.52
2319.6	5831.61
2320.54	5824.05
2321.48	5813.72
2322.41	5805.97
2323.35	5799.27
2324.29	5791.05
2325.23	5782.56
2326.16	5773.46
2327.1	5764.91
2328.04	5756.96
2328.97	5752.52
2329.91	5766.26
2330.85	5770.73
2331.78	5773.13
2332.72	5772.49
2333.66	5769.47
2334.59	5763.98
2335.53	5755.96
2336.46	5747.91
2337.4	5740.31
2338.33	5738.43
2339.27	5734.83
2340.2	5735.71
2341.14	5741.04
2342.07	5742.26
2343.01	5741.17
2343.94	5726.69
2344.88	5706.08
2345.81	5703.36
2346.75	5698.05
2347.68	5692.56
2348.61	5687.62
2349.55	5683.12
2350.48	5678.95
2351.41	5674.68
2352.35	5671.02
2353.28	5667.47
2354.21	5664.56
2355.15	5661.8
2356.08	5658.9
2357.01	5655.8
2357.94	5651.89
2358.88	5648
2359.81	5644.47
2360.74	5640.79
2361.67	5636.93
2362.6	5633.14
2363.54	5628.28
2364.47	5619.81
2365.4	5612.7
2366.33	5605.93
2367.26	5598.1
2368.19	5589.69
2369.12	5582.98
2370.05	5580.99
2370.98	5589.98
2371.91	5592.2
2372.84	5595.51
2373.77	5598.53
2374.7	5603.89
2375.63	5600.62
2376.56	5591.06
2377.49	5578.46
2378.42	5566.87
2379.35	5559.49
2380.28	5551.01
2381.21	5543.83
2382.14	5537.91
2383.07	5533.51
2384	5531.14
2384.92	5531.42
2385.85	5537.1
2386.78	5546.14
2387.71	5557.13
2388.64	5570.4
2389.56	5578.38
2390.49	5561.55
2391.42	5540.72
2392.35	5526.91
2393.27	5519.31
2394.2	5520.31
2395.13	5518.38
2396.05	5516.62
2396.98	5512.38
2397.91	5506.07
2398.83	5497.44
2399.76	5487.79
2400.69	5477.27
2401.61	5465.73
2402.54	5453.39
2403.46	5441.44
2404.39	5436.4
2405.31	5437.66
2406.24	5439.71
2407.17	5438.38
2408.09	5435.63
2409.01	5430.13
2409.94	5422.69
2410.86	5413.06
2411.79	5401.51
2412.71	5387.53
2413.64	5372.37
2414.56	5365.03
2415.49	5361.11
2416.41	5362.41
2417.33	5365.46
2418.26	5367.9
2419.18	5369.59
2420.1	5371.39
2421.03	5372.45
2421.95	5370.19
2422.87	5366.69
2423.79	5362.05
2424.72	5356.35
2425.64	5349.47
2426.56	5341.64
2427.48	5333.12
2428.41	5324.51
2429.33	5315.37
2430.25	5307.24
2431.17	5300.49
2432.09	5294.59
2433.01	5291.46
2433.93	5288.11
2434.86	5285.22
2435.78	5282.41
2436.7	5279.71
2437.62	5276.84
2438.54	5271.12
2439.46	5262.63
2440.38	5251.01
2441.3	5238.11
2442.22	5231.94
2443.14	5224.47
2444.06	5221.78
2444.98	5219.39
2445.9	5215.95
2446.82	5210.58
2447.73	5199.97
2448.65	5191.9
2449.57	5187.38
2450.49	5182.15
2451.41	5177.31
2452.33	5174.45
2453.25	5170.32
2454.17	5166.31
2455.08	5163
2456	5160.11
2456.92	5157.73
2457.84	5155.98
2458.75	5158.95
2459.67	5160.69
2460.59	5154.18
2461.51	5150.03
2462.42	5141.1
2463.34	5129.52
2464.26	5123.36
2465.17	5122.32
2466.09	5121.17
2467	5119.03
2467.92	5114.66
2468.84	5105.77
2469.75	5089.92
2470.67	5085.65
2471.58	5080.29
2472.5	5075.42
2473.42	5075.56
2474.33	5073.13
2475.25	5065.34
2476.16	5049.7
2477.08	5037.62
2477.99	5027.3
2478.9	5022.5
2479.82	5026.94
2480.73	5032.35
2481.65	5037.92
2482.56	5047.46
2483.47	5048.87
2484.39	5043.03
2485.3	5030.16
2486.22	5013.27
2487.13	5002.21
2488.04	4988.95
2488.96	4982.16
2489.87	4983.29
2490.78	4990.47
2491.69	4996.87
2492.61	5002.51
2493.52	5008.98
2494.43	5008.98
2495.34	5001.17
2496.25	4995.04
2497.17	4988.74
2498.08	4988.78
2498.99	4984.87
2499.9	4983.49
2500.81	4985.78
2501.72	4983.27
2502.63	4971.79
2503.55	4958.3
2504.46	4944.69
2505.37	4930.16
2506.28	4923.12
2507.19	4923
2508.1	4922.82
2509.01	4930.2
2509.92	4919.55
2510.83	4901.11
2511.74	4897.16
2512.65	4902.82
2513.56	4928.47
2514.47	4943.4
2515.37	4939.78
2516.28	4939.88
2517.19	4939.02
2518.1	4936.31
2519.01	4932.33
2519.92	4926.33
2520.83	4919.94
2521.73	4912.61
2522.64	4904.3
2523.55	4895.08
2524.46	4885.05
2525.37	4874.17
2526.27	4862.93
2527.18	4854.4
2528.09	4851.21
2529	4846.75
2529.9	4849.29
2530.81	4847.68
2531.72	4850.12
2532.62	4851.03
2533.53	4850.69
2534.44	4841.3
2535.34	4832.9
2536.25	4824.51
2537.15	4812.98
2538.06	4804.72
2538.96	4804.98
2539.87	4805.21
2540.78	4807.68
2541.68	4808.87
2542.59	4808.38
2543.49	4800.16
2544.4	4785.21
2545.3	4781.52
2546.21	4778.06
2547.11	4775.13
2548.01	4772.95
2548.92	4768.53
2549.82	4763.02
2550.73	4756.43
2551.63	4748.34
2552.53	4739.15
2553.44	4728.75
2554.34	4717.32
2555.24	4704.62
2556.15	4696.97
2557.05	4698.96
2557.95	4713.82
2558.86	4727.1
2559.76	4736.32
2560.66	4732.1
2561.56	4725.22
2562.46	4715.17
2563.37	4702.16
2564.27	4685.62
2565.17	4672.85
2566.07	4664.44
2566.97	4660.1
2567.88	4657.26
2568.78	4656.1
2569.68	4651.6
2570.58	4647.51
2571.48	4642.98
2572.38	4638.05
2573.28	4632.59
2574.18	4626.66
2575.08	4620.12
2575.98	4615.38
2576.88	4617.83
2577.78	4617.9
2578.68	4612.14
2579.58	4606.6
2580.48	4600.48
2581.38	4593.72
2582.28	4586.37
2583.18	4578.28
2584.08	4570.35
2584.98	4563.13
2585.88	4557.06
2586.77	4552.27
2587.67	4548.04
2588.57	4544.76
2589.47	4542.3
2590.37	4540.66
2591.27	4539.43
2592.16	4535.75
2593.06	4523.75
2593.96	4519.83
2594.86	4523.45
2595.75	4528.3
2596.65	4524.16
2597.55	4519.56
2598.45	4512.67
2599.34	4503.99
2600.24	4493.25
2601.13	4484.48
2602.03	4479.91
2602.93	4480.55
2603.82	4486.07
2604.72	4487.26
2605.62	4485.43
2606.51	4482.67
2607.41	4478.96
2608.3	4472.08
2609.2	4462.08
2610.09	4452.44
2610.99	4443.36
2611.88	4436.69
2612.78	4430.46
2613.67	4425.42
2614.57	4422.11
2615.46	4419.96
2616.36	4419.25
2617.25	4418.74
2618.14	4412.19
2619.04	4400.32
2619.93	4384.49
2620.83	4367.57
2621.72	4358.52
2622.61	4359.21
2623.5	4358.94
2624.4	4363.56
2625.29	4371.28
2626.18	4377.94
2627.08	4383.55
2627.97	4379.14
2628.86	4373.14
2629.75	4363.15
2630.65	4351.85
2631.54	4343.66
2632.43	4332.67
2633.32	4328.69
2634.21	4324.8
2635.11	4318.15
2636	4310.47
2636.89	4298.73
2637.78	4289.49
2638.67	4283.43
2639.56	4280.65
2640.45	4281.42
2641.34	4285.46
2642.23	4291.43
2643.12	4285.68
2644.01	4275.75
2644.9	4259.06
2645.79	4237.89
2646.68	4222.65
2647.57	4215.11
2648.46	4212.92
2649.35	4213.53
2650.24	4216.05
2651.13	4217.86
2652.02	4206.02
2652.91	4199.48
2653.8	4189.29
2654.69	4175.91
2655.58	4164.88
2656.46	4167.71
2657.35	4173.2
2658.24	4180.06
2659.13	4186.09
2660.02	4192.6
2660.9	4192.17
2661.79	4184.11
2662.68	4164.9
2663.57	4153.2
2664.45	4147.47
2665.34	4152.34
2666.23	4153.76
2667.11	4154.36
2668	4153.81
2668.89	4152.88
2669.77	4151.07
2670.66	4146.99
2671.55	4141.98
2672.43	4136.03
2673.32	4130.89
2674.21	4140.87
2675.09	4149.42
2675.98	4151.49
2676.86	4157.5
2677.75	4108.63
2678.63	4099.13
2679.52	4096.02
2680.4	4089.7
2681.29	4082.32
2682.17	4077.64
2683.06	4073.02
2683.94	4069
2684.82	4064.12
2685.71	4058.62
2686.59	4051.95
2687.48	4043.26
2688.36	4036.5
2689.24	4030.72
2690.13	4025.88
2691.01	4022
2691.89	4019.17
2692.78	4017.42
2693.66	4016.85
2694.54	4017.02
2695.43	4013.82
2696.31	4000.17
2697.19	3993.71
2698.07	3986.15
2698.96	3985.87
2699.84	3990.25
2700.72	3988.45
2701.6	3990.01
2702.48	3992.71
2703.36	3988.3
2704.25	3971.5
2705.13	3952.97
2706.01	3949.71
2706.89	3947.94
2707.77	3945.9
2708.65	3942.55
2709.53	3937.95
2710.41	3931.37
2711.29	3923.53
2712.17	3915.22
2713.05	3905.91
2713.93	3898.02
2714.81	3894.31
2715.69	3891.07
2716.57	3888.93
2717.45	3887.23
2718.33	3885.94
2719.21	3884.81
2720.09	3883.82
2720.97	3882.94
2721.85	3882.3
2722.73	3881.75
2723.61	3881.1
2724.48	3880.3
2725.36	3879.49
2726.24	3878.08
2727.12	3874.77
2728	3870.04
2728.88	3862.44
2729.75	3852.76
2730.63	3844.36
2731.51	3840.47
2732.39	3836.37
2733.26	3832.41
2734.14	3828.65
2735.02	3824.83
2735.89	3821.19
2736.77	3817.56
2737.65	3814.04
2738.52	3810.53
2739.4	3807.08
2740.28	3803.39
2741.15	3797.37
2742.03	3792.76
2742.9	3791.7
2743.78	3805.92
2744.65	3822.47
2745.53	3819.4
2746.41	3799.6
2747.28	3791.21
2748.16	3780.92
2749.03	3774.21
2749.91	3772.68
2750.78	3777.32
2751.66	3771.67
2752.53	3765.63
2753.4	3757.94
2754.28	3749.94
2755.15	3747.06
2756.02	3750.07
2756.9	3749.33
2757.77	3751.26
2758.65	3752.29
2759.52	3747.3
2760.39	3741.46
2761.27	3735.34
2762.14	3728.18
2763.01	3720.38
2763.88	3712.21
2764.76	3705.26
2765.63	3699.09
2766.5	3693.54
2767.37	3689.46
2768.25	3687.55
2769.12	3685.71
2769.99	3684.77
2770.86	3684.05
2771.73	3684.36
2772.61	3679.16
2773.48	3671.83
2774.35	3667.74
2775.22	3669
2776.09	3670.17
2776.96	3670.4
2777.83	3671.25
2778.7	3666.53
2779.57	3660.94
2780.44	3651.25
2781.31	3643.98
2782.18	3638.83
2783.05	3634.69
2783.92	3630.91
2784.79	3627.6
2785.66	3624.39
2786.53	3621.19
2787.4	3617.72
2788.27	3613.5
2789.14	3609.07
2790.01	3604.68
2790.88	3600.56
2791.75	3597.19
2792.62	3594.4
2793.48	3591.69
2794.35	3588.94
2795.22	3585.7
2796.09	3582.01
2796.96	3577.76
2797.82	3573.14
2798.69	3568.55
2799.56	3564.67
2800.43	3562.93
2801.29	3567.72
2802.16	3569.55
2803.03	3565.42
2803.9	3563.77
2804.76	3557.09
2805.63	3546.89
2806.5	3540.31
2807.36	3537.59
2808.23	3534.48
2809.09	3529.43
2809.96	3523.16
2810.83	3511.55
2811.69	3494.82
2812.56	3491.31
2813.42	3494.61
2814.29	3505.14
2815.15	3511.34
2816.02	3515.68
2816.88	3515.18
2817.75	3507.16
2818.61	3500.51
2819.48	3496.47
2820.34	3494.16
2821.21	3490.01
2822.07	3495.9
2822.94	3495.08
2823.8	3488.71
2824.66	3476.45
2825.53	3468.65
2826.39	3463.26
2827.26	3460.15
2828.12	3456.54
2828.98	3454.71
2829.85	3453.69
2830.71	3454.83
2831.57	3453.23
2832.43	3440.39
2833.3	3433.29
2834.16	3425.24
2835.02	3443.45
2835.88	3442.03
2836.75	3432.11
2837.61	3417.57
2838.47	3407.14
2839.33	3403.24
2840.19	3404.61
2841.06	3408.94
2841.92	3415.26
2842.78	3420.28
2843.64	3402.41
2844.5	3404.18
2845.36	3408.15
2846.22	3410.16
2847.08	3409.6
2847.94	3407.07
2848.81	3404.09
2849.67	3400.2
2850.53	3395.17
2851.39	3388.88
2852.25	3382.51
2853.11	3376.59
2853.97	3371.51
2854.82	3367.05
2855.68	3363.28
2856.54	3358.41
2857.4	3353.61
2858.26	3348.59
2859.12	3343.56
2859.98	3338.33
2860.84	3333.03
2861.7	3327.79
2862.56	3322.9
2863.41	3319.22
2864.27	3318.38
2865.13	3322.22
2865.99	3324.46
2866.85	3330.14
2867.7	3332.54
2868.56	3332.14
2869.42	3328.81
2870.28	3323.61
2871.13	3299.74
2871.99	3283.96
2872.85	3285.54
2873.7	3290.03
2874.56	3296.27
2875.42	3299.68
2876.27	3298.79
2877.13	3298.08
2877.99	3295.79
2878.84	3291.92
2879.7	3286.56
2880.56	3279.63
2881.41	3270.96
2882.27	3260.83
2883.12	3249.52
2883.98	3242.07
2884.83	3240.22
2885.69	3241.67
2886.54	3240.85
2887.4	3241.54
2888.25	3242.11
2889.11	3242.93
2889.96	3241.34
2890.82	3239.95
2891.67	3233.41
2892.52	3225.2
2893.38	3216.72
2894.23	3208.11
2895.09	3200.82
2895.94	3202.48
2896.79	3203.45
2897.65	3206.62
2898.5	3211.91
2899.35	3218.77
2900.21	3210.73
2901.06	3193.08
2901.91	3175.13
2902.76	3162.44
2903.62	3152.02
2904.47	3152.14
2905.32	3150.33
2906.17	3157.11
2907.03	3161.82
2907.88	3165.42
2908.73	3167.18
2909.58	3166.69
2910.43	3163.42
2911.28	3154.5
2912.14	3148.65
2912.99	3145.42
2913.84	3141.76
2914.69	3143.6
2915.54	3140.99
2916.39	3135.91
2917.24	3130.33
2918.09	3122.7
2918.94	3111.72
2919.79	3098.62
2920.64	3097.14
2921.49	3100
2922.34	3101.22
2923.19	3100.54
2924.04	3097.74
2924.89	3094.84
2925.74	3091.77
2926.59	3088.49
2927.44	3084.9
2928.29	3081.13
2929.14	3077.32
2929.98	3073.14
2930.83	3068.55
2931.68	3062.89
2932.53	3056.93
2933.38	3051.82
2934.23	3049.43
2935.07	3050.16
2935.92	3053.11
2936.77	3057.3
2937.62	3050.73
2938.47	3045.89
2939.31	3036.71
2940.16	3029.32
2941.01	3025.84
2941.85	3024.14
2942.7	3022.56
2943.55	3021.31
2944.39	3020.26
2945.24	3019.37
2946.09	3017.63
2946.93	3016.41
2947.78	3014.99
2948.63	3013.57
2949.47	3011.99
2950.32	3010.19
2951.16	3007.55
2952.01	3002.68
2952.85	2996
2953.7	2988.97
2954.55	2976.57
2955.39	2971.53
2956.24	2966.81
2957.08	2964.01
2957.92	2964.58
2958.77	2967.54
2959.61	2969.92
2960.46	2969.67
2961.3	2969.33
2962.15	2965.93
2962.99	2961.94
2963.83	2957.47
2964.68	2952.32
2965.52	2947.1
2966.37	2942.41
2967.21	2937.98
2968.05	2933.88
2968.9	2929.2
2969.74	2923.49
2970.58	2918.05
2971.42	2913.59
2972.27	2911.93
2973.11	2912.18
2973.95	2914.48
2974.79	2919.42
2975.64	2921.54
2976.48	2923.27
2977.32	2920.62
2978.16	2915.61
2979	2909.18
2979.85	2906.98
2980.69	2905.71
2981.53	2904.63
2982.37	2902.95
2983.21	2901.24
2984.05	2899.03
2984.89	2895.43
2985.73	2891.26
2986.57	2886.85
2987.41	2882.86
2988.25	2879.73
2989.1	2876.95
2989.94	2875.27
2990.77	2869.56
2991.62	2865.02
2992.45	2859.95
2993.29	2854.74
2994.13	2851.14
2994.97	2849.33
2995.81	2859.97
2996.65	2865.49
2997.49	2865.1
2998.33	2857.06
2999.17	2818.28
