200.833	7710.73
202.102	7748.69
203.371	7724.72
204.639	7711.79
205.907	7705.23
207.175	7703.88
208.442	7703.01
209.71	7710.37
210.977	7720.65
212.244	7733.72
213.511	7747.29
214.777	7760.41
216.042	7772.15
217.309	7782.83
218.575	7793.78
219.84	7806.21
221.106	7819.44
222.371	7834.6
223.635	7849.47
224.9	7861.73
226.165	7872.37
227.429	7872.24
228.694	7879.83
229.956	7902.48
231.22	7931
232.484	7956.23
233.747	7979.82
235.011	8000.26
236.272	8016.14
237.535	8027.88
238.798	8031.44
240.06	8031.97
241.321	8031.13
242.583	8031.91
243.845	8033.92
245.105	8036.56
246.367	8042.01
247.628	8053.66
248.888	8064.04
250.149	8071.81
251.409	8078.62
252.67	8083.26
253.928	8087.33
255.189	8090.97
256.447	8094.4
257.707	8100.69
258.966	8117.48
260.224	8133.52
261.483	8137.35
262.742	8140.13
263.999	8123.51
265.257	8115.54
266.514	8130.69
267.772	8151.09
269.028	8195.02
270.286	8217.89
271.543	8234.56
272.799	8246.31
274.056	8252.16
275.311	8256.97
276.568	8262.22
277.823	8267.93
279.079	8274.54
280.333	8281.74
281.589	8289.56
282.843	8297.96
284.099	8306.88
285.352	8316.43
286.607	8326.63
287.86	8337.64
289.114	8349.92
290.368	8363.27
291.621	8371.86
292.875	8377.39
294.127	8385.84
295.38	8394.02
296.632	8401.72
297.884	8409.14
299.137	8415.67
300.388	8422.2
301.641	8420.87
302.891	8416.18
304.142	8405.82
305.394	8395.74
306.644	8390.01
307.894	8388.64
309.146	8390.81
310.395	8396.51
311.645	8405.62
312.895	8418.45
314.144	8434.71
315.393	8454.36
316.642	8464.53
317.892	8461.28
319.14	8471.23
320.388	8491.13
321.637	8516.15
322.885	8532.37
324.132	8499.52
325.38	8496.92
326.628	8502.67
327.875	8507.35
329.122	8513.79
330.368	8524.02
331.614	8536.11
332.862	8547.22
334.108	8555.93
335.353	8565.26
336.599	8573.11
337.844	8580.81
339.089	8587.29
340.335	8591.37
341.58	8591.65
342.824	8586.1
344.068	8588.46
345.312	8593.54
346.556	8600.76
347.8	8610.44
349.043	8622.42
350.286	8636.83
351.53	8653.83
352.774	8673.11
354.016	8680.16
355.259	8686.92
356.501	8688.8
357.743	8683.85
358.985	8672.65
360.227	8654.67
361.468	8659.2
362.709	8664.47
363.95	8669.17
365.191	8672.42
366.432	8675.7
367.672	8680.98
368.912	8687.13
370.152	8693.72
371.392	8701.38
372.632	8706.61
373.871	8700.1
375.11	8686.94
376.348	8683.89
377.587	8683.2
378.825	8688.79
380.064	8698.76
381.302	8710.04
382.54	8714.75
383.778	8719.48
385.016	8724.51
386.253	8723.83
387.489	8730.5
388.726	8736.47
389.963	8756.83
391.199	8775.25
392.436	8789.76
393.672	8802.8
394.907	8813.62
396.142	8815.16
397.378	8816.04
398.614	8816.46
399.849	8816.55
401.082	8817.52
402.317	8820.26
403.552	8826.23
404.786	8831.93
406.019	8838.45
407.253	8845.68
408.487	8853.7
409.721	8863.72
410.953	8872.23
412.186	8875.3
413.419	8857.85
414.651	8803.24
415.883	8824.86
417.116	8883
418.347	8869.93
419.579	8861.38
420.811	8860.57
422.041	8857.17
423.272	8850.78
424.504	8842.86
425.733	8840.27
426.964	8837.21
428.194	8841.66
429.424	8851.38
430.654	8867.92
431.883	8887.45
433.113	8908.88
434.341	8915.78
435.571	8916.76
436.799	8911.41
438.028	8907.41
439.257	8898.26
440.484	8895.66
441.713	8886.15
442.94	8889.33
444.168	8918.64
445.394	8945.06
446.622	8967.34
447.848	8986.28
449.076	8997.48
450.301	8995.3
451.528	8983.87
452.754	8971.05
453.979	8955.16
455.205	8946.8
456.43	8948.98
457.656	8957.13
458.88	8961.73
460.106	8966.64
461.33	8972.43
462.554	8977.43
463.779	8981.56
465.002	8984.58
466.225	8986.52
467.45	8986.77
468.672	8984.34
469.895	8978.2
471.119	8968.35
472.341	8952.95
473.563	8938.37
474.786	8924.07
476.008	8913.42
477.229	8922.87
478.452	8934.7
479.673	8949.61
480.894	8962.29
482.115	8966.19
483.337	8960.49
484.557	8955.96
485.777	8945.49
486.997	8942.3
488.218	8946.51
489.438	8954.88
490.657	8964.03
491.876	8973.19
493.096	8981.98
494.315	8978.2
495.533	8959.64
496.752	8936.71
497.97	8924.76
499.188	8923.38
500.407	8935.78
501.625	8950.14
502.842	8962.13
504.059	8982.31
505.276	9000.31
506.493	8997.56
507.71	8993
508.926	8987.16
510.142	8979.44
511.358	8980.69
512.575	8983.33
513.791	8987.42
515.006	8992.87
516.222	8999.13
517.437	9001.36
518.651	9003.63
519.866	9005.26
521.081	9006.38
522.295	9006.84
523.509	9006.76
524.723	9005.82
525.937	9011.12
527.15	9020.87
528.363	9031.46
529.576	9042.54
530.789	9050.93
532.002	9059.12
533.215	9065.76
534.426	9070.64
535.638	9073.93
536.85	9075.61
538.061	9075.44
539.273	9073.74
540.484	9070.29
541.695	9065.6
542.906	9058.64
544.117	9062.52
545.327	9062.11
546.537	9055.14
547.747	9001.4
548.957	9045.91
550.167	9056.42
551.377	9068.86
552.585	9081.43
553.794	9090.15
555.003	9090.87
556.212	9082.36
557.421	9083.85
558.628	9085.32
559.836	9086.63
561.044	9096.98
562.252	9101.73
563.458	9093.76
564.666	9087.1
565.873	9075.63
567.08	9061.1
568.286	9053.41
569.493	9056.99
570.699	9065.22
571.904	9060.71
573.111	9054.05
574.317	9050.89
575.521	9048.08
576.727	9046.23
577.932	9047.82
579.136	9050.79
580.341	9055.85
581.544	9062.12
582.749	9069.21
583.954	9076.17
585.156	9079.95
586.361	9088.1
587.563	9096.28
588.767	9104.07
589.97	9113.08
591.172	9116.64
592.375	9109.87
593.577	9099.38
594.78	9086.06
595.981	9072.38
597.183	9059.42
598.384	9050.53
599.586	9043.75
600.786	9039.96
601.988	9045.26
603.188	9053.18
604.389	9060.6
605.589	9068.63
606.79	9073.65
607.989	9066.63
609.188	9053.33
610.389	9046.05
611.587	9038.28
612.787	9034.24
613.986	9036.54
615.184	9041.51
616.383	9044.97
617.581	9049.84
618.78	9046.06
619.977	9041.93
621.174	9036.87
622.373	9030.93
623.57	9024.13
624.766	9016.53
625.964	9007.49
627.16	8994.64
628.356	8980.19
629.554	8963.78
630.749	8950.39
631.945	8941.94
633.14	8938
634.337	8941.23
635.532	8937.58
636.726	8933.51
637.921	8928.87
639.117	8923.8
640.311	8919.18
641.505	8914.29
642.699	8908.76
643.892	8902.94
645.087	8904.37
646.28	8907.73
647.473	8911.73
648.666	8918.68
649.859	8918.55
651.051	8915.75
652.245	8919.94
653.437	8912.84
654.629	8971.98
655.821	8977.04
657.012	8955.78
658.204	8957.35
659.395	8958.3
660.586	8961.1
661.777	8957.67
662.967	8957.09
664.158	8952.86
665.349	8942.93
666.539	8937.33
667.729	8939.54
668.919	8946.63
670.109	8956.45
671.298	8966.68
672.487	8975.76
673.676	8981.71
674.865	8986.72
676.053	8990.47
677.242	8992.53
678.43	8992.98
679.616	8991.76
680.804	8989.13
681.992	8984.94
683.179	8979.13
684.366	8970.71
685.554	8959.25
686.74	8944.36
687.927	8936.97
689.114	8936.84
690.3	8936.12
691.486	8938.91
692.671	8949.45
693.856	8960.61
695.042	8953.8
696.227	8943.66
697.413	8927.08
698.598	8912.25
699.781	8899.81
700.966	8887.05
702.15	8875.55
703.334	8865.35
704.518	8857.52
705.701	8852.26
706.885	8858.21
708.068	8865.77
709.252	8869.14
710.433	8871.35
711.616	8872.93
712.799	8871.54
713.98	8868.81
715.163	8864.61
716.345	8859.3
717.527	8853.03
718.707	8854.08
719.889	8863.9
721.071	8864.54
722.25	8861.53
723.432	8858.75
724.611	8857.31
725.792	8857.79
726.972	8860.09
728.151	8864.1
729.332	8869.91
730.512	8877.51
731.69	8887.5
732.87	8897.86
734.048	8902.38
735.227	8894.45
736.405	8890.05
737.584	8888.96
738.761	8890.13
739.94	8893.61
741.117	8899.09
742.295	8905.04
743.471	8912.64
744.649	8905.46
745.825	8903.58
747.003	8903.31
748.179	8913.11
749.356	8921.69
750.531	8926.38
751.708	8927.89
752.883	8926.08
754.059	8919.78
755.234	8907.86
756.409	8887.32
757.585	8881.59
758.759	8870.64
759.934	8866.14
761.108	8873.66
762.282	8870.62
763.456	8867.12
764.63	8863.12
765.803	8858.2
766.977	8853.36
768.15	8848.86
769.323	8844.94
770.496	8841.66
771.668	8839.45
772.841	8838.3
774.014	8838.24
775.185	8838.31
776.357	8838.76
777.528	8834.41
778.701	8821.09
779.872	8810.93
781.042	8802.36
782.213	8795.51
783.383	8791.28
784.555	8801
785.725	8797.73
786.895	8790.37
788.064	8774.25
789.234	8760.12
790.404	8749.52
791.573	8740.73
792.742	8736.03
793.911	8735.95
795.08	8742.91
796.248	8757.31
797.416	8775.96
798.584	8768.16
799.753	8755.16
800.921	8745.25
802.088	8752.38
803.256	8778.13
804.423	8805.69
805.59	8775.31
806.756	8741.96
807.923	8739.42
809.089	8736.97
810.256	8734.3
811.422	8730.79
812.587	8726.82
813.753	8724.1
814.918	8725.05
816.084	8731.27
817.249	8732.19
818.414	8718
819.578	8718.46
820.743	8725.36
821.907	8736.54
823.072	8746.03
824.236	8753.39
825.399	8758.62
826.562	8762.2
827.725	8763.43
828.889	8762.82
830.052	8760.29
831.215	8756.99
832.377	8755.55
833.54	8759.3
834.701	8762.76
835.863	8764.72
837.025	8764.84
838.187	8763.44
839.349	8760.39
840.51	8755.56
841.67	8748.9
842.831	8739.79
843.992	8730.82
845.153	8721.16
846.312	8716.87
847.473	8715.55
848.633	8709.5
849.793	8700.31
850.951	8689.89
852.111	8677.83
853.27	8665.38
854.428	8650.83
855.588	8694.47
856.747	8704.7
857.904	8676.45
859.063	8655.21
860.221	8645.15
861.378	8648.14
862.536	8655.42
863.694	8656.54
864.85	8655
866.008	8648.13
867.164	8615.69
868.321	8582.21
869.478	8563.16
870.633	8581.92
871.79	8580.93
872.945	8579.43
874.101	8579.4
875.256	8577.34
876.412	8571.32
877.566	8563.33
878.722	8545.61
879.876	8523.31
881.031	8500.19
882.185	8486.93
883.34	8485.14
884.493	8500.01
885.647	8526.2
886.8	8534.23
887.954	8513.33
889.107	8500.21
890.261	8492.2
891.413	8489.75
892.565	8488.34
893.718	8490.1
894.87	8494.42
896.023	8501.81
897.174	8511.75
898.326	8523.68
899.478	8534.16
900.629	8534.69
901.779	8529.98
902.931	8523.93
904.081	8516.49
905.231	8510.74
906.383	8507.01
907.532	8504.36
908.682	8502.9
909.831	8502.53
910.982	8503.74
912.131	8506.67
913.28	8509.45
914.429	8511.36
915.578	8508.26
916.727	8503.05
917.875	8495.96
919.023	8487.45
920.171	8478.76
921.32	8470.99
922.467	8465.47
923.614	8462.34
924.761	8461.9
925.908	8464.17
927.055	8469.85
928.203	8479.89
929.349	8492
930.496	8496.95
931.642	8489.66
932.787	8482.33
933.933	8482
935.079	8483.34
936.224	8485.04
937.369	8487.04
938.514	8482.09
939.659	8476.79
940.804	8469.24
941.948	8460.07
943.092	8447.56
944.236	8438.76
945.38	8441.86
946.524	8445
947.667	8444.31
948.811	8426.35
949.954	8405.71
951.097	8394.41
952.24	8391.44
953.383	8396.42
954.525	8402.96
955.667	8411.68
956.81	8422.6
957.952	8430.71
959.093	8434.21
960.235	8426.29
961.376	8409.16
962.516	8371.14
963.658	8342.27
964.798	8334.48
965.939	8334.73
967.08	8338.33
968.22	8342.1
969.359	8341.51
970.499	8342.33
971.639	8343.03
972.779	8342.07
973.918	8341.14
975.056	8339.09
976.195	8336.37
977.334	8335.37
978.473	8337.94
979.61	8355.46
980.749	8326.77
981.887	8324.33
983.024	8325.63
984.162	8332.43
985.3	8338.49
986.437	8341.9
987.573	8341.27
988.711	8333.97
989.848	8327.96
990.983	8324.56
992.12	8324.84
993.255	8327.95
994.392	8332.28
995.528	8334.11
996.662	8328.85
997.798	8322.89
998.933	8304.71
1000.07	8293.85
1001.2	8290.09
1002.34	8293.82
1003.47	8305.59
1004.61	8323.8
1005.74	8340.13
1006.87	8354.24
1008.01	8360.07
1009.14	8357.54
1010.27	8335.47
1011.41	8360.21
1012.54	8352.82
1013.67	8342.37
1014.81	8333.16
1015.94	8321.77
1017.07	8305.13
1018.2	8286.01
1019.33	8277.82
1020.47	8272.6
1021.6	8275.03
1022.73	8280.87
1023.86	8281.99
1024.99	8281.9
1026.12	8288.46
1027.25	8281.81
1028.38	8270.47
1029.51	8259.09
1030.64	8249.64
1031.77	8241.99
1032.9	8237.66
1034.03	8244.76
1035.16	8254.83
1036.29	8269.28
1037.42	8260.1
1038.55	8225.06
1039.67	8188.38
1040.8	8154.9
1041.93	8145.17
1043.06	8151.74
1044.19	8167.86
1045.31	8175.53
1046.44	8176.35
1047.57	8171.53
1048.69	8165.21
1049.82	8156.15
1050.95	8144.6
1052.08	8130.15
1053.2	8114.08
1054.33	8100.86
1055.45	8093.35
1056.58	8091.14
1057.7	8097.76
1058.83	8099.17
1059.95	8098.61
1061.08	8097.07
1062.2	8094.91
1063.33	8091.93
1064.45	8088.39
1065.58	8083.44
1066.7	8077.84
1067.83	8071.35
1068.95	8065.18
1070.07	8061.17
1071.2	8060.38
1072.32	8071.79
1073.44	8083.12
1074.56	8094.09
1075.69	8104.18
1076.81	8108.97
1077.93	8100.49
1079.05	8093.73
1080.17	8089.34
1081.3	8086.55
1082.42	8086.59
1083.54	8089.34
1084.66	8091.85
1085.78	8094.58
1086.9	8098
1088.02	8101.77
1089.14	8106.57
1090.26	8111.47
1091.38	8116.39
1092.5	8120.54
1093.62	8099.14
1094.74	8090.81
1095.86	8085.37
1096.98	8081.34
1098.1	8081.65
1099.22	8076.65
1100.34	8070.94
1101.45	8064.63
1102.57	8058.06
1103.69	8048.47
1104.81	8037.58
1105.93	8024
1107.04	8018.14
1108.16	8032.11
1109.28	8039.06
1110.4	8045.98
1111.51	8052.1
1112.63	8056.13
1113.75	8055.23
1114.86	8050.88
1115.98	8044.47
1117.09	8035.13
1118.21	8023.46
1119.32	8008.13
1120.44	7996.09
1121.55	7996.12
1122.67	7999.24
1123.78	7999.48
1124.9	7990.34
1126.01	7976.55
1127.13	7962.48
1128.24	7945.48
1129.35	7924.76
1130.47	7901.6
1131.58	7879.69
1132.7	7882.94
1133.81	7888.67
1134.92	7884.54
1136.03	7876.04
1137.15	7864.94
1138.26	7857.54
1139.37	7850.57
1140.48	7843.84
1141.59	7837.93
1142.71	7832.68
1143.82	7827.84
1144.93	7823.52
1146.04	7818.57
1147.15	7809.11
1148.26	7795.04
1149.37	7784.03
1150.48	7774.27
1151.59	7768.06
1152.7	7765.06
1153.81	7764.93
1154.92	7766.28
1156.03	7770.93
1157.14	7779.36
1158.25	7785.32
1159.36	7785.93
1160.47	7770.62
1161.58	7753.22
1162.68	7729.36
1163.79	7719.14
1164.9	7733.68
1166.01	7740.52
1167.12	7748.07
1168.22	7756.68
1169.33	7760.67
1170.44	7761.58
1171.55	7761.78
1172.65	7761.28
1173.76	7760.76
1174.87	7759.92
1175.97	7761.48
1177.08	7762.44
1178.18	7764.21
1179.29	7766.65
1180.4	7768.52
1181.5	7769.25
1182.61	7765.44
1183.71	7762.79
1184.82	7762.31
1185.92	7760.61
1187.02	7759.34
1188.13	7757.61
1189.23	7756.15
1190.34	7755.64
1191.44	7756.93
1192.54	7764.91
1193.65	7772.3
1194.75	7779.4
1195.85	7787.59
1196.96	7779.61
1198.06	7768.93
1199.16	7759.42
1200.26	7749.09
1201.37	7737.45
1202.47	7731.24
1203.57	7738.04
1204.67	7746.39
1205.77	7755.57
1206.87	7765.07
1207.97	7774.05
1209.08	7773.86
1210.18	7764.1
1211.28	7746.26
1212.38	7742.75
1213.48	7742.55
1214.58	7740.81
1215.68	7738.3
1216.78	7742.44
1217.88	7737.73
1218.98	7720.23
1220.07	7703.55
1221.17	7699.4
1222.27	7694.85
1223.37	7696.47
1224.47	7695.3
1225.57	7689.75
1226.66	7676.6
1227.76	7666.23
1228.86	7655.27
1229.96	7647.75
1231.06	7657.15
1232.15	7668.46
1233.25	7664.36
1234.35	7659.53
1235.44	7651.49
1236.54	7641.55
1237.63	7629.17
1238.73	7617.98
1239.83	7618.55
1240.92	7615.26
1242.02	7612.34
1243.11	7609.08
1244.21	7602.26
1245.3	7602.04
1246.4	7603.6
1247.49	7607.9
1248.59	7617.43
1249.68	7620.84
1250.78	7614.35
1251.87	7582.22
1252.96	7606.02
1254.06	7607
1255.15	7594.8
1256.24	7585.65
1257.34	7574.48
1258.43	7565.36
1259.52	7564.7
1260.62	7567.23
1261.71	7580.21
1262.8	7572.18
1263.89	7564.3
1264.98	7551.08
1266.08	7537.48
1267.17	7539.16
1268.26	7539.54
1269.35	7549.39
1270.44	7558.54
1271.53	7564.78
1272.62	7568.24
1273.71	7569.07
1274.8	7567.35
1275.89	7563.13
1276.98	7558.07
1278.07	7554.79
1279.16	7562.89
1280.25	7575.81
1281.34	7580.41
1282.43	7569.64
1283.52	7565.63
1284.61	7560.95
1285.69	7555.83
1286.78	7550.45
1287.87	7546.59
1288.96	7545.32
1290.05	7544.53
1291.13	7544.67
1292.22	7544.61
1293.31	7543.99
1294.4	7543.28
1295.48	7542.11
1296.57	7539.59
1297.66	7536.69
1298.74	7534.64
1299.83	7535.76
1300.92	7538.05
1302	7540.82
1303.09	7542.65
1304.17	7544.02
1305.26	7545.57
1306.34	7545.76
1307.43	7544.63
1308.51	7541.69
1309.6	7537.92
1310.68	7536.56
1311.76	7523.38
1312.85	7517.99
1313.93	7504.99
1315.02	7496.57
1316.1	7493.1
1317.18	7498.92
1318.27	7507.5
1319.35	7513.77
1320.43	7515.96
1321.52	7514.47
1322.6	7507.26
1323.68	7491.79
1324.76	7484.97
1325.85	7472.92
1326.93	7461.56
1328.01	7451.24
1329.09	7459.56
1330.17	7475.84
1331.25	7492.65
1332.33	7494.55
1333.41	7438.15
1334.49	7439.99
1335.58	7436.51
1336.65	7436.74
1337.74	7435.93
1338.82	7434.65
1339.89	7432.63
1340.97	7430.62
1342.05	7428.8
1343.13	7417.49
1344.21	7411.18
1345.29	7392.61
1346.37	7409.23
1347.45	7422.99
1348.53	7412.85
1349.6	7396.02
1350.68	7389.99
1351.76	7386.31
1352.84	7385.15
1353.92	7386.08
1354.99	7388.99
1356.07	7389.43
1357.15	7387
1358.22	7380.32
1359.3	7373.01
1360.38	7365.09
1361.45	7366.95
1362.53	7373.52
1363.61	7383.83
1364.68	7393.75
1365.76	7399.38
1366.83	7402.07
1367.91	7398.08
1368.98	7382.44
1370.06	7368.65
1371.13	7362.89
1372.21	7360.52
1373.28	7361.69
1374.35	7371.81
1375.43	7380.94
1376.5	7387.18
1377.58	7393.04
1378.65	7390.72
1379.72	7386.34
1380.8	7378.96
1381.87	7368.01
1382.94	7356.06
1384.01	7348.19
1385.09	7341.54
1386.16	7336.12
1387.23	7333.86
1388.3	7333.6
1389.38	7335.77
1390.45	7337.22
1391.52	7326.29
1392.59	7313.37
1393.66	7324.75
1393.92	7328.9
1395	7356.76
1396.07	7374.31
1397.15	7348.75
1398.22	7336.64
1399.3	7315.25
1400.38	7295.32
1401.45	7277.8
1402.53	7267.4
1403.6	7282.28
1404.68	7292.15
1405.75	7296.25
1406.82	7299.45
1407.9	7296.18
1408.97	7293.17
1410.05	7284.48
1411.12	7274.4
1412.19	7263.73
1413.27	7254.81
1414.34	7255.88
1415.41	7256.38
1416.49	7259.51
1417.56	7265.01
1418.63	7271.15
1419.7	7278.02
1420.78	7268.14
1421.85	7260.14
1422.92	7249.76
1423.99	7237.72
1425.06	7227.25
1426.14	7220.24
1427.21	7217.38
1428.28	7217.67
1429.35	7221.23
1430.42	7226.92
1431.49	7225.08
1432.56	7220.82
1433.63	7211.8
1434.7	7200.37
1435.77	7188.36
1436.84	7175.62
1437.91	7161.1
1438.98	7143.55
1440.05	7154.98
1441.12	7168.14
1442.18	7178.55
1443.25	7181.52
1444.32	7179.41
1445.39	7173.2
1446.46	7169.54
1447.53	7166.57
1448.59	7167.06
1449.66	7170.46
1450.73	7173.87
1451.8	7171.9
1452.86	7163.49
1453.93	7158.17
1455	7155.57
1456.06	7155.96
1457.13	7164.73
1458.2	7169.59
1459.26	7170.67
1460.33	7166.4
1461.39	7161.01
1462.46	7153.42
1463.52	7146.64
1464.59	7142.64
1465.65	7140.92
1466.72	7141.56
1467.78	7144.74
1468.85	7145.82
1469.91	7145.38
1470.98	7140.6
1472.04	7138.89
1473.1	7140.53
1474.17	7142
1475.23	7142.7
1476.3	7144.84
1477.36	7147.43
1478.42	7151.28
1479.48	7149.2
1480.55	7141.74
1481.61	7131.03
1482.67	7119.85
1483.73	7117.08
1484.8	7112.81
1485.86	7111.98
1486.92	7112.95
1487.98	7118.19
1489.04	7130.78
1490.1	7155.57
1491.17	7125.5
1492.23	7086.15
1493.29	7059.6
1494.35	7047.04
1495.41	7040.84
1496.47	7042.51
1497.53	7045.08
1498.59	7051.47
1499.65	7060.68
1500.71	7064.23
1501.77	7066.65
1502.83	7068.4
1503.88	7068.89
1504.94	7068.15
1506	7066.03
1507.06	7062.15
1508.12	7056.93
1509.18	7050.04
1510.23	7041.65
1511.29	7031.36
1512.35	7020.8
1513.41	7014.18
1514.47	7016.63
1515.52	7020.63
1516.58	7026.32
1517.64	7036.85
1518.69	7027.03
1519.75	7013.14
1520.81	6988.17
1521.86	6966.15
1522.92	6949.91
1523.97	7012.09
1525.03	7004.31
1526.08	6975.4
1527.14	6955.55
1528.2	6942.44
1529.25	6935.46
1530.31	6935.13
1531.36	6936.41
1532.42	6937.54
1533.47	6939.23
1534.52	6940.44
1535.58	6936.44
1536.63	6930.08
1537.69	6921.51
1538.74	6911.18
1539.79	6909.56
1540.84	6909.41
1541.9	6913.25
1542.95	6917.71
1544	6920.43
1545.06	6921.39
1546.11	6918.85
1547.16	6911.72
1548.21	6899.16
1549.27	6895.58
1550.32	6905.8
1551.37	6915.56
1552.42	6925.8
1553.47	6937.43
1554.52	6942
1555.57	6935.08
1556.62	6933.46
1557.67	6930.1
1558.72	6924.35
1559.77	6918.03
1560.82	6910.47
1561.87	6902.6
1562.92	6894.51
1563.97	6888.28
1565.02	6895.07
1566.07	6891.73
1567.12	6880.05
1568.17	6867.05
1569.22	6863.95
1570.27	6872.38
1571.32	6885.35
1572.36	6887.76
1573.41	6888.08
1574.46	6888.75
1575.51	6881.38
1576.56	6869.32
1577.6	6866.92
1578.65	6859.47
1579.7	6864.03
1580.74	6868.16
1581.79	6871.15
1582.84	6873.4
1583.88	6874.39
1584.93	6874.03
1585.98	6871.04
1587.02	6859.84
1588.07	6842.88
1589.11	6821.11
1590.16	6809.9
1591.2	6858.1
1592.25	6837.99
1593.29	6820.41
1594.34	6805.03
1595.38	6792.53
1596.43	6783.59
1597.47	6778.43
1598.52	6777.78
1599.56	6782.07
1600.6	6790.14
1601.65	6791.89
1602.69	6782.83
1603.73	6748.51
1604.78	6757.51
1605.82	6757.34
1606.86	6761.17
1607.91	6758.82
1608.95	6760.86
1609.99	6762.74
1611.03	6763.65
1612.08	6757.12
1613.12	6748.05
1614.16	6740.46
1615.2	6732.6
1616.24	6724.37
1617.28	6715.74
1618.32	6706.48
1619.36	6697.06
1620.41	6692.32
1621.45	6690.04
1622.49	6686.75
1623.53	6680.29
1624.57	6669.04
1625.61	6656.57
1626.65	6647.14
1627.69	6637.6
1628.73	6633.08
1629.76	6632
1630.8	6635.08
1631.84	6641.33
1632.88	6646.93
1633.92	6641.55
1634.96	6636.7
1636	6623.99
1637.03	6610.17
1638.07	6604.82
1639.11	6599.8
1640.15	6602.32
1641.19	6610.6
1642.22	6612.71
1643.26	6615.44
1644.3	6603.33
1645.33	6589.66
1646.37	6575.89
1647.41	6562.57
1648.44	6550.85
1649.48	6543.75
1650.52	6548.06
1651.55	6556.65
1652.59	6564.11
1653.62	6570.74
1654.66	6574.68
1655.69	6574.4
1656.73	6571.35
1657.76	6560.82
1658.8	6547.33
1659.83	6529.98
1660.87	6518.52
1661.9	6508.11
1662.93	6506.75
1663.97	6507.54
1665	6510.8
1666.04	6516.43
1667.07	6522.84
1668.1	6523.82
1669.14	6522.47
1670.17	6519.79
1671.2	6516.24
1672.23	6512.51
1673.27	6509.62
1674.3	6507.06
1675.33	6503.67
1676.36	6500.86
1677.39	6498.19
1678.43	6496.78
1679.46	6497.21
1680.49	6501.07
1681.52	6515.96
1682.55	6507.7
1683.58	6499.91
1684.61	6488.59
1685.64	6473.87
1686.67	6454.87
1687.7	6440.4
1688.73	6427.09
1689.76	6427.93
1690.79	6432.6
1691.82	6444.14
1692.85	6453.36
1693.88	6461.78
1694.91	6455.09
1695.94	6448.39
1696.97	6443.23
1698	6439.15
1699.02	6435.69
1700.05	6432.61
1701.08	6429.78
1702.11	6427.05
1703.14	6424.43
1704.16	6422.06
1705.19	6419.64
1706.22	6417.43
1707.25	6415.42
1708.27	6413.65
1709.3	6409.42
1710.33	6397.05
1711.35	6385.94
1712.38	6371.19
1713.41	6354.99
1714.43	6343.25
1715.46	6336.11
1716.48	6333.9
1717.51	6337.47
1718.53	6345.63
1719.56	6347.61
1720.58	6343.71
1721.61	6328.83
1722.63	6316.41
1723.66	6306.54
1724.68	6298.38
1725.71	6291.81
1726.73	6286.72
1727.75	6283.03
1728.78	6280.61
1729.8	6279.5
1730.83	6279.49
1731.85	6279.29
1732.87	6277.84
1733.89	6274.86
1734.92	6270.83
1735.94	6265.92
1736.96	6260.22
1737.98	6254.56
1739.01	6249.18
1740.03	6244.75
1741.05	6240.39
1742.07	6236.23
1743.09	6232.15
1744.12	6228.09
1745.14	6224.4
1746.16	6220.97
1747.18	6217.73
1748.2	6214.74
1749.22	6211.82
1750.24	6208.71
1751.26	6204.16
1752.28	6198.76
1753.3	6191.93
1754.32	6185.9
1755.34	6187.37
1756.36	6185.11
1757.38	6178.92
1758.4	6164.4
1759.42	6158.14
1760.44	6151.29
1761.45	6143.84
1762.47	6147.46
1763.49	6152.92
1764.51	6163.65
1765.53	6163.06
1766.55	6155.82
1767.56	6152.54
1768.58	6145.94
1769.6	6137.68
1770.61	6128.48
1771.63	6126.09
1772.65	6123.75
1773.67	6119.04
1774.68	6114.58
1775.7	6109.48
1776.72	6104.96
1777.73	6100.98
1778.75	6097.47
1779.76	6093.81
1780.78	6091.9
1781.79	6091.62
1782.81	6092.79
1783.83	6093.31
1784.84	6092.85
1785.85	6087.25
1786.87	6079.97
1787.88	6070.42
1788.9	6060.15
1789.91	6052.76
1790.93	6053.29
1791.94	6051.89
1792.95	6050.44
1793.97	6049.28
1794.98	6047.38
1796	6045.28
1797.01	6042.85
1798.02	6040.02
1799.03	6036.82
1800.05	6033.18
1801.06	6029.09
1802.07	6024.04
1803.08	6017.16
1804.1	6009.84
1805.11	6000.26
1806.12	5986.45
1807.13	5988.82
1808.14	5993.23
1809.15	5998.46
1810.17	6004.94
1811.18	6006.85
1812.19	6002.89
1813.2	5987.78
1814.21	5980.47
1815.22	5975.49
1816.23	5971.5
1817.24	5972.32
1818.25	5967.56
1819.26	5961.92
1820.27	5955.93
1821.28	5944.13
1822.29	5926.89
1823.3	5912.28
1824.3	5900.66
1825.31	5891.47
1826.32	5884.41
1827.33	5879.81
1828.34	5869.93
1829.35	5858.08
1830.35	5853.6
1831.36	5852.21
1832.37	5852.22
1833.38	5855.41
1834.38	5858.34
1835.39	5861.01
1836.4	5859.4
1837.41	5849.01
1838.41	5830.85
1839.42	5812.31
1840.43	5799.16
1841.43	5793.12
1842.44	5794.41
1843.44	5802.89
1844.45	5807.74
1845.46	5808.97
1846.46	5807.67
1847.47	5805.53
1848.47	5802.72
1849.48	5799.07
1850.48	5794.69
1851.49	5789.61
1852.49	5783.85
1853.49	5777.52
1854.5	5770.53
1855.5	5764.81
1856.51	5755.7
1857.51	5742.72
1858.51	5731.37
1859.52	5721.22
1860.52	5712.52
1861.52	5706.18
1862.53	5703.96
1863.53	5702.77
1864.53	5705.41
1865.54	5710.19
1866.54	5716.06
1867.54	5721.31
1868.54	5721.41
1869.54	5717.43
1870.55	5704.3
1871.55	5694.59
1872.55	5684.76
1873.55	5674.96
1874.55	5670.54
1875.55	5674.83
1876.55	5677.78
1877.55	5685.26
1878.55	5683.85
1879.55	5672.04
1880.56	5657.22
1881.55	5645.38
1882.56	5636.08
1883.55	5630.77
1884.55	5628.06
1885.55	5625.22
1886.55	5623.22
1887.55	5621.97
1888.55	5620.54
1889.55	5615.88
1890.55	5611.33
1891.55	5605.49
1892.55	5599.34
1893.54	5594.29
1894.54	5593.52
1895.54	5589.27
1896.54	5582.64
1897.54	5577.17
1898.53	5572.55
1899.53	5570.81
1900.53	5570.61
1901.52	5571.6
1902.52	5573.41
1903.52	5577.01
1904.51	5580.65
1905.51	5575.98
1906.51	5568.03
1907.5	5561.56
1908.5	5553.43
1909.49	5548.64
1910.49	5552.75
1911.49	5550.92
1912.48	5540.67
1913.48	5525.48
1914.47	5508.64
1915.46	5497.15
1916.46	5488.89
1917.45	5482
1918.45	5477.2
1919.44	5474.08
1920.44	5472.59
1921.43	5472.39
1922.43	5473.58
1923.42	5474.11
1924.41	5477
1925.41	5481.49
1926.4	5483.57
1927.39	5479.67
1928.38	5458.62
1929.38	5439.39
1930.37	5419.62
1931.36	5407.94
1932.35	5429.62
1933.35	5429.17
1934.34	5431.06
1935.33	5431.93
1936.32	5424.69
1937.31	5409.01
1938.3	5402.45
1939.29	5391.99
1940.29	5392.46
1941.28	5393.49
1942.27	5387.81
1943.26	5372.06
1944.25	5368.67
1945.24	5368.93
1946.23	5366.13
1947.22	5362.78
1948.21	5358.55
1949.2	5339.65
1950.19	5336.76
1951.18	5330.87
1952.17	5325.42
1953.16	5319.94
1954.14	5313.73
1955.13	5307.09
1956.12	5300.04
1957.11	5292.89
1958.1	5285.84
1959.09	5278.8
1960.07	5273.05
1961.06	5267.39
1962.05	5262.37
1963.04	5257.8
1964.02	5253.75
1965.01	5250.05
1966	5251
1966.99	5255.93
1967.97	5265.21
1968.96	5272.07
1969.95	5274.72
1970.93	5276.63
1971.92	5275.84
1972.9	5271.61
1973.89	5265.57
1974.88	5258.32
1975.86	5250.06
1976.85	5241
1977.83	5231.92
1978.82	5222.27
1979.8	5211.17
1980.79	5199.36
1981.77	5186.72
1982.76	5173.88
1983.74	5164.87
1984.72	5160.48
1985.71	5160.17
1986.69	5162.78
1987.67	5168.15
1988.66	5176.01
1989.64	5175.44
1990.62	5162.08
1991.61	5155.59
1992.59	5143.58
1993.57	5156.22
1994.56	5151.2
1995.54	5142.25
1996.52	5131.3
1997.5	5117.67
1998.49	5115.38
1999.47	5113.73
2000.45	5109.74
2001.43	5105.85
2002.41	5099.71
2003.39	5094.84
2004.38	5089.12
2005.36	5083.97
2006.34	5079.99
2007.32	5077.39
2008.3	5076.15
2009.28	5069.76
2010.26	5051.98
2011.24	5036.75
2012.22	5039.9
2013.2	5051.46
2014.18	5064.6
2015.16	5069.85
2016.14	5064.76
2017.12	5059.39
2018.1	5050.72
2019.07	5038.76
2020.05	5023.79
2021.03	5006.02
2022.01	5014.86
2022.99	5027.63
2023.97	5040.18
2024.95	5038.19
2025.92	5017.24
2026.9	4997.97
2027.88	4980.61
2028.86	4964.83
2029.83	4959.01
2030.81	4950.95
2031.79	4952.28
2032.76	4954.71
2033.74	4956.16
2034.72	4956.26
2035.69	4952.25
2036.67	4946.65
2037.65	4939.38
2038.62	4929.97
2039.6	4918.34
2040.57	4904.01
2041.55	4902.38
2042.52	4905.03
2043.5	4942.79
2044.47	4923.43
2045.45	4916.99
2046.42	4902.6
2047.4	4900.07
2048.37	4896.94
2049.35	4893.23
2050.32	4887.46
2051.29	4882.83
2052.27	4874.33
2053.24	4865.31
2054.21	4855.14
2055.19	4844.57
2056.16	4835.32
2057.13	4827.06
2058.11	4822.07
2059.08	4817.21
2060.05	4813.46
2061.02	4810.53
2062	4808.55
2062.97	4807.53
2063.94	4807.12
2064.91	4805.78
2065.89	4802.64
2066.86	4796.09
2067.83	4792.76
2068.8	4789.36
2069.77	4785.71
2070.74	4781.76
2071.71	4777.5
2072.68	4773.03
2073.65	4768.05
2074.62	4762.6
2075.59	4756.31
2076.56	4748.8
2077.53	4739.82
2078.5	4735.4
2079.47	4733.8
2080.44	4733.19
2081.41	4731.72
2082.38	4729.43
2083.35	4726.14
2084.32	4717.22
2085.29	4706.71
2086.26	4695.33
2087.23	4680.36
2088.19	4667.38
2089.16	4662.46
2090.13	4663.05
2091.1	4666.95
2092.07	4672.56
2093.03	4674.15
2094	4674.27
2094.97	4673.41
2095.94	4671.08
2096.9	4667.42
2097.87	4662.29
2098.84	4655.39
2099.8	4647.26
2100.77	4638.51
2101.74	4628.6
2102.7	4617.25
2103.67	4606.28
2104.63	4598.83
2105.6	4598.62
2106.56	4596.12
2107.53	4597.11
2108.49	4589.98
2109.46	4583.19
2110.42	4572.52
2111.39	4574.34
2112.35	4571.75
2113.32	4575.32
2114.28	4574.91
2115.25	4575.21
2116.21	4577.79
2117.17	4572.25
2118.14	4560.23
2119.1	4549.11
2120.07	4538.63
2121.03	4529.28
2121.99	4522.15
2122.96	4518.18
2123.92	4517.98
2124.88	4518.64
2125.84	4520.92
2126.81	4521.31
2127.77	4515.31
2128.73	4509.17
2129.69	4503.01
2130.65	4496.11
2131.62	4487.7
2132.58	4478.4
2133.54	4469.43
2134.5	4461.31
2135.46	4454.26
2136.42	4450.14
2137.38	4450.34
2138.34	4448.49
2139.3	4445.78
2140.26	4440.06
2141.22	4436.49
2142.18	4425.4
2143.14	4422.81
2144.1	4421.81
2145.06	4424.98
2146.02	4425.63
2146.98	4423.3
2147.94	4420.21
2148.9	4416.63
2149.86	4412.37
2150.82	4407.47
2151.78	4401.92
2152.74	4395.85
2153.69	4389.07
2154.65	4381.58
2155.61	4372.71
2156.57	4363.24
2157.53	4355.45
2158.48	4349.3
2159.44	4346.46
2160.4	4343.68
2161.36	4342.26
2162.31	4338.5
2163.27	4335.37
2164.23	4332.94
2165.18	4329.95
2166.14	4329.11
2167.1	4332.17
2168.05	4332.58
2169.01	4329.43
2169.96	4312.04
2170.92	4293.33
2171.88	4274.42
2172.83	4255.75
2173.79	4257.32
2174.74	4248.71
2175.7	4241.78
2176.65	4234.9
2177.6	4224.08
2178.56	4212.48
2179.51	4203.51
2180.47	4197.39
2181.42	4194.33
2182.38	4192.74
2183.33	4192.56
2184.28	4189.5
2185.24	4186.86
2186.19	4180.48
2187.14	4170.67
2188.1	4164.65
2189.05	4161.84
2190	4162.54
2190.96	4166.99
2191.91	4169.06
2192.86	4168.7
2193.81	4167.49
2194.76	4167.39
2195.72	4160.1
2196.67	4151.25
2197.62	4130.48
2198.57	4128.76
2199.52	4133.69
2200.47	4146.5
2201.43	4150.93
2202.38	4140.39
2203.33	4131.1
2204.28	4115.03
2205.23	4080.01
2206.18	4078.28
2207.13	4075.78
2208.08	4076.99
2209.03	4079.66
2209.98	4083.89
2210.93	4087.68
2211.88	4092.88
2212.83	4089.88
2213.78	4084.28
2214.73	4072.3
2215.67	4061.52
2216.62	4051.15
2217.57	4043.51
2218.52	4039.1
2219.47	4041.1
2220.42	4041.76
2221.37	4042.44
2222.31	4028.68
2223.26	4012.2
2224.21	4001.15
2225.16	4014.65
2226.1	4028.35
2227.05	4047.01
2228	3998.4
2228.94	3995.75
2229.89	3987.46
2230.84	3989.14
2231.78	3992.46
2232.73	3997.1
2233.68	4002.99
2234.62	4008.9
2235.57	4015.74
2236.51	4015.52
2237.46	4007.13
2238.41	3996.47
2239.35	3986.48
2240.3	3983.09
2241.24	3986.04
2242.19	3992.81
2243.13	3997.2
2244.07	3999.78
2245.02	3994.89
2245.96	3990.36
2246.91	3983.91
2247.85	3974.03
2248.8	3964.5
2249.74	3959.38
2250.68	3955.59
2251.63	3958.24
2252.57	3965.12
2253.51	3969.24
2254.46	3971.14
2255.4	3967.8
2256.34	3962.87
2257.28	3958.28
2258.23	3952.28
2259.17	3946.76
2260.11	3947.27
2261.05	3952.03
2262	3954.77
2262.94	3949.26
2263.88	3941.53
2264.82	3932.33
2265.76	3923.49
2266.7	3914.63
2267.64	3907.02
2268.58	3903.33
2269.53	3905.1
2270.47	3908.63
2271.41	3915.55
2272.35	3924.34
2273.29	3928.84
2274.23	3929.4
2275.17	3927.88
2276.11	3924.81
2277.05	3920.06
2277.99	3913.91
2278.93	3907.82
2279.86	3903.22
2280.8	3902.32
2281.74	3904.85
2282.68	3908.62
2283.62	3913.04
2284.56	3916.76
2285.5	3915
2286.44	3909.25
2287.37	3902.94
2288.31	3896.26
2289.25	3889.56
2290.19	3883.93
2291.12	3884.02
2292.06	3883.59
2293	3881.68
2293.94	3880.22
2294.87	3878.41
2295.81	3876.42
2296.75	3876.13
2297.68	3875.8
2298.62	3875.01
2299.55	3872.94
2300.49	3867.86
2301.43	3857.22
2302.36	3848.62
2303.3	3845.11
2304.23	3844.88
2305.17	3849.15
2306.1	3853.76
2307.04	3854.5
2307.98	3852.66
2308.91	3848.94
2309.84	3844.28
2310.78	3840.76
2311.71	3837.93
2312.65	3834.7
2313.58	3830.05
2314.52	3823.67
2315.45	3814.6
2316.38	3801.79
2317.32	3783.78
2317.72	3775.08
2318.66	3763.34
2319.6	3758.51
2320.54	3760.59
2321.48	3764.7
2322.41	3767.48
2323.35	3768.84
2324.29	3768.12
2325.23	3761.83
2326.16	3757.44
2327.1	3750.38
2328.04	3746.49
2328.97	3747.25
2329.91	3752.5
2330.85	3759.81
2331.78	3764.59
2332.72	3762.49
2333.66	3758.43
2334.59	3752.98
2335.53	3749.11
2336.46	3751.51
2337.4	3750.47
2338.33	3736.92
2339.27	3727.33
2340.2	3720.55
2341.14	3713.6
2342.07	3704.79
2343.01	3698.03
2343.94	3693.03
2344.88	3690.18
2345.81	3689.54
2346.75	3691.01
2347.68	3694.7
2348.61	3694.52
2349.55	3694.61
2350.48	3692.11
2351.41	3682.11
2352.35	3681.68
2353.28	3680.81
2354.21	3686.19
2355.15	3686.75
2356.08	3684.78
2357.01	3678.81
2357.94	3662.9
2358.88	3658.97
2359.81	3657.98
2360.74	3663
2361.67	3677.23
2362.6	3684.55
2363.54	3684.48
2364.47	3672.51
2365.4	3663.29
2366.33	3649.58
2367.26	3638.51
2368.19	3636.12
2369.12	3635.63
2370.05	3641.95
2370.98	3646.08
2371.91	3646.25
2372.84	3642.84
2373.77	3635.42
2374.7	3625.31
2375.63	3622.27
2376.56	3619.12
2377.49	3617.06
2378.42	3614.75
2379.35	3616
2380.28	3613.11
2381.21	3611.01
2382.14	3607.1
2383.07	3598.32
2384	3595.16
2384.92	3600.28
2385.85	3600.32
2386.78	3596.15
2387.71	3592.29
2388.64	3584.7
2389.56	3577.41
2390.49	3590.09
2391.42	3596.37
2392.35	3600.58
2393.27	3602.93
2394.2	3603.23
2395.13	3601.3
2396.05	3597.6
2396.98	3592.21
2397.91	3584.99
2398.83	3576.54
2399.76	3567.32
2400.69	3559.09
2401.61	3554.77
2402.54	3551.95
2403.46	3551.01
2404.39	3552
2405.31	3555.78
2406.24	3551.52
2407.17	3540.02
2408.09	3530.08
2409.01	3526.83
2409.94	3524.92
2410.86	3524.02
2411.79	3525.46
2412.71	3527.63
2413.64	3529.52
2414.56	3530.39
2415.49	3529.57
2416.41	3527.02
2417.33	3523.36
2418.26	3517.68
2419.18	3510.99
2420.1	3501.61
2421.03	3488.73
2421.95	3476.55
2422.87	3466.33
2423.79	3466.3
2424.72	3469.35
2425.64	3477.23
2426.56	3485.21
2427.48	3482.95
2428.41	3475.6
2429.33	3462.21
2430.25	3447.23
2431.17	3434.13
2432.09	3432.41
2433.01	3440.36
2433.93	3437.9
2434.86	3434.78
2435.78	3425.88
2436.7	3418.32
2437.62	3413.18
2438.54	3411.2
2439.46	3409.2
2440.38	3410.23
2441.3	3409.36
2442.22	3406.39
2443.14	3401.91
2444.06	3395.55
2444.98	3390.95
2445.9	3391.32
2446.82	3392.7
2447.73	3395.17
2448.65	3398.82
2449.57	3403.68
2450.49	3409.4
2451.41	3408.38
2452.33	3389.24
2453.25	3358.98
2454.17	3358.31
2455.08	3359.98
2456	3359.16
2456.92	3358.11
2457.84	3357.51
2458.75	3355.88
2459.67	3352.51
2460.59	3348.58
2461.51	3341.18
2462.42	3333.57
2463.34	3327.45
2464.26	3323.45
2465.17	3321.04
2466.09	3320.65
2467	3321.35
2467.92	3318.22
2468.84	3313.26
2469.75	3306.79
2470.67	3297.47
2471.58	3290.77
2472.5	3286
2473.42	3283.76
2474.33	3283.98
2475.25	3287.59
2476.16	3287.22
2477.08	3282.89
2477.99	3275.08
2478.9	3263.29
2479.82	3254.7
2480.73	3248.45
2481.65	3244.79
2482.56	3250.61
2483.47	3258.7
2484.39	3268.42
2485.3	3272.3
2486.22	3272.31
2487.13	3268.52
2488.04	3261.82
2488.96	3253.23
2489.87	3244.85
2490.78	3237.63
2491.69	3231.77
2492.61	3227.5
2493.52	3224.89
2494.43	3223.77
2495.34	3224.23
2496.25	3225.63
2497.17	3229.99
2498.08	3235.41
2498.99	3242.41
2499.9	3247.8
2500.81	3246.9
2501.72	3246.15
2502.63	3242.29
2503.55	3236.05
2504.46	3227.06
2505.37	3219.11
2506.28	3220.22
2507.19	3222.53
2508.1	3221.7
2509.01	3219.18
2509.92	3216.31
2510.83	3213.57
2511.74	3210.29
2512.65	3206.77
2513.56	3202.84
2514.47	3198.41
2515.37	3193.87
2516.28	3189.49
2517.19	3186.18
2518.1	3183.37
2519.01	3181.23
2519.92	3179.76
2520.83	3179.07
2521.73	3179.22
2522.64	3179.07
2523.55	3177.34
2524.46	3174.13
2525.37	3169.49
2526.27	3164.4
2527.18	3160.98
2528.09	3160.25
2529	3160.67
2529.9	3161.95
2530.81	3163.07
2531.72	3163.06
2532.62	3162.03
2533.53	3159.51
2534.44	3154.16
2535.34	3148.42
2536.25	3145.21
2537.15	3139.5
2538.06	3135.23
2538.96	3134.38
2539.87	3139.06
2540.78	3145.8
2541.68	3140.88
2542.59	3135.7
2543.49	3129.44
2544.4	3122.92
2545.3	3116.88
2546.21	3110.37
2547.11	3105.5
2548.01	3100.18
2548.92	3106.75
2549.82	3107.91
2550.73	3104.59
2551.63	3100.08
2552.53	3093.83
2553.44	3088.81
2554.34	3083.51
2555.24	3077.84
2556.15	3071.64
2557.05	3065.12
2557.95	3061.64
2558.86	3060.95
2559.76	3060.4
2560.66	3059.41
2561.56	3057.23
2562.46	3055.27
2563.37	3052.67
2564.27	3049.86
2565.17	3046.49
2566.07	3042.42
2566.97	3036.94
2567.88	3025.51
2568.78	3015.13
2569.68	3008.62
2570.58	3005.33
2571.48	3005.46
2572.38	3010.72
2573.28	3014.28
2574.18	3020.27
2575.08	3021.35
2575.98	3015.28
2576.88	3004.57
2577.78	2990.41
2578.68	2981.43
2579.58	2973.9
2580.48	2978.18
2581.38	2990.92
2582.28	2995.33
2583.18	2997.86
2584.08	2995.4
2584.98	2993.33
2585.88	2988.31
2586.77	2980.94
2587.67	2972.61
2588.57	2964.07
2589.47	2960.62
2590.37	2960.4
2591.27	2962.96
2592.16	2965.17
2593.06	2961.85
2593.96	2957.31
2594.86	2952.02
2595.75	2945.44
2596.65	2938.01
2597.55	2929.96
2598.45	2922.52
2599.34	2924.26
2600.24	2928.49
2601.13	2932.99
2602.03	2937.24
2602.93	2939.68
2603.82	2939.91
2604.72	2919.84
2605.62	2913.56
2606.51	2910.51
2607.41	2911.05
2608.3	2914.27
2609.2	2914.91
2610.09	2911.46
2610.99	2885.21
2611.88	2887.29
2612.78	2888.22
2613.67	2887.8
2614.57	2885.98
2615.46	2883.44
2616.36	2879.05
2617.25	2873.18
2618.14	2866.52
2619.04	2859.33
2619.93	2852.12
2620.83	2847.74
2621.72	2845.3
2622.61	2842.89
2623.5	2841.33
2624.4	2840.5
2625.29	2840.47
2626.18	2841.03
2627.08	2843.4
2627.97	2845.36
2628.86	2840.1
2629.75	2837.66
2630.65	2835.55
2631.54	2833.07
2632.43	2830.34
2633.32	2825.64
2634.21	2820.99
2635.11	2816.35
2636	2811.77
2636.89	2807.14
2637.78	2802.67
2638.67	2798.44
2639.56	2794.85
2640.45	2792.95
2641.34	2793.57
2642.23	2789.99
2643.12	2783.32
2644.01	2775.46
2644.9	2769.7
2645.79	2763.91
2646.68	2759.3
2647.57	2754.65
2648.46	2750.88
2649.35	2747.71
2650.24	2745.3
2651.13	2743.91
2652.02	2743.86
2652.91	2744.2
2653.8	2742.27
2654.69	2739.66
2655.58	2735.93
2656.46	2731.31
2657.35	2724.98
2658.24	2718.18
2659.13	2711.68
2660.02	2706.88
2660.9	2706.78
2661.79	2705.51
2662.68	2704.25
2663.57	2704.87
2664.45	2705.4
2665.34	2706.69
2666.23	2708.03
2667.11	2706.41
2668	2702.32
2668.89	2696.11
2669.77	2688.97
2670.66	2681.8
2671.55	2680.82
2672.43	2684.07
2673.32	2686.26
2674.21	2687.36
2675.09	2687.65
2675.98	2686.83
2676.86	2685.03
2677.75	2682.2
2678.63	2678.36
2679.52	2673.57
2680.4	2667.8
2681.29	2661.97
2682.17	2655.41
2683.06	2648.89
2683.94	2641.65
2684.82	2634.69
2685.71	2629.06
2686.59	2626.67
2687.48	2625.21
2688.36	2620.91
2689.24	2613.73
2690.13	2609.51
2691.01	2608.73
2691.89	2608.01
2692.78	2607.73
2693.66	2607.64
2694.54	2607.31
2695.43	2605.17
2696.31	2598.49
2697.19	2592.9
2698.07	2586.24
2698.96	2581.15
2699.84	2580.09
2700.72	2578.1
2701.6	2577.31
2702.48	2577.31
2703.36	2577.66
2704.25	2577.45
2705.13	2577.39
2706.01	2572.23
2706.89	2563.95
2707.77	2565.74
2708.65	2573.89
2709.53	2592.79
2710.41	2589.61
2711.29	2580.55
2712.17	2572.36
2713.05	2564.36
2713.93	2556.79
2714.81	2548.67
2715.69	2541.05
2716.57	2533.7
2717.45	2527.16
2718.33	2521.85
2719.21	2521.34
2720.09	2525.51
2720.97	2530.6
2721.85	2533.16
2722.73	2534.02
2723.61	2532.13
2724.48	2528.72
2725.36	2520.44
2726.24	2512.03
2727.12	2506.57
2728	2502.86
2728.88	2501.57
2729.75	2500.16
2730.63	2499
2731.51	2498.47
2732.39	2499.22
2733.26	2500.58
2734.14	2502.09
2735.02	2502.54
2735.89	2495.28
2736.77	2487.83
2737.65	2479.26
2738.52	2469.96
2739.4	2462.99
2740.28	2462.1
2741.15	2459.35
2742.03	2473.26
2742.9	2483.92
2743.78	2484.66
2744.65	2477.24
2745.53	2460.28
2746.41	2448.06
2747.28	2455.49
2748.16	2455.68
2749.03	2456.35
2749.91	2457.17
2750.78	2458.09
2751.66	2458.59
2752.53	2459.44
2753.4	2467.02
2754.28	2468.92
2755.15	2467.6
2756.02	2462.71
2756.9	2454.23
2757.77	2442.63
2758.65	2432.91
2759.52	2427.47
2760.39	2426.11
2761.27	2429.22
2762.14	2430.84
2763.01	2430.79
2763.88	2430.57
2764.76	2429.72
2765.63	2427.65
2766.5	2425.23
2767.37	2422.24
2768.25	2418.88
2769.12	2415.43
2769.99	2412.65
2770.86	2412.16
2771.73	2410.38
2772.61	2407.91
2773.48	2405.18
2774.35	2401.91
2775.22	2398.27
2776.09	2393.95
2776.96	2389.22
2777.83	2383.87
2778.7	2377.82
2779.57	2370.83
2780.44	2362.58
2781.31	2351.35
2782.18	2345.45
2783.05	2349.96
2783.92	2357.89
2784.79	2365.78
2785.66	2371.76
2786.53	2374.1
2787.4	2368.52
2788.27	2353.44
2789.14	2345.77
2790.01	2336.79
2790.88	2330.19
2791.75	2331.86
2792.62	2334.56
2793.48	2329.35
2794.35	2324.34
2795.22	2319.37
2796.09	2317.61
2796.96	2318.62
2797.82	2319.75
2798.69	2323.51
2799.56	2328.51
2800.43	2334.58
2801.29	2339.51
2802.16	2337.51
2803.03	2331.76
2803.9	2324.74
2804.76	2317.82
2805.63	2307.25
2806.5	2299.51
2807.36	2295.74
2808.23	2296.17
2809.09	2296.57
2809.96	2297.85
2810.83	2298.66
2811.69	2302.06
2812.56	2306.63
2813.42	2306.18
2814.29	2302.17
2815.15	2298.71
2816.02	2291.69
2816.88	2282.65
2817.75	2276.88
2818.61	2277.42
2819.48	2277.99
2820.34	2282.05
2821.21	2290.76
2822.07	2298.28
2822.94	2292.04
2823.8	2281.35
2824.66	2266.76
2825.53	2255.17
2826.39	2246.25
2827.26	2244.05
2828.12	2251.11
2828.98	2250.54
2829.85	2251.29
2830.71	2251.23
2831.57	2248.73
2832.43	2244.72
2833.3	2242.58
2834.16	2238.63
2835.02	2242.15
2835.88	2242.64
2836.75	2239.58
2837.61	2232.19
2838.47	2226.16
2839.33	2220.13
2840.19	2217.97
2841.06	2217.07
2841.92	2222.44
2842.78	2227.06
2843.64	2228.75
2844.5	2227.52
2845.36	2223.28
2846.22	2215.97
2847.08	2205.75
2847.94	2192.47
2848.81	2186.95
2849.67	2187.26
2850.53	2192.51
2851.39	2209.2
2852.25	2197.86
2853.11	2194.86
2853.97	2190.48
2854.82	2193.31
2855.68	2194.7
2856.54	2196.02
2857.4	2198.25
2858.26	2202.46
2859.12	2207.18
2859.98	2201.82
2860.84	2196.67
2861.7	2194.79
2862.56	2195.03
2863.41	2202.29
2864.27	2197.91
2865.13	2190.43
2865.99	2184.86
2866.85	2179.34
2867.7	2173.99
2868.56	2168.74
2869.42	2166.56
2870.28	2165.24
2871.13	2165.24
2871.99	2165.5
2872.85	2165.4
2873.7	2160
2874.56	2152.18
2875.42	2150.81
2876.27	2150.43
2877.13	2150.39
2877.99	2150.56
2878.84	2149.96
2879.7	2149.54
2880.56	2149.22
2881.41	2148.93
2882.27	2148.63
2883.12	2148.3
2883.98	2147.7
2884.83	2144.92
2885.69	2136.4
2886.54	2129.57
2887.4	2123.72
2888.25	2118.64
2889.11	2114.28
2889.96	2110.47
2890.82	2110.5
2891.67	2108.25
2892.52	2104.01
2893.38	2097.06
2894.23	2090.85
2895.09	2084.18
2895.94	2078.55
2896.79	2079.46
2897.65	2083.32
2898.5	2093.46
2899.35	2101.71
2900.21	2103.74
2901.06	2099.46
2901.91	2088.33
2902.76	2084
2903.62	2078.24
2904.47	2074.3
2905.32	2071.82
2906.17	2071.33
2907.03	2066.93
2907.88	2062.72
2908.73	2058.69
2909.58	2054.91
2910.43	2051.23
2911.28	2047.94
2912.14	2044.28
2912.99	2041.72
2913.84	2042.29
2914.69	2046.18
2915.54	2057.36
2916.39	2067.04
2917.24	2067.69
2918.09	2057.99
2918.94	2053.69
2919.79	2048.3
2920.64	2041.14
2921.49	2033.88
2922.34	2026.28
2923.19	2018.91
2924.04	2012.47
2924.89	2007.37
2925.74	2007.38
2926.59	2008.53
2927.44	2011.97
2928.29	2003.88
2929.14	1995.45
2929.98	1991.67
2930.83	1993.07
2931.68	2000.05
2932.53	2012.56
2933.38	2020.23
2934.23	2021.82
2935.07	2019.95
2935.92	2005.91
2936.77	1983.5
2937.62	1964.57
2938.47	1947.44
2939.31	1946.19
2940.16	1977.39
2941.01	1983.72
2941.85	2001.27
2942.7	1951.67
2943.55	1930.2
2944.39	1967.29
2945.24	1976.37
2946.09	1982.97
2946.93	1977.5
2947.78	1974.64
2948.63	1969.1
2949.47	1962.55
2950.32	1956.55
2951.16	1953.21
2952.01	1952.92
2952.85	1954.32
2953.7	1955.92
2954.55	1957.2
2955.39	1951.58
2956.24	1943.96
2957.08	1936.17
2957.92	1927.84
2958.77	1921.69
2959.61	1920.05
2960.46	1922.51
2961.3	1925.54
2962.15	1929.6
2962.99	1933.55
2963.83	1936.43
2964.68	1937.72
2965.52	1936.65
2966.37	1930.38
2967.21	1920.48
2968.05	1913.2
2968.9	1911.99
2969.74	1912.39
2970.58	1913.29
2971.42	1914.53
2972.27	1915.91
2973.11	1915.92
2973.95	1911.7
2974.79	1905.73
2975.64	1897.45
2976.48	1887.43
2977.32	1879.14
2978.16	1873.26
2979	1869.47
2979.85	1867.7
2980.69	1868.12
2981.53	1870.57
2982.37	1874.78
2983.21	1880.41
2984.05	1885.62
2984.89	1890.58
2985.73	1894.35
2986.57	1896.9
2987.41	1897.99
2988.25	1897.58
2989.1	1895.96
2989.94	1892.94
2990.77	1888.75
2991.62	1882.84
2992.45	1876.28
2993.29	1869.45
2994.13	1865.93
2994.97	1865.67
2995.81	1865.13
2996.65	1865.38
2997.49	1865.74
2998.33	1866.86
2999.17	1877.22
