200.833	18642.8
202.102	18682.4
203.371	18700.5
204.639	18720.5
205.907	18734.8
207.175	18746.1
208.442	18753.1
209.71	18753.7
210.977	18736.8
212.244	18730.5
213.511	18727.9
214.777	18752.1
216.042	18786.8
217.309	18841.4
218.575	18896
219.84	18947.1
221.106	18986.7
222.371	19023.4
223.635	19044.5
224.9	19066.9
226.165	19089.6
227.429	19115.6
228.694	19145.9
229.956	19179.1
231.22	19213.1
232.484	19247.2
233.747	19282.5
235.011	19318.1
236.272	19354.1
237.535	19391.9
238.798	19432.6
240.06	19473.3
241.321	19513.3
242.583	19546
243.845	19563.3
245.105	19579.1
246.367	19588.7
247.628	19593.1
248.888	19590
250.149	19602.3
251.409	19643.6
252.67	19667
253.928	19681.1
255.189	19693.5
256.447	19706.6
257.707	19719.3
258.966	19731.8
260.224	19744.8
261.483	19758.1
262.742	19772.9
263.999	19790.1
265.257	19811.2
266.514	19837.3
267.772	19864.9
269.028	19896
270.286	19818.5
271.543	19928.5
272.799	19968.2
274.056	20003.7
275.311	19984.1
276.568	19998.1
277.823	19993.2
279.079	19992.3
280.333	19997
281.589	20005.5
282.843	20024.2
284.099	20061.6
285.352	20113.3
286.607	20145.5
287.86	20176.5
289.114	20204.8
290.368	20228.1
291.621	20252.7
292.875	20285
294.127	20321.8
295.38	20362.2
296.632	20387.9
297.884	20401.7
299.137	20400.5
300.388	20398.5
301.641	20398.6
302.891	20399.4
304.142	20401.4
305.394	20404
306.644	20408
307.894	20425.3
309.146	20445.8
310.395	20482.8
311.645	20536.1
312.895	20530
314.144	20488.5
315.393	20457.6
316.642	20484.4
317.892	20490.9
319.14	20595.8
320.388	20599.3
321.637	20596.7
322.885	20601
324.132	20605.8
325.38	20611.1
326.628	20616.2
327.875	20623.3
329.122	20637.3
330.368	20663.6
331.614	20704.5
332.862	20760.1
334.108	20793.1
335.353	20810.2
336.599	20801.9
337.844	20795.2
339.089	20791.8
340.335	20791.6
341.58	20794.5
342.824	20806.9
344.068	20837.3
345.312	20876.9
346.556	20904.2
347.8	20939.2
349.043	20951.8
350.286	20955.8
351.53	20958.4
352.774	20966.4
354.016	20992.5
355.259	21019.4
356.501	21041.6
357.743	21042.9
358.985	21034.6
360.227	21023.3
361.468	21007.9
362.709	20990.5
363.95	20984
365.191	20982.9
366.432	20984.3
367.672	20988.5
368.912	20994.6
370.152	21002.4
371.392	21011
372.632	21021.3
373.871	21033.8
375.11	21048.8
376.348	21066.7
377.587	21091.5
378.825	21104.6
380.064	21114.5
381.302	21125.2
382.54	21130.5
383.778	21134.7
385.016	21137.4
386.253	21141.5
387.489	21148.8
388.726	21160.3
389.963	21180
391.199	21199.3
392.436	21219.9
393.672	21244.4
394.907	21267.1
396.142	21286.7
397.378	21300.9
398.614	21310.9
399.849	21344
401.082	21369.4
402.317	21386.3
403.552	21395.8
404.786	21396.2
406.019	21393.5
407.253	21383.6
408.487	21369.2
409.721	21351.9
410.953	21334.7
412.186	21342.2
413.419	21361.4
414.651	21383.5
415.883	21408.6
417.116	21422.4
418.347	21453.3
419.579	21457.1
420.811	21454.2
422.041	21441.6
423.272	21428.4
424.504	21429.3
425.733	21434.8
426.964	21443.6
428.194	21454.9
429.424	21468.5
430.654	21483
431.883	21498.3
433.113	21514.1
434.341	21530.6
435.571	21547.6
436.799	21564.5
438.028	21580.8
439.257	21594.5
440.484	21606.6
441.713	21616.7
442.94	21624.3
444.168	21629.3
445.394	21632
446.622	21632.8
447.848	21631.9
449.076	21629.6
450.301	21627
451.528	21624.6
452.754	21634.9
453.979	21655.5
455.205	21671.6
456.43	21683
457.656	21689.5
458.88	21692
460.106	21689.7
461.33	21682.9
462.554	21670.1
463.779	21655.8
465.002	21648.1
466.225	21667.3
467.45	21693
468.672	21727.3
469.895	21756.1
471.119	21769
472.341	21746.6
473.563	21731.9
474.786	21715.5
476.008	21700.6
477.229	21696
478.452	21693.5
479.673	21694.5
480.894	21697.1
482.115	21699.8
483.337	21701.7
484.557	21696.6
485.777	21690.1
486.997	21681
488.218	21669.7
489.438	21657
490.657	21644
491.876	21630.9
493.096	21618.7
494.315	21607.6
495.533	21607
496.752	21638.6
497.97	21661.8
499.188	21677.7
500.407	21685.2
501.625	21682.3
502.842	21663.1
504.059	21654.8
505.276	21634.8
506.493	21620.8
507.71	21604.6
508.926	21601.4
510.142	21621.7
511.358	21645.6
512.575	21674.5
513.791	21708.6
515.006	21744.6
516.222	21764.9
517.437	21778.7
518.651	21778.2
519.866	21770.9
521.081	21767.1
522.295	21768.4
523.509	21773.8
524.723	21782.8
525.937	21801
527.15	21829.2
528.363	21857.4
529.576	21880.8
530.789	21852.4
532.002	21834.1
533.215	21818
534.426	21850.7
535.638	21869.2
536.85	21892.6
538.061	21921.6
539.273	21955.4
540.484	21994.6
541.695	21970
542.906	21930.7
544.117	21903.6
545.327	21877
546.537	21858
547.747	21851.2
548.957	21874.1
550.167	21892.3
551.377	21917.8
552.585	21933.9
553.794	21942
555.003	21942.5
556.212	21937.8
557.421	21928.6
558.628	21916.2
559.836	21900
561.044	21882.7
562.252	21877.4
563.458	21876.4
564.666	21881.3
565.873	21888.9
567.08	21898.2
568.286	21910.2
569.493	21920.1
570.699	21917.3
571.904	21914.9
573.111	21914
574.317	21913.3
575.521	21922.1
576.727	21928.7
577.932	21935.8
579.136	21942.9
580.341	21952
581.544	21957.3
582.749	21959.1
583.954	21964.3
585.156	21974.9
586.361	21989.6
587.563	22000.1
588.767	21995.9
589.97	21983.2
591.172	21980.5
592.375	21975.5
593.577	21971.1
594.78	21967.4
595.981	21964
597.183	21959.8
598.384	21955.2
599.586	21948.3
600.786	21938.7
601.988	21924.4
603.188	21906.1
604.389	21885.6
605.589	21864.4
606.79	21844.8
607.989	21831
609.188	21837.6
610.389	21840.6
611.587	21839.3
612.787	21836.3
613.986	21814
615.184	21795.6
616.383	21782.5
617.581	21772.7
618.78	21777.1
619.977	21786.3
621.174	21788.6
622.373	21792
623.57	21784.6
624.766	21772.7
625.964	21756.5
627.16	21737.2
628.356	21715.6
629.554	21692
630.749	21683.9
631.945	21673.1
633.14	21659.4
634.337	21648.5
635.532	21626.6
636.726	21600
637.921	21569.1
639.117	21548.2
640.311	21543.5
641.505	21562.8
642.699	21593.8
643.892	21611.6
645.087	21622.6
646.28	21631.5
647.473	21637.9
648.666	21634.8
649.859	21629.4
651.051	21622.5
652.245	21624.1
653.437	21640.7
654.629	21655
655.821	21664
657.012	21671.2
658.204	21675.9
659.395	21676.9
660.586	21673.2
661.777	21669.5
662.967	21668.6
664.158	21688.3
665.349	21696.8
666.539	21699.8
667.729	21702.8
668.919	21707.1
670.109	21709.9
671.298	21717.3
672.487	21726
673.676	21735.6
674.865	21745.5
676.053	21754.6
677.242	21753.1
678.43	21738.9
679.616	21722.4
680.804	21704.9
681.992	21686.8
683.179	21670.4
684.366	21659
685.554	21658.8
686.74	21663
687.927	21666
689.114	21662.5
690.3	21658.4
691.486	21651.4
692.671	21641.4
693.856	21628.1
695.042	21610.4
696.227	21589.2
697.413	21582.3
698.598	21608.3
699.781	21616.8
700.966	21617.5
702.15	21612.2
703.334	21602.4
704.518	21587.1
705.701	21583.1
706.885	21591.1
708.068	21592.4
709.252	21590.3
710.433	21585.6
711.616	21581.2
712.799	21553.9
713.98	21518.8
715.163	21498.2
716.345	21485.2
717.527	21475.9
718.707	21470.5
719.889	21465.6
721.071	21459.9
722.25	21452.1
723.432	21444.1
724.611	21436.6
725.792	21430
726.972	21433.5
728.151	21446
729.332	21469.7
730.512	21494.9
731.69	21516.5
732.87	21534.2
734.048	21544.7
735.227	21548.2
736.405	21543.4
737.584	21536
738.761	21526
739.94	21525.7
741.117	21546.6
742.295	21564.9
743.471	21575.4
744.649	21578.8
745.825	21570
747.003	21566.1
748.179	21566.6
749.356	21559.6
750.531	21566.5
751.708	21588.2
752.883	21607.5
754.059	21622.9
755.234	21620.7
756.409	21602.2
757.585	21570.8
758.759	21553.9
759.934	21549.7
761.108	21542.1
762.282	21537.8
763.456	21530.5
764.63	21533.9
765.803	21523.3
766.977	21511.4
768.15	21495.3
769.323	21480.9
770.496	21475.2
771.668	21471.8
772.841	21463.9
774.014	21452.7
775.185	21433.9
776.357	21392.6
777.528	21348.3
778.701	21317.6
779.872	21302.3
781.042	21301.4
782.213	21315.9
783.383	21322.4
784.555	21320.8
785.725	21313.9
786.895	21286
788.064	21254.4
789.234	21248
790.404	21279.3
791.573	21262.6
792.742	21240.3
793.911	21216.2
795.08	21195.5
796.248	21180.9
797.416	21173.4
798.584	21170.7
799.753	21174.4
800.921	21183.3
802.088	21197.4
803.256	21209.3
804.423	21195.7
805.59	21189.9
806.756	21186.3
807.923	21184
809.089	21181.5
810.256	21180.7
811.422	21181.7
812.587	21184.3
813.753	21187.6
814.918	21191.5
816.084	21192.3
817.249	21189.6
818.414	21192.4
819.578	21198.6
820.743	21209.8
821.907	21218.6
823.072	21225.2
824.236	21229.2
825.399	21229.9
826.562	21227.9
827.725	21223.1
828.889	21213.6
830.052	21203
831.215	21211.4
832.377	21231.4
833.54	21278.2
834.701	21350
835.863	21319.7
837.025	21314.6
838.187	21310.4
839.349	21300.1
840.51	21286.4
841.67	21275.3
842.831	21275.4
843.992	21276
845.153	21276.1
846.312	21273.7
847.473	21264
848.633	21253.9
849.793	21242.8
850.951	21230.2
852.111	21218.2
853.27	21205.3
854.428	21193.3
855.588	21180.6
856.747	21165.8
857.904	21148.5
859.063	21119.3
860.221	21091.6
861.378	21072.2
862.536	21063.1
863.694	21054.6
864.85	21040.7
866.008	21024.3
867.164	21005.4
868.321	20984.3
869.478	20959.7
870.633	20930.9
871.79	20891
872.945	20865.4
874.101	20838.8
875.256	20828.6
876.412	20818.1
877.566	20820.1
878.722	20820.4
879.876	20818.2
881.031	20815.9
882.185	20799.2
883.34	20786.3
884.493	20775.6
885.647	20766
886.8	20759.7
887.954	20744.3
889.107	20728.6
890.261	20713.6
891.413	20698.2
892.565	20682.3
893.718	20664.7
894.87	20651.9
896.023	20647.3
897.174	20667.7
898.326	20690.6
899.478	20711.1
900.629	20723.3
901.779	20727.6
902.931	20724.3
904.081	20715.4
905.231	20701.7
906.383	20688.3
907.532	20681.3
908.682	20685.4
909.831	20699.2
910.982	20725.2
912.131	20733.7
913.28	20739.3
914.429	20739.8
915.578	20725.5
916.727	20722.8
917.875	20723.4
919.023	20742.8
920.171	20762.9
921.32	20783.6
922.467	20801.4
923.614	20815.8
924.761	20826.6
925.908	20835
927.055	20840.7
928.203	20844.3
929.349	20844.9
930.496	20843.3
931.642	20814.8
932.787	20781.3
933.933	20748.6
935.079	20726.2
936.224	20722.9
937.369	20722.9
938.514	20717.6
939.659	20710.3
940.804	20700.6
941.948	20689.7
943.092	20669.8
944.236	20648.6
945.38	20630.6
946.524	20616.4
947.667	20619.6
948.811	20623.2
949.954	20629.2
951.097	20632.1
952.24	20627.2
953.383	20616.4
954.525	20596.4
955.667	20550.9
956.81	20516.3
957.952	20496.9
959.093	20489
960.235	20492.4
961.376	20512.1
962.516	20516.9
963.658	20526.4
964.798	20516.7
965.939	20494.1
967.08	20457.7
968.22	20428.8
969.359	20403
970.499	20376.8
971.639	20363.7
972.779	20361.5
973.918	20366.9
975.056	20372.8
976.195	20375.7
977.334	20380.9
978.473	20388.3
979.61	20396.5
980.749	20405.5
981.887	20415.2
983.024	20424.8
984.162	20430.1
985.3	20435.3
986.437	20431.1
987.573	20427.4
988.711	20428.8
989.848	20428.1
990.983	20427.3
992.12	20425.3
993.255	20423.3
994.392	20421.3
995.528	20419.1
996.662	20418.2
997.798	20418.3
998.933	20422.3
1000.07	20430.3
1001.2	20436.7
1002.34	20434.4
1003.47	20406.7
1004.61	20390.7
1005.74	20378.4
1006.87	20378.8
1008.01	20381.3
1009.14	20393.8
1010.27	20407.2
1011.41	20413.1
1012.54	20410.4
1013.67	20407.9
1014.81	20400.8
1015.94	20399.6
1017.07	20397.7
1018.2	20394.5
1019.33	20390
1020.47	20383.6
1021.6	20375
1022.73	20363.5
1023.86	20348.6
1024.99	20330.4
1026.12	20309.5
1027.25	20285.7
1028.38	20265.6
1029.51	20244.8
1030.64	20229.6
1031.77	20226.8
1032.9	20227.7
1034.03	20288
1035.16	20296.8
1036.29	20282.1
1037.42	20250.4
1038.55	20187
1039.67	20153.9
1040.8	20127.9
1041.93	20123.2
1043.06	20105.4
1044.19	20091.1
1045.31	20079.2
1046.44	20068.4
1047.57	20058.4
1048.69	20048.9
1049.82	20039.9
1050.95	20031
1052.08	20022
1053.2	20013
1054.33	20000.3
1055.45	19987
1056.58	19975.7
1057.7	19964.1
1058.83	19952.1
1059.95	19939.1
1061.08	19923.4
1062.2	19905.3
1063.33	19872.4
1064.45	19844.7
1065.58	19832.4
1066.7	19832.9
1067.83	19831.2
1068.95	19843.6
1070.07	19858.4
1071.2	19863.9
1072.32	19864.2
1073.44	19840.2
1074.56	19825.1
1075.69	19812
1076.81	19835.8
1077.93	19864.2
1079.05	19883.5
1080.17	19898.4
1081.3	19907.9
1082.42	19912
1083.54	19911
1084.66	19903.6
1085.78	19891.3
1086.9	19874.1
1088.02	19853.5
1089.14	19842.4
1090.26	19849.5
1091.38	19859.5
1092.5	19868.3
1093.62	19884.2
1094.74	19879.4
1095.86	19866.4
1096.98	19875.4
1098.1	19893.5
1099.22	19908.3
1100.34	19919.5
1101.45	19926.1
1102.57	19922.5
1103.69	19895.5
1104.81	19875.5
1105.93	19853.4
1107.04	19837.4
1108.16	19829.5
1109.28	19827.1
1110.4	19790.2
1111.51	19763.9
1112.63	19743.6
1113.75	19729.5
1114.86	19726.8
1115.98	19721.3
1117.09	19700.3
1118.21	19675.6
1119.32	19659.1
1120.44	19646
1121.55	19635.7
1122.67	19629.9
1123.78	19628.7
1124.9	19631.7
1126.01	19639
1127.13	19649.2
1128.24	19644.7
1129.35	19594
1130.47	19552.8
1131.58	19513.6
1132.7	19477.1
1133.81	19448.3
1134.92	19437.7
1136.03	19432.4
1137.15	19422.5
1138.26	19404.5
1139.37	19381.3
1140.48	19354.4
1141.59	19323.1
1142.71	19291.9
1143.82	19278.7
1144.93	19272
1146.04	19280.6
1147.15	19288.5
1148.26	19288
1149.37	19272.3
1150.48	19245.5
1151.59	19207.9
1152.7	19185.4
1153.81	19161.3
1154.92	19152.8
1156.03	19150.6
1157.14	19154.8
1158.25	19159.7
1159.36	19172.5
1160.47	19172.1
1161.58	19168.1
1162.68	19162.4
1163.79	19153.6
1164.9	19138.1
1166.01	19129.4
1167.12	19123.2
1168.22	19113.7
1169.33	19112.6
1170.44	19122.8
1171.55	19129.1
1172.65	19133.6
1173.76	19135.7
1174.87	19134.4
1175.97	19131.7
1177.08	19128.2
1178.18	19124.2
1179.29	19119.6
1180.4	19114.5
1181.5	19108.8
1182.61	19102.3
1183.71	19095.1
1184.82	19093.5
1185.92	19121.2
1187.02	19145.6
1188.13	19167
1189.23	19185.5
1190.34	19156.3
1191.44	19145.8
1192.54	19131
1193.65	19115.8
1194.75	19106
1195.85	19103.2
1196.96	19104.7
1198.06	19111
1199.16	19120.1
1200.26	19131.1
1201.37	19138.6
1202.47	19146.4
1203.57	19153.5
1204.67	19158.2
1205.77	19160.7
1206.87	19156.8
1207.97	19149.6
1209.08	19140.4
1210.18	19130.3
1211.28	19118.6
1212.38	19105.1
1213.48	19089.5
1214.58	19071.4
1215.68	19059.8
1216.78	19063.8
1217.88	19073.8
1218.98	19076.3
1220.07	19073.8
1221.17	19064.5
1222.27	19050.4
1223.37	19031.6
1224.47	19010
1225.57	18986.6
1226.66	18966.7
1227.76	18965.8
1228.86	18952.2
1229.96	18939.3
1231.06	18926.9
1232.15	18915.3
1233.25	18904.2
1234.35	18894
1235.44	18884.6
1236.54	18876.3
1237.63	18869
1238.73	18864.1
1239.83	18852.8
1240.92	18817.8
1242.02	18785.4
1243.11	18761.7
1244.21	18736.1
1245.3	18733.4
1246.4	18748.9
1247.49	18759
1248.59	18754.8
1249.68	18754.8
1250.78	18748.5
1251.87	18727.7
1252.96	18726.3
1254.06	18729.8
1255.15	18733.2
1256.24	18735.6
1257.34	18735.3
1258.43	18708.4
1259.52	18680.6
1260.62	18659.9
1261.71	18643.6
1262.8	18629.1
1263.89	18625.8
1264.98	18633.6
1266.08	18644.8
1267.17	18657.6
1268.26	18673.3
1269.35	18686.8
1270.44	18690.1
1271.53	18688
1272.62	18684.7
1273.71	18682.9
1274.8	18691.5
1275.89	18700.8
1276.98	18711.5
1278.07	18723.9
1279.16	18737.8
1280.25	18747.3
1281.34	18742.3
1282.43	18719.4
1283.52	18716.5
1284.61	18714.6
1285.69	18712.8
1286.78	18706.7
1287.87	18714.6
1288.96	18701.4
1290.05	18675.9
1291.13	18652.7
1292.22	18643.4
1293.31	18643.1
1294.4	18649.2
1295.48	18655.8
1296.57	18659.8
1297.66	18656.2
1298.74	18658.7
1299.83	18655
1300.92	18660.5
1302	18669
1303.09	18680.2
1304.17	18695.9
1305.26	18699.7
1306.34	18686.2
1307.43	18676.2
1308.51	18665.9
1309.6	18655.5
1310.68	18633.9
1311.76	18623.1
1312.85	18617
1313.93	18611.3
1315.02	18606.8
1316.1	18595
1317.18	18553.9
1318.27	18561.3
1319.35	18582.2
1320.43	18596.4
1321.52	18597.3
1322.6	18587
1323.68	18573.4
1324.76	18556
1325.85	18542
1326.93	18527.5
1328.01	18509.1
1329.09	18499
1330.17	18501
1331.25	18504.2
1332.33	18508.2
1333.41	18511.1
1334.49	18502.3
1335.58	18488.7
1336.65	18467.9
1337.74	18446.1
1338.82	18432.7
1339.89	18413.6
1340.97	18397.7
1342.05	18382.9
1343.13	18372
1344.21	18362.5
1345.29	18357.1
1346.37	18359
1347.45	18366.2
1348.53	18379.9
1349.6	18385.3
1350.68	18382.9
1351.76	18374
1352.84	18362.3
1353.92	18348.5
1354.99	18343.1
1356.07	18339.9
1357.15	18342.2
1358.22	18346.2
1359.3	18349.8
1360.38	18351.4
1361.45	18355.6
1362.53	18359.8
1363.61	18367.2
1364.68	18368.5
1365.76	18366.5
1366.83	18352.6
1367.91	18339.9
1368.98	18329.7
1370.06	18319.7
1371.13	18309.5
1372.21	18301.2
1373.28	18294.2
1374.35	18289.4
1375.43	18288.2
1376.5	18287.8
1377.58	18288.4
1378.65	18291.1
1379.72	18289.9
1380.8	18292.3
1381.87	18294.5
1382.94	18299.1
1384.01	18301.5
1385.09	18300.2
1386.16	18290.2
1387.23	18260.4
1388.3	18233
1389.38	18212.1
1390.45	18194.9
1391.52	18182.4
1392.59	18175.7
1393.66	18177.2
1393.92	18176.3
1395	18185.8
1396.07	18194.8
1397.15	18184.9
1398.22	18175.6
1399.3	18175.5
1400.38	18175.1
1401.45	18178.8
1402.53	18205.8
1403.6	18206
1404.68	18195.1
1405.75	18167.6
1406.82	18144.8
1407.9	18147.1
1408.97	18158.9
1410.05	18170.6
1411.12	18171.2
1412.19	18130.5
1413.27	18115.4
1414.34	18099.9
1415.41	18088.5
1416.49	18076
1417.56	18070.6
1418.63	18065
1419.7	18056.2
1420.78	18045.9
1421.85	18027
1422.92	18007.7
1423.99	17989.5
1425.06	17975.6
1426.14	17974.7
1427.21	17981
1428.28	17996.7
1429.35	18009.8
1430.42	18016.8
1431.49	18014.7
1432.56	18011.1
1433.63	18005
1434.7	17994
1435.77	17979.9
1436.84	17965
1437.91	17953.4
1438.98	17953.6
1440.05	17966.6
1441.12	17980.3
1442.18	17975.8
1443.25	17969.6
1444.32	17963.5
1445.39	17946.2
1446.46	17923.5
1447.53	17907.8
1448.59	17898.9
1449.66	17897.9
1450.73	17908.2
1451.8	17906.3
1452.86	17893.9
1453.93	17869.6
1455	17845
1456.06	17845.7
1457.13	17846.5
1458.2	17848.2
1459.26	17850.8
1460.33	17853.8
1461.39	17846.7
1462.46	17837.2
1463.52	17828.1
1464.59	17819.6
1465.65	17812.4
1466.72	17808.6
1467.78	17807.1
1468.85	17807.4
1469.91	17809.3
1470.98	17813.1
1472.04	17815.6
1473.1	17807.8
1474.17	17794.8
1475.23	17790.6
1476.3	17792.4
1477.36	17796.6
1478.42	17802.2
1479.48	17808.6
1480.55	17814.5
1481.61	17810.4
1482.67	17776
1483.73	17765.6
1484.8	17742.4
1485.86	17746.5
1486.92	17756.5
1487.98	17754.9
1489.04	17748.3
1490.1	17735.7
1491.17	17718.7
1492.23	17699
1493.29	17678.5
1494.35	17679.6
1495.41	17680.2
1496.47	17682.1
1497.53	17676.9
1498.59	17665
1499.65	17656.3
1500.71	17647.5
1501.77	17639.3
1502.83	17631
1503.88	17622.9
1504.94	17614.5
1506	17605.8
1507.06	17595.6
1508.12	17578.6
1509.18	17557.4
1510.23	17535.4
1511.29	17515.5
1512.35	17498.8
1513.41	17495.6
1514.47	17491.8
1515.52	17492.1
1516.58	17494.8
1517.64	17502.5
1518.69	17484.3
1519.75	17460.6
1520.81	17463.6
1521.86	17475.1
1522.92	17484.6
1523.97	17488.8
1525.03	17470.5
1526.08	17449.1
1527.14	17427.6
1528.2	17411.6
1529.25	17394.1
1530.31	17381.4
1531.36	17369.7
1532.42	17358
1533.47	17346.5
1534.52	17336.2
1535.58	17327.5
1536.63	17322.2
1537.69	17325
1538.74	17329.8
1539.79	17338.1
1540.84	17349.9
1541.9	17367.2
1542.95	17381.5
1544	17367.5
1545.06	17349.9
1546.11	17330.7
1547.16	17309
1548.21	17289.9
1549.27	17284.7
1550.32	17287
1551.37	17299.6
1552.42	17321.3
1553.47	17334.9
1554.52	17340.8
1555.57	17327.4
1556.62	17309.1
1557.67	17290.7
1558.72	17272.9
1559.77	17256.4
1560.82	17243
1561.87	17239.6
1562.92	17239
1563.97	17244.4
1565.02	17252.4
1566.07	17276.7
1567.12	17316.5
1568.17	17353
1569.22	17256.8
1570.27	17176.2
1571.32	17106.6
1572.36	17128.2
1573.41	17173.3
1574.46	17219.3
1575.51	17269.4
1576.56	17250.5
1577.6	17231.5
1578.65	17212.1
1579.7	17193.3
1580.74	17175.9
1581.79	17165.9
1582.84	17172.4
1583.88	17187.3
1584.93	17190.4
1585.98	17190
1587.02	17179.7
1588.07	17153.7
1589.11	17131.2
1590.16	17116
1591.2	17109
1592.25	17110
1593.29	17123.9
1594.34	17133.5
1595.38	17145.6
1596.43	17146.4
1597.47	17132.5
1598.52	17097
1599.56	17070.2
1600.6	17051.1
1601.65	17039
1602.69	17035.3
1603.73	17031.7
1604.78	17031.4
1605.82	17033.1
1606.86	17022.9
1607.91	17002.4
1608.95	16977.3
1609.99	16954.9
1611.03	16937.5
1612.08	16930
1613.12	16935.2
1614.16	16937.5
1615.2	16934.2
1616.24	16931.7
1617.28	16909.9
1618.32	16879.8
1619.36	16853
1620.41	16824.1
1621.45	16802.6
1622.49	16782.7
1623.53	16765.6
1624.57	16752.4
1625.61	16741.6
1626.65	16736.6
1627.69	16726.8
1628.73	16704.4
1629.76	16688.4
1630.8	16674.4
1631.84	16660.9
1632.88	16649.6
1633.92	16638.9
1634.96	16630.5
1636	16625.4
1637.03	16623.2
1638.07	16637.1
1639.11	16638.5
1640.15	16636.9
1641.19	16630.2
1642.22	16616.5
1643.26	16601.1
1644.3	16583.3
1645.33	16562.9
1646.37	16539.4
1647.41	16517.8
1648.44	16498.5
1649.48	16481.5
1650.52	16474.6
1651.55	16468.7
1652.59	16465.9
1653.62	16466.5
1654.66	16472.4
1655.69	16478
1656.73	16480
1657.76	16469.6
1658.8	16453.7
1659.83	16431.5
1660.87	16403
1661.9	16375.4
1662.93	16363.9
1663.97	16369.1
1665	16371.7
1666.04	16383.6
1667.07	16400.8
1668.1	16408.4
1669.14	16406.9
1670.17	16404.3
1671.2	16400.2
1672.23	16395.3
1673.27	16400.2
1674.3	16406.1
1675.33	16408.1
1676.36	16405.4
1677.39	16398.5
1678.43	16387.6
1679.46	16364.6
1680.49	16328.5
1681.52	16306.6
1682.55	16290.6
1683.58	16291.3
1684.61	16292.2
1685.64	16286.3
1686.67	16277
1687.7	16261.4
1688.73	16257
1689.76	16254.8
1690.79	16254.7
1691.82	16256.7
1692.85	16260.7
1693.88	16267.3
1694.91	16275.9
1695.94	16276.1
1696.97	16252.1
1698	16216
1699.02	16166.5
1700.05	16123.8
1701.08	16125.9
1702.11	16122.7
1703.14	16119.1
1704.16	16130.6
1705.19	16137.3
1706.22	16145.4
1707.25	16140.6
1708.27	16124.5
1709.3	16103.9
1710.33	16085.2
1711.35	16075.4
1712.38	16070.5
1713.41	16070
1714.43	16073.6
1715.46	16062.9
1716.48	16059.3
1717.51	16038.1
1718.53	16011.1
1719.56	15993.1
1720.58	15973.4
1721.61	15953.2
1722.63	15931.9
1723.66	15925.9
1724.68	15929.8
1725.71	15934.7
1726.73	15945.2
1727.75	15947.6
1728.78	15940.6
1729.8	15935.3
1730.83	15909
1731.85	15869.3
1732.87	15836.9
1733.89	15806.4
1734.92	15810.6
1735.94	15815
1736.96	15805.9
1737.98	15781.2
1739.01	15746.5
1740.03	15734.5
1741.05	15730.8
1742.07	15729.8
1743.09	15742.3
1744.12	15753.2
1745.14	15769.2
1746.16	15763.5
1747.18	15756.4
1748.2	15735.3
1749.22	15715.5
1750.24	15683.3
1751.26	15688.2
1752.28	15679.5
1753.3	15671.2
1754.32	15658.4
1755.34	15598.4
1756.36	15598.7
1757.38	15635.1
1758.4	15655.5
1759.42	15660.1
1760.44	15649.2
1761.45	15621.7
1762.47	15569.8
1763.49	15551.6
1764.51	15529.6
1765.53	15520
1766.55	15526.7
1767.56	15556.4
1768.58	15572.5
1769.6	15568.9
1770.61	15540.6
1771.63	15487.7
1772.65	15440.1
1773.67	15433.2
1774.68	15426.9
1775.7	15419.8
1776.72	15425.5
1777.73	15432.3
1778.75	15439.2
1779.76	15438
1780.78	15400.2
1781.79	15362.3
1782.81	15380.2
1783.83	15400.2
1784.84	15404.1
1785.85	15406
1786.87	15404.5
1787.88	15399.5
1788.9	15390.5
1789.91	15378.4
1790.93	15362.3
1791.94	15337.6
1792.95	15308.6
1793.97	15275
1794.98	15232.3
1796	15202
1797.01	15181.8
1798.02	15171.5
1799.03	15183.5
1800.05	15194.4
1801.06	15202.9
1802.07	15207.7
1803.08	15190.2
1804.1	15160.8
1805.11	15146.1
1806.12	15133.7
1807.13	15123.4
1808.14	15116.5
1809.15	15114.4
1810.17	15115.1
1811.18	15112.9
1812.19	15105.2
1813.2	15083
1814.21	15055.8
1815.22	15022.6
1816.23	14989.7
1817.24	14968.1
1818.25	14953.4
1819.26	14946.5
1820.27	14942.7
1821.28	14940.2
1822.29	14939.8
1823.3	14942.4
1824.3	14947.3
1825.31	14952.6
1826.32	14956.4
1827.33	14949
1828.34	14934.7
1829.35	14911.6
1830.35	14891.3
1831.36	14876.1
1832.37	14858.3
1833.38	14839.2
1834.38	14817.1
1835.39	14792.7
1836.4	14767.7
1837.41	14744.4
1838.41	14725.5
1839.42	14707.8
1840.43	14714.4
1841.43	14730.6
1842.44	14741.5
1843.44	14730.2
1844.45	14710.3
1845.46	14714.6
1846.46	14720.4
1847.47	14722.9
1848.47	14728.9
1849.48	14715.7
1850.48	14699.1
1851.49	14631.1
1852.49	14611.6
1853.49	14601.5
1854.5	14602.6
1855.5	14605.1
1856.51	14587.5
1857.51	14575.3
1858.51	14561.4
1859.52	14546.9
1860.52	14531.9
1861.52	14517.2
1862.53	14505.5
1863.53	14494.6
1864.53	14484.4
1865.54	14475
1866.54	14466.1
1867.54	14457.7
1868.54	14449.6
1869.54	14442
1870.55	14434.8
1871.55	14428.4
1872.55	14421.4
1873.55	14399.7
1874.55	14384
1875.55	14368.4
1876.55	14357.5
1877.55	14352.9
1878.55	14347.4
1879.55	14341.7
1880.56	14335.5
1881.55	14329.4
1882.56	14322.5
1883.55	14314.9
1884.55	14307.4
1885.55	14302.4
1886.55	14306.1
1887.55	14322.2
1888.55	14318
1889.55	14301.9
1890.55	14277.2
1891.55	14246.8
1892.55	14232
1893.54	14223.6
1894.54	14213.7
1895.54	14204.4
1896.54	14197.5
1897.54	14190.8
1898.53	14182.6
1899.53	14171.9
1900.53	14157.8
1901.52	14137.8
1902.52	14103.2
1903.52	14079.4
1904.51	14064.9
1905.51	14062.2
1906.51	14063.5
1907.5	14057.6
1908.5	14052.2
1909.49	14044.7
1910.49	14035.5
1911.49	14023.9
1912.48	14010.6
1913.48	13995.5
1914.47	13978.9
1915.46	13960.9
1916.46	13942.1
1917.45	13924.8
1918.45	13912.8
1919.44	13903.1
1920.44	13896
1921.43	13889.7
1922.43	13883
1923.42	13875.7
1924.41	13866.3
1925.41	13857.2
1926.4	13848.3
1927.39	13839
1928.38	13839.8
1929.38	13867.4
1930.37	13863.3
1931.36	13840.5
1932.35	13804.4
1933.35	13765.6
1934.34	13723.7
1935.33	13681.5
1936.32	13704.5
1937.31	13692.8
1938.3	13678.9
1939.29	13673.9
1940.29	13662.4
1941.28	13648.5
1942.27	13632
1943.26	13619.8
1944.25	13610.7
1945.24	13602.7
1946.23	13596.3
1947.22	13590.6
1948.21	13585.7
1949.2	13581.2
1950.19	13576.2
1951.18	13570
1952.17	13562.7
1953.16	13554.3
1954.14	13545.3
1955.13	13525.8
1956.12	13496.1
1957.11	13470.8
1958.1	13445.6
1959.09	13425.7
1960.07	13418.6
1961.06	13416.8
1962.05	13415.8
1963.04	13414.1
1964.02	13409.2
1965.01	13404.1
1966	13397.9
1966.99	13390.3
1967.97	13381.4
1968.96	13371.2
1969.95	13359.6
1970.93	13346.6
1971.92	13332.2
1972.9	13316
1973.89	13299.1
1974.88	13282.3
1975.86	13274.7
1976.85	13270.6
1977.83	13251.6
1978.82	13234.7
1979.8	13212.8
1980.79	13187
1981.77	13159.8
1982.76	13134.7
1983.74	13123.6
1984.72	13124.6
1985.71	13130.9
1986.69	13138.5
1987.67	13132.5
1988.66	13129.5
1989.64	13116.3
1990.62	13091.5
1991.61	13070.8
1992.59	13053.9
1993.57	13039.9
1994.56	13028.4
1995.54	13019.1
1996.52	13011.7
1997.5	13006.1
1998.49	12988.3
1999.47	12980.2
2000.45	12975.7
2001.43	12975.4
2002.41	12984.5
2003.39	12994.2
2004.38	12998.3
2005.36	12992.7
2006.34	12985.3
2007.32	12951.8
2008.3	12911.3
2009.28	12866.1
2010.26	12820.1
2011.24	12816.5
2012.22	12827.1
2013.2	12851.9
2014.18	12850.6
2015.16	12837.6
2016.14	12821.7
2017.12	12806.9
2018.1	12792.1
2019.07	12778.3
2020.05	12767.8
2021.03	12759.8
2022.01	12755
2022.99	12752.9
2023.97	12753.8
2024.95	12758
2025.92	12762.2
2026.9	12758.5
2027.88	12747.8
2028.86	12730
2029.83	12709.5
2030.81	12686.9
2031.79	12661.6
2032.76	12632.9
2033.74	12602.6
2034.72	12573.1
2035.69	12549.1
2036.67	12531
2037.65	12517.3
2038.62	12506.3
2039.6	12501.6
2040.57	12500.4
2041.55	12502.5
2042.52	12504.7
2043.5	12499.1
2044.47	12470.7
2045.45	12434.7
2046.42	12414.8
2047.4	12404.2
2048.37	12406.7
2049.35	12403
2050.32	12401
2051.29	12407.7
2052.27	12405.5
2053.24	12397.9
2054.21	12385.7
2055.19	12373.8
2056.16	12359.7
2057.13	12344
2058.11	12326.4
2059.08	12307.3
2060.05	12286.8
2061.02	12266.6
2062	12254
2062.97	12249.9
2063.94	12249.5
2064.91	12252.4
2065.89	12253
2066.86	12245.6
2067.83	12232.6
2068.8	12219.8
2069.77	12206.1
2070.74	12190.3
2071.71	12173.2
2072.68	12152.4
2073.65	12131
2074.62	12108.1
2075.59	12089
2076.56	12094.1
2077.53	12089.9
2078.5	12085
2079.47	12064.6
2080.44	12048.7
2081.41	12031
2082.38	12017
2083.35	12007.4
2084.32	11997.8
2085.29	11990.6
2086.26	11984.5
2087.23	11977.2
2088.19	11968.5
2089.16	11941
2090.13	11914.3
2091.1	11892.6
2092.07	11878.8
2093.03	11867.7
2094	11858.3
2094.97	11850.6
2095.94	11844.5
2096.9	11835.5
2097.87	11828
2098.84	11821.4
2099.8	11816.5
2100.77	11812.6
2101.74	11810.2
2102.7	11808.5
2103.67	11808
2104.63	11808.2
2105.6	11810.3
2106.56	11799.2
2107.53	11763.6
2108.49	11728.7
2109.46	11705.4
2110.42	11685.6
2111.39	11670.3
2112.35	11657.5
2113.32	11652.9
2114.28	11651.1
2115.25	11650.7
2116.21	11641.2
2117.17	11618.9
2118.14	11600
2119.1	11590
2120.07	11579.6
2121.03	11571.5
2121.99	11567.4
2122.96	11566
2123.92	11564.9
2124.88	11559.8
2125.84	11553.8
2126.81	11545.6
2127.77	11541.5
2128.73	11536
2129.69	11528.4
2130.65	11513
2131.62	11484.5
2132.58	11463.4
2133.54	11446.3
2134.5	11429.7
2135.46	11414.1
2136.42	11400.4
2137.38	11387.9
2138.34	11376.4
2139.3	11364.9
2140.26	11348.3
2141.22	11330.5
2142.18	11314.7
2143.14	11300.8
2144.1	11286.5
2145.06	11273.6
2146.02	11263.2
2146.98	11255.5
2147.94	11254.8
2148.9	11259.9
2149.86	11263.8
2150.82	11267.3
2151.78	11267
2152.74	11259
2153.69	11247
2154.65	11232.2
2155.61	11214.6
2156.57	11194.9
2157.53	11173.3
2158.48	11155.8
2159.44	11136.2
2160.4	11119.5
2161.36	11113.2
2162.31	11109.9
2163.27	11099.5
2164.23	11093.4
2165.18	11076.8
2166.14	11048.8
2167.1	11023
2168.05	10995.1
2169.01	10975.8
2169.96	10959.2
2170.92	10968.7
2171.88	10988.5
2172.83	10943.7
2173.79	10893.5
2174.74	10838.6
2175.7	10820.7
2176.65	10848.9
2177.6	10874.2
2178.56	10890.2
2179.51	10799
2180.47	10758
2181.42	10744.1
2182.38	10738.1
2183.33	10735.4
2184.28	10739.6
2185.24	10740.3
2186.19	10739
2187.14	10733.5
2188.1	10726.7
2189.05	10718.1
2190	10707.3
2190.96	10694.5
2191.91	10679.5
2192.86	10662.5
2193.81	10643.3
2194.76	10622.1
2195.72	10598.8
2196.67	10574.3
2197.62	10553.4
2198.57	10539.6
2199.52	10539.1
2200.47	10536.6
2201.43	10531.8
2202.38	10526.2
2203.33	10516.8
2204.28	10504.1
2205.23	10486.6
2206.18	10466.3
2207.13	10454.2
2208.08	10448
2209.03	10448.7
2209.98	10451.6
2210.93	10451.4
2211.88	10453.1
2212.83	10438
2213.78	10429.3
2214.73	10408.3
2215.67	10390.7
2216.62	10375.3
2217.57	10373
2218.52	10381.4
2219.47	10383.8
2220.42	10382.1
2221.37	10377.9
2222.31	10366.4
2223.26	10352.2
2224.21	10337.2
2225.16	10325.1
2226.1	10315.2
2227.05	10305.4
2228	10294.5
2228.94	10284
2229.89	10273.1
2230.84	10262.2
2231.78	10249.8
2232.73	10238.1
2233.68	10227.4
2234.62	10216.9
2235.57	10208.4
2236.51	10202.1
2237.46	10195.3
2238.41	10191
2239.35	10190
2240.3	10188.4
2241.24	10186
2242.19	10184.6
2243.13	10182
2244.07	10178.3
2245.02	10178.2
2245.96	10171
2246.91	10158.1
2247.85	10146.3
2248.8	10142.4
2249.74	10146.2
2250.68	10149.7
2251.63	10149.3
2252.57	10152.2
2253.51	10158.1
2254.46	10165.4
2255.4	10144.8
2256.34	10121.6
2257.28	10100
2258.23	10086.8
2259.17	10082.8
2260.11	10087.4
2261.05	10090.9
2262	10099.4
2262.94	10104.8
2263.88	10108.8
2264.82	10105.5
2265.76	10091.7
2266.7	10074.8
2267.64	10055.5
2268.58	10032.2
2269.53	10021
2270.47	10014.4
2271.41	10014.4
2272.35	10020.6
2273.29	10027.2
2274.23	10025.7
2275.17	10014.4
2276.11	9999.72
2277.05	9992.54
2277.99	9991.04
2278.93	9995.75
2279.86	9997.66
2280.8	9990.47
2281.74	9978.95
2282.68	9975.44
2283.62	9977.18
2284.56	9982
2285.5	9993.34
2286.44	9977.77
2287.37	9960.95
2288.31	9945.06
2289.25	9937.91
2290.19	9957.91
2291.12	9976.55
2292.06	9991.37
2293	9978.7
2293.94	9960.04
2294.87	9942.66
2295.81	9928.1
2296.75	9917.9
2297.68	9910.68
2298.62	9906.95
2299.55	9912.64
2300.49	9920.99
2301.43	9923.66
2302.36	9916.84
2303.3	9903.67
2304.23	9891.98
2305.17	9882.01
2306.1	9872.91
2307.04	9865.54
2307.98	9860.58
2308.91	9858.33
2309.84	9852.36
2310.78	9837.78
2311.71	9819.56
2312.65	9800.55
2313.58	9779.53
2314.52	9758.08
2315.45	9739.88
2316.38	9731.62
2317.32	9728.25
2317.72	9725.5
2318.66	9721.83
2319.6	9718.95
2320.54	9716.99
2321.48	9719.64
2322.41	9722.87
2323.35	9728.75
2324.29	9731.87
2325.23	9710.74
2326.16	9690.49
2327.1	9671.02
2328.04	9653.66
2328.97	9640.01
2329.91	9628.51
2330.85	9618.91
2331.78	9612.22
2332.72	9607.87
2333.66	9606.11
2334.59	9606.23
2335.53	9603.01
2336.46	9595.47
2337.4	9576.8
2338.33	9560.69
2339.27	9548.99
2340.2	9537.07
2341.14	9528.33
2342.07	9516.59
2343.01	9505.75
2343.94	9494.54
2344.88	9486.82
2345.81	9490.64
2346.75	9505.87
2347.68	9520.6
2348.61	9519.76
2349.55	9495.54
2350.48	9473.58
2351.41	9450.62
2352.35	9429.03
2353.28	9410.99
2354.21	9419.53
2355.15	9420.65
2356.08	9425.19
2357.01	9425.23
2357.94	9418.01
2358.88	9407.99
2359.81	9395.67
2360.74	9381.2
2361.67	9365.55
2362.6	9350.16
2363.54	9346.66
2364.47	9342.19
2365.4	9339.46
2366.33	9339.12
2367.26	9341.22
2368.19	9342.31
2369.12	9340.4
2370.05	9326.92
2370.98	9318.14
2371.91	9309.68
2372.84	9310.66
2373.77	9309.31
2374.7	9314.93
2375.63	9321.83
2376.56	9342.52
2377.49	9341.62
2378.42	9328.41
2379.35	9308.21
2380.28	9280.82
2381.21	9248.62
2382.14	9227.37
2383.07	9214.22
2384	9210.82
2384.92	9212.78
2385.85	9212.6
2386.78	9212.43
2387.71	9212.61
2388.64	9208.37
2389.56	9203.81
2390.49	9198.83
2391.42	9193.36
2392.35	9187.39
2393.27	9180.51
2394.2	9172.6
2395.13	9164.14
2396.05	9155.86
2396.98	9155.8
2397.91	9160.18
2398.83	9162.31
2399.76	9158.66
2400.69	9145.62
2401.61	9130.89
2402.54	9118.64
2403.46	9106.29
2404.39	9094.68
2405.31	9084.52
2406.24	9075.44
2407.17	9067.38
2408.09	9060.98
2409.01	9054.96
2409.94	9043.88
2410.86	9030.63
2411.79	9012.55
2412.71	9006.23
2413.64	9007.56
2414.56	9009.86
2415.49	9013.74
2416.41	9017.25
2417.33	9020.5
2418.26	9022.56
2419.18	9022.44
2420.1	9020.35
2421.03	9016.1
2421.95	9007.63
2422.87	8997.52
2423.79	8980.38
2424.72	8959.96
2425.64	8939.17
2426.56	8919.91
2427.48	8907.43
2428.41	8895.28
2429.33	8889.33
2430.25	8884.59
2431.17	8879.66
2432.09	8874.47
2433.01	8862.95
2433.93	8854.12
2434.86	8844.29
2435.78	8833.14
2436.7	8820.93
2437.62	8807.51
2438.54	8793.3
2439.46	8777.32
2440.38	8760.3
2441.3	8742.53
2442.22	8725.06
2443.14	8713.09
2444.06	8706.67
2444.98	8708.49
2445.9	8707.77
2446.82	8704.68
2447.73	8699.69
2448.65	8693.15
2449.57	8686.12
2450.49	8677.83
2451.41	8668.46
2452.33	8657.54
2453.25	8646.12
2454.17	8638.24
2455.08	8644.29
2456	8653.28
2456.92	8657.34
2457.84	8604.84
2458.75	8588.17
2459.67	8575.03
2460.59	8568.7
2461.51	8565.99
2462.42	8564.56
2463.34	8563.58
2464.26	8560.97
2465.17	8559.06
2466.09	8557.38
2467	8555.24
2467.92	8549.82
2468.84	8541.88
2469.75	8530.85
2470.67	8517.53
2471.58	8505.67
2472.5	8494.95
2473.42	8484.56
2474.33	8477.04
2475.25	8471.24
2476.16	8464.46
2477.08	8447.2
2477.99	8436.25
2478.9	8419.76
2479.82	8426.01
2480.73	8428.12
2481.65	8428.94
2482.56	8424.92
2483.47	8424.83
2484.39	8420.96
2485.3	8406.88
2486.22	8384.1
2487.13	8346.85
2488.04	8360.51
2488.96	8402.08
2489.87	8417.45
2490.78	8425.05
2491.69	8424.27
2492.61	8416.04
2493.52	8400.62
2494.43	8378.6
2495.34	8353.67
2496.25	8330.59
2497.17	8315.23
2498.08	8304.64
2498.99	8303.72
2499.9	8306.82
2500.81	8312.73
2501.72	8315.75
2502.63	8319.96
2503.55	8325.13
2504.46	8327.84
2505.37	8322.82
2506.28	8311.56
2507.19	8298.23
2508.1	8283.13
2509.01	8269.35
2509.92	8252.45
2510.83	8240.98
2511.74	8233.73
2512.65	8230.59
2513.56	8230.2
2514.47	8234.39
2515.37	8241.93
2516.28	8253.39
2517.19	8266.6
2518.1	8261.35
2519.01	8255.32
2519.92	8242.92
2520.83	8228.8
2521.73	8211.73
2522.64	8186.76
2523.55	8166.08
2524.46	8153.25
2525.37	8154.98
2526.27	8156.79
2527.18	8158.76
2528.09	8153.48
2529	8146.97
2529.9	8140.4
2530.81	8133.39
2531.72	8125.9
2532.62	8118.21
2533.53	8111.12
2534.44	8106.12
2535.34	8103.6
2536.25	8103.43
2537.15	8105.7
2538.06	8107.26
2538.96	8111.03
2539.87	8108.47
2540.78	8101.52
2541.68	8090.03
2542.59	8079.45
2543.49	8071.68
2544.4	8064.34
2545.3	8056.09
2546.21	8047.01
2547.11	8036.37
2548.01	8024.8
2548.92	8011.56
2549.82	7997.14
2550.73	7981.1
2551.63	7964.7
2552.53	7954.3
2553.44	7946.8
2554.34	7943.97
2555.24	7940.9
2556.15	7937.3
2557.05	7934.5
2557.95	7931.79
2558.86	7928.44
2559.76	7923.66
2560.66	7916.58
2561.56	7906.95
2562.46	7895.07
2563.37	7880.99
2564.27	7865.96
2565.17	7850.23
2566.07	7837.4
2566.97	7836.68
2567.88	7832.8
2568.78	7829.92
2569.68	7826.31
2570.58	7814.55
2571.48	7803.2
2572.38	7790.7
2573.28	7779.01
2574.18	7769.81
2575.08	7764.39
2575.98	7776.08
2576.88	7776.3
2577.78	7779.73
2578.68	7770.26
2579.58	7749.57
2580.48	7731
2581.38	7713.09
2582.28	7697.51
2583.18	7685.62
2584.08	7675.71
2584.98	7676.39
2585.88	7675.14
2586.77	7677.72
2587.67	7676.83
2588.57	7669.82
2589.47	7657.21
2590.37	7638.46
2591.27	7614.15
2592.16	7583.17
2593.06	7588.2
2593.96	7610.44
2594.86	7612.79
2595.75	7608.26
2596.65	7602.13
2597.55	7594.31
2598.45	7580.92
2599.34	7568.45
2600.24	7555.74
2601.13	7543.42
2602.03	7532.28
2602.93	7521.76
2603.82	7511.3
2604.72	7501.29
2605.62	7491.27
2606.51	7481.81
2607.41	7473.32
2608.3	7466.19
2609.2	7462.46
2610.09	7459.89
2610.99	7463.23
2611.88	7468.01
2612.78	7472.1
2613.67	7473.99
2614.57	7462.13
2615.46	7447.41
2616.36	7430.15
2617.25	7419.81
2618.14	7411.38
2619.04	7404.02
2619.93	7398.24
2620.83	7393.83
2621.72	7391.15
2622.61	7389.66
2623.5	7387.33
2624.4	7380.81
2625.29	7373.98
2626.18	7369.8
2627.08	7365.34
2627.97	7361.69
2628.86	7356.46
2629.75	7351.09
2630.65	7344.39
2631.54	7333.26
2632.43	7317.36
2633.32	7294.11
2634.21	7278.75
2635.11	7272.66
2636	7273.89
2636.89	7272.33
2637.78	7263.88
2638.67	7253.72
2639.56	7243.88
2640.45	7231.08
2641.34	7209.19
2642.23	7191.42
2643.12	7183.26
2644.01	7183.29
2644.9	7191.65
2645.79	7194.36
2646.68	7199.73
2647.57	7204.46
2648.46	7202.96
2649.35	7184.23
2650.24	7161.98
2651.13	7144.18
2652.02	7127.08
2652.91	7110.19
2653.8	7096.15
2654.69	7084.23
2655.58	7075.09
2656.46	7068.84
2657.35	7065.61
2658.24	7068.57
2659.13	7066.05
2660.02	7067.71
2660.9	7069.65
2661.79	7070.44
2662.68	7062.52
2663.57	7052.5
2664.45	7041.23
2665.34	7024.75
2666.23	6995.61
2667.11	6974.66
2668	6956.61
2668.89	6955.07
2669.77	6964.6
2670.66	6976.52
2671.55	6990.35
2672.43	6998.58
2673.32	6995.8
2674.21	6980.5
2675.09	6962.79
2675.98	6954.34
2676.86	6943.05
2677.75	6937.14
2678.63	6931.26
2679.52	6927.96
2680.4	6926.46
2681.29	6922.41
2682.17	6912.89
2683.06	6896.39
2683.94	6881.19
2684.82	6867.24
2685.71	6852.37
2686.59	6837.35
2687.48	6822.32
2688.36	6807.15
2689.24	6792.52
2690.13	6779.76
2691.01	6768.58
2691.89	6764.12
2692.78	6765.24
2693.66	6766.69
2694.54	6768.73
2695.43	6769.14
2696.31	6766.36
2697.19	6756.31
2698.07	6747.67
2698.96	6739.78
2699.84	6731.46
2700.72	6723.35
2701.6	6715.51
2702.48	6707.55
2703.36	6699.74
2704.25	6691.79
2705.13	6683.51
2706.01	6674.22
2706.89	6670.3
2707.77	6675.07
2708.65	6676.9
2709.53	6678.76
2710.41	6681.26
2711.29	6678.42
2712.17	6666.97
2713.05	6647.68
2713.93	6632.44
2714.81	6622.47
2715.69	6605.62
2716.57	6605.28
2717.45	6602.82
2718.33	6599.45
2719.21	6593.77
2720.09	6585.14
2720.97	6565.02
2721.85	6546.4
2722.73	6534.89
2723.61	6532
2724.48	6535.34
2725.36	6551.7
2726.24	6534.99
2727.12	6522.47
2728	6513.99
2728.88	6507.75
2729.75	6503.35
2730.63	6500.26
2731.51	6498.65
2732.39	6497.71
2733.26	6499.22
2734.14	6501.71
2735.02	6505.36
2735.89	6506.06
2736.77	6494.35
2737.65	6485.8
2738.52	6477.54
2739.4	6468.71
2740.28	6455.77
2741.15	6439.53
2742.03	6421.46
2742.9	6403
2743.78	6385.16
2744.65	6383.97
2745.53	6386.39
2746.41	6385.71
2747.28	6392.02
2748.16	6389.82
2749.03	6385.57
2749.91	6383.46
2750.78	6376.6
2751.66	6365.77
2752.53	6371.91
2753.4	6371.27
2754.28	6373.61
2755.15	6374.41
2756.02	6365.7
2756.9	6350.25
2757.77	6340.6
2758.65	6335.92
2759.52	6329.51
2760.39	6333.91
2761.27	6343.47
2762.14	6336.15
2763.01	6311.5
2763.88	6298.1
2764.76	6286.51
2765.63	6274.6
2766.5	6275.84
2767.37	6277.98
2768.25	6276.62
2769.12	6273.77
2769.99	6269.96
2770.86	6263.33
2771.73	6255.38
2772.61	6245.18
2773.48	6233.54
2774.35	6220.8
2775.22	6207.85
2776.09	6202.68
2776.96	6200.83
2777.83	6198.82
2778.7	6196.67
2779.57	6194.08
2780.44	6190.95
2781.31	6187.17
2782.18	6182.99
2783.05	6179.79
2783.92	6172.12
2784.79	6158.45
2785.66	6140.82
2786.53	6127.16
2787.4	6114.35
2788.27	6104.52
2789.14	6093.2
2790.01	6084.83
2790.88	6080.13
2791.75	6081.55
2792.62	6111.62
2793.48	6121.79
2794.35	6116.5
2795.22	6105.68
2796.09	6087.25
2796.96	6069.95
2797.82	6055.36
2798.69	6039.82
2799.56	6033.75
2800.43	6032.84
2801.29	6039.3
2802.16	6038.52
2803.03	6037.02
2803.9	6032.15
2804.76	6023.72
2805.63	6010.16
2806.5	5993.01
2807.36	5968.91
2808.23	5963.09
2809.09	5985.6
2809.96	6031.28
2810.83	5996.66
2811.69	5992.62
2812.56	5984.39
2813.42	5972.79
2814.29	5958.34
2815.15	5941.95
2816.02	5925.42
2816.88	5906.99
2817.75	5901.42
2818.61	5907.41
2819.48	5914.3
2820.34	5922.97
2821.21	5932.55
2822.07	5944.38
2822.94	5952.41
2823.8	5948.29
2824.66	5933.2
2825.53	5911.78
2826.39	5892.2
2827.26	5877.01
2828.12	5866.19
2828.98	5860.72
2829.85	5857.84
2830.71	5854.3
2831.57	5852.1
2832.43	5850.41
2833.3	5852.19
2834.16	5853.18
2835.02	5848.78
2835.88	5840.54
2836.75	5828.99
2837.61	5820.78
2838.47	5813.9
2839.33	5808.2
2840.19	5803.11
2841.06	5799.12
2841.92	5795.89
2842.78	5792.81
2843.64	5789.74
2844.5	5784.86
2845.36	5777.02
2846.22	5770.36
2847.08	5763.56
2847.94	5755.92
2848.81	5750.26
2849.67	5745.86
2850.53	5741.9
2851.39	5738.59
2852.25	5735.28
2853.11	5732.24
2853.97	5729.71
2854.82	5727.39
2855.68	5725.61
2856.54	5723.37
2857.4	5704.2
2858.26	5705.15
2859.12	5707.13
2859.98	5708.85
2860.84	5713.35
2861.7	5711.53
2862.56	5700.87
2863.41	5685.71
2864.27	5670.22
2865.13	5659.51
2865.99	5650.29
2866.85	5641.88
2867.7	5633.71
2868.56	5627.07
2869.42	5621.68
2870.28	5617.77
2871.13	5615.32
2871.99	5614.37
2872.85	5617.28
2873.7	5622.4
2874.56	5634.23
2875.42	5641.16
2876.27	5635.77
2877.13	5617.16
2877.99	5597.81
2878.84	5582.02
2879.7	5567.88
2880.56	5555.63
2881.41	5546.04
2882.27	5538.27
2883.12	5532.38
2883.98	5528.42
2884.83	5526.12
2885.69	5524.8
2886.54	5524.59
2887.4	5525.45
2888.25	5527.25
2889.11	5529.7
2889.96	5529.06
2890.82	5519.84
2891.67	5513
2892.52	5504.41
2893.38	5497.98
2894.23	5497.36
2895.09	5495.26
2895.94	5483.18
2896.79	5466.34
2897.65	5449.91
2898.5	5433.31
2899.35	5420.86
2900.21	5411.22
2901.06	5416.11
2901.91	5432.01
2902.76	5439.06
2903.62	5431.02
2904.47	5416.5
2905.32	5408.38
2906.17	5405.14
2907.03	5399.9
2907.88	5394.35
2908.73	5388.05
2909.58	5381.64
2910.43	5376.12
2911.28	5370.32
2912.14	5364.81
2912.99	5360.99
2913.84	5360.12
2914.69	5359.34
2915.54	5360.27
2916.39	5359.41
2917.24	5357.2
2918.09	5348.89
2918.94	5318.11
2919.79	5279.19
2920.64	5282.72
2921.49	5296.15
2922.34	5320.36
2923.19	5311.72
2924.04	5303.23
2924.89	5287.76
2925.74	5271.73
2926.59	5258.24
2927.44	5240.79
2928.29	5231.94
2929.14	5229.27
2929.98	5234.64
2930.83	5242.78
2931.68	5236.74
2932.53	5223.7
2933.38	5192.26
2934.23	5191.78
2935.07	5200.06
2935.92	5207.69
2936.77	5206.12
2937.62	5196.63
2938.47	5186.76
2939.31	5180.5
2940.16	5174.5
2941.01	5169.07
2941.85	5164.31
2942.7	5160.29
2943.55	5157.38
2944.39	5155.31
2945.24	5152.92
2946.09	5149.65
2946.93	5140.15
2947.78	5133.28
2948.63	5126.11
2949.47	5120.2
2950.32	5117.12
2951.16	5117.82
2952.01	5121.5
2952.85	5117.41
2953.7	5111.63
2954.55	5104.54
2955.39	5095.96
2956.24	5084.09
2957.08	5073.16
2957.92	5071.29
2958.77	5068.35
2959.61	5063.99
2960.46	5057.43
2961.3	5049.76
2962.15	5045.38
2962.99	5041.38
2963.83	5037.61
2964.68	5033.88
2965.52	5030.37
2966.37	5026.35
2967.21	5021.5
2968.05	5015.83
2968.9	5009.43
2969.74	5004.61
2970.58	5001.95
2971.42	5006.84
2972.27	5008.6
2973.11	5002.19
2973.95	4985.97
2974.79	4970.38
2975.64	4954.77
2976.48	4949.21
2977.32	4948.16
2978.16	4951.78
2979	4949.66
2979.85	4952.45
2980.69	4947.76
2981.53	4937.79
2982.37	4925.08
2983.21	4919.7
2984.05	4921.07
2984.89	4923.84
2985.73	4924.58
2986.57	4924.67
2987.41	4924.66
2988.25	4923.59
2989.1	4923.31
2989.94	4921.84
2990.77	4914.71
2991.62	4905.03
2992.45	4891.66
2993.29	4885.52
2994.13	4881.24
2994.97	4866.68
2995.81	4873.71
2996.65	4880.44
2997.49	4904.21
2998.33	4919.83
2999.17	4846.1
