200.833	17564.6
202.102	17657.2
203.371	17610.7
204.639	17625.6
205.907	17620.4
207.175	17621.3
208.442	17621.8
209.71	17627.2
210.977	17638.2
212.244	17650.5
213.511	17670.5
214.777	17694.9
216.042	17724.4
217.309	17747.5
218.575	17768.9
219.84	17793.1
221.106	17814.8
222.371	17836.8
223.635	17861.6
224.9	17888.2
226.165	17929.2
227.429	17974.2
228.694	18016.5
229.956	18061
231.22	18103.8
232.484	18144.3
233.747	18182.3
235.011	18217.6
236.272	18250.5
237.535	18280.8
238.798	18308.4
240.06	18333.5
241.321	18356.2
242.583	18377.5
243.845	18401.2
245.105	18424.7
246.367	18450
247.628	18466.7
248.888	18482.8
250.149	18488.1
251.409	18489.2
252.67	18493.9
253.928	18501.6
255.189	18505.2
256.447	18511.8
257.707	18515.1
258.966	18536.2
260.224	18593.8
261.483	18631.4
262.742	18666.7
263.999	18701.3
265.257	18690.6
266.514	18702.4
267.772	18711.8
269.028	18719.5
270.286	18726.8
271.543	18737.1
272.799	18748.1
274.056	18759.9
275.311	18771.8
276.568	18785.9
277.823	18835
279.079	18876.4
280.333	18908.5
281.589	18931.7
282.843	18947.7
284.099	18964
285.352	18980.3
286.607	18998.6
287.86	19017.9
289.114	19037
290.368	19054.4
291.621	19070.5
292.875	19084.9
294.127	19096.4
295.38	19102.5
296.632	19105.9
297.884	19108
299.137	19124.8
300.388	19167.1
301.641	19175.7
302.891	19182.9
304.142	19190.6
305.394	19199.8
306.644	19212.4
307.894	19229.4
309.146	19258.7
310.395	19271.7
311.645	19275.4
312.895	19279.3
314.144	19274.7
315.393	19259
316.642	19253.4
317.892	19259.8
319.14	19288.9
320.388	19318.5
321.637	19358.5
322.885	19397.6
324.132	19431.3
325.38	19464.1
326.628	19467
327.875	19448.9
329.122	19399.6
330.368	19449.1
331.614	19507.5
332.862	19546.1
334.108	19558.7
335.353	19567.3
336.599	19562.4
337.844	19562.7
339.089	19567.3
340.335	19583.5
341.58	19619.2
342.824	19650.3
344.068	19684.3
345.312	19719.9
346.556	19731.9
347.8	19736.4
349.043	19732.3
350.286	19730.2
351.53	19730.2
352.774	19730.6
354.016	19729
355.259	19744.5
356.501	19760.8
357.743	19767.7
358.985	19743
360.227	19734
361.468	19731.9
362.709	19732.5
363.95	19728.9
365.191	19728.2
366.432	19732.4
367.672	19740.1
368.912	19751
370.152	19763.5
371.392	19776.7
372.632	19789.6
373.871	19802.1
375.11	19814.8
376.348	19828.1
377.587	19841.8
378.825	19857.3
380.064	19874
381.302	19886.9
382.54	19898
383.778	19904.7
385.016	19920
386.253	19942.4
387.489	19962.6
388.726	19981.4
389.963	20001.8
391.199	20013.7
392.436	20037.1
393.672	20034.5
394.907	20024.1
396.142	19988.1
397.378	19992.7
398.614	20016.9
399.849	20081
401.082	20127.1
402.317	20185.5
403.552	20156.9
404.786	20149.9
406.019	20143.5
407.253	20139.7
408.487	20140
409.721	20145
410.953	20154.1
412.186	20166.6
413.419	20184.1
414.651	20202.1
415.883	20215
417.116	20225.3
418.347	20231.8
419.579	20234.6
420.811	20233.2
422.041	20228.2
423.272	20218.2
424.504	20219.3
425.733	20226.9
426.964	20244.6
428.194	20259.1
429.424	20259.3
430.654	20245.9
431.883	20238.9
433.113	20228.8
434.341	20213.8
435.571	20206.5
436.799	20206.4
438.028	20213
439.257	20225.8
440.484	20244.9
441.713	20270.2
442.94	20299.7
444.168	20325.8
445.394	20350.8
446.622	20375.8
447.848	20387.5
449.076	20383.4
450.301	20375.1
451.528	20376.5
452.754	20381.9
453.979	20388.5
455.205	20392.8
456.43	20398.6
457.656	20406.7
458.88	20416.7
460.106	20430.9
461.33	20446.8
462.554	20463
463.779	20482.1
465.002	20490
466.225	20483.6
467.45	20459.2
468.672	20437
469.895	20419.7
471.119	20406.8
472.341	20400.1
473.563	20396.6
474.786	20413.7
476.008	20432.6
477.229	20445.9
478.452	20450.8
479.673	20444.5
480.894	20433.4
482.115	20419.5
483.337	20408.8
484.557	20404.9
485.777	20403.7
486.997	20403.7
488.218	20402.4
489.438	20401.2
490.657	20400.2
491.876	20398.5
493.096	20396.3
494.315	20393.7
495.533	20391.7
496.752	20390.5
497.97	20390.9
499.188	20396.8
500.407	20416.2
501.625	20404.8
502.842	20386
504.059	20366.8
505.276	20349.8
506.493	20335.4
507.71	20335.6
508.926	20337.8
510.142	20344.6
511.358	20354.9
512.575	20371
513.791	20389.6
515.006	20410.8
516.222	20433.6
517.437	20458.3
518.651	20482.9
519.866	20510.4
521.081	20538.8
522.295	20570.2
523.509	20598.6
524.723	20612.1
525.937	20613.9
527.15	20604.2
528.363	20600.9
529.576	20596
530.789	20590.5
532.002	20585.2
533.215	20581.6
534.426	20578.4
535.638	20580.8
536.85	20586.3
538.061	20591.3
539.273	20593.6
540.484	20593.9
541.695	20588.1
542.906	20565.8
544.117	20572.2
545.327	20583.8
546.537	20604
547.747	20619.3
548.957	20632.5
550.167	20638.2
551.377	20634
552.585	20628.3
553.794	20619.6
555.003	20611.6
556.212	20608.2
557.421	20606.5
558.628	20607.1
559.836	20610
561.044	20614.9
562.252	20621.4
563.458	20627.9
564.666	20633.6
565.873	20637.5
567.08	20642.9
568.286	20645.6
569.493	20644.7
570.699	20639.8
571.904	20631.1
573.111	20619.6
574.317	20604.8
575.521	20618.3
576.727	20629.3
577.932	20646.6
579.136	20659.1
580.341	20668.7
581.544	20675.5
582.749	20664.7
583.954	20636.4
585.156	20632.2
586.361	20646.4
587.563	20681.6
588.767	20704.2
589.97	20719.2
591.172	20725
592.375	20694.2
593.577	20691.2
594.78	20684.4
595.981	20678.4
597.183	20672.3
598.384	20674.7
599.586	20663.8
600.786	20645.1
601.988	20622.9
603.188	20615.2
604.389	20608.9
605.589	20629
606.79	20650.3
607.989	20678
609.188	20677.6
610.389	20649.2
611.587	20595.1
612.787	20539.7
613.986	20493.9
615.184	20504.7
616.383	20500.5
617.581	20511.2
618.78	20524.3
619.977	20524
621.174	20504.6
622.373	20478.1
623.57	20453.1
624.766	20426.7
625.964	20394.8
627.16	20376.4
628.356	20364.8
629.554	20384.9
630.749	20392.7
631.945	20388.5
633.14	20371.7
634.337	20320.4
635.532	20289
636.726	20317.9
637.921	20321.2
639.117	20327.5
640.311	20336.3
641.505	20340.9
642.699	20343.6
643.892	20343.9
645.087	20342.8
646.28	20337
647.473	20329.7
648.666	20320.9
649.859	20311.8
651.051	20319.9
652.245	20326.6
653.437	20336.3
654.629	20349.6
655.821	20366.7
657.012	20386.9
658.204	20400.8
659.395	20398.4
660.586	20392.3
661.777	20381.6
662.967	20382.3
664.158	20384.2
665.349	20387.9
666.539	20394
667.729	20402.5
668.919	20413.1
670.109	20425.2
671.298	20420.8
672.487	20412.3
673.676	20413.4
674.865	20418
676.053	20419.4
677.242	20418.5
678.43	20415.6
679.616	20410.4
680.804	20402.9
681.992	20396.1
683.179	20394.3
684.366	20419.6
685.554	20437.5
686.74	20454.2
687.927	20461.9
689.114	20464.3
690.3	20453.7
691.486	20434.6
692.671	20407.3
693.856	20378
695.042	20348.1
696.227	20329.5
697.413	20310.8
698.598	20295.4
699.781	20282.3
700.966	20272.9
702.15	20273.2
703.334	20286.6
704.518	20261.9
705.701	20238
706.885	20214.3
708.068	20194.3
709.252	20182.3
710.433	20175.5
711.616	20173
712.799	20174.6
713.98	20181.3
715.163	20193.6
716.345	20206.5
717.527	20216
718.707	20215.1
719.889	20213.4
721.071	20211.6
722.25	20209.1
723.432	20205.4
724.611	20201.2
725.792	20196.9
726.972	20192.1
728.151	20190.4
729.332	20207.5
730.512	20237.3
731.69	20250.4
732.87	20236.1
734.048	20241.3
735.227	20252.7
736.405	20256.4
737.584	20275.6
738.761	20279.9
739.94	20273.2
741.117	20266.4
742.295	20260.2
743.471	20254.5
744.649	20251
745.825	20248.2
747.003	20248.8
748.179	20255.5
749.356	20268.5
750.531	20290.2
751.708	20318.8
752.883	20333.7
754.059	20320.8
755.234	20313.7
756.409	20303.7
757.585	20292.2
758.759	20279.4
759.934	20266
761.108	20251.4
762.282	20238.1
763.456	20232.4
764.63	20249.9
765.803	20265.7
766.977	20273.9
768.15	20272.1
769.323	20261.8
770.496	20246.9
771.668	20224.1
772.841	20195.8
774.014	20162.1
775.185	20126.8
776.357	20121
777.528	20126.2
778.701	20143.6
779.872	20158.6
781.042	20150.8
782.213	20136.9
783.383	20113.7
784.555	20083.1
785.725	20055.3
786.895	20029.6
788.064	20008.8
789.234	19990.5
790.404	19975.7
791.573	19964.8
792.742	19957.1
793.911	19953.5
795.08	19953.2
796.248	19956.3
797.416	19960.9
798.584	19930.3
799.753	19931.6
800.921	19930.8
802.088	19941.7
803.256	19964
804.423	19917.6
805.59	19915.7
806.756	19917.8
807.923	19931.4
809.089	19929.6
810.256	19921.7
811.422	19916.4
812.587	19911.2
813.753	19909.8
814.918	19912.2
816.084	19919.1
817.249	19929.2
818.414	19941.8
819.578	19957.3
820.743	19975.2
821.907	19994.6
823.072	20016.5
824.236	20043.1
825.399	20024.7
826.562	20019.5
827.725	20016.2
828.889	20011.3
830.052	20008.9
831.215	20006.9
832.377	20012.6
833.54	20015.3
834.701	20016.3
835.863	20007.2
837.025	19987.2
838.187	19985.5
839.349	19997.3
840.51	20022.3
841.67	20032.2
842.831	20042.4
843.992	20042.2
845.153	20024.3
846.312	20008.8
847.473	19991.5
848.633	19975.1
849.793	19959.1
850.951	19944.9
852.111	19931.3
853.27	19919
854.428	19907.6
855.588	19898.2
856.747	19888.7
857.904	19875.9
859.063	19858.4
860.221	19839
861.378	19796.3
862.536	19754.2
863.694	19764.4
864.85	19788.4
866.008	19827.1
867.164	19828.7
868.321	19803.4
869.478	19780
870.633	19760.9
871.79	19736.2
872.945	19693.3
874.101	19676.3
875.256	19666.3
876.412	19667.1
877.566	19650.4
878.722	19618.7
879.876	19589.8
881.031	19564.4
882.185	19548
883.34	19539.2
884.493	19532.2
885.647	19528
886.8	19526.8
887.954	19527.4
889.107	19523.2
890.261	19518.8
891.413	19506.6
892.565	19490.9
893.718	19493.2
894.87	19495.1
896.023	19495.5
897.174	19495.2
898.326	19494.3
899.478	19494.9
900.629	19494.1
901.779	19502.8
902.931	19507.7
904.081	19511.9
905.231	19515.4
906.383	19519
907.532	19522.6
908.682	19526.2
909.831	19526.9
910.982	19533.9
912.131	19550.6
913.28	19564.1
914.429	19574.8
915.578	19582.3
916.727	19587.1
917.875	19592.4
919.023	19595.9
920.171	19598.7
921.32	19597.6
922.467	19574.4
923.614	19554.2
924.761	19532.7
925.908	19506.4
927.055	19496.4
928.203	19511.8
929.349	19523.8
930.496	19542.8
931.642	19563.4
932.787	19568.8
933.933	19561.1
935.079	19541.6
936.224	19517.5
937.369	19494.9
938.514	19485.1
939.659	19477.4
940.804	19472.1
941.948	19469.3
943.092	19469
944.236	19471.3
945.38	19471.2
946.524	19468.4
947.667	19462.6
948.811	19454.2
949.954	19441.6
951.097	19425.3
952.24	19405.1
953.383	19384.5
954.525	19366.3
955.667	19355.8
956.81	19354.9
957.952	19347
959.093	19343.7
960.235	19330.8
961.376	19307.1
962.516	19274.2
963.658	19238.4
964.798	19211
965.939	19211.1
967.08	19216.6
968.22	19226.5
969.359	19242
970.499	19250.7
971.639	19255.8
972.779	19250.5
973.918	19243.6
975.056	19233.6
976.195	19222.4
977.334	19213.1
978.473	19204.3
979.61	19195
980.749	19187.6
981.887	19200.8
983.024	19215.4
984.162	19227.8
985.3	19237.5
986.437	19240.4
987.573	19219.7
988.711	19198.9
989.848	19182.6
990.983	19156.2
992.12	19146.2
993.255	19161.1
994.392	19176.4
995.528	19190.5
996.662	19203.6
997.798	19215.3
998.933	19226
1000.07	19235.7
1001.2	19244.8
1002.34	19252.1
1003.47	19250.1
1004.61	19239.2
1005.74	19202.2
1006.87	19194.2
1008.01	19191.7
1009.14	19192
1010.27	19194.1
1011.41	19209.3
1012.54	19201.7
1013.67	19182
1014.81	19149.2
1015.94	19109
1017.07	19095
1018.2	19093.1
1019.33	19104.3
1020.47	19104.6
1021.6	19106.6
1022.73	19110.8
1023.86	19117.4
1024.99	19126.8
1026.12	19138
1027.25	19151.8
1028.38	19157.6
1029.51	19145.6
1030.64	19117.5
1031.77	19073.9
1032.9	19033.6
1034.03	18995.7
1035.16	18961.5
1036.29	18925.9
1037.42	18918.5
1038.55	18921
1039.67	18919.5
1040.8	18913.3
1041.93	18904.1
1043.06	18891.8
1044.19	18873.9
1045.31	18853.5
1046.44	18829.7
1047.57	18805.9
1048.69	18816.1
1049.82	18820.7
1050.95	18826
1052.08	18826.7
1053.2	18824.7
1054.33	18798.9
1055.45	18776.5
1056.58	18729
1057.7	18692.6
1058.83	18681.9
1059.95	18685.9
1061.08	18698.6
1062.2	18724.3
1063.33	18733.9
1064.45	18725.6
1065.58	18704.7
1066.7	18690.7
1067.83	18682.3
1068.95	18683.9
1070.07	18685.9
1071.2	18691.1
1072.32	18700
1073.44	18712.2
1074.56	18718.9
1075.69	18717.8
1076.81	18709.8
1077.93	18688.4
1079.05	18675.3
1080.17	18669.8
1081.3	18670.8
1082.42	18676.6
1083.54	18690.1
1084.66	18707.2
1085.78	18718.8
1086.9	18718.5
1088.02	18709.6
1089.14	18686.6
1090.26	18663.7
1091.38	18647.4
1092.5	18634.5
1093.62	18630
1094.74	18629.9
1095.86	18635.1
1096.98	18643.4
1098.1	18650.2
1099.22	18658.2
1100.34	18647.7
1101.45	18640.5
1102.57	18635.6
1103.69	18626.5
1104.81	18633.4
1105.93	18645.5
1107.04	18656.5
1108.16	18665.2
1109.28	18669.9
1110.4	18668.7
1111.51	18661.5
1112.63	18650.7
1113.75	18633.1
1114.86	18611.7
1115.98	18579.3
1117.09	18534.5
1118.21	18490.4
1119.32	18458.2
1120.44	18448.6
1121.55	18425.3
1122.67	18404
1123.78	18386.8
1124.9	18374.2
1126.01	18368.1
1127.13	18372.1
1128.24	18383.9
1129.35	18376
1130.47	18359.1
1131.58	18336.2
1132.7	18308.6
1133.81	18276.8
1134.92	18241.2
1136.03	18204.6
1137.15	18165.5
1138.26	18137.2
1139.37	18117.7
1140.48	18104.9
1141.59	18094.8
1142.71	18085.8
1143.82	18077.8
1144.93	18072
1146.04	18067.7
1147.15	18064.5
1148.26	18063
1149.37	18054.8
1150.48	18043.8
1151.59	18019.4
1152.7	18002
1153.81	17986.8
1154.92	17972.8
1156.03	17960.6
1157.14	17950.5
1158.25	17942.4
1159.36	17935.6
1160.47	17929.7
1161.58	17923
1162.68	17916.8
1163.79	17911.5
1164.9	17908.4
1166.01	17906.7
1167.12	17906.7
1168.22	17914.4
1169.33	17924.7
1170.44	17935.2
1171.55	17945.7
1172.65	17954.2
1173.76	17959.7
1174.87	17963.4
1175.97	17965.5
1177.08	17965.1
1178.18	17961.6
1179.29	17952
1180.4	17930.5
1181.5	17909.3
1182.61	17890.2
1183.71	17877.4
1184.82	17878.6
1185.92	17892.2
1187.02	17920.2
1188.13	17940.2
1189.23	17963.8
1190.34	17972.6
1191.44	17982.7
1192.54	17974.6
1193.65	17970
1194.75	17962.6
1195.85	17955.9
1196.96	17954.9
1198.06	17957.1
1199.16	17959.5
1200.26	17962.8
1201.37	17964.4
1202.47	17959.8
1203.57	17954.6
1204.67	17948.5
1205.77	17941.8
1206.87	17934.6
1207.97	17927.9
1209.08	17923.2
1210.18	17920.2
1211.28	17919.8
1212.38	17920.9
1213.48	17919.2
1214.58	17912.8
1215.68	17899.6
1216.78	17885.3
1217.88	17874.4
1218.98	17861.8
1220.07	17848.8
1221.17	17834.7
1222.27	17819.6
1223.37	17805.1
1224.47	17791.4
1225.57	17781.4
1226.66	17773.4
1227.76	17767.7
1228.86	17763.8
1229.96	17757.8
1231.06	17746
1232.15	17729.3
1233.25	17713.5
1234.35	17708.1
1235.44	17697.3
1236.54	17694
1237.63	17690.4
1238.73	17687.4
1239.83	17682.2
1240.92	17674.1
1242.02	17663.6
1243.11	17651
1244.21	17635.9
1245.3	17618.4
1246.4	17598.5
1247.49	17575.9
1248.59	17551
1249.68	17537
1250.78	17537.1
1251.87	17547.2
1252.96	17549.3
1254.06	17547.4
1255.15	17538.4
1256.24	17529.7
1257.34	17512.2
1258.43	17493.6
1259.52	17470.7
1260.62	17457
1261.71	17484.2
1262.8	17507.7
1263.89	17511.7
1264.98	17513.5
1266.08	17499.8
1267.17	17494
1268.26	17494.4
1269.35	17504
1270.44	17503.5
1271.53	17502.5
1272.62	17500.8
1273.71	17498.4
1274.8	17493.7
1275.89	17488.1
1276.98	17482.3
1278.07	17477.2
1279.16	17479
1280.25	17496.5
1281.34	17497.7
1282.43	17486.8
1283.52	17473.5
1284.61	17476.9
1285.69	17481.4
1286.78	17490.8
1287.87	17498.5
1288.96	17504.1
1290.05	17506.1
1291.13	17505.4
1292.22	17506.6
1293.31	17507.2
1294.4	17507.7
1295.48	17508.3
1296.57	17509.5
1297.66	17510.7
1298.74	17511.5
1299.83	17521.9
1300.92	17530
1302	17515.2
1303.09	17498.2
1304.17	17485
1305.26	17469.4
1306.34	17459.1
1307.43	17453.3
1308.51	17454.2
1309.6	17473.3
1310.68	17480.5
1311.76	17484.4
1312.85	17484.2
1313.93	17475
1315.02	17458.2
1316.1	17433.3
1317.18	17417
1318.27	17406.9
1319.35	17402.1
1320.43	17400.1
1321.52	17397.5
1322.6	17391.3
1323.68	17384.9
1324.76	17375.9
1325.85	17361.4
1326.93	17345.2
1328.01	17326.5
1329.09	17307.3
1330.17	17289.4
1331.25	17273.2
1332.33	17260.6
1333.41	17252.4
1334.49	17269.2
1335.58	17274.3
1336.65	17268.1
1337.74	17261.8
1338.82	17239.1
1339.89	17220.6
1340.97	17200.7
1342.05	17216.7
1343.13	17213.2
1344.21	17217.3
1345.29	17210.8
1346.37	17201.2
1347.45	17191.8
1348.53	17182.4
1349.6	17170.6
1350.68	17170.5
1351.76	17173.8
1352.84	17174.8
1353.92	17172.2
1354.99	17179.7
1356.07	17188.6
1357.15	17186.8
1358.22	17174.3
1359.3	17133.9
1360.38	17123.4
1361.45	17111.1
1362.53	17115.3
1363.61	17122.3
1364.68	17133.7
1365.76	17146.8
1366.83	17156.6
1367.91	17162.5
1368.98	17163.4
1370.06	17161
1371.13	17156.8
1372.21	17145.9
1373.28	17145.8
1374.35	17142.9
1375.43	17140.5
1376.5	17139.5
1377.58	17138.2
1378.65	17135.7
1379.72	17130.3
1380.8	17122.6
1381.87	17113
1382.94	17100.9
1384.01	17101
1385.09	17099.6
1386.16	17082.2
1387.23	17059.5
1388.3	17042.5
1389.38	17029.6
1390.45	17024
1391.52	17022.5
1392.59	17026.5
1393.66	17036.9
1393.92	17038.7
1395	17059.8
1396.07	17086
1397.15	17079.1
1398.22	17059.9
1399.3	17033.2
1400.38	16993.8
1401.45	16962.2
1402.53	16947
1403.6	16946.4
1404.68	16957.5
1405.75	16964.7
1406.82	16970.5
1407.9	16972.5
1408.97	16979.2
1410.05	16984.3
1411.12	16987.7
1412.19	16981.1
1413.27	16955.7
1414.34	16939.2
1415.41	16924.8
1416.49	16911.2
1417.56	16907.5
1418.63	16905.6
1419.7	16907
1420.78	16910.6
1421.85	16917.4
1422.92	16912.9
1423.99	16893.3
1425.06	16880.2
1426.14	16866
1427.21	16852.2
1428.28	16843
1429.35	16832.6
1430.42	16819.4
1431.49	16805.3
1432.56	16791.8
1433.63	16778.2
1434.7	16772.8
1435.77	16775.1
1436.84	16771.9
1437.91	16769.7
1438.98	16767.1
1440.05	16764.1
1441.12	16760.5
1442.18	16756.3
1443.25	16752.7
1444.32	16751.7
1445.39	16752.7
1446.46	16741.7
1447.53	16727.8
1448.59	16715.8
1449.66	16706.6
1450.73	16696.4
1451.8	16687.3
1452.86	16677.9
1453.93	16669.4
1455	16661.8
1456.06	16656.7
1457.13	16663.6
1458.2	16666.8
1459.26	16685.2
1460.33	16695.2
1461.39	16710.4
1462.46	16716.4
1463.52	16714.4
1464.59	16701.3
1465.65	16687.1
1466.72	16681.8
1467.78	16678.5
1468.85	16674.9
1469.91	16676
1470.98	16671.1
1472.04	16657.7
1473.1	16634.1
1474.17	16648.2
1475.23	16650
1476.3	16640.8
1477.36	16629.8
1478.42	16614.3
1479.48	16584.5
1480.55	16553.5
1481.61	16536.3
1482.67	16519.2
1483.73	16515.4
1484.8	16517.8
1485.86	16538.9
1486.92	16562.4
1487.98	16581.1
1489.04	16593.1
1490.1	16592.6
1491.17	16595.4
1492.23	16562.9
1493.29	16528.6
1494.35	16491.1
1495.41	16475.4
1496.47	16475.1
1497.53	16482.6
1498.59	16497.3
1499.65	16489.3
1500.71	16482.7
1501.77	16457.3
1502.83	16437.4
1503.88	16423.7
1504.94	16415.5
1506	16412.8
1507.06	16415.7
1508.12	16405.9
1509.18	16400.9
1510.23	16396
1511.29	16381.8
1512.35	16379
1513.41	16407.3
1514.47	16400.7
1515.52	16385.1
1516.58	16366.4
1517.64	16353.5
1518.69	16341.8
1519.75	16330.9
1520.81	16320.4
1521.86	16310.7
1522.92	16302
1523.97	16295
1525.03	16289.6
1526.08	16285.4
1527.14	16282.6
1528.2	16276.9
1529.25	16268.8
1530.31	16251.3
1531.36	16235.6
1532.42	16220
1533.47	16206.6
1534.52	16194.9
1535.58	16186.2
1536.63	16182.4
1537.69	16182.4
1538.74	16195.8
1539.79	16210.2
1540.84	16230
1541.9	16253.1
1542.95	16257.3
1544	16233
1545.06	16183.9
1546.11	16081.7
1547.16	16177.8
1548.21	16183.8
1549.27	16181.7
1550.32	16162.1
1551.37	16141.6
1552.42	16134.1
1553.47	16129.3
1554.52	16127.7
1555.57	16130
1556.62	16140.5
1557.67	16146.2
1558.72	16139.9
1559.77	16128.2
1560.82	16114.8
1561.87	16101.8
1562.92	16095.6
1563.97	16089.7
1565.02	16096.3
1566.07	16105.2
1567.12	16114.7
1568.17	16122.5
1569.22	16100.3
1570.27	16084.6
1571.32	16077.4
1572.36	16086.6
1573.41	16090.6
1574.46	16092.7
1575.51	16080.6
1576.56	16051.1
1577.6	16024.2
1578.65	16025
1579.7	16026.2
1580.74	16028.9
1581.79	16032.9
1582.84	16039
1583.88	16041.2
1584.93	16055.4
1585.98	16057.8
1587.02	16047.3
1588.07	16024.7
1589.11	16003.1
1590.16	15983.8
1591.2	15966.6
1592.25	15948.4
1593.29	15941.1
1594.34	15945.7
1595.38	15949.7
1596.43	15950.5
1597.47	15948.4
1598.52	15945.3
1599.56	15927.8
1600.6	15905.6
1601.65	15878.8
1602.69	15847.9
1603.73	15823.5
1604.78	15814.9
1605.82	15821.8
1606.86	15834.3
1607.91	15850.9
1608.95	15855.5
1609.99	15853.5
1611.03	15842.7
1612.08	15825.2
1613.12	15802.5
1614.16	15772.6
1615.2	15742.6
1616.24	15731.2
1617.28	15715.6
1618.32	15721.1
1619.36	15701.7
1620.41	15678.8
1621.45	15645.6
1622.49	15622.7
1623.53	15595.9
1624.57	15565
1625.61	15571.2
1626.65	15585.1
1627.69	15606.4
1628.73	15607.5
1629.76	15602.1
1630.8	15598.2
1631.84	15576.7
1632.88	15551.6
1633.92	15534
1634.96	15522.4
1636	15512
1637.03	15495.4
1638.07	15475.1
1639.11	15452.6
1640.15	15431.3
1641.19	15406
1642.22	15398.7
1643.26	15410.3
1644.3	15438.6
1645.33	15448.3
1646.37	15463.1
1647.41	15446.8
1648.44	15414.8
1649.48	15380.6
1650.52	15366.8
1651.55	15397.6
1652.59	15423.9
1653.62	15405.6
1654.66	15400.2
1655.69	15392.2
1656.73	15385.9
1657.76	15373.8
1658.8	15356.4
1659.83	15337.3
1660.87	15326.6
1661.9	15318.1
1662.93	15312.4
1663.97	15307.5
1665	15310.7
1666.04	15313.9
1667.07	15316.3
1668.1	15316.4
1669.14	15303.7
1670.17	15290.2
1671.2	15265.6
1672.23	15239.6
1673.27	15213.2
1674.3	15199.9
1675.33	15189.5
1676.36	15183.4
1677.39	15189.7
1678.43	15195.6
1679.46	15215.4
1680.49	15204.6
1681.52	15196.2
1682.55	15184.5
1683.58	15179.3
1684.61	15181.1
1685.64	15189.5
1686.67	15178.8
1687.7	15161.3
1688.73	15148
1689.76	15137.5
1690.79	15129.6
1691.82	15123.3
1692.85	15118.9
1693.88	15117.7
1694.91	15117.4
1695.94	15117.4
1696.97	15116.2
1698	15110.1
1699.02	15103.4
1700.05	15095.6
1701.08	15086.7
1702.11	15077
1703.14	15067.4
1704.16	15056.9
1705.19	15044.8
1706.22	15029
1707.25	15006.1
1708.27	14983.3
1709.3	14958.1
1710.33	14930.5
1711.35	14914
1712.38	14923.1
1713.41	14932.1
1714.43	14929.9
1715.46	14925.1
1716.48	14917.4
1717.51	14902.5
1718.53	14888.6
1719.56	14872.8
1720.58	14857.1
1721.61	14843.1
1722.63	14830.7
1723.66	14820.3
1724.68	14811.6
1725.71	14805.6
1726.73	14801.6
1727.75	14800.4
1728.78	14801.3
1729.8	14804
1730.83	14805.9
1731.85	14790.5
1732.87	14773
1733.89	14736.5
1734.92	14688.9
1735.94	14661.3
1736.96	14648.1
1737.98	14677.3
1739.01	14687.1
1740.03	14699.5
1741.05	14693.9
1742.07	14679.8
1743.09	14672
1744.12	14663.6
1745.14	14655.1
1746.16	14646.1
1747.18	14636.7
1748.2	14627
1749.22	14616.7
1750.24	14606.1
1751.26	14593.7
1752.28	14583.1
1753.3	14571.9
1754.32	14562.3
1755.34	14563.2
1756.36	14553.8
1757.38	14540
1758.4	14524.2
1759.42	14506
1760.44	14488.6
1761.45	14468.8
1762.47	14471.8
1763.49	14474.3
1764.51	14479.1
1765.53	14481.9
1766.55	14480.5
1767.56	14476.2
1768.58	14469.4
1769.6	14459.6
1770.61	14447.2
1771.63	14433.1
1772.65	14419.8
1773.67	14409.7
1774.68	14404.2
1775.7	14396.9
1776.72	14389.7
1777.73	14382.3
1778.75	14372.3
1779.76	14358
1780.78	14342.4
1781.79	14328
1782.81	14316.1
1783.83	14306.7
1784.84	14299.7
1785.85	14294
1786.87	14290
1787.88	14288.1
1788.9	14286.3
1789.91	14280
1790.93	14270.7
1791.94	14258
1792.95	14239.5
1793.97	14220.3
1794.98	14200.4
1796	14183.8
1797.01	14183.7
1798.02	14187.8
1799.03	14185.7
1800.05	14184.3
1801.06	14179.5
1802.07	14170.2
1803.08	14159.1
1804.1	14142.8
1805.11	14125
1806.12	14107.2
1807.13	14089.8
1808.14	14078.9
1809.15	14068.3
1810.17	14059.8
1811.18	14053.1
1812.19	14048.6
1813.2	14046
1814.21	14044.6
1815.22	14044.4
1816.23	14043.3
1817.24	14041.9
1818.25	14029.7
1819.26	14006
1820.27	13978.5
1821.28	13950.8
1822.29	13930
1823.3	13914.3
1824.3	13901.6
1825.31	13893
1826.32	13889
1827.33	13888.8
1828.34	13892.2
1829.35	13898.6
1830.35	13872.1
1831.36	13842.1
1832.37	13817.2
1833.38	13782.4
1834.38	13756.1
1835.39	13735.3
1836.4	13733.7
1837.41	13741.8
1838.41	13751
1839.42	13752.7
1840.43	13751.9
1841.43	13748
1842.44	13738.9
1843.44	13727.1
1844.45	13710.6
1845.46	13691
1846.46	13668.4
1847.47	13647
1848.47	13640.1
1849.48	13628.4
1850.48	13627.1
1851.49	13614.1
1852.49	13601.8
1853.49	13582.6
1854.5	13558
1855.5	13528.6
1856.51	13486.9
1857.51	13500.8
1858.51	13561
1859.52	13564.6
1860.52	13512.4
1861.52	13482.3
1862.53	13469
1863.53	13492.1
1864.53	13502.6
1865.54	13476.5
1866.54	13454.6
1867.54	13448.7
1868.54	13447.3
1869.54	13446.7
1870.55	13446.6
1871.55	13440.4
1872.55	13431.8
1873.55	13421.1
1874.55	13407.6
1875.55	13391.6
1876.55	13372.7
1877.55	13360
1878.55	13350.1
1879.55	13340.4
1880.56	13323.1
1881.55	13299.4
1882.56	13268.9
1883.55	13254
1884.55	13241
1885.55	13233.5
1886.55	13232.8
1887.55	13237.9
1888.55	13247.5
1889.55	13257.7
1890.55	13259
1891.55	13258.8
1892.55	13256.7
1893.54	13250.7
1894.54	13234.8
1895.54	13213
1896.54	13183.5
1897.54	13154.1
1898.53	13128.1
1899.53	13097.8
1900.53	13081.1
1901.52	13077.9
1902.52	13087.9
1903.52	13096.9
1904.51	13103.2
1905.51	13106.7
1906.51	13105.3
1907.5	13092
1908.5	13070.2
1909.49	13048.2
1910.49	13033.6
1911.49	13020.9
1912.48	13009.3
1913.48	12999.7
1914.47	12994.7
1915.46	12991.7
1916.46	12989.8
1917.45	12984.2
1918.45	12956.7
1919.44	12947.3
1920.44	12929.7
1921.43	12925
1922.43	12922.9
1923.42	12916.9
1924.41	12907.1
1925.41	12892.3
1926.4	12862.8
1927.39	12832.6
1928.38	12801.1
1929.38	12780.7
1930.37	12755.6
1931.36	12742.3
1932.35	12739.6
1933.35	12742.1
1934.34	12749.8
1935.33	12762.2
1936.32	12778.7
1937.31	12784.4
1938.3	12775.3
1939.29	12723.6
1940.29	12701.4
1941.28	12696.2
1942.27	12691.2
1943.26	12689.8
1944.25	12678
1945.24	12662.9
1946.23	12647.2
1947.22	12630.2
1948.21	12612.6
1949.2	12594.1
1950.19	12578.7
1951.18	12585.1
1952.17	12589.2
1953.16	12600.4
1954.14	12565.8
1955.13	12536.3
1956.12	12522.4
1957.11	12512.9
1958.1	12499
1959.09	12486.3
1960.07	12474.2
1961.06	12458.9
1962.05	12443.2
1963.04	12425.9
1964.02	12408.3
1965.01	12388.6
1966	12373.7
1966.99	12367.1
1967.97	12362.3
1968.96	12360.3
1969.95	12362.5
1970.93	12365.1
1971.92	12353.7
1972.9	12331.9
1973.89	12313
1974.88	12296.2
1975.86	12283.6
1976.85	12274.3
1977.83	12267.9
1978.82	12265.7
1979.8	12266.8
1980.79	12271.4
1981.77	12277.9
1982.76	12273.6
1983.74	12266.9
1984.72	12254.6
1985.71	12233
1986.69	12208.6
1987.67	12185.2
1988.66	12174.1
1989.64	12160.7
1990.62	12158
1991.61	12163.7
1992.59	12162.2
1993.57	12154.9
1994.56	12141.1
1995.54	12122.2
1996.52	12099.8
1997.5	12080.2
1998.49	12079.3
1999.47	12075.8
2000.45	12073.2
2001.43	12067.8
2002.41	12059.1
2003.39	12048.6
2004.38	12036.6
2005.36	12022.1
2006.34	12005.1
2007.32	11987.3
2008.3	11970.2
2009.28	11957.9
2010.26	11948.4
2011.24	11942.3
2012.22	11938.9
2013.2	11938.2
2014.18	11940.4
2015.16	11943.6
2016.14	11939.4
2017.12	11924.8
2018.1	11912.7
2019.07	11898.7
2020.05	11882.5
2021.03	11865.2
2022.01	11844.9
2022.99	11824.1
2023.97	11804.4
2024.95	11786.1
2025.92	11773.1
2026.9	11766.5
2027.88	11770.7
2028.86	11798.8
2029.83	11722.5
2030.81	11697.9
2031.79	11712.9
2032.76	11699.2
2033.74	11695.6
2034.72	11688.9
2035.69	11681
2036.67	11671.9
2037.65	11661.2
2038.62	11641.2
2039.6	11627.3
2040.57	11618.2
2041.55	11611.8
2042.52	11599.9
2043.5	11589.8
2044.47	11579.7
2045.45	11569.8
2046.42	11559.9
2047.4	11550.2
2048.37	11540.8
2049.35	11535.2
2050.32	11528.1
2051.29	11503.5
2052.27	11482.5
2053.24	11463.4
2054.21	11445.7
2055.19	11429.7
2056.16	11428.5
2057.13	11422.2
2058.11	11415.5
2059.08	11407.9
2060.05	11399.3
2061.02	11389.4
2062	11376.1
2062.97	11361.5
2063.94	11345.1
2064.91	11328.2
2065.89	11311.1
2066.86	11294.9
2067.83	11292.2
2068.8	11294.4
2069.77	11301.9
2070.74	11313.9
2071.71	11320.6
2072.68	11315.7
2073.65	11301.8
2074.62	11280.4
2075.59	11248.9
2076.56	11221.6
2077.53	11198.3
2078.5	11180.6
2079.47	11173.7
2080.44	11165.5
2081.41	11156.9
2082.38	11147.7
2083.35	11137.9
2084.32	11127.8
2085.29	11116.6
2086.26	11104.5
2087.23	11090.9
2088.19	11074.4
2089.16	11053.9
2090.13	11022.1
2091.1	10996.9
2092.07	10983.9
2093.03	10970.7
2094	10973.7
2094.97	10984.8
2095.94	10988.2
2096.9	10986.9
2097.87	10978.5
2098.84	10963.6
2099.8	10939.3
2100.77	10927.1
2101.74	10917.2
2102.7	10910.4
2103.67	10905.7
2104.63	10903.1
2105.6	10902.4
2106.56	10903
2107.53	10904.5
2108.49	10920.9
2109.46	10916
2110.42	10897.2
2111.39	10864.5
2112.35	10827.9
2113.32	10810.5
2114.28	10794.8
2115.25	10781.1
2116.21	10772.6
2117.17	10767.3
2118.14	10765.2
2119.1	10750.4
2120.07	10749.5
2121.03	10744.5
2121.99	10742.7
2122.96	10738.9
2123.92	10730.3
2124.88	10701.2
2125.84	10661.3
2126.81	10635.3
2127.77	10615.7
2128.73	10602.7
2129.69	10597.8
2130.65	10600.3
2131.62	10610
2132.58	10620.4
2133.54	10608.4
2134.5	10590.8
2135.46	10571.4
2136.42	10551.6
2137.38	10534.3
2138.34	10524.9
2139.3	10535.3
2140.26	10538.3
2141.22	10539.8
2142.18	10532.4
2143.14	10522.3
2144.1	10508
2145.06	10489.9
2146.02	10468
2146.98	10442.9
2147.94	10415.3
2148.9	10395.3
2149.86	10391.5
2150.82	10391.3
2151.78	10380.4
2152.74	10368.6
2153.69	10353.7
2154.65	10336.1
2155.61	10321.9
2156.57	10324.4
2157.53	10338.4
2158.48	10342.7
2159.44	10343.7
2160.4	10342
2161.36	10336.6
2162.31	10326.8
2163.27	10311.8
2164.23	10285.5
2165.18	10252.4
2166.14	10222.8
2167.1	10197.4
2168.05	10176
2169.01	10157.7
2169.96	10142.7
2170.92	10130.5
2171.88	10120.1
2172.83	10111.1
2173.79	10102.3
2174.74	10095.1
2175.7	10087.9
2176.65	10075.4
2177.6	10047.1
2178.56	10022.9
2179.51	9988.41
2180.47	9954.88
2181.42	9916.66
2182.38	9899.04
2183.33	9912.16
2184.28	9926.94
2185.24	9932.19
2186.19	9933.12
2187.14	9930.15
2188.1	9922.79
2189.05	9912.83
2190	9898.29
2190.96	9878.89
2191.91	9854.11
2192.86	9820.49
2193.81	9791.22
2194.76	9767.06
2195.72	9752.42
2196.67	9751.71
2197.62	9744.36
2198.57	9741.97
2199.52	9740.92
2200.47	9739.96
2201.43	9737.77
2202.38	9734.52
2203.33	9729.94
2204.28	9724.08
2205.23	9716.59
2206.18	9708.11
2207.13	9698.43
2208.08	9688.29
2209.03	9679.51
2209.98	9674.68
2210.93	9681.05
2211.88	9669.03
2212.83	9661.42
2213.78	9629.92
2214.73	9618.35
2215.67	9611.47
2216.62	9603.15
2217.57	9593.12
2218.52	9581.07
2219.47	9566.77
2220.42	9550.11
2221.37	9528.8
2222.31	9511.61
2223.26	9506.79
2224.21	9504.05
2225.16	9498.83
2226.1	9490.66
2227.05	9481.73
2228	9471.5
2228.94	9472.99
2229.89	9474.61
2230.84	9478.52
2231.78	9483.36
2232.73	9490.07
2233.68	9487.55
2234.62	9469.61
2235.57	9458.98
2236.51	9452.86
2237.46	9447.64
2238.41	9442.45
2239.35	9435.64
2240.3	9428.26
2241.24	9420.5
2242.19	9412.45
2243.13	9403.93
2244.07	9395.26
2245.02	9386.16
2245.96	9377.13
2246.91	9370.66
2247.85	9368.15
2248.8	9366.89
2249.74	9367.01
2250.68	9371.72
2251.63	9362.72
2252.57	9363.89
2253.51	9365.93
2254.46	9367.45
2255.4	9367.18
2256.34	9365.11
2257.28	9356.2
2258.23	9347.27
2259.17	9338.66
2260.11	9330.12
2261.05	9321.69
2262	9312.38
2262.94	9302.38
2263.88	9292.13
2264.82	9283.01
2265.76	9275.81
2266.7	9270.17
2267.64	9266.64
2268.58	9264.96
2269.53	9265.21
2270.47	9266.76
2271.41	9267.5
2272.35	9265.38
2273.29	9257.08
2274.23	9250.46
2275.17	9239.97
2276.11	9233.01
2277.05	9230.55
2277.99	9227.36
2278.93	9222.75
2279.86	9222.05
2280.8	9219.49
2281.74	9214.22
2282.68	9209.35
2283.62	9205.6
2284.56	9202.35
2285.5	9199.28
2286.44	9197.69
2287.37	9199.6
2288.31	9202.65
2289.25	9206.61
2290.19	9207.81
2291.12	9199.63
2292.06	9189.17
2293	9179.51
2293.94	9170.34
2294.87	9161.18
2295.81	9152.2
2296.75	9150.18
2297.68	9159.92
2298.62	9171.96
2299.55	9166.61
2300.49	9150.19
2301.43	9131.34
2302.36	9115.44
2303.3	9107.65
2304.23	9105.1
2305.17	9102.52
2306.1	9089
2307.04	9068.5
2307.98	9048.16
2308.91	9029.16
2309.84	9012.19
2310.78	9003.21
2311.71	9004.92
2312.65	9007.33
2313.58	9014.29
2314.52	9016.81
2315.45	9011.69
2316.38	9003.55
2317.32	8995.01
2317.72	8991.69
2318.66	8985.75
2319.6	8979.82
2320.54	8974.04
2321.48	8968.68
2322.41	8964.16
2323.35	8957.93
2324.29	8949.29
2325.23	8932.05
2326.16	8914.17
2327.1	8901.56
2328.04	8889.75
2328.97	8879.79
2329.91	8872.14
2330.85	8866.41
2331.78	8863.7
2332.72	8863.17
2333.66	8864.4
2334.59	8866.74
2335.53	8869.62
2336.46	8867.73
2337.4	8848.73
2338.33	8831.04
2339.27	8811.16
2340.2	8792.45
2341.14	8779.64
2342.07	8770.69
2343.01	8761.92
2343.94	8759.35
2344.88	8761.32
2345.81	8753.59
2346.75	8743.45
2347.68	8729.82
2348.61	8722.6
2349.55	8720.25
2350.48	8729.9
2351.41	8723.58
2352.35	8712.24
2353.28	8700.2
2354.21	8690.31
2355.15	8681.96
2356.08	8675.58
2357.01	8681.55
2357.94	8684.33
2358.88	8694.06
2359.81	8694.13
2360.74	8684.12
2361.67	8673.01
2362.6	8658.59
2363.54	8641.02
2364.47	8625.58
2365.4	8615.93
2366.33	8611.19
2367.26	8609.37
2368.19	8608.33
2369.12	8607.48
2370.05	8604.17
2370.98	8600.45
2371.91	8595.75
2372.84	8588.95
2373.77	8581.21
2374.7	8571.35
2375.63	8560.28
2376.56	8548.38
2377.49	8536.49
2378.42	8533.39
2379.35	8529.21
2380.28	8527.61
2381.21	8523.84
2382.14	8516.61
2383.07	8506.13
2384	8499.3
2384.92	8505.14
2385.85	8506.84
2386.78	8506.78
2387.71	8504.68
2388.64	8500.74
2389.56	8502.44
2390.49	8505.51
2391.42	8507.53
2392.35	8507.41
2393.27	8504.08
2394.2	8497.71
2395.13	8488.73
2396.05	8476.93
2396.98	8462.26
2397.91	8444.7
2398.83	8424.08
2399.76	8400.67
2400.69	8377.57
2401.61	8373.65
2402.54	8384.47
2403.46	8387.61
2404.39	8391.04
2405.31	8397.27
2406.24	8386.81
2407.17	8378.41
2408.09	8375.2
2409.01	8377.07
2409.94	8385.24
2410.86	8384.04
2411.79	8368.34
2412.71	8356.83
2413.64	8345.84
2414.56	8334.68
2415.49	8324.33
2416.41	8314.95
2417.33	8306.88
2418.26	8299.36
2419.18	8294.02
2420.1	8292.02
2421.03	8288.35
2421.95	8281.56
2422.87	8262.1
2423.79	8235.87
2424.72	8211.39
2425.64	8198.4
2426.56	8209.33
2427.48	8207.93
2428.41	8206.48
2429.33	8205.38
2430.25	8191.02
2431.17	8169.63
2432.09	8158.91
2433.01	8154.52
2433.93	8149.22
2434.86	8141.93
2435.78	8130.97
2436.7	8123.51
2437.62	8106.98
2438.54	8088.3
2439.46	8071.88
2440.38	8071.81
2441.3	8079.26
2442.22	8086.56
2443.14	8090.9
2444.06	8082.61
2444.98	8020.39
2445.9	7986.29
2446.82	7939.09
2447.73	8000.85
2448.65	8043.16
2449.57	8020.51
2450.49	8017.75
2451.41	8007.95
2452.33	7994.46
2453.25	7979.14
2454.17	7961.98
2455.08	7943.79
2456	7928.29
2456.92	7919.91
2457.84	7912.84
2458.75	7907.7
2459.67	7904.03
2460.59	7902.31
2461.51	7901.51
2462.42	7895.9
2463.34	7886.93
2464.26	7873.27
2465.17	7862.39
2466.09	7855.38
2467	7851.66
2467.92	7850.39
2468.84	7853.2
2469.75	7854.1
2470.67	7854.76
2471.58	7854.16
2472.5	7852.21
2473.42	7848.87
2474.33	7834.82
2475.25	7810.45
2476.16	7787.91
2477.08	7763.67
2477.99	7746.67
2478.9	7739.35
2479.82	7740.2
2480.73	7750.84
2481.65	7761.07
2482.56	7761.9
2483.47	7756.6
2484.39	7745.95
2485.3	7731.21
2486.22	7714.34
2487.13	7706.73
2488.04	7705.88
2488.96	7712.24
2489.87	7715.64
2490.78	7716
2491.69	7713.08
2492.61	7707.18
2493.52	7691.26
2494.43	7678.8
2495.34	7666.52
2496.25	7664.63
2497.17	7661.58
2498.08	7659.58
2498.99	7657.31
2499.9	7653.95
2500.81	7649.5
2501.72	7638.35
2502.63	7627.55
2503.55	7619.21
2504.46	7611.13
2505.37	7612.74
2506.28	7612.88
2507.19	7612.88
2508.1	7611.84
2509.01	7607.77
2509.92	7603.6
2510.83	7589.66
2511.74	7632.87
2512.65	7628.8
2513.56	7623.32
2514.47	7609.97
2515.37	7601.57
2516.28	7591.77
2517.19	7578.65
2518.1	7560.62
2519.01	7545.43
2519.92	7544.46
2520.83	7549.74
2521.73	7543.72
2522.64	7537.53
2523.55	7529.62
2524.46	7523.87
2525.37	7517.27
2526.27	7509.63
2527.18	7500.88
2528.09	7490.75
2529	7480.23
2529.9	7470.03
2530.81	7460.96
2531.72	7453.9
2532.62	7449.59
2533.53	7448.18
2534.44	7450.11
2535.34	7453.35
2536.25	7452.85
2537.15	7445.9
2538.06	7440.04
2538.96	7432.67
2539.87	7423.82
2540.78	7413.23
2541.68	7400.18
2542.59	7389.19
2543.49	7388.96
2544.4	7393.42
2545.3	7395.74
2546.21	7394.01
2547.11	7390.71
2548.01	7383.5
2548.92	7373.94
2549.82	7362.03
2550.73	7347.65
2551.63	7332.34
2552.53	7321.9
2553.44	7322.38
2554.34	7322.34
2555.24	7317.47
2556.15	7313.57
2557.05	7295.99
2557.95	7279.73
2558.86	7259.18
2559.76	7246.01
2560.66	7238.04
2561.56	7235.89
2562.46	7237.48
2563.37	7237.09
2564.27	7238.36
2565.17	7233.84
2566.07	7222.03
2566.97	7205.41
2567.88	7188.6
2568.78	7173.9
2569.68	7161.65
2570.58	7150.33
2571.48	7149.95
2572.38	7146.9
2573.28	7137.71
2574.18	7121.21
2575.08	7118.37
2575.98	7119.46
2576.88	7118.02
2577.78	7115.52
2578.68	7111.41
2579.58	7107.16
2580.48	7085.35
2581.38	7076.64
2582.28	7071.31
2583.18	7068.41
2584.08	7068.25
2584.98	7065.04
2585.88	7065.03
2586.77	7059.99
2587.67	7045.1
2588.57	7029.69
2589.47	7016.27
2590.37	7005.64
2591.27	6997.47
2592.16	6991.75
2593.06	6987.94
2593.96	6984.29
2594.86	6983.02
2595.75	6981.84
2596.65	6979.28
2597.55	6975.1
2598.45	6969.89
2599.34	6959.36
2600.24	6946.27
2601.13	6930.9
2602.03	6914.1
2602.93	6903.74
2603.82	6898.23
2604.72	6902.44
2605.62	6896.76
2606.51	6892
2607.41	6885.37
2608.3	6878.15
2609.2	6869.39
2610.09	6860.86
2610.99	6853.8
2611.88	6848.56
2612.78	6848.41
2613.67	6846.87
2614.57	6845.36
2615.46	6844.68
2616.36	6843.33
2617.25	6840.56
2618.14	6836.56
2619.04	6831.12
2619.93	6817.88
2620.83	6802.4
2621.72	6793.3
2622.61	6785.21
2623.5	6783.29
2624.4	6779.52
2625.29	6774.16
2626.18	6768.5
2627.08	6762.1
2627.97	6756.02
2628.86	6747.74
2629.75	6737.94
2630.65	6729.12
2631.54	6726.04
2632.43	6726.62
2633.32	6725.08
2634.21	6715.04
2635.11	6707.58
2636	6691.36
2636.89	6671.05
2637.78	6648.68
2638.67	6632.42
2639.56	6619.99
2640.45	6618.3
2641.34	6613.84
2642.23	6610.06
2643.12	6605.06
2644.01	6599.45
2644.9	6593.6
2645.79	6587.31
2646.68	6580.26
2647.57	6573.34
2648.46	6565.61
2649.35	6557.83
2650.24	6549.25
2651.13	6539.88
2652.02	6529.27
2652.91	6515.24
2653.8	6499.52
2654.69	6482.73
2655.58	6462.92
2656.46	6465.96
2657.35	6471.11
2658.24	6532.14
2659.13	6518.66
2660.02	6483
2660.9	6468.84
2661.79	6460.55
2662.68	6452.43
2663.57	6443.61
2664.45	6436.34
2665.34	6430.53
2666.23	6424.92
2667.11	6419.65
2668	6414.54
2668.89	6409.48
2669.77	6403.62
2670.66	6398.29
2671.55	6393.19
2672.43	6388.53
2673.32	6384.38
2674.21	6380.54
2675.09	6375.72
2675.98	6368.77
2676.86	6357.68
2677.75	6347.18
2678.63	6339.14
2679.52	6337.82
2680.4	6335.49
2681.29	6330.64
2682.17	6326.13
2683.06	6321.19
2683.94	6315.49
2684.82	6305.46
2685.71	6294.6
2686.59	6274.7
2687.48	6262.9
2688.36	6254.75
2689.24	6246.71
2690.13	6239.9
2691.01	6233.67
2691.89	6227.86
2692.78	6222.02
2693.66	6215.6
2694.54	6207.89
2695.43	6200.24
2696.31	6188.83
2697.19	6178.01
2698.07	6167.63
2698.96	6161.46
2699.84	6163.17
2700.72	6162.82
2701.6	6170.66
2702.48	6160.72
2703.36	6148.67
2704.25	6130.89
2705.13	6109.03
2706.01	6101.37
2706.89	6100.82
2707.77	6107.43
2708.65	6104.28
2709.53	6101.92
2710.41	6097.97
2711.29	6088.98
2712.17	6077.73
2713.05	6065.47
2713.93	6054.38
2714.81	6049.77
2715.69	6041.84
2716.57	6040.88
2717.45	6028.86
2718.33	6017.85
2719.21	6007.43
2720.09	5997.9
2720.97	5989.41
2721.85	5982.06
2722.73	5985.52
2723.61	5993.4
2724.48	5997.4
2725.36	6001.16
2726.24	6000.64
2727.12	5998.28
2728	5994.06
2728.88	5986.8
2729.75	5977.61
2730.63	5966.68
2731.51	5955.65
2732.39	5958.88
2733.26	5951.19
2734.14	5945.65
2735.02	5934.97
2735.89	5927.2
2736.77	5916.54
2737.65	5911.93
2738.52	5914.28
2739.4	5918.18
2740.28	5919.18
2741.15	5919.98
2742.03	5919.25
2742.9	5917.18
2743.78	5913.8
2744.65	5908.86
2745.53	5902.3
2746.41	5893.74
2747.28	5882.43
2748.16	5866.26
2749.03	5846.36
2749.91	5828.67
2750.78	5812.76
2751.66	5803.41
2752.53	5796.24
2753.4	5793
2754.28	5793.39
2755.15	5796.15
2756.02	5799.4
2756.9	5799.93
2757.77	5799.1
2758.65	5797.32
2759.52	5794.2
2760.39	5791.29
2761.27	5786.91
2762.14	5781.55
2763.01	5775.24
2763.88	5765.88
2764.76	5754.62
2765.63	5742.12
2766.5	5729.77
2767.37	5717.6
2768.25	5710.38
2769.12	5696.99
2769.99	5692.38
2770.86	5694.38
2771.73	5703.56
2772.61	5710.16
2773.48	5715.71
2774.35	5719.33
2775.22	5717.8
2776.09	5710.85
2776.96	5698.76
2777.83	5682.54
2778.7	5670.78
2779.57	5660.14
2780.44	5652.28
2781.31	5645.46
2782.18	5639.76
2783.05	5635.22
2783.92	5632.1
2784.79	5630.04
2785.66	5626.09
2786.53	5621.59
2787.4	5618.41
2788.27	5620.34
2789.14	5657.75
2790.01	5629.92
2790.88	5604.94
2791.75	5584.28
2792.62	5566.14
2793.48	5554.09
2794.35	5560.51
2795.22	5563.79
2796.09	5570.56
2796.96	5569.63
2797.82	5575
2798.69	5560.19
2799.56	5541.68
2800.43	5520.3
2801.29	5506.9
2802.16	5501.39
2803.03	5512.27
2803.9	5537.69
2804.76	5543.44
2805.63	5508.86
2806.5	5501.99
2807.36	5492.98
2808.23	5482.41
2809.09	5478.45
2809.96	5481.86
2810.83	5486.01
2811.69	5482.01
2812.56	5479.32
2813.42	5459.82
2814.29	5445.52
2815.15	5436.3
2816.02	5427.02
2816.88	5423.75
2817.75	5422.78
2818.61	5425.3
2819.48	5430.68
2820.34	5424.86
2821.21	5420.81
2822.07	5395.19
2822.94	5373.72
2823.8	5385.95
2824.66	5396.85
2825.53	5398.89
2826.39	5396.93
2827.26	5393.31
2828.12	5390.31
2828.98	5385.96
2829.85	5381.02
2830.71	5375.45
2831.57	5368.98
2832.43	5361.86
2833.3	5354.15
2834.16	5346.11
2835.02	5345.54
2835.88	5331.29
2836.75	5324.62
2837.61	5315.12
2838.47	5308.18
2839.33	5301.86
2840.19	5299.32
2841.06	5301.5
2841.92	5307.55
2842.78	5313.41
2843.64	5316.81
2844.5	5307.33
2845.36	5287.04
2846.22	5281.14
2847.08	5273.98
2847.94	5267.97
2848.81	5261.57
2849.67	5255.27
2850.53	5250.29
2851.39	5245.42
2852.25	5241.63
2853.11	5237.84
2853.97	5235.66
2854.82	5235.64
2855.68	5238.08
2856.54	5243.82
2857.4	5241.87
2858.26	5235.36
2859.12	5222.17
2859.98	5211.56
2860.84	5198.77
2861.7	5192.65
2862.56	5192.77
2863.41	5191.76
2864.27	5189.65
2865.13	5186.06
2865.99	5182.42
2866.85	5167.91
2867.7	5162.05
2868.56	5161.33
2869.42	5158.23
2870.28	5152.42
2871.13	5145.16
2871.99	5138.03
2872.85	5131.2
2873.7	5131.85
2874.56	5140.83
2875.42	5141.5
2876.27	5137.01
2877.13	5127.82
2877.99	5115.95
2878.84	5098.05
2879.7	5085.08
2880.56	5073.55
2881.41	5074.46
2882.27	5078.52
2883.12	5072.17
2883.98	5069.95
2884.83	5055.2
2885.69	5042.94
2886.54	5040
2887.4	5035.71
2888.25	5039.7
2889.11	5038.37
2889.96	5032.84
2890.82	5027.15
2891.67	5019.17
2892.52	5010.36
2893.38	5001.42
2894.23	4992.49
2895.09	4990.5
2895.94	4990.91
2896.79	4990.82
2897.65	4990.46
2898.5	4989.46
2899.35	4987.44
2900.21	4980.72
2901.06	4971.32
2901.91	4961.35
2902.76	4955.68
2903.62	4951.61
2904.47	4949.52
2905.32	4947.57
2906.17	4939.09
2907.03	4928.42
2907.88	4914.77
2908.73	4900.6
2909.58	4893.41
2910.43	4892.7
2911.28	4898.38
2912.14	4901.8
2912.99	4903.14
2913.84	4902.03
2914.69	4898.04
2915.54	4892.82
2916.39	4886.21
2917.24	4878.14
2918.09	4867.52
2918.94	4856.35
2919.79	4844.47
2920.64	4833.01
2921.49	4838.06
2922.34	4834.91
2923.19	4824.88
2924.04	4790.07
2924.89	4818.38
2925.74	4804.69
2926.59	4792.6
2927.44	4782.7
2928.29	4779.47
2929.14	4782.97
2929.98	4787.32
2930.83	4791.35
2931.68	4790.18
2932.53	4786.43
2933.38	4781.16
2934.23	4774.02
2935.07	4765.16
2935.92	4754.41
2936.77	4743.15
2937.62	4731.44
2938.47	4719.99
2939.31	4707.17
2940.16	4693.97
2941.01	4685.27
2941.85	4680.78
2942.7	4676.18
2943.55	4677.85
2944.39	4686.28
2945.24	4692.4
2946.09	4692.85
2946.93	4689.3
2947.78	4681.94
2948.63	4673.97
2949.47	4663.32
2950.32	4648.68
2951.16	4632.96
2952.01	4631.78
2952.85	4632.36
2953.7	4633.71
2954.55	4632.88
2955.39	4631.05
2956.24	4628.51
2957.08	4625.72
2957.92	4622.2
2958.77	4618.05
2959.61	4613.65
2960.46	4608.95
2961.3	4604.38
2962.15	4599.63
2962.99	4595.07
2963.83	4585.12
2964.68	4567.67
2965.52	4554.62
2966.37	4545.03
2967.21	4537.61
2968.05	4533.89
2968.9	4532.61
2969.74	4533.36
2970.58	4535.84
2971.42	4540.41
2972.27	4545.5
2973.11	4550.07
2973.95	4553.79
2974.79	4544.71
2975.64	4535.4
2976.48	4524.42
2977.32	4512.06
2978.16	4498.25
2979	4488.69
2979.85	4488.4
2980.69	4492.25
2981.53	4497.64
2982.37	4505.76
2983.21	4491.68
2984.05	4480.02
2984.89	4481.46
2985.73	4483.26
2986.57	4487.54
2987.41	4493.76
2988.25	4494.7
2989.1	4492.71
2989.94	4486.52
2990.77	4476.77
2991.62	4473.99
2992.45	4472.66
2993.29	4475.98
2994.13	4482.42
2994.97	4488.85
2995.81	4499.15
2996.65	4508.04
2997.49	4479.39
2998.33	4440.24
2999.17	4430.54
