200.833	17809.4
202.102	17828.4
203.371	17787.8
204.639	17821.6
205.907	17855.4
207.175	17885.8
208.442	17914.1
209.71	17938.4
210.977	17960.3
212.244	17979.8
213.511	17997
214.777	18010.6
216.042	18022
217.309	18030.5
218.575	18038.8
219.84	18051.9
221.106	18070.1
222.371	18096.2
223.635	18134
224.9	18175
226.165	18213.8
227.429	18242
228.694	18228.4
229.956	18259.2
231.22	18334.8
232.484	18395.8
233.747	18448.6
235.011	18493.3
236.272	18534.4
237.535	18552.4
238.798	18559.1
240.06	18560.7
241.321	18576.3
242.583	18598.9
243.845	18626.8
245.105	18664.1
246.367	18720
247.628	18756
248.888	18764.4
250.149	18766.4
251.409	18769.8
252.67	18774.8
253.928	18780.7
255.189	18787
256.447	18795.5
257.707	18804.5
258.966	18814
260.224	18822.7
261.483	18809.6
262.742	18810
263.999	18816.8
265.257	18829
266.514	18863.2
267.772	18902.8
269.028	18944.4
270.286	18985.8
271.543	19027.5
272.799	19067.5
274.056	19079.5
275.311	19079.1
276.568	19075.8
277.823	19082.9
279.079	19100.6
280.333	19119.7
281.589	19147.9
282.843	19170.6
284.099	19199.6
285.352	19229.4
286.607	19260.5
287.86	19292.4
289.114	19326.3
290.368	19348.1
291.621	19343.8
292.875	19354.4
294.127	19362.2
295.38	19370.6
296.632	19379.4
297.884	19388.4
299.137	19397.5
300.388	19406.7
301.641	19415.9
302.891	19425
304.142	19434
305.394	19442.5
306.644	19451.1
307.894	19460.3
309.146	19471.4
310.395	19484.3
311.645	19497.8
312.895	19512.3
314.144	19527.5
315.393	19542.7
316.642	19557.6
317.892	19571.9
319.14	19585
320.388	19596.3
321.637	19603.5
322.885	19634.8
324.132	19660.1
325.38	19676.7
326.628	19691.1
327.875	19691.8
329.122	19687.3
330.368	19690.3
331.614	19697.8
332.862	19707
334.108	19722.1
335.353	19741.3
336.599	19764.1
337.844	19790.7
339.089	19817.9
340.335	19833.9
341.58	19836.2
342.824	19854.4
344.068	19874.7
345.312	19895.6
346.556	19917.9
347.8	19941.2
349.043	19965.7
350.286	19983.4
351.53	19978.5
352.774	19976.8
354.016	19982.5
355.259	19991.7
356.501	20002.7
357.743	20013.8
358.985	20022.3
360.227	20017.4
361.468	20007.7
362.709	19996
363.95	19993.2
365.191	19997.4
366.432	20002.1
367.672	20008.9
368.912	20018.1
370.152	20028.9
371.392	20040.7
372.632	20055
373.871	20071.4
375.11	20090.1
376.348	20110.9
377.587	20122.2
378.825	20083.2
380.064	20037.9
381.302	19983
382.54	20215.5
383.778	20180.6
385.016	20168.8
386.253	20151.4
387.489	20141.9
388.726	20142.5
389.963	20151.4
391.199	20168.7
392.436	20193.7
393.672	20226.8
394.907	20265.7
396.142	20301.6
397.378	20320.4
398.614	20333.2
399.849	20339.5
401.082	20339.4
402.317	20332.3
403.552	20318.7
404.786	20297.7
406.019	20279.6
407.253	20302.8
408.487	20334.1
409.721	20362.7
410.953	20362.1
412.186	20346.7
413.419	20285.3
414.651	20339.8
415.883	20363.3
417.116	20371.2
418.347	20376.7
419.579	20381.8
420.811	20387.3
422.041	20393.3
423.272	20399.8
424.504	20405.9
425.733	20412
426.964	20418.2
428.194	20424.6
429.424	20431.3
430.654	20434.8
431.883	20435.5
433.113	20437.5
434.341	20445.9
435.571	20459
436.799	20467.1
438.028	20474.9
439.257	20479.9
440.484	20482.4
441.713	20482.5
442.94	20485.5
444.168	20492.3
445.394	20517.3
446.622	20547.7
447.848	20571.3
449.076	20596.8
450.301	20610.4
451.528	20615.3
452.754	20609.3
453.979	20600.6
455.205	20606.8
456.43	20627.5
457.656	20625.1
458.88	20622.3
460.106	20610.1
461.33	20601
462.554	20596.6
463.779	20595.7
465.002	20594
466.225	20605.5
467.45	20626.2
468.672	20645.8
469.895	20662.2
471.119	20675.8
472.341	20677.5
473.563	20665.7
474.786	20642
476.008	20613
477.229	20589
478.452	20561.3
479.673	20546.2
480.894	20553.7
482.115	20554.3
483.337	20560.9
484.557	20583.5
485.777	20586.6
486.997	20582.5
488.218	20570.8
489.438	20551.4
490.657	20520.5
491.876	20507.2
493.096	20511.7
494.315	20524.4
495.533	20538.5
496.752	20532.3
497.97	20532
499.188	20527.3
500.407	20517.8
501.625	20514.5
502.842	20511.9
504.059	20516.1
505.276	20522.7
506.493	20532.7
507.71	20544.5
508.926	20558.6
510.142	20574.4
511.358	20591.3
512.575	20609.7
513.791	20629.9
515.006	20649.5
516.222	20659.8
517.437	20663.8
518.651	20656.8
519.866	20647.8
521.081	20642.8
522.295	20638.5
523.509	20634.5
524.723	20632.1
525.937	20631.6
527.15	20633
528.363	20637.2
529.576	20643.7
530.789	20656.1
532.002	20669
533.215	20684.5
534.426	20701.8
535.638	20721.6
536.85	20741.4
538.061	20760.6
539.273	20773.4
540.484	20768.1
541.695	20752.1
542.906	20728.4
544.117	20707.5
545.327	20694.8
546.537	20687.4
547.747	20689.1
548.957	20699.1
550.167	20723.8
551.377	20745.8
552.585	20767.6
553.794	20781.5
555.003	20785.4
556.212	20785.2
557.421	20774.1
558.628	20774.6
559.836	20780.2
561.044	20789.7
562.252	20799.2
563.458	20816.5
564.666	20811.2
565.873	20789.2
567.08	20753.2
568.286	20730
569.493	20712.2
570.699	20715.5
571.904	20755.7
573.111	20762.3
574.317	20766.1
575.521	20768.9
576.727	20763.6
577.932	20762.1
579.136	20765.2
580.341	20772
581.544	20783
582.749	20791.5
583.954	20793
585.156	20795.3
586.361	20794.7
587.563	20793.9
588.767	20795.1
589.97	20794.7
591.172	20794.5
592.375	20793.4
593.577	20790.4
594.78	20783.9
595.981	20782
597.183	20798.8
598.384	20811.9
599.586	20820.7
600.786	20825.7
601.988	20816.5
603.188	20792.5
604.389	20787.1
605.589	20780.6
606.79	20772.1
607.989	20762
609.188	20750.3
610.389	20736.9
611.587	20714.1
612.787	20686.5
613.986	20656.8
615.184	20625.2
616.383	20602
617.581	20613.9
618.78	20625.9
619.977	20628.3
621.174	20632.5
622.373	20624
623.57	20599.6
624.766	20583.9
625.964	20565.4
627.16	20547.9
628.356	20532.8
629.554	20518.8
630.749	20508.6
631.945	20507
633.14	20500.9
634.337	20492.6
635.532	20477.1
636.726	20462.9
637.921	20450.3
639.117	20443.3
640.311	20437.7
641.505	20434.7
642.699	20434.9
643.892	20437.8
645.087	20444.2
646.28	20451.1
647.473	20449.7
648.666	20435.2
649.859	20419.3
651.051	20422.1
652.245	20442
653.437	20459.4
654.629	20478.5
655.821	20495.2
657.012	20508.7
658.204	20519.5
659.395	20528.2
660.586	20535.2
661.777	20540.1
662.967	20543.3
664.158	20545.8
665.349	20552.5
666.539	20569
667.729	20584.7
668.919	20533.4
670.109	20520.5
671.298	20511.6
672.487	20509.2
673.676	20515.3
674.865	20517
676.053	20519.4
677.242	20521.4
678.43	20522.5
679.616	20522.2
680.804	20521.7
681.992	20520.1
683.179	20517.5
684.366	20513
685.554	20503.3
686.74	20487.5
687.927	20471.3
689.114	20467.9
690.3	20465.3
691.486	20459.6
692.671	20449
693.856	20436.8
695.042	20421.7
696.227	20403.9
697.413	20383.2
698.598	20359.7
699.781	20333.5
700.966	20312.2
702.15	20317.7
703.334	20322.9
704.518	20331.5
705.701	20343.3
706.885	20359
708.068	20362.1
709.252	20351.5
710.433	20327.2
711.616	20312.9
712.799	20289.1
713.98	20281.2
715.163	20272.3
716.345	20270.3
717.527	20285.9
718.707	20290.5
719.889	20275.2
721.071	20268.7
722.25	20268.7
723.432	20269.1
724.611	20271.1
725.792	20274.7
726.972	20277.9
728.151	20280.7
729.332	20283.4
730.512	20283.9
731.69	20284.6
732.87	20285.3
734.048	20286.4
735.227	20286.7
736.405	20287.3
737.584	20287.5
738.761	20289.3
739.94	20301.7
741.117	20316
742.295	20329.5
743.471	20338.1
744.649	20345.2
745.825	20350.8
747.003	20354.8
748.179	20354.3
749.356	20352
750.531	20351.7
751.708	20358.4
752.883	20372.4
754.059	20390.6
755.234	20428.6
756.409	20443.1
757.585	20446.4
758.759	20421.7
759.934	20394.6
761.108	20364.9
762.282	20335.4
763.456	20335.2
764.63	20322.1
765.803	20308.3
766.977	20296.2
768.15	20284.2
769.323	20272.5
770.496	20267
771.668	20263.4
772.841	20262.3
774.014	20263.1
775.185	20267.2
776.357	20270.5
777.528	20247.8
778.701	20205.5
779.872	20172.7
781.042	20149.2
782.213	20134.2
783.383	20120.5
784.555	20116.2
785.725	20123.4
786.895	20130.4
788.064	20139.3
789.234	20145.2
790.404	20148
791.573	20140.8
792.742	20133
793.911	20119.1
795.08	20096.5
796.248	20061.8
797.416	20000.9
798.584	19954.6
799.753	19917.3
800.921	20020.1
802.088	20014.2
803.256	20005.5
804.423	20001.1
805.59	19992.1
806.756	19976.6
807.923	19966
809.089	19960
810.256	19958.7
811.422	19959.6
812.587	19960.3
813.753	19962.1
814.918	19963.5
816.084	19967.9
817.249	19975.4
818.414	19995
819.578	20020.7
820.743	20049.7
821.907	20069.4
823.072	20076.8
824.236	20074
825.399	20059.6
826.562	20038.5
827.725	20094.7
828.889	20111.5
830.052	20117.1
831.215	20110.7
832.377	20091.6
833.54	20062.8
834.701	20050.7
835.863	20067.6
837.025	20064.1
838.187	20061.6
839.349	20059.8
840.51	20058.4
841.67	20056.7
842.831	20055
843.992	20053.1
845.153	20051.5
846.312	20049.1
847.473	20046
848.633	20040.5
849.793	20031
850.951	20017.5
852.111	20007.8
853.27	20008.9
854.428	20008.1
855.588	20000.1
856.747	19989.1
857.904	19974.8
859.063	19956.3
860.221	19934
861.378	19908.2
862.536	19878.7
863.694	19846.9
864.85	19823.1
866.008	19809.6
867.164	19797.7
868.321	19787.4
869.478	19777.7
870.633	19767.8
871.79	19757.5
872.945	19746.7
874.101	19735.6
875.256	19723.3
876.412	19711.9
877.566	19684.4
878.722	19641
879.876	19612.1
881.031	19590.9
882.185	19576.7
883.34	19569.9
884.493	19570.6
885.647	19591.8
886.8	19617.8
887.954	19627.2
889.107	19621.1
890.261	19599.3
891.413	19558.9
892.565	19527.8
893.718	19549.5
894.87	19552.3
896.023	19555
897.174	19549.1
898.326	19551.2
899.478	19541.6
900.629	19541.7
901.779	19542.4
902.931	19545.7
904.081	19550.8
905.231	19572.7
906.383	19593.1
907.532	19599.4
908.682	19606.5
909.831	19602.5
910.982	19590.7
912.131	19583.4
913.28	19585.4
914.429	19597
915.578	19619.3
916.727	19639.4
917.875	19657.7
919.023	19678.6
920.171	19687
921.32	19667.9
922.467	19644.2
923.614	19620
924.761	19595.3
925.908	19580.3
927.055	19599.2
928.203	19609.7
929.349	19620.1
930.496	19625.1
931.642	19622.1
932.787	19612.2
933.933	19594.8
935.079	19569.2
936.224	19535
937.369	19489.5
938.514	19491.4
939.659	19532.8
940.804	19567.3
941.948	19564.4
943.092	19550
944.236	19536.8
945.38	19521
946.524	19509.4
947.667	19498.1
948.811	19487.5
949.954	19477.5
951.097	19468.2
952.24	19459.4
953.383	19451.1
954.525	19443.1
955.667	19435.5
956.81	19428.2
957.952	19420.4
959.093	19409.1
960.235	19394.1
961.376	19373.1
962.516	19358.4
963.658	19346.8
964.798	19336.6
965.939	19329
967.08	19297.7
968.22	19275.6
969.359	19263.5
970.499	19263.3
971.639	19282.4
972.779	19294.1
973.918	19304.3
975.056	19310.8
976.195	19312.6
977.334	19307.2
978.473	19297.6
979.61	19284.1
980.749	19266
981.887	19249.1
983.024	19254.4
984.162	19258.1
985.3	19269.8
986.437	19274.1
987.573	19285.9
988.711	19296.8
989.848	19293.5
990.983	19287.5
992.12	19268.8
993.255	19259.6
994.392	19262.7
995.528	19269.2
996.662	19274
997.798	19276.9
998.933	19279
1000.07	19279.5
1001.2	19278.3
1002.34	19275.7
1003.47	19271.8
1004.61	19266.7
1005.74	19259.6
1006.87	19251.3
1008.01	19242.5
1009.14	19235.2
1010.27	19229.6
1011.41	19225.4
1012.54	19222.7
1013.67	19220.2
1014.81	19217
1015.94	19212
1017.07	19198.4
1018.2	19186
1019.33	19173.1
1020.47	19159.6
1021.6	19150.2
1022.73	19154.4
1023.86	19163.4
1024.99	19178.6
1026.12	19173.4
1027.25	19161.5
1028.38	19145.9
1029.51	19130.7
1030.64	19118.4
1031.77	19112.2
1032.9	19104.1
1034.03	19084.7
1035.16	19056.7
1036.29	19044.8
1037.42	19033
1038.55	19020.8
1039.67	19011.3
1040.8	19002.2
1041.93	18983.4
1043.06	18947.2
1044.19	18915.2
1045.31	18893.2
1046.44	18877.8
1047.57	18864.9
1048.69	18854.5
1049.82	18844.3
1050.95	18837.9
1052.08	18832.7
1053.2	18827.2
1054.33	18815.8
1055.45	18795
1056.58	18772.3
1057.7	18760.9
1058.83	18752.6
1059.95	18748.8
1061.08	18747.2
1062.2	18752.4
1063.33	18763.2
1064.45	18774.1
1065.58	18776.2
1066.7	18752.5
1067.83	18738.6
1068.95	18725.9
1070.07	18709.8
1071.2	18719.3
1072.32	18733.6
1073.44	18752.8
1074.56	18765.7
1075.69	18758.5
1076.81	18745.7
1077.93	18730
1079.05	18715.1
1080.17	18703.3
1081.3	18698.2
1082.42	18697.8
1083.54	18705.4
1084.66	18713
1085.78	18709.2
1086.9	18699.5
1088.02	18687.1
1089.14	18676.8
1090.26	18676.8
1091.38	18705.8
1092.5	18735.4
1093.62	18758.8
1094.74	18769.3
1095.86	18770.4
1096.98	18770.2
1098.1	18767.2
1099.22	18760.5
1100.34	18750.9
1101.45	18738.9
1102.57	18723.9
1103.69	18705.9
1104.81	18685.2
1105.93	18661.3
1107.04	18635.1
1108.16	18610.4
1109.28	18588.7
1110.4	18570
1111.51	18552.4
1112.63	18539.1
1113.75	18528.1
1114.86	18518.6
1115.98	18510.6
1117.09	18501.3
1118.21	18490.7
1119.32	18478.6
1120.44	18465.9
1121.55	18451.2
1122.67	18434.4
1123.78	18418.2
1124.9	18402.2
1126.01	18386.6
1127.13	18371.4
1128.24	18358.1
1129.35	18343.9
1130.47	18329.8
1131.58	18315.1
1132.7	18300.4
1133.81	18279.3
1134.92	18250.1
1136.03	18221.6
1137.15	18194
1138.26	18169.2
1139.37	18160.1
1140.48	18150.4
1141.59	18139.5
1142.71	18129.6
1143.82	18119.8
1144.93	18110.1
1146.04	18100.5
1147.15	18091.1
1148.26	18081.9
1149.37	18072.7
1150.48	18062.9
1151.59	18043.9
1152.7	18018.1
1153.81	17993.3
1154.92	17968.1
1156.03	17944.3
1157.14	17937.1
1158.25	17938
1159.36	17942.2
1160.47	17956.5
1161.58	17966.8
1162.68	17957
1163.79	17948
1164.9	17944.3
1166.01	17942.9
1167.12	17944.9
1168.22	17948.1
1169.33	17951
1170.44	17951.9
1171.55	17948.2
1172.65	17930.5
1173.76	17903.8
1174.87	17898.5
1175.97	17894.4
1177.08	17894.4
1178.18	17908.2
1179.29	17925.7
1180.4	17936.3
1181.5	17940.8
1182.61	17941.4
1183.71	17940.7
1184.82	17940
1185.92	17938.3
1187.02	17934.8
1188.13	17929.3
1189.23	17926.2
1190.34	17926.2
1191.44	17928.8
1192.54	17936.5
1193.65	17936.7
1194.75	17935.7
1195.85	17933
1196.96	17928.7
1198.06	17923.2
1199.16	17915.6
1200.26	17910.7
1201.37	17907.9
1202.47	17908.6
1203.57	17908.4
1204.67	17914.5
1205.77	17924.2
1206.87	17926.9
1207.97	17919.5
1209.08	17905.1
1210.18	17901.9
1211.28	17899.6
1212.38	17898.4
1213.48	17898
1214.58	17903.8
1215.68	17910.8
1216.78	17916.6
1217.88	17913.1
1218.98	17887
1220.07	17856.9
1221.17	17823.7
1222.27	17800.8
1223.37	17782.2
1224.47	17771.6
1225.57	17767.7
1226.66	17761
1227.76	17754.5
1228.86	17743.8
1229.96	17731.2
1231.06	17716.2
1232.15	17698.1
1233.25	17678.1
1234.35	17657.1
1235.44	17635.9
1236.54	17618.1
1237.63	17616.2
1238.73	17618.8
1239.83	17624.7
1240.92	17635.8
1242.02	17656.6
1243.11	17656.6
1244.21	17637.3
1245.3	17604.5
1246.4	17565.1
1247.49	17531.6
1248.59	17498.8
1249.68	17481
1250.78	17470.9
1251.87	17468.1
1252.96	17472.8
1254.06	17481.2
1255.15	17498.3
1256.24	17511.1
1257.34	17530.2
1258.43	17534.8
1259.52	17533.3
1260.62	17529.9
1261.71	17510.8
1262.8	17491.7
1263.89	17475
1264.98	17459.1
1266.08	17450.5
1267.17	17458.6
1268.26	17478.2
1269.35	17483.4
1270.44	17484.5
1271.53	17479.4
1272.62	17465.6
1273.71	17456.2
1274.8	17450.4
1275.89	17458.2
1276.98	17473.2
1278.07	17486
1279.16	17495.1
1280.25	17500.3
1281.34	17501.8
1282.43	17500.3
1283.52	17495.8
1284.61	17489.5
1285.69	17481.3
1286.78	17472.3
1287.87	17461.7
1288.96	17450.3
1290.05	17453.6
1291.13	17459.6
1292.22	17466.1
1293.31	17470.8
1294.4	17468
1295.48	17465.8
1296.57	17462.5
1297.66	17460.3
1298.74	17460.9
1299.83	17464.1
1300.92	17468.9
1302	17467.9
1303.09	17465.5
1304.17	17461.6
1305.26	17456.5
1306.34	17449.9
1307.43	17443.4
1308.51	17436.2
1309.6	17423.6
1310.68	17409.5
1311.76	17399.6
1312.85	17411.8
1313.93	17430.6
1315.02	17445.3
1316.1	17421.7
1317.18	17413.9
1318.27	17401.3
1319.35	17387.6
1320.43	17372.2
1321.52	17358.9
1322.6	17343.8
1323.68	17330.9
1324.76	17319.8
1325.85	17311
1326.93	17302
1328.01	17297.5
1329.09	17293.9
1330.17	17288.5
1331.25	17283.3
1332.33	17272.1
1333.41	17246
1334.49	17228.1
1335.58	17217.7
1336.65	17212.5
1337.74	17210.6
1338.82	17207.4
1339.89	17215.5
1340.97	17228.1
1342.05	17251.3
1343.13	17171
1344.21	17167.3
1345.29	17172.2
1346.37	17175.8
1347.45	17182.6
1348.53	17192
1349.6	17205.4
1350.68	17176.1
1351.76	17156.5
1352.84	17146.6
1353.92	17142.8
1354.99	17158.6
1356.07	17160.6
1357.15	17134.7
1358.22	17118.2
1359.3	17107.3
1360.38	17100
1361.45	17097.7
1362.53	17098.4
1363.61	17106.7
1364.68	17120.3
1365.76	17149.9
1366.83	17160.4
1367.91	17136.3
1368.98	17117.7
1370.06	17115
1371.13	17110.4
1372.21	17105.4
1373.28	17106.1
1374.35	17110.4
1375.43	17111.9
1376.5	17108.7
1377.58	17105.2
1378.65	17100.2
1379.72	17092.5
1380.8	17084.8
1381.87	17075.9
1382.94	17069.5
1384.01	17062.6
1385.09	17058.6
1386.16	17055.3
1387.23	17048.5
1388.3	17040.3
1389.38	17027.8
1390.45	17012.6
1391.52	17003.6
1392.59	16990.1
1393.66	16987.7
1393.92	16986.3
1395	16991.6
1396.07	17005
1397.15	17018.8
1398.22	16971.7
1399.3	16940.3
1400.38	16923.5
1401.45	16926
1402.53	16942.3
1403.6	16950.7
1404.68	16954.6
1405.75	16955.2
1406.82	16953.4
1407.9	16949.1
1408.97	16943
1410.05	16934.6
1411.12	16923.6
1412.19	16912.1
1413.27	16901
1414.34	16891.5
1415.41	16887.7
1416.49	16889.8
1417.56	16891.9
1418.63	16892.4
1419.7	16883.7
1420.78	16871.3
1421.85	16853.2
1422.92	16832.7
1423.99	16811.5
1425.06	16794.3
1426.14	16786
1427.21	16778.6
1428.28	16772.7
1429.35	16760.1
1430.42	16743.2
1431.49	16725.1
1432.56	16713.3
1433.63	16711.9
1434.7	16721.2
1435.77	16733.8
1436.84	16744.3
1437.91	16749.4
1438.98	16749.7
1440.05	16745
1441.12	16734.1
1442.18	16719.6
1443.25	16704
1444.32	16704.8
1445.39	16703.7
1446.46	16692.9
1447.53	16677.8
1448.59	16660.6
1449.66	16641.6
1450.73	16633.5
1451.8	16637.4
1452.86	16674.6
1453.93	16678
1455	16677.1
1456.06	16669.7
1457.13	16665.2
1458.2	16676.7
1459.26	16692.3
1460.33	16702.4
1461.39	16718.4
1462.46	16710.6
1463.52	16696.4
1464.59	16672.8
1465.65	16641.1
1466.72	16622.9
1467.78	16615.4
1468.85	16617.5
1469.91	16622.5
1470.98	16614.8
1472.04	16609.4
1473.1	16609.4
1474.17	16615.9
1475.23	16631.5
1476.3	16652.6
1477.36	16655.6
1478.42	16644.7
1479.48	16594.6
1480.55	16573.3
1481.61	16576.2
1482.67	16583.2
1483.73	16565.8
1484.8	16542.4
1485.86	16516.6
1486.92	16488.9
1487.98	16460.8
1489.04	16448.4
1490.1	16450.3
1491.17	16466.2
1492.23	16496.5
1493.29	16516.6
1494.35	16528
1495.41	16525.9
1496.47	16479.4
1497.53	16463.8
1498.59	16445.8
1499.65	16433.4
1500.71	16428.2
1501.77	16430.5
1502.83	16431.6
1503.88	16428.3
1504.94	16420.8
1506	16409.1
1507.06	16393.7
1508.12	16374.7
1509.18	16352.1
1510.23	16325.3
1511.29	16296.9
1512.35	16280.2
1513.41	16283.1
1514.47	16304.5
1515.52	16295.2
1516.58	16280.6
1517.64	16265.4
1518.69	16249.1
1519.75	16237.3
1520.81	16238.4
1521.86	16232.6
1522.92	16228.2
1523.97	16224.5
1525.03	16221.5
1526.08	16220.5
1527.14	16221.2
1528.2	16222.7
1529.25	16223.2
1530.31	16222.9
1531.36	16213.2
1532.42	16192.6
1533.47	16170.5
1534.52	16156
1535.58	16146.6
1536.63	16151
1537.69	16153.6
1538.74	16151.9
1539.79	16142.7
1540.84	16128.3
1541.9	16106.9
1542.95	16094.7
1544	16090.9
1545.06	16092.7
1546.11	16095.3
1547.16	16107.7
1548.21	16119.9
1549.27	16123.8
1550.32	16114.1
1551.37	16102.2
1552.42	16089.8
1553.47	16083.2
1554.52	16073.4
1555.57	16065.9
1556.62	16058.2
1557.67	16052.4
1558.72	16050.1
1559.77	16055.4
1560.82	16081
1561.87	16087.6
1562.92	16092.7
1563.97	16097.9
1565.02	16103.3
1566.07	16112.3
1567.12	16101
1568.17	16060
1569.22	16038
1570.27	16038.1
1571.32	16050.2
1572.36	16066.9
1573.41	16077.2
1574.46	16083.3
1575.51	16035.6
1576.56	16010.6
1577.6	16013
1578.65	16009.6
1579.7	16000.9
1580.74	15984.5
1581.79	15971.7
1582.84	15961.3
1583.88	15956.6
1584.93	15963.2
1585.98	15964.8
1587.02	15966.8
1588.07	15972.7
1589.11	15979.4
1590.16	15985.3
1591.2	15987.8
1592.25	15973.8
1593.29	15956.4
1594.34	15933.4
1595.38	15907.7
1596.43	15879.7
1597.47	15856.4
1598.52	15838.8
1599.56	15825.1
1600.6	15815.2
1601.65	15809
1602.69	15805.8
1603.73	15806.1
1604.78	15810.2
1605.82	15805.8
1606.86	15802.1
1607.91	15785.8
1608.95	15758.3
1609.99	15734.4
1611.03	15713.3
1612.08	15686.1
1613.12	15671.3
1614.16	15667.9
1615.2	15674.2
1616.24	15679.4
1617.28	15687.7
1618.32	15696.1
1619.36	15682.6
1620.41	15665.1
1621.45	15643.4
1622.49	15617.4
1623.53	15585.2
1624.57	15556.3
1625.61	15531
1626.65	15512.4
1627.69	15489
1628.73	15481.6
1629.76	15491.3
1630.8	15520.2
1631.84	15538.1
1632.88	15546.5
1633.92	15533.3
1634.96	15516.1
1636	15468.4
1637.03	15440.8
1638.07	15422
1639.11	15425.9
1640.15	15418.3
1641.19	15413
1642.22	15406.2
1643.26	15397.4
1644.3	15385.8
1645.33	15372.2
1646.37	15355.8
1647.41	15338
1648.44	15319.2
1649.48	15302.6
1650.52	15284
1651.55	15267.7
1652.59	15273.2
1653.62	15276.8
1654.66	15283.4
1655.69	15292.2
1656.73	15294.2
1657.76	15290.2
1658.8	15279.9
1659.83	15267.1
1660.87	15241.4
1661.9	15215.9
1662.93	15196
1663.97	15181.5
1665	15177.8
1666.04	15193.3
1667.07	15213.3
1668.1	15210.4
1669.14	15204.1
1670.17	15198.1
1671.2	15188.9
1672.23	15182
1673.27	15182.5
1674.3	15183.3
1675.33	15181.8
1676.36	15179.2
1677.39	15175.7
1678.43	15153.6
1679.46	15134.6
1680.49	15131.9
1681.52	15127.2
1682.55	15135.2
1683.58	15141.5
1684.61	15144.1
1685.64	15142.5
1686.67	15135
1687.7	15121.5
1688.73	15103.2
1689.76	15087.6
1690.79	15076.2
1691.82	15067.9
1692.85	15062.6
1693.88	15060.2
1694.91	15059.6
1695.94	15062.1
1696.97	15056.8
1698	15039.9
1699.02	15014.5
1700.05	14993.9
1701.08	14981.5
1702.11	14976.7
1703.14	14983.4
1704.16	14986.4
1705.19	14984.8
1706.22	14978.4
1707.25	14966.7
1708.27	14949.6
1709.3	14926.1
1710.33	14887.6
1711.35	14865.6
1712.38	14840.4
1713.41	14843
1714.43	14839.8
1715.46	14831.3
1716.48	14817.7
1717.51	14797.7
1718.53	14783.2
1719.56	14770
1720.58	14763.1
1721.61	14773.4
1722.63	14766.6
1723.66	14762.2
1724.68	14743.8
1725.71	14716.6
1726.73	14696.3
1727.75	14688.6
1728.78	14689.6
1729.8	14683.2
1730.83	14681.2
1731.85	14680.6
1732.87	14677.6
1733.89	14674.5
1734.92	14654.1
1735.94	14637
1736.96	14625.3
1737.98	14616.6
1739.01	14608.8
1740.03	14601.5
1741.05	14594.5
1742.07	14588
1743.09	14580.8
1744.12	14573.3
1745.14	14565.4
1746.16	14557.2
1747.18	14549.3
1748.2	14541.3
1749.22	14533.6
1750.24	14526.5
1751.26	14520.4
1752.28	14514.1
1753.3	14508.4
1754.32	14494.2
1755.34	14464.9
1756.36	14436
1757.38	14418.2
1758.4	14408.8
1759.42	14409
1760.44	14418.4
1761.45	14425.7
1762.47	14430
1763.49	14432.6
1764.51	14421
1765.53	14409.8
1766.55	14384.1
1767.56	14359.5
1768.58	14331.7
1769.6	14313.5
1770.61	14312.8
1771.63	14307.4
1772.65	14314.4
1773.67	14307.7
1774.68	14293.7
1775.7	14285.5
1776.72	14270
1777.73	14263.6
1778.75	14258
1779.76	14276.4
1780.78	14279.9
1781.79	14272.5
1782.81	14258.4
1783.83	14234
1784.84	14211.2
1785.85	14177.9
1786.87	14149.2
1787.88	14151.6
1788.9	14158
1789.91	14173.2
1790.93	14178.3
1791.94	14162.7
1792.95	14144.5
1793.97	14136.3
1794.98	14124.2
1796	14112.5
1797.01	14103.7
1798.02	14093.7
1799.03	14080.8
1800.05	14067.2
1801.06	14054.4
1802.07	14039.6
1803.08	14032.4
1804.1	14023.2
1805.11	14012.5
1806.12	14003.4
1807.13	13995.9
1808.14	13989.3
1809.15	13984
1810.17	13980
1811.18	13977.4
1812.19	13976.1
1813.2	13976.7
1814.21	13962.2
1815.22	13949.4
1816.23	13925.8
1817.24	13894.1
1818.25	13855.1
1819.26	13830.2
1820.27	13811.3
1821.28	13795.2
1822.29	13791.1
1823.3	13783.6
1824.3	13784.8
1825.31	13789.5
1826.32	13778.6
1827.33	13763
1828.34	13744.7
1829.35	13730.4
1830.35	13714.9
1831.36	13700.3
1832.37	13689.6
1833.38	13679.1
1834.38	13670.9
1835.39	13663.2
1836.4	13655.1
1837.41	13646.3
1838.41	13631.7
1839.42	13618.1
1840.43	13604.2
1841.43	13590.7
1842.44	13583.1
1843.44	13575.7
1844.45	13567.4
1845.46	13559
1846.46	13550.5
1847.47	13541.5
1848.47	13531.4
1849.48	13521
1850.48	13509.7
1851.49	13497.6
1852.49	13483.9
1853.49	13469.8
1854.5	13447.3
1855.5	13434.7
1856.51	13433.4
1857.51	13440.4
1858.51	13452.8
1859.52	13450.2
1860.52	13445.5
1861.52	13432
1862.53	13409.7
1863.53	13394.8
1864.53	13382.6
1865.54	13373.1
1866.54	13363.3
1867.54	13357.4
1868.54	13353.3
1869.54	13345.5
1870.55	13335.5
1871.55	13317.1
1872.55	13297.2
1873.55	13278.4
1874.55	13264.6
1875.55	13251.7
1876.55	13256.9
1877.55	13270
1878.55	13281.2
1879.55	13280.3
1880.56	13277.1
1881.55	13266.3
1882.56	13250.5
1883.55	13232
1884.55	13214.2
1885.55	13196.8
1886.55	13191.4
1887.55	13185.4
1888.55	13182.9
1889.55	13183
1890.55	13190.7
1891.55	13187.8
1892.55	13163.6
1893.54	13149.8
1894.54	13136.1
1895.54	13122.1
1896.54	13108.3
1897.54	13094
1898.53	13079.6
1899.53	13065.5
1900.53	13051.6
1901.52	13038.1
1902.52	13025.2
1903.52	13013.1
1904.51	13002.7
1905.51	12992.9
1906.51	12983.7
1907.5	12974.2
1908.5	12953.8
1909.49	12934.1
1910.49	12913.3
1911.49	12893
1912.48	12875.4
1913.48	12862.3
1914.47	12852.6
1915.46	12844.8
1916.46	12837.3
1917.45	12829.8
1918.45	12814.7
1919.44	12800.6
1920.44	12789.3
1921.43	12779.1
1922.43	12770.1
1923.42	12773.3
1924.41	12778.5
1925.41	12781.3
1926.4	12780.4
1927.39	12781
1928.38	12777.8
1929.38	12765
1930.37	12747.8
1931.36	12727.5
1932.35	12702.2
1933.35	12674.9
1934.34	12651.8
1935.33	12625.2
1936.32	12606.7
1937.31	12612.9
1938.3	12601.1
1939.29	12583.7
1940.29	12569.1
1941.28	12557.2
1942.27	12550.2
1943.26	12550.3
1944.25	12554.6
1945.24	12555.3
1946.23	12553.2
1947.22	12547.7
1948.21	12537.1
1949.2	12524.2
1950.19	12510.6
1951.18	12496.8
1952.17	12483.1
1953.16	12464.6
1954.14	12447.9
1955.13	12443.3
1956.12	12438.1
1957.11	12429.9
1958.1	12420.5
1959.09	12411.3
1960.07	12400.9
1961.06	12390
1962.05	12378.5
1963.04	12366.5
1964.02	12353.7
1965.01	12341.1
1966	12324.9
1966.99	12306.6
1967.97	12284.1
1968.96	12267.4
1969.95	12253.5
1970.93	12252.5
1971.92	12264.4
1972.9	12270.1
1973.89	12270.3
1974.88	12262.4
1975.86	12243.8
1976.85	12218.4
1977.83	12182.4
1978.82	12156.8
1979.8	12137
1980.79	12125.6
1981.77	12120.3
1982.76	12131.2
1983.74	12139.3
1984.72	12138
1985.71	12124.1
1986.69	12112.7
1987.67	12091.7
1988.66	12087.5
1989.64	12084.9
1990.62	12088.4
1991.61	12085.1
1992.59	12080.5
1993.57	12073
1994.56	12057.9
1995.54	12024.2
1996.52	11990.2
1997.5	11973.7
1998.49	11966.8
1999.47	11958.8
2000.45	11953.3
2001.43	11948.7
2002.41	11942
2003.39	11933.5
2004.38	11916.6
2005.36	11905.5
2006.34	11898.8
2007.32	11894.2
2008.3	11891.1
2009.28	11877.1
2010.26	11857.2
2011.24	11837.7
2012.22	11819.7
2013.2	11807.4
2014.18	11784.6
2015.16	11796.8
2016.14	11811.4
2017.12	11834.7
2018.1	11848.6
2019.07	11836.8
2020.05	11811.9
2021.03	11789
2022.01	11767.2
2022.99	11746.3
2023.97	11721.9
2024.95	11710.1
2025.92	11704.5
2026.9	11693.5
2027.88	11680.1
2028.86	11662.8
2029.83	11644.7
2030.81	11631.4
2031.79	11627.1
2032.76	11627.4
2033.74	11614
2034.72	11597.7
2035.69	11581.9
2036.67	11568.9
2037.65	11556.1
2038.62	11544.7
2039.6	11535.2
2040.57	11526.6
2041.55	11519.6
2042.52	11511.5
2043.5	11498.2
2044.47	11487.8
2045.45	11482.6
2046.42	11485.6
2047.4	11473.9
2048.37	11455.8
2049.35	11433.6
2050.32	11413.6
2051.29	11396.4
2052.27	11383.4
2053.24	11372.4
2054.21	11360.8
2055.19	11349.4
2056.16	11338.8
2057.13	11325.5
2058.11	11310.6
2059.08	11291.1
2060.05	11268.6
2061.02	11251.8
2062	11242.8
2062.97	11242.7
2063.94	11242.3
2064.91	11242.5
2065.89	11241.2
2066.86	11237.2
2067.83	11230.4
2068.8	11197.6
2069.77	11175.8
2070.74	11162.8
2071.71	11158.2
2072.68	11161.3
2073.65	11150.9
2074.62	11137.5
2075.59	11125.2
2076.56	11113.6
2077.53	11102.4
2078.5	11091.5
2079.47	11080.9
2080.44	11069.8
2081.41	11058.5
2082.38	11047.4
2083.35	11036.3
2084.32	11026
2085.29	11013.3
2086.26	10994.5
2087.23	10971.7
2088.19	10952.7
2089.16	10942
2090.13	10934.3
2091.1	10930.7
2092.07	10929.5
2093.03	10929.6
2094	10927
2094.97	10923.6
2095.94	10919.1
2096.9	10913.9
2097.87	10907
2098.84	10898.3
2099.8	10879.8
2100.77	10859.7
2101.74	10842.2
2102.7	10826
2103.67	10808.8
2104.63	10794.3
2105.6	10785.6
2106.56	10781.1
2107.53	10783.4
2108.49	10779.7
2109.46	10768.1
2110.42	10758.9
2111.39	10737.3
2112.35	10731.9
2113.32	10730.2
2114.28	10725.8
2115.25	10720.2
2116.21	10702.6
2117.17	10688.8
2118.14	10665
2119.1	10647.7
2120.07	10629.2
2121.03	10611.9
2121.99	10600.7
2122.96	10600.7
2123.92	10587
2124.88	10576
2125.84	10566.5
2126.81	10555.1
2127.77	10551.1
2128.73	10547.8
2129.69	10545.7
2130.65	10544.3
2131.62	10542.8
2132.58	10539.6
2133.54	10522.1
2134.5	10504.2
2135.46	10485.1
2136.42	10465.8
2137.38	10448.9
2138.34	10435.8
2139.3	10428.5
2140.26	10402.9
2141.22	10376.6
2142.18	10347.4
2143.14	10337.7
2144.1	10354.7
2145.06	10349.1
2146.02	10343.7
2146.98	10339.5
2147.94	10323.2
2148.9	10310.2
2149.86	10304.3
2150.82	10296.5
2151.78	10289.8
2152.74	10279
2153.69	10266.3
2154.65	10254.7
2155.61	10246.8
2156.57	10239.2
2157.53	10231.3
2158.48	10223.2
2159.44	10215.4
2160.4	10200.8
2161.36	10183.1
2162.31	10170.7
2163.27	10164.1
2164.23	10155.4
2165.18	10148.1
2166.14	10138
2167.1	10122.2
2168.05	10102.6
2169.01	10079.6
2169.96	10054.5
2170.92	10039.6
2171.88	10040.9
2172.83	10031.2
2173.79	10011.2
2174.74	9982.27
2175.7	9949.85
2176.65	9905.93
2177.6	9875.91
2178.56	9855.92
2179.51	9850.44
2180.47	9856.35
2181.42	9861
2182.38	9862.21
2183.33	9859.7
2184.28	9853.45
2185.24	9843.72
2186.19	9830.62
2187.14	9814.39
2188.1	9794.91
2189.05	9772.44
2190	9747.39
2190.96	9723.34
2191.91	9712.1
2192.86	9714.72
2193.81	9740.89
2194.76	9807.54
2195.72	9714.27
2196.67	9672.52
2197.62	9642.65
2198.57	9621.67
2199.52	9622.99
2200.47	9641.31
2201.43	9647.45
2202.38	9641.64
2203.33	9635.22
2204.28	9627.79
2205.23	9615.19
2206.18	9601.62
2207.13	9582
2208.08	9564.62
2209.03	9552.61
2209.98	9545.46
2210.93	9539.98
2211.88	9531.16
2212.83	9522.13
2213.78	9515.74
2214.73	9493.07
2215.67	9510.62
2216.62	9506.66
2217.57	9500.92
2218.52	9493.05
2219.47	9483.06
2220.42	9472.47
2221.37	9457.24
2222.31	9443.79
2223.26	9447.89
2224.21	9454.64
2225.16	9459.22
2226.1	9461.68
2227.05	9465.99
2228	9455.29
2228.94	9426.12
2229.89	9399.71
2230.84	9377.22
2231.78	9358.59
2232.73	9343.31
2233.68	9331.26
2234.62	9324.72
2235.57	9322
2236.51	9321.97
2237.46	9324.23
2238.41	9328.44
2239.35	9337.13
2240.3	9340.79
2241.24	9339.78
2242.19	9335.33
2243.13	9325.61
2244.07	9311.74
2245.02	9294.19
2245.96	9281.52
2246.91	9277.6
2247.85	9282.24
2248.8	9285.58
2249.74	9284.51
2250.68	9282.76
2251.63	9280.2
2252.57	9276.2
2253.51	9269.7
2254.46	9261.79
2255.4	9251.77
2256.34	9242.7
2257.28	9239.2
2258.23	9234.92
2259.17	9231.42
2260.11	9229.6
2261.05	9227.67
2262	9221.78
2262.94	9214.85
2263.88	9199.63
2264.82	9190.62
2265.76	9185.67
2266.7	9185.32
2267.64	9186.87
2268.58	9180.97
2269.53	9174.4
2270.47	9168.29
2271.41	9164.94
2272.35	9162.11
2273.29	9160.67
2274.23	9160.19
2275.17	9160.67
2276.11	9161.44
2277.05	9162.25
2277.99	9163.99
2278.93	9166.85
2279.86	9167.58
2280.8	9155.91
2281.74	9132.09
2282.68	9087.56
2283.62	9084.63
2284.56	9111.64
2285.5	9120.21
2286.44	9125.2
2287.37	9117.99
2288.31	9099.47
2289.25	9091.33
2290.19	9081.56
2291.12	9109.41
2292.06	9124.41
2293	9105.38
2293.94	9086.56
2294.87	9075.64
2295.81	9067.09
2296.75	9058.9
2297.68	9053.19
2298.62	9053.71
2299.55	9062.38
2300.49	9064.44
2301.43	9062.54
2302.36	9060.91
2303.3	9057.42
2304.23	9049.27
2305.17	9040.42
2306.1	9026.13
2307.04	9004.49
2307.98	8981.08
2308.91	8959.61
2309.84	8940.29
2310.78	8925.05
2311.71	8912.75
2312.65	8902.87
2313.58	8896.33
2314.52	8893.53
2315.45	8888.52
2316.38	8875.72
2317.32	8861.95
2317.72	8856.3
2318.66	8853.04
2319.6	8849.36
2320.54	8851.26
2321.48	8848
2322.41	8841.65
2323.35	8832.63
2324.29	8820.37
2325.23	8810.15
2326.16	8798.33
2327.1	8799.69
2328.04	8803.87
2328.97	8810.58
2329.91	8810.16
2330.85	8805.31
2331.78	8797.22
2332.72	8787.93
2333.66	8775.25
2334.59	8759.21
2335.53	8741.06
2336.46	8722.4
2337.4	8704.13
2338.33	8687.44
2339.27	8676.39
2340.2	8679.14
2341.14	8679.13
2342.07	8685.64
2343.01	8687.7
2343.94	8683.47
2344.88	8673.32
2345.81	8653.61
2346.75	8638.55
2347.68	8623.24
2348.61	8602.89
2349.55	8589.09
2350.48	8583.49
2351.41	8575.92
2352.35	8580.24
2353.28	8586.17
2354.21	8594.15
2355.15	8603.8
2356.08	8615.51
2357.01	8608.89
2357.94	8599.21
2358.88	8587.75
2359.81	8575.45
2360.74	8562.59
2361.67	8551.27
2362.6	8539.16
2363.54	8527.51
2364.47	8515.81
2365.4	8504.74
2366.33	8495.36
2367.26	8489.58
2368.19	8496.55
2369.12	8507.57
2370.05	8507.24
2370.98	8503.1
2371.91	8496.56
2372.84	8491.93
2373.77	8486.22
2374.7	8479.92
2375.63	8473.14
2376.56	8465.6
2377.49	8457.5
2378.42	8448.8
2379.35	8439.62
2380.28	8431.37
2381.21	8427.31
2382.14	8427.88
2383.07	8427.1
2384	8426.53
2384.92	8425.3
2385.85	8417.37
2386.78	8408.83
2387.71	8397.64
2388.64	8384.45
2389.56	8368.75
2390.49	8354.88
2391.42	8347.18
2392.35	8341.69
2393.27	8345.93
2394.2	8348.89
2395.13	8350.6
2396.05	8352.29
2396.98	8353.11
2397.91	8355.97
2398.83	8357.52
2399.76	8358.67
2400.69	8354.81
2401.61	8336.31
2402.54	8321.6
2403.46	8308.74
2404.39	8298.03
2405.31	8288.78
2406.24	8280.49
2407.17	8273.97
2408.09	8269.18
2409.01	8265.79
2409.94	8263.98
2410.86	8262.59
2411.79	8261.56
2412.71	8250.97
2413.64	8240.58
2414.56	8226.82
2415.49	8211.73
2416.41	8197.63
2417.33	8184.34
2418.26	8178.7
2419.18	8173.71
2420.1	8161.3
2421.03	8146.17
2421.95	8113.61
2422.87	8113.8
2423.79	8123.8
2424.72	8142.08
2425.64	8142.9
2426.56	8123.9
2427.48	8110.52
2428.41	8096.93
2429.33	8084.14
2430.25	8072.65
2431.17	8063.89
2432.09	8056.64
2433.01	8050.91
2433.93	8046.6
2434.86	8042.59
2435.78	8033.79
2436.7	8025.29
2437.62	8016.15
2438.54	8006.02
2439.46	7994.98
2440.38	7982.78
2441.3	7969.79
2442.22	7956.47
2443.14	7943
2444.06	7932.06
2444.98	7921.18
2445.9	7916.3
2446.82	7910.34
2447.73	7905.64
2448.65	7901.5
2449.57	7894.62
2450.49	7885.17
2451.41	7875.97
2452.33	7867.28
2453.25	7859.38
2454.17	7851.61
2455.08	7849.86
2456	7845.73
2456.92	7842.03
2457.84	7830.87
2458.75	7811.1
2459.67	7792.4
2460.59	7777.75
2461.51	7776.83
2462.42	7793.02
2463.34	7908.04
2464.26	7764.19
2465.17	7744.6
2466.09	7730.9
2467	7766.59
2467.92	7786.52
2468.84	7768.83
2469.75	7748.41
2470.67	7729.27
2471.58	7711.17
2472.5	7695.5
2473.42	7686.25
2474.33	7684.71
2475.25	7679.88
2476.16	7677.38
2477.08	7677
2477.99	7676.21
2478.9	7673.91
2479.82	7668.44
2480.73	7659.88
2481.65	7653.22
2482.56	7646.6
2483.47	7639.98
2484.39	7635.12
2485.3	7631.14
2486.22	7628.84
2487.13	7626.82
2488.04	7624.3
2488.96	7619.64
2489.87	7612.36
2490.78	7604.14
2491.69	7594.14
2492.61	7582.69
2493.52	7570
2494.43	7556.91
2495.34	7549.76
2496.25	7552.2
2497.17	7561.29
2498.08	7565.82
2498.99	7569.74
2499.9	7568.27
2500.81	7558.61
2501.72	7541.73
2502.63	7509.25
2503.55	7504.24
2504.46	7540.27
2505.37	7538.68
2506.28	7530.27
2507.19	7517.91
2508.1	7509
2509.01	7501.33
2509.92	7492.68
2510.83	7484.44
2511.74	7477.19
2512.65	7470.98
2513.56	7465.86
2514.47	7462.13
2515.37	7461.39
2516.28	7463.59
2517.19	7465.95
2518.1	7469.47
2519.01	7471.69
2519.92	7472.62
2520.83	7472.13
2521.73	7466.35
2522.64	7460.23
2523.55	7449.96
2524.46	7435.92
2525.37	7422.8
2526.27	7411.74
2527.18	7410.02
2528.09	7407.2
2529	7409.73
2529.9	7402.82
2530.81	7387.17
2531.72	7372.33
2532.62	7359.68
2533.53	7349.35
2534.44	7340.49
2535.34	7336.01
2536.25	7337.85
2537.15	7339.79
2538.06	7344.17
2538.96	7329.77
2539.87	7314.86
2540.78	7303.31
2541.68	7301.31
2542.59	7311.92
2543.49	7303.26
2544.4	7293.15
2545.3	7284.16
2546.21	7275.66
2547.11	7268.24
2548.01	7262.08
2548.92	7258.12
2549.82	7249.78
2550.73	7256.3
2551.63	7266.69
2552.53	7299.96
2553.44	7254.43
2554.34	7207.29
2555.24	7171.25
2556.15	7189.33
2557.05	7182.47
2557.95	7175.14
2558.86	7167.97
2559.76	7158.11
2560.66	7149.23
2561.56	7138.44
2562.46	7127.58
2563.37	7115.99
2564.27	7104.19
2565.17	7092.58
2566.07	7082.01
2566.97	7073.94
2567.88	7067.95
2568.78	7066.87
2569.68	7070.7
2570.58	7078.81
2571.48	7078.6
2572.38	7068.29
2573.28	7061.5
2574.18	7044.25
2575.08	7034.53
2575.98	7022.95
2576.88	7022.77
2577.78	7024.27
2578.68	7030.22
2579.58	7036
2580.48	7028.49
2581.38	7015.51
2582.28	6998.78
2583.18	6978.17
2584.08	6955.93
2584.98	6936.8
2585.88	6932.76
2586.77	6926.5
2587.67	6930.81
2588.57	6936.16
2589.47	6944.02
2590.37	6938.52
2591.27	6928.27
2592.16	6914.56
2593.06	6895.41
2593.96	6871.56
2594.86	6861.22
2595.75	6857.23
2596.65	6869.85
2597.55	6880.88
2598.45	6869.88
2599.34	6849.59
2600.24	6826.19
2601.13	6809.89
2602.03	6800.29
2602.93	6794.54
2603.82	6805
2604.72	6804.05
2605.62	6803.61
2606.51	6799.98
2607.41	6789.75
2608.3	6778.27
2609.2	6764.04
2610.09	6751.2
2610.99	6742.97
2611.88	6742.08
2612.78	6743.88
2613.67	6743.85
2614.57	6743.21
2615.46	6742.66
2616.36	6741.28
2617.25	6739.4
2618.14	6736.54
2619.04	6731.85
2619.93	6725.74
2620.83	6718.44
2621.72	6709.6
2622.61	6699.21
2623.5	6686.67
2624.4	6672.48
2625.29	6654.7
2626.18	6639.21
2627.08	6625.93
2627.97	6616.02
2628.86	6614.77
2629.75	6614.68
2630.65	6614.73
2631.54	6614.13
2632.43	6611.95
2633.32	6607.56
2634.21	6594.97
2635.11	6574.34
2636	6553.15
2636.89	6534.42
2637.78	6525.64
2638.67	6516.62
2639.56	6509.71
2640.45	6504.71
2641.34	6502.44
2642.23	6502.17
2643.12	6503.13
2644.01	6501.68
2644.9	6494.16
2645.79	6466.27
2646.68	6437.34
2647.57	6428.81
2648.46	6418.39
2649.35	6408.53
2650.24	6399.62
2651.13	6393.05
2652.02	6388.39
2652.91	6388.59
2653.8	6392.75
2654.69	6397.28
2655.58	6397.61
2656.46	6393.87
2657.35	6387.44
2658.24	6375.66
2659.13	6364.46
2660.02	6359.68
2660.9	6355.78
2661.79	6352.26
2662.68	6348.97
2663.57	6345.15
2664.45	6340.69
2665.34	6335.43
2666.23	6329.74
2667.11	6323.37
2668	6316.64
2668.89	6309.61
2669.77	6302.58
2670.66	6295.71
2671.55	6289.45
2672.43	6283.53
2673.32	6278.23
2674.21	6273.64
2675.09	6269.48
2675.98	6264.95
2676.86	6259.48
2677.75	6251.13
2678.63	6238.5
2679.52	6225.97
2680.4	6216.77
2681.29	6210.47
2682.17	6206.49
2683.06	6205.2
2683.94	6206.09
2684.82	6196.46
2685.71	6181.54
2686.59	6165.53
2687.48	6144.85
2688.36	6128.27
2689.24	6117.7
2690.13	6112.24
2691.01	6110.85
2691.89	6112.7
2692.78	6117.27
2693.66	6112.35
2694.54	6100.76
2695.43	6091.64
2696.31	6087.39
2697.19	6085.08
2698.07	6083.54
2698.96	6083.31
2699.84	6083.44
2700.72	6082.97
2701.6	6080.02
2702.48	6060.69
2703.36	6040.92
2704.25	6021.22
2705.13	5999.61
2706.01	5988.74
2706.89	5987.94
2707.77	5992.13
2708.65	6009.83
2709.53	6026.41
2710.41	6032.53
2711.29	6020.52
2712.17	5994.55
2713.05	5979.57
2713.93	5966.3
2714.81	5957.25
2715.69	5948.82
2716.57	5940.38
2717.45	5932.82
2718.33	5925.54
2719.21	5920.01
2720.09	5914.59
2720.97	5909.71
2721.85	5903.3
2722.73	5878.73
2723.61	5865.16
2724.48	5849.11
2725.36	5887.46
2726.24	5875.94
2727.12	5866.76
2728	5859.08
2728.88	5851.9
2729.75	5844.19
2730.63	5835.13
2731.51	5831.81
2732.39	5836.98
2733.26	5834.39
2734.14	5829.7
2735.02	5827.38
2735.89	5815.63
2736.77	5815.22
2737.65	5821.84
2738.52	5825.38
2739.4	5825.81
2740.28	5822.95
2741.15	5816.55
2742.03	5806.86
2742.9	5794.23
2743.78	5782.89
2744.65	5769
2745.53	5752.01
2746.41	5743.89
2747.28	5746.64
2748.16	5750.54
2749.03	5760.11
2749.91	5764.73
2750.78	5767.11
2751.66	5755.27
2752.53	5740.81
2753.4	5725.95
2754.28	5710.5
2755.15	5696.62
2756.02	5685.05
2756.9	5678.04
2757.77	5680.94
2758.65	5684.91
2759.52	5688.12
2760.39	5690.48
2761.27	5691.01
2762.14	5694.18
2763.01	5684.36
2763.88	5672.09
2764.76	5657.26
2765.63	5644.25
2766.5	5633.63
2767.37	5626.13
2768.25	5623.15
2769.12	5622.94
2769.99	5623.33
2770.86	5624.37
2771.73	5625.12
2772.61	5625.51
2773.48	5625.09
2774.35	5621.72
2775.22	5617.36
2776.09	5610.58
2776.96	5602.97
2777.83	5589.9
2778.7	5577.01
2779.57	5564.45
2780.44	5553.5
2781.31	5548.83
2782.18	5544.7
2783.05	5541.06
2783.92	5537.84
2784.79	5535.21
2785.66	5533.35
2786.53	5532.45
2787.4	5532.5
2788.27	5539.03
2789.14	5539.29
2790.01	5526.3
2790.88	5505.72
2791.75	5479.82
2792.62	5463.33
2793.48	5455.75
2794.35	5447.28
2795.22	5440.8
2796.09	5436.1
2796.96	5433.08
2797.82	5425.54
2798.69	5417.19
2799.56	5407.31
2800.43	5397.35
2801.29	5389.91
2802.16	5394.85
2803.03	5434.1
2803.9	5428.99
2804.76	5416.85
2805.63	5405.12
2806.5	5393.69
2807.36	5382.47
2808.23	5371.77
2809.09	5360.9
2809.96	5356.27
2810.83	5364.05
2811.69	5380.28
2812.56	5404.37
2813.42	5436.35
2814.29	5372.93
2815.15	5349.29
2816.02	5344.16
2816.88	5337.1
2817.75	5335.8
2818.61	5333.31
2819.48	5331.51
2820.34	5329.21
2821.21	5326.39
2822.07	5322.41
2822.94	5317.86
2823.8	5312.91
2824.66	5308.02
2825.53	5303.37
2826.39	5308.48
2827.26	5307.68
2828.12	5306.5
2828.98	5297.64
2829.85	5290.58
2830.71	5278.99
2831.57	5264.08
2832.43	5257.53
2833.3	5257.14
2834.16	5258.47
2835.02	5266.27
2835.88	5265.92
2836.75	5259.19
2837.61	5247.58
2838.47	5237.03
2839.33	5222.59
2840.19	5201.77
2841.06	5188.94
2841.92	5185.79
2842.78	5185.27
2843.64	5186.77
2844.5	5185.99
2845.36	5185.29
2846.22	5183.87
2847.08	5181.68
2847.94	5178.79
2848.81	5175.15
2849.67	5170.73
2850.53	5165.52
2851.39	5159.32
2852.25	5152.17
2853.11	5144.03
2853.97	5135.94
2854.82	5129.36
2855.68	5131.75
2856.54	5132.15
2857.4	5132.75
2858.26	5131.96
2859.12	5126.93
2859.98	5119.34
2860.84	5107.63
2861.7	5096.26
2862.56	5091.18
2863.41	5088.88
2864.27	5087.01
2865.13	5086.17
2865.99	5085.73
2866.85	5087.47
2867.7	5086.1
2868.56	5081.15
2869.42	5073.77
2870.28	5057.89
2871.13	5052.31
2871.99	5048.52
2872.85	5046.37
2873.7	5045.97
2874.56	5047.41
2875.42	5050.71
2876.27	5056.98
2877.13	5057.53
2877.99	5042.87
2878.84	5028.88
2879.7	5017.74
2880.56	5006.62
2881.41	4996
2882.27	4987.51
2883.12	4979.98
2883.98	4973.82
2884.83	4968.76
2885.69	4964.6
2886.54	4960.76
2887.4	4956.08
2888.25	4951.6
2889.11	4947.38
2889.96	4942.51
2890.82	4941.49
2891.67	4943.97
2892.52	4947.85
2893.38	4946.98
2894.23	4943.08
2895.09	4938.93
2895.94	4931.94
2896.79	4923.87
2897.65	4913.07
2898.5	4899.73
2899.35	4878.39
2900.21	4858.33
2901.06	4846.82
2901.91	4842.69
2902.76	4846.33
2903.62	4863.13
2904.47	4868.35
2905.32	4872.54
2906.17	4869.45
2907.03	4861.45
2907.88	4846.69
2908.73	4836.6
2909.58	4827
2910.43	4819.81
2911.28	4815.47
2912.14	4814.93
2912.99	4818.14
2913.84	4821.92
2914.69	4821.97
2915.54	4815.66
2916.39	4812.13
2917.24	4797.06
2918.09	4781.62
2918.94	4769.79
2919.79	4764.09
2920.64	4759.74
2921.49	4752.85
2922.34	4747.15
2923.19	4741.88
2924.04	4727.49
2924.89	4715.69
2925.74	4711.2
2926.59	4709.1
2927.44	4708.43
2928.29	4709.78
2929.14	4704.35
2929.98	4698.72
2930.83	4693.29
2931.68	4687.8
2932.53	4682.73
2933.38	4677.42
2934.23	4675.89
2935.07	4673.2
2935.92	4669.29
2936.77	4664.44
2937.62	4651.74
2938.47	4639.81
2939.31	4640.17
2940.16	4642.17
2941.01	4643.4
2941.85	4643.12
2942.7	4640.44
2943.55	4637.09
2944.39	4632.45
2945.24	4626.4
2946.09	4619.2
2946.93	4610.82
2947.78	4602.54
2948.63	4595.04
2949.47	4588.5
2950.32	4582.49
2951.16	4576.14
2952.01	4570.1
2952.85	4563.87
2953.7	4557.96
2954.55	4552.34
2955.39	4547.18
2956.24	4543.1
2957.08	4539.92
2957.92	4537.59
2958.77	4536.06
2959.61	4535.31
2960.46	4535.44
2961.3	4535.62
2962.15	4535.2
2962.99	4534.02
2963.83	4531.13
2964.68	4526.3
2965.52	4519.42
2966.37	4511.61
2967.21	4502.79
2968.05	4493.84
2968.9	4484.36
2969.74	4473.96
2970.58	4463.74
2971.42	4456.36
2972.27	4449.76
2973.11	4444.26
2973.95	4440.33
2974.79	4437.72
2975.64	4436.48
2976.48	4436.56
2977.32	4438.08
2978.16	4440.21
2979	4438.2
2979.85	4437.58
2980.69	4435.12
2981.53	4428.99
2982.37	4415.65
2983.21	4388.56
2984.05	4384.62
2984.89	4392.07
2985.73	4428.22
2986.57	4437.22
2987.41	4432.39
2988.25	4412.82
2989.1	4395.19
2989.94	4382.56
2990.77	4373.09
2991.62	4364.99
2992.45	4358.62
2993.29	4354.09
2994.13	4351.46
2994.97	4350.39
2995.81	4351.17
2996.65	4350.45
2997.49	4356.43
2998.33	4319.22
2999.17	4363.56
