200.833	19943.1
202.102	19952.3
203.371	19900.2
204.639	19903
205.907	19892.2
207.175	19938.6
208.442	19960.1
209.71	19953.3
210.977	19958.5
212.244	19974.8
213.511	19996.9
214.777	20020.2
216.042	20042.9
217.309	20066.7
218.575	20092.8
219.84	20121
221.106	20151.7
222.371	20184.2
223.635	20218.4
224.9	20254.2
226.165	20291.8
227.429	20330.7
228.694	20371.7
229.956	20414.3
231.22	20458.8
232.484	20503.3
233.747	20546.3
235.011	20587.8
236.272	20626.5
237.535	20661.3
238.798	20692.9
240.06	20718.2
241.321	20742.6
242.583	20769
243.845	20805.9
245.105	20857.9
246.367	20898.5
247.628	20935.2
248.888	20965.4
250.149	20984.1
251.409	20958.1
252.67	20930.7
253.928	20924.2
255.189	20927.8
256.447	20941.9
257.707	20958.8
258.966	20990
260.224	21018.4
261.483	21038.2
262.742	21048.9
263.999	21051.6
265.257	21058
266.514	21065.3
267.772	21078.7
269.028	21094.5
270.286	21119.3
271.543	21147.1
272.799	21184.4
274.056	21227.8
275.311	21268.5
276.568	21297.8
277.823	21312.3
279.079	21323.2
280.333	21326.8
281.589	21339.9
282.843	21360.9
284.099	21382.3
285.352	21408.6
286.607	21439.5
287.86	21473.8
289.114	21499.8
290.368	21533.6
291.621	21565.1
292.875	21594.3
294.127	21618
295.38	21633.1
296.632	21640.7
297.884	21649.8
299.137	21658.7
300.388	21667.2
301.641	21676.3
302.891	21686.5
304.142	21699.1
305.394	21714.2
306.644	21731.1
307.894	21749.1
309.146	21766.1
310.395	21782.3
311.645	21793.3
312.895	21801.4
314.144	21807.2
315.393	21811.1
316.642	21813.1
317.892	21813.1
319.14	21829.7
320.388	21854.8
321.637	21888.4
322.885	21928.6
324.132	21950.3
325.38	21961.9
326.628	21960.8
327.875	21947.5
329.122	21944.6
330.368	21939.8
331.614	21956.4
332.862	22000.9
334.108	22049.2
335.353	22094
336.599	22122.9
337.844	22147.4
339.089	22155.2
340.335	22175.4
341.58	22195.3
342.824	22212.6
344.068	22230.8
345.312	22248.9
346.556	22266.6
347.8	22283.4
349.043	22299.7
350.286	22314.5
351.53	22328.7
352.774	22332.4
354.016	22339.6
355.259	22317.5
356.501	22294.2
357.743	22278.8
358.985	22271.6
360.227	22273.7
361.468	22285.7
362.709	22325.7
363.95	22349.8
365.191	22356.7
366.432	22340.6
367.672	22300.4
368.912	22281.6
370.152	22283.2
371.392	22292.4
372.632	22301.6
373.871	22324.1
375.11	22349.7
376.348	22390.5
377.587	22431.9
378.825	22468.1
380.064	22496.8
381.302	22516.2
382.54	22528.7
383.778	22533
385.016	22530.2
386.253	22517.1
387.489	22499.5
388.726	22508.7
389.963	22532.4
391.199	22571.3
392.436	22624.9
393.672	22730.4
394.907	22632.5
396.142	22660
397.378	22676.5
398.614	22679.2
399.849	22681
401.082	22686.1
402.317	22692.7
403.552	22700.2
404.786	22709
406.019	22719.7
407.253	22731.7
408.487	22745
409.721	22758.2
410.953	22766.2
412.186	22776.6
413.419	22786.2
414.651	22802
415.883	22814
417.116	22824.8
418.347	22825.3
419.579	22822.1
420.811	22805.8
422.041	22793.4
423.272	22787.9
424.504	22791.2
425.733	22793
426.964	22810.1
428.194	22826.7
429.424	22848
430.654	22866.8
431.883	22877.2
433.113	22904
434.341	22900.4
435.571	22884.3
436.799	22850.8
438.028	22802.8
439.257	22788.2
440.484	22796.6
441.713	22835.8
442.94	22872.2
444.168	22905.2
445.394	22933.8
446.622	22956.5
447.848	22976.2
449.076	22990
450.301	23000.1
451.528	23005
452.754	23005.9
453.979	23005.4
455.205	23005.5
456.43	23010.7
457.656	23017.9
458.88	23025.4
460.106	23032.2
461.33	23038.8
462.554	23040.4
463.779	23040.5
465.002	23039.5
466.225	23039.6
467.45	23046.6
468.672	23035.6
469.895	23018.4
471.119	23010.8
472.341	23004.8
473.563	23002.1
474.786	23002.3
476.008	23013.5
477.229	23028.4
478.452	23051
479.673	23064.5
480.894	23058.6
482.115	22933.1
483.337	22912.5
484.557	22908.4
485.777	22907
486.997	22911.2
488.218	22920
489.438	22940.1
490.657	22955.2
491.876	22966.6
493.096	22970.1
494.315	22962.8
495.533	22951.9
496.752	22942.5
497.97	22937.3
499.188	22935.3
500.407	22936.5
501.625	22941.1
502.842	22947.8
504.059	22956.9
505.276	22968.6
506.493	22980.1
507.71	22983.3
508.926	22979.7
510.142	22967.6
511.358	22948.8
512.575	22968
513.791	23141.4
515.006	23050.3
516.222	23021.1
517.437	23058.2
518.651	23086
519.866	23099.7
521.081	23104.9
522.295	23104.2
523.509	23097.8
524.723	23083.8
525.937	23082.6
527.15	23055.7
528.363	23090.7
529.576	23162.4
530.789	23169
532.002	23168.2
533.215	23158.5
534.426	23143.7
535.638	23141.5
536.85	23151
538.061	23171.7
539.273	23185.6
540.484	23207.1
541.695	23237.9
542.906	23242
544.117	23235.1
545.327	23227.9
546.537	23222.4
547.747	23221
548.957	23227.3
550.167	23231.5
551.377	23235
552.585	23235.8
553.794	23233.2
555.003	23226.6
556.212	23224.4
557.421	23223.1
558.628	23222.4
559.836	23221.4
561.044	23221.2
562.252	23221.3
563.458	23221.4
564.666	23221.7
565.873	23221.9
567.08	23222.3
568.286	23227.2
569.493	23233
570.699	23245.5
571.904	23242.4
573.111	23223.8
574.317	23204.5
575.521	23189.7
576.727	23184
577.932	23181.5
579.136	23181.6
580.341	23183.2
581.544	23187.1
582.749	23192.8
583.954	23193.3
585.156	23200.6
586.361	23211.2
587.563	23224
588.767	23238.8
589.97	23251.4
591.172	23260.9
592.375	23263.5
593.577	23264.8
594.78	23264
595.981	23258.8
597.183	23257.1
598.384	23263.9
599.586	23252.9
600.786	23244.5
601.988	23224.6
603.188	23208.5
604.389	23205.3
605.589	23196.5
606.79	23201.8
607.989	23209.8
609.188	23212.2
610.389	23205.1
611.587	23191.1
612.787	23170.1
613.986	23128.5
615.184	23092
616.383	23076.7
617.581	23067.9
618.78	23060.8
619.977	23055.4
621.174	23040.4
622.373	23026.1
623.57	23012.1
624.766	23002.2
625.964	22991
627.16	22985.8
628.356	22982
629.554	22970.7
630.749	22948.3
631.945	22901.8
633.14	22866.5
634.337	22844.5
635.532	22884.1
636.726	22886.1
637.921	22886.5
639.117	22886.7
640.311	22884.7
641.505	22881.5
642.699	22878.3
643.892	22873.4
645.087	22868
646.28	22860.6
647.473	22852.4
648.666	22843.5
649.859	22836.6
651.051	22849
652.245	22857.9
653.437	22858.7
654.629	22864.4
655.821	22870.5
657.012	22878.4
658.204	22886.7
659.395	22895.6
660.586	22904.1
661.777	22912.3
662.967	22919.4
664.158	22918.3
665.349	22918.8
666.539	22921
667.729	22926.1
668.919	22934.6
670.109	22946.6
671.298	22956.1
672.487	22962.6
673.676	22969.8
674.865	22975.1
676.053	22977.5
677.242	22974.4
678.43	22966.4
679.616	22952.8
680.804	22921.1
681.992	22928.5
683.179	22937
684.366	22945.2
685.554	22953.9
686.74	22956.3
687.927	22952.6
689.114	22943.9
690.3	22932.4
691.486	22918.8
692.671	22902.8
693.856	22885.7
695.042	22865.8
696.227	22843.8
697.413	22821.4
698.598	22820.8
699.781	22830.1
700.966	22830.9
702.15	22825.7
703.334	22829.8
704.518	22819.1
705.701	22796
706.885	22768.5
708.068	22729.1
709.252	22695.4
710.433	22673.8
711.616	22663
712.799	22670.1
713.98	22686.2
715.163	22710.9
716.345	22712.5
717.527	22706.2
718.707	22696.1
719.889	22679.1
721.071	22652.1
722.25	22643.3
723.432	22668.3
724.611	22692.2
725.792	22711.3
726.972	22717.1
728.151	22703.5
729.332	22669.5
730.512	22649.8
731.69	22642.3
732.87	22647
734.048	22663.3
735.227	22678.2
736.405	22715.2
737.584	22736.2
738.761	22757.7
739.94	22762
741.117	22759.2
742.295	22754.9
743.471	22754.2
744.649	22756.9
745.825	22767.3
747.003	22772.1
748.179	22768.1
749.356	22768.5
750.531	22763.3
751.708	22751
752.883	22750.6
754.059	22756.4
755.234	22770.6
756.409	22791
757.585	22805.1
758.759	22808.5
759.934	22801.2
761.108	22795.6
762.282	22786.6
763.456	22774.3
764.63	22760.1
765.803	22742
766.977	22722.3
768.15	22701.1
769.323	22681.4
770.496	22704.1
771.668	22707.7
772.841	22685
774.014	22665.2
775.185	22646.6
776.357	22629.9
777.528	22616.6
778.701	22606.9
779.872	22604.2
781.042	22603.2
782.213	22594.5
783.383	22578.8
784.555	22555.3
785.725	22527.6
786.895	22486.4
788.064	22432.5
789.234	22400.3
790.404	22392
791.573	22409.4
792.742	22441.5
793.911	22466.5
795.08	22491.2
796.248	22459.8
797.416	22441.3
798.584	22413.7
799.753	22375
800.921	22340.9
802.088	22322.7
803.256	22318.9
804.423	22331.9
805.59	22346.8
806.756	22372
807.923	22402.2
809.089	22418.6
810.256	22416.2
811.422	22398.9
812.587	22383.1
813.753	22376.2
814.918	22375.4
816.084	22385.3
817.249	22395.8
818.414	22413.7
819.578	22431.1
820.743	22446.1
821.907	22456.4
823.072	22460.2
824.236	22461.5
825.399	22458.4
826.562	22450.5
827.725	22438.6
828.889	22421.7
830.052	22400.5
831.215	22375
832.377	22348.7
833.54	22356.1
834.701	22366.3
835.863	22385.3
837.025	22411.9
838.187	22423.1
839.349	22428.8
840.51	22409.1
841.67	22400.3
842.831	22404
843.992	22439
845.153	22439.8
846.312	22430.7
847.473	22427.4
848.633	22417.3
849.793	22401.1
850.951	22378.7
852.111	22347.5
853.27	22305.2
854.428	22233.9
855.588	22336.3
856.747	22359.6
857.904	22373.3
859.063	22315.2
860.221	22254.1
861.378	22192.8
862.536	22188.4
863.694	22185.4
864.85	22196.4
866.008	22147.4
867.164	22111.8
868.321	22085.4
869.478	22067.7
870.633	22055.5
871.79	22063.2
872.945	22069
874.101	22074.1
875.256	22075
876.412	22067.6
877.566	22048.6
878.722	22018.8
879.876	21995.4
881.031	21974.9
882.185	21959.2
883.34	21946.7
884.493	21936.7
885.647	21928.7
886.8	21922.5
887.954	21918.1
889.107	21915.2
890.261	21913.5
891.413	21912.6
892.565	21910.6
893.718	21910.6
894.87	21889.4
896.023	21871.8
897.174	21850.1
898.326	21840.6
899.478	21844.1
900.629	21861.6
901.779	21882.3
902.931	21892.2
904.081	21904.2
905.231	21905.8
906.383	21886.5
907.532	21880
908.682	21873.6
909.831	21878.8
910.982	21890.1
912.131	21902.7
913.28	21912.2
914.429	21930.6
915.578	21941.3
916.727	21942.9
917.875	21937.6
919.023	21912.5
920.171	21933.8
921.32	21958.3
922.467	21959.7
923.614	21951.6
924.761	21938.6
925.908	21936.2
927.055	21931.9
928.203	21928.1
929.349	21924.9
930.496	21923.9
931.642	21924.9
932.787	21925.9
933.933	21925.3
935.079	21922.2
936.224	21917.1
937.369	21910.4
938.514	21902.3
939.659	21891.8
940.804	21877.8
941.948	21860.8
943.092	21841.1
944.236	21820
945.38	21798.2
946.524	21775.7
947.667	21751.6
948.811	21726.6
949.954	21718.6
951.097	21710.6
952.24	21702.4
953.383	21693.6
954.525	21682
955.667	21666
956.81	21643.6
957.952	21631.8
959.093	21624
960.235	21619.3
961.376	21621.7
962.516	21617.7
963.658	21608.2
964.798	21591.8
965.939	21595.2
967.08	21600.4
968.22	21601.8
969.359	21597.4
970.499	21585.6
971.639	21558.4
972.779	21531.3
973.918	21510.9
975.056	21496.5
976.195	21489.7
977.334	21503.6
978.473	21517.2
979.61	21526.8
980.749	21532.9
981.887	21535.1
983.024	21534.3
984.162	21530.7
985.3	21525
986.437	21520.6
987.573	21526.3
988.711	21543.9
989.848	21633.4
990.983	21597.3
992.12	21571.5
993.255	21572.2
994.392	21572.2
995.528	21565.1
996.662	21556.9
997.798	21549.3
998.933	21542.2
1000.07	21534.9
1001.2	21528.2
1002.34	21522
1003.47	21518.1
1004.61	21515.3
1005.74	21514.5
1006.87	21509
1008.01	21500.3
1009.14	21490.7
1010.27	21481.7
1011.41	21473
1012.54	21465.9
1013.67	21457
1014.81	21489.1
1015.94	21552.3
1017.07	21581.9
1018.2	21586.4
1019.33	21515.2
1020.47	21475.1
1021.6	21454.2
1022.73	21429.3
1023.86	21407.4
1024.99	21391.8
1026.12	21380.4
1027.25	21370.7
1028.38	21363.3
1029.51	21357.6
1030.64	21353.3
1031.77	21347.3
1032.9	21341.9
1034.03	21336.6
1035.16	21328.6
1036.29	21299.3
1037.42	21275.2
1038.55	21254.8
1039.67	21239.9
1040.8	21223
1041.93	21206.8
1043.06	21190.5
1044.19	21174.5
1045.31	21159.6
1046.44	21150.9
1047.57	21146.8
1048.69	21147.9
1049.82	21144.7
1050.95	21138
1052.08	21127.9
1053.2	21114.8
1054.33	21098.3
1055.45	21079
1056.58	21056.5
1057.7	21030.3
1058.83	21000.9
1059.95	20980.6
1061.08	20970.1
1062.2	20982.8
1063.33	20977.9
1064.45	20973.2
1065.58	20966.3
1066.7	20958.1
1067.83	20947.7
1068.95	20934.8
1070.07	20922.5
1071.2	20920.2
1072.32	20933.7
1073.44	20937.1
1074.56	20940.8
1075.69	20944.1
1076.81	20947.3
1077.93	20954.1
1079.05	20961.3
1080.17	20968.4
1081.3	20974.1
1082.42	20976.8
1083.54	20978.1
1084.66	20976.8
1085.78	20973.9
1086.9	20966.1
1088.02	20960.5
1089.14	20989.4
1090.26	21003.4
1091.38	21008.4
1092.5	21001.5
1093.62	20991.3
1094.74	20980.1
1095.86	20967.1
1096.98	20953.6
1098.1	20944.5
1099.22	20938.4
1100.34	20934.3
1101.45	20930.2
1102.57	20924.2
1103.69	20916
1104.81	20908.1
1105.93	20899.8
1107.04	20890.3
1108.16	20879.4
1109.28	20866.5
1110.4	20851
1111.51	20833.3
1112.63	20813.6
1113.75	20792.3
1114.86	20771.5
1115.98	20757
1117.09	20738
1118.21	20718.6
1119.32	20663.5
1120.44	20603.7
1121.55	20626.8
1122.67	20679
1123.78	20693
1124.9	20694.5
1126.01	20673.8
1127.13	20647.3
1128.24	20624.3
1129.35	20602
1130.47	20575.3
1131.58	20550.4
1132.7	20526
1133.81	20503.1
1134.92	20482.1
1136.03	20465.5
1137.15	20453.6
1138.26	20434.1
1139.37	20417.3
1140.48	20397.2
1141.59	20374.6
1142.71	20355.4
1143.82	20340.1
1144.93	20339.8
1146.04	20345.6
1147.15	20368
1148.26	20370.2
1149.37	20358.3
1150.48	20337.4
1151.59	20309.4
1152.7	20285.5
1153.81	20258.8
1154.92	20230.6
1156.03	20202
1157.14	20170.7
1158.25	20143.9
1159.36	20123.8
1160.47	20111.1
1161.58	20114.8
1162.68	20122.6
1163.79	20135.7
1164.9	20147.1
1166.01	20126.7
1167.12	20136.8
1168.22	20147.4
1169.33	20170.1
1170.44	20187
1171.55	20206.7
1172.65	20212.9
1173.76	20209.4
1174.87	20193.1
1175.97	20172.5
1177.08	20156.3
1178.18	20151.4
1179.29	20153.2
1180.4	20160.3
1181.5	20172.3
1182.61	20186.4
1183.71	20144.6
1184.82	20139.6
1185.92	20139.7
1187.02	20131
1188.13	20142.8
1189.23	20167.4
1190.34	20191.7
1191.44	20209.8
1192.54	20218.3
1193.65	20219.6
1194.75	20215.9
1195.85	20200.3
1196.96	20178.5
1198.06	20148.7
1199.16	20124.5
1200.26	20147.1
1201.37	20171.9
1202.47	20187.2
1203.57	20204.5
1204.67	20206.5
1205.77	20199.3
1206.87	20189.7
1207.97	20179.2
1209.08	20167.5
1210.18	20155.6
1211.28	20142.1
1212.38	20129.2
1213.48	20117.7
1214.58	20107.3
1215.68	20104.7
1216.78	20109.3
1217.88	20113.7
1218.98	20112
1220.07	20105.7
1221.17	20094.4
1222.27	20078.6
1223.37	20058.7
1224.47	20036.8
1225.57	20011.3
1226.66	19992.5
1227.76	19976.5
1228.86	19971.3
1229.96	19964.1
1231.06	19950.2
1232.15	19932.3
1233.25	19913.3
1234.35	19887.2
1235.44	19857.9
1236.54	19835.2
1237.63	19818.7
1238.73	19809.9
1239.83	19813.1
1240.92	19818.5
1242.02	19819.8
1243.11	19813.8
1244.21	19806.7
1245.3	19791.4
1246.4	19791.5
1247.49	19787.1
1248.59	19778.9
1249.68	19764.3
1250.78	19746.8
1251.87	19721.3
1252.96	19702
1254.06	19696
1255.15	19695.9
1256.24	19698.5
1257.34	19702.1
1258.43	19706.7
1259.52	19711.7
1260.62	19710.1
1261.71	19704.3
1262.8	19698.2
1263.89	19691.8
1264.98	19685.1
1266.08	19678
1267.17	19670.2
1268.26	19661.7
1269.35	19653.1
1270.44	19645.2
1271.53	19636.9
1272.62	19636.7
1273.71	19655.3
1274.8	19673
1275.89	19696
1276.98	19721.7
1278.07	19748.7
1279.16	19755.6
1280.25	19752.3
1281.34	19734.6
1282.43	19702.5
1283.52	19695.1
1284.61	19696.9
1285.69	19688.8
1286.78	19701.3
1287.87	19686
1288.96	19665.8
1290.05	19662.9
1291.13	19656.8
1292.22	19660
1293.31	19665.8
1294.4	19678.5
1295.48	19692
1296.57	19701.6
1297.66	19703.8
1298.74	19696.1
1299.83	19690.5
1300.92	19683.6
1302	19675.9
1303.09	19669.9
1304.17	19663.7
1305.26	19656.6
1306.34	19648.7
1307.43	19639.4
1308.51	19640.2
1309.6	19648.7
1310.68	19651.4
1311.76	19648.8
1312.85	19617.7
1313.93	19603.5
1315.02	19598.3
1316.1	19594.5
1317.18	19600.7
1318.27	19608.3
1319.35	19600.9
1320.43	19584.2
1321.52	19562.6
1322.6	19547.3
1323.68	19536.3
1324.76	19527.5
1325.85	19519
1326.93	19514.2
1328.01	19515.9
1329.09	19514.4
1330.17	19510.4
1331.25	19486.3
1332.33	19440.2
1333.41	19410.5
1334.49	19390.2
1335.58	19399.1
1336.65	19401.5
1337.74	19403.6
1338.82	19402.5
1339.89	19396.7
1340.97	19389.3
1342.05	19372.9
1343.13	19364.9
1344.21	19356
1345.29	19359.6
1346.37	19364.8
1347.45	19372.3
1348.53	19379.3
1349.6	19377.7
1350.68	19359.8
1351.76	19337.8
1352.84	19322.3
1353.92	19312
1354.99	19301.1
1356.07	19292.6
1357.15	19287.4
1358.22	19283.6
1359.3	19283.5
1360.38	19292.7
1361.45	19301.6
1362.53	19314.1
1363.61	19330.3
1364.68	19343.8
1365.76	19353.9
1366.83	19363.5
1367.91	19360.5
1368.98	19345.5
1370.06	19332.6
1371.13	19320.6
1372.21	19308.2
1373.28	19295.1
1374.35	19278
1375.43	19266.9
1376.5	19259.1
1377.58	19254.7
1378.65	19256
1379.72	19256.3
1380.8	19256.2
1381.87	19261.6
1382.94	19254.2
1384.01	19239.8
1385.09	19222.3
1386.16	19210.8
1387.23	19201.7
1388.3	19193.6
1389.38	19186.7
1390.45	19180
1391.52	19173.3
1392.59	19168.7
1393.66	19163.3
1393.92	19160.6
1395	19154.1
1396.07	19148.2
1397.15	19143.1
1398.22	19138.6
1399.3	19133.9
1400.38	19129.7
1401.45	19125.9
1402.53	19122.4
1403.6	19119.5
1404.68	19117.2
1405.75	19116.4
1406.82	19116.3
1407.9	19121.1
1408.97	19128.4
1410.05	19136.8
1411.12	19138.8
1412.19	19118.7
1413.27	19082.9
1414.34	19041.9
1415.41	19006.8
1416.49	18988.8
1417.56	18969.6
1418.63	18948.9
1419.7	18975.9
1420.78	19016.2
1421.85	18995.2
1422.92	18976.2
1423.99	18933.5
1425.06	18921.1
1426.14	18920.8
1427.21	18913.8
1428.28	18901.6
1429.35	18887.5
1430.42	18880
1431.49	18864.4
1432.56	18851.9
1433.63	18861.5
1434.7	18871.3
1435.77	18873.7
1436.84	18867.6
1437.91	18866.5
1438.98	18857.2
1440.05	18850.2
1441.12	18844.2
1442.18	18849.6
1443.25	18860.8
1444.32	18872.6
1445.39	18875.3
1446.46	18872.9
1447.53	18867.1
1448.59	18858.4
1449.66	18849.3
1450.73	18835.4
1451.8	18818.8
1452.86	18802.6
1453.93	18788.7
1455	18778.1
1456.06	18770.2
1457.13	18769.5
1458.2	18772.8
1459.26	18780.5
1460.33	18791.9
1461.39	18809.4
1462.46	18805.6
1463.52	18794.1
1464.59	18775.5
1465.65	18752.8
1466.72	18736.1
1467.78	18717.1
1468.85	18738.2
1469.91	18774.2
1470.98	18777
1472.04	18766.3
1473.1	18725.7
1474.17	18690.9
1475.23	18705.9
1476.3	18712.3
1477.36	18719.6
1478.42	18725.6
1479.48	18734
1480.55	18742.5
1481.61	18729.6
1482.67	18713.2
1483.73	18694.4
1484.8	18668.1
1485.86	18645.7
1486.92	18634.9
1487.98	18640.1
1489.04	18651.3
1490.1	18655.1
1491.17	18652.8
1492.23	18633
1493.29	18612.7
1494.35	18584.8
1495.41	18552.4
1496.47	18533.6
1497.53	18523.7
1498.59	18520.2
1499.65	18521.4
1500.71	18529.5
1501.77	18544.9
1502.83	18554.9
1503.88	18543.4
1504.94	18525.4
1506	18503.9
1507.06	18489.7
1508.12	18475.8
1509.18	18464
1510.23	18453.1
1511.29	18444.9
1512.35	18437.8
1513.41	18431.9
1514.47	18425
1515.52	18410.2
1516.58	18396.8
1517.64	18386.6
1518.69	18380.7
1519.75	18377.7
1520.81	18375.8
1521.86	18375.2
1522.92	18367.1
1523.97	18352.4
1525.03	18332
1526.08	18297.8
1527.14	18283.5
1528.2	18271.3
1529.25	18262.2
1530.31	18259.2
1531.36	18247.2
1532.42	18237.6
1533.47	18224.8
1534.52	18210.1
1535.58	18196.7
1536.63	18187.3
1537.69	18189.6
1538.74	18191.5
1539.79	18192.8
1540.84	18194.2
1541.9	18197
1542.95	18199
1544	18198.8
1545.06	18197.3
1546.11	18195.7
1547.16	18187.5
1548.21	18172.5
1549.27	18151.3
1550.32	18127.7
1551.37	18120.5
1552.42	18119.2
1553.47	18123
1554.52	18131.8
1555.57	18145.1
1556.62	18163.1
1557.67	18183.2
1558.72	18187.5
1559.77	18164.8
1560.82	18146.2
1561.87	18133.4
1562.92	18126.5
1563.97	18126.2
1565.02	18127.5
1566.07	18138.7
1567.12	18159.6
1568.17	18173
1569.22	18178.2
1570.27	18153.9
1571.32	18141.8
1572.36	18131.8
1573.41	18124.7
1574.46	18119.9
1575.51	18114.9
1576.56	18110.5
1577.6	18106.4
1578.65	18101.4
1579.7	18096.9
1580.74	18098.8
1581.79	18111.9
1582.84	18115.5
1583.88	18108.6
1584.93	18091.3
1585.98	18071.3
1587.02	18059.9
1588.07	18049.7
1589.11	18040.9
1590.16	18034.4
1591.2	18029.9
1592.25	18026.4
1593.29	18023.2
1594.34	18014
1595.38	17998.9
1596.43	17977.5
1597.47	17947.6
1598.52	17919.5
1599.56	17891.2
1600.6	17879.5
1601.65	17868
1602.69	17857.7
1603.73	17848.6
1604.78	17842.5
1605.82	17837.4
1606.86	17830.4
1607.91	17822.1
1608.95	17809.7
1609.99	17789.8
1611.03	17751.7
1612.08	17738.2
1613.12	17739
1614.16	17747.1
1615.2	17764.6
1616.24	17758.7
1617.28	17711.1
1618.32	17652.8
1619.36	17653
1620.41	17665.6
1621.45	17654.4
1622.49	17654.7
1623.53	17599.1
1624.57	17572.7
1625.61	17552.6
1626.65	17535.9
1627.69	17524.5
1628.73	17517.9
1629.76	17516.6
1630.8	17515.6
1631.84	17511.7
1632.88	17506.8
1633.92	17498.8
1634.96	17487.5
1636	17468
1637.03	17449.7
1638.07	17431.2
1639.11	17415.9
1640.15	17409
1641.19	17405
1642.22	17402.9
1643.26	17404.3
1644.3	17409.3
1645.33	17412.4
1646.37	17402.6
1647.41	17379.8
1648.44	17363.3
1649.48	17346.4
1650.52	17329.5
1651.55	17314.1
1652.59	17302.3
1653.62	17304.9
1654.66	17308.1
1655.69	17308.1
1656.73	17304.2
1657.76	17295.8
1658.8	17284.7
1659.83	17270.1
1660.87	17253.5
1661.9	17235.3
1662.93	17217.6
1663.97	17212.3
1665	17206.9
1666.04	17204.8
1667.07	17204
1668.1	17203.4
1669.14	17202.2
1670.17	17194.8
1671.2	17187.2
1672.23	17178.2
1673.27	17168.8
1674.3	17156.7
1675.33	17143
1676.36	17131.6
1677.39	17124.6
1678.43	17141.5
1679.46	17169.6
1680.49	17148.4
1681.52	17109.4
1682.55	17087.3
1683.58	17072.8
1684.61	17053.6
1685.64	17040.5
1686.67	17031.9
1687.7	17029.3
1688.73	17033.4
1689.76	17047.2
1690.79	17063.6
1691.82	17068.7
1692.85	17070.1
1693.88	17065.7
1694.91	17054.9
1695.94	17038.2
1696.97	17016.1
1698	16988.9
1699.02	16959.1
1700.05	16939.7
1701.08	16938.3
1702.11	16936.6
1703.14	16933.1
1704.16	16926.4
1705.19	16917
1706.22	16903.9
1707.25	16887.9
1708.27	16870.4
1709.3	16851.3
1710.33	16835.1
1711.35	16816.6
1712.38	16805.6
1713.41	16798.4
1714.43	16791.5
1715.46	16782.1
1716.48	16768.6
1717.51	16754
1718.53	16738
1719.56	16722.5
1720.58	16707
1721.61	16695.4
1722.63	16684
1723.66	16683.6
1724.68	16699.5
1725.71	16686.5
1726.73	16666.4
1727.75	16641.5
1728.78	16629
1729.8	16621.5
1730.83	16617.2
1731.85	16618.9
1732.87	16616.5
1733.89	16611.2
1734.92	16602.1
1735.94	16588.9
1736.96	16572
1737.98	16562.7
1739.01	16555.1
1740.03	16550.3
1741.05	16543.6
1742.07	16531.2
1743.09	16519.5
1744.12	16492.1
1745.14	16467.8
1746.16	16446.9
1747.18	16429.7
1748.2	16417.6
1749.22	16409.8
1750.24	16408
1751.26	16411.6
1752.28	16424.6
1753.3	16403.2
1754.32	16387.8
1755.34	16378.9
1756.36	16376.1
1757.38	16383.4
1758.4	16377
1759.42	16365.1
1760.44	16350.4
1761.45	16335.3
1762.47	16305.7
1763.49	16279.9
1764.51	16261.1
1765.53	16248.4
1766.55	16243.1
1767.56	16243.9
1768.58	16252.2
1769.6	16255
1770.61	16251.9
1771.63	16233.5
1772.65	16219.3
1773.67	16208.2
1774.68	16200.2
1775.7	16192.7
1776.72	16197.9
1777.73	16200.3
1778.75	16187.3
1779.76	16169.8
1780.78	16146.5
1781.79	16121.4
1782.81	16105.9
1783.83	16090
1784.84	16076.3
1785.85	16065.8
1786.87	16059
1787.88	16059.6
1788.9	16092.9
1789.91	16123.6
1790.93	16095.2
1791.94	16068.3
1792.95	16040.7
1793.97	16012
1794.98	15981.1
1796	15948.7
1797.01	15921.4
1798.02	15923.4
1799.03	15936.5
1800.05	15943.5
1801.06	15937
1802.07	15888.6
1803.08	15880.1
1804.1	15873.8
1805.11	15865.5
1806.12	15855.2
1807.13	15841.3
1808.14	15824.5
1809.15	15804.7
1810.17	15782.6
1811.18	15777.6
1812.19	15781.3
1813.2	15773.5
1814.21	15763.2
1815.22	15746.5
1816.23	15720.5
1817.24	15692.3
1818.25	15679
1819.26	15668.8
1820.27	15659.4
1821.28	15649.8
1822.29	15639.5
1823.3	15628.8
1824.3	15618.1
1825.31	15606.8
1826.32	15594.1
1827.33	15580.4
1828.34	15564.2
1829.35	15557
1830.35	15554.8
1831.36	15540.7
1832.37	15497.4
1833.38	15482.4
1834.38	15468.4
1835.39	15454.3
1836.4	15443.2
1837.41	15434.4
1838.41	15427.7
1839.42	15422.5
1840.43	15418.6
1841.43	15412.4
1842.44	15409.3
1843.44	15405.9
1844.45	15398.7
1845.46	15374.5
1846.46	15326.1
1847.47	15301.6
1848.47	15316.1
1849.48	15321.8
1850.48	15310.5
1851.49	15291.3
1852.49	15265.3
1853.49	15242.3
1854.5	15221.6
1855.5	15203.4
1856.51	15189.3
1857.51	15178.3
1858.51	15170.3
1859.52	15166
1860.52	15164.8
1861.52	15166.7
1862.53	15170.3
1863.53	15172.1
1864.53	15172.7
1865.54	15170.9
1866.54	15167.2
1867.54	15164.7
1868.54	15159.6
1869.54	15142.7
1870.55	15109.8
1871.55	15085.1
1872.55	15064.8
1873.55	15046.7
1874.55	15031.7
1875.55	15025.2
1876.55	15019.3
1877.55	15013.6
1878.55	15005.7
1879.55	14991.9
1880.56	14977.1
1881.55	14960.2
1882.56	14941.2
1883.55	14920.2
1884.55	14898.7
1885.55	14885.7
1886.55	14888.3
1887.55	14894.6
1888.55	14904.1
1889.55	14914.3
1890.55	14929.9
1891.55	14922
1892.55	14901.4
1893.54	14845.3
1894.54	14811.4
1895.54	14785.5
1896.54	14769.4
1897.54	14769.6
1898.53	14777.4
1899.53	14781.1
1900.53	14781.3
1901.52	14760.7
1902.52	14740.7
1903.52	14720.6
1904.51	14702.5
1905.51	14688.1
1906.51	14689.9
1907.5	14687.1
1908.5	14678.7
1909.49	14664.2
1910.49	14644.5
1911.49	14614.3
1912.48	14588.9
1913.48	14572
1914.47	14563.9
1915.46	14565.2
1916.46	14576.4
1917.45	14581.4
1918.45	14569.2
1919.44	14563.2
1920.44	14530.4
1921.43	14496.1
1922.43	14467.8
1923.42	14445.2
1924.41	14433.6
1925.41	14442.4
1926.4	14450.8
1927.39	14457.4
1928.38	14461.9
1929.38	14463.6
1930.37	14447.7
1931.36	14434.9
1932.35	14410.2
1933.35	14373.5
1934.34	14341.3
1935.33	14320.6
1936.32	14300.7
1937.31	14287.7
1938.3	14272.7
1939.29	14256.7
1940.29	14241.5
1941.28	14226.7
1942.27	14212.4
1943.26	14197.4
1944.25	14184.3
1945.24	14173.4
1946.23	14169
1947.22	14168.5
1948.21	14172.1
1949.2	14180.1
1950.19	14157.8
1951.18	14140.5
1952.17	14103.8
1953.16	14072.4
1954.14	14041.1
1955.13	14019.9
1956.12	14009.8
1957.11	14017.7
1958.1	14027
1959.09	14037.8
1960.07	14050.4
1961.06	14061.2
1962.05	13994.7
1963.04	13933.1
1964.02	13913.4
1965.01	13910.6
1966	13915.1
1966.99	13911.3
1967.97	13909.8
1968.96	13909.1
1969.95	13907.3
1970.93	13904.4
1971.92	13900.2
1972.9	13894.9
1973.89	13887.7
1974.88	13878.2
1975.86	13864.9
1976.85	13847.7
1977.83	13827.4
1978.82	13807.7
1979.8	13790.4
1980.79	13775.8
1981.77	13773.5
1982.76	13773.4
1983.74	13777.7
1984.72	13783
1985.71	13786
1986.69	13771.7
1987.67	13754.4
1988.66	13731.2
1989.64	13707.4
1990.62	13693.3
1991.61	13690.7
1992.59	13678.3
1993.57	13674.6
1994.56	13677.5
1995.54	13754.4
1996.52	13576.7
1997.5	13582.4
1998.49	13573.1
1999.47	13571.1
2000.45	13579.8
2001.43	13589.7
2002.41	13591.6
2003.39	13586.3
2004.38	13571.7
2005.36	13548.4
2006.34	13515.8
2007.32	13473.3
2008.3	13418.6
2009.28	13402.8
2010.26	13405.9
2011.24	13409.6
2012.22	13411.1
2013.2	13408.6
2014.18	13405.7
2015.16	13401.2
2016.14	13401.3
2017.12	13398.9
2018.1	13390.9
2019.07	13364.8
2020.05	13321.5
2021.03	13267.2
2022.01	13282.6
2022.99	13285.2
2023.97	13286
2024.95	13283.3
2025.92	13276.3
2026.9	13263.3
2027.88	13245.1
2028.86	13222.9
2029.83	13196
2030.81	13168.9
2031.79	13160.1
2032.76	13149.3
2033.74	13139.3
2034.72	13130.3
2035.69	13122.5
2036.67	13114.9
2037.65	13107.7
2038.62	13101.2
2039.6	13094.9
2040.57	13088.9
2041.55	13082.3
2042.52	13073.8
2043.5	13063.3
2044.47	13046.4
2045.45	13018.7
2046.42	12993.9
2047.4	12970.3
2048.37	12950.7
2049.35	12927.1
2050.32	12909.5
2051.29	12898.8
2052.27	12894.1
2053.24	12892.4
2054.21	12890.2
2055.19	12884.6
2056.16	12874.6
2057.13	12842.9
2058.11	12828.5
2059.08	12810
2060.05	12800.7
2061.02	12787.8
2062	12783.5
2062.97	12772.8
2063.94	12764.1
2064.91	12745.3
2065.89	12728
2066.86	12705.9
2067.83	12690.1
2068.8	12677.5
2069.77	12668.4
2070.74	12663.2
2071.71	12656
2072.68	12646.7
2073.65	12635.1
2074.62	12619.2
2075.59	12601
2076.56	12583.1
2077.53	12562.7
2078.5	12547.3
2079.47	12534
2080.44	12522.7
2081.41	12512.8
2082.38	12504.8
2083.35	12496.6
2084.32	12483.3
2085.29	12459
2086.26	12438.8
2087.23	12432.5
2088.19	12428.9
2089.16	12424.7
2090.13	12418.7
2091.1	12410.1
2092.07	12399.5
2093.03	12378.4
2094	12361
2094.97	12347.1
2095.94	12336.9
2096.9	12333.6
2097.87	12334
2098.84	12332.5
2099.8	12339.8
2100.77	12327.5
2101.74	12306.3
2102.7	12273.3
2103.67	12239.2
2104.63	12207.4
2105.6	12189.2
2106.56	12179
2107.53	12173.6
2108.49	12164.7
2109.46	12158.9
2110.42	12154
2111.39	12149
2112.35	12144
2113.32	12138.7
2114.28	12133.1
2115.25	12126.3
2116.21	12119.4
2117.17	12113.1
2118.14	12103
2119.1	12089.4
2120.07	12077
2121.03	12067
2121.99	12055.7
2122.96	12042.2
2123.92	12026.9
2124.88	12010.7
2125.84	11993.4
2126.81	11975.9
2127.77	11957
2128.73	11937.9
2129.69	11922.9
2130.65	11910.9
2131.62	11904.4
2132.58	11895.9
2133.54	11877.6
2134.5	11863.2
2135.46	11847.8
2136.42	11831.4
2137.38	11816.8
2138.34	11809.5
2139.3	11816.6
2140.26	11836.3
2141.22	11857.5
2142.18	11832.7
2143.14	11775.6
2144.1	11725.7
2145.06	11707.8
2146.02	11709.9
2146.98	11700.4
2147.94	11695.3
2148.9	11694.6
2149.86	11694
2150.82	11692.7
2151.78	11690.1
2152.74	11685.3
2153.69	11678.7
2154.65	11665.1
2155.61	11650.3
2156.57	11632.6
2157.53	11612.8
2158.48	11596.2
2159.44	11581.1
2160.4	11569.9
2161.36	11556.7
2162.31	11538.4
2163.27	11513.7
2164.23	11494.7
2165.18	11478.2
2166.14	11461.9
2167.1	11446.7
2168.05	11432
2169.01	11418.2
2169.96	11404.9
2170.92	11392.4
2171.88	11379.7
2172.83	11360.7
2173.79	11335.7
2174.74	11309.2
2175.7	11261.7
2176.65	11224.4
2177.6	11196.6
2178.56	11171.1
2179.51	11160.2
2180.47	11156.4
2181.42	11160.9
2182.38	11164.9
2183.33	11163.3
2184.28	11150.7
2185.24	11136.6
2186.19	11126.3
2187.14	11114.6
2188.1	11103.5
2189.05	11090.9
2190	11077.8
2190.96	11064.1
2191.91	11049.6
2192.86	11034.3
2193.81	11018.4
2194.76	11002.6
2195.72	10993
2196.67	10986.5
2197.62	10970
2198.57	10958.6
2199.52	10948.4
2200.47	10940.4
2201.43	10933.7
2202.38	10926.8
2203.33	10916
2204.28	10899.4
2205.23	10884.9
2206.18	10871.6
2207.13	10859.9
2208.08	10849.8
2209.03	10840.9
2209.98	10833.6
2210.93	10827.7
2211.88	10823.5
2212.83	10820.9
2213.78	10821.4
2214.73	10819.6
2215.67	10799.4
2216.62	10773.1
2217.57	10746.5
2218.52	10726.7
2219.47	10714.3
2220.42	10706.5
2221.37	10700.2
2222.31	10698.2
2223.26	10701
2224.21	10706.6
2225.16	10697.5
2226.1	10681.1
2227.05	10664.9
2228	10655
2228.94	10640.2
2229.89	10634
2230.84	10631.5
2231.78	10630
2232.73	10626.6
2233.68	10610.4
2234.62	10588.5
2235.57	10573.4
2236.51	10558.4
2237.46	10559.6
2238.41	10555.3
2239.35	10552.9
2240.3	10551.9
2241.24	10551.2
2242.19	10550.2
2243.13	10543.4
2244.07	10532.6
2245.02	10515.3
2245.96	10506.4
2246.91	10503.9
2247.85	10519.7
2248.8	10536.6
2249.74	10542.5
2250.68	10521.8
2251.63	10503.7
2252.57	10487.5
2253.51	10475.5
2254.46	10467.5
2255.4	10467.1
2256.34	10471.9
2257.28	10479.1
2258.23	10487.4
2259.17	10493.5
2260.11	10488.9
2261.05	10472.9
2262	10455.1
2262.94	10441.8
2263.88	10434.5
2264.82	10441
2265.76	10441.6
2266.7	10442.8
2267.64	10436.3
2268.58	10426.4
2269.53	10413.5
2270.47	10402.3
2271.41	10391.8
2272.35	10382.5
2273.29	10374.8
2274.23	10368
2275.17	10362.6
2276.11	10356.7
2277.05	10352.5
2277.99	10348.5
2278.93	10347.1
2279.86	10350.5
2280.8	10353.3
2281.74	10353.8
2282.68	10350.4
2283.62	10343.7
2284.56	10332.6
2285.5	10321.2
2286.44	10313.8
2287.37	10311
2288.31	10312.5
2289.25	10315
2290.19	10323.2
2291.12	10320.2
2292.06	10290.1
2293	10289.5
2293.94	10300.1
2294.87	10310.9
2295.81	10311.1
2296.75	10304.4
2297.68	10295.9
2298.62	10284.7
2299.55	10275.1
2300.49	10263.4
2301.43	10250.2
2302.36	10236.5
2303.3	10221.7
2304.23	10208
2305.17	10193.6
2306.1	10179.5
2307.04	10167.3
2307.98	10156.9
2308.91	10147.4
2309.84	10136
2310.78	10121.5
2311.71	10107.8
2312.65	10099.4
2313.58	10095.3
2314.52	10100.3
2315.45	10106.2
2316.38	10106.5
2317.32	10102.5
2317.72	10099.7
2318.66	10089.9
2319.6	10063.7
2320.54	10045.6
2321.48	10040.4
2322.41	10030.2
2323.35	10019.8
2324.29	10012.7
2325.23	9997.35
2326.16	9977.33
2327.1	9971.69
2328.04	9971.07
2328.97	9972.44
2329.91	9963.59
2330.85	9955.19
2331.78	9944.65
2332.72	9926.14
2333.66	9919.82
2334.59	9917.42
2335.53	9922.17
2336.46	9925.25
2337.4	9924.21
2338.33	9926.9
2339.27	9912.68
2340.2	9894.26
2341.14	9860.23
2342.07	9829.22
2343.01	9821.73
2343.94	9816.98
2344.88	9810.78
2345.81	9807.15
2346.75	9813.8
2347.68	9808.45
2348.61	9794.46
2349.55	9781.81
2350.48	9769.54
2351.41	9760.37
2352.35	9754.76
2353.28	9750.83
2354.21	9749.02
2355.15	9749.46
2356.08	9751.96
2357.01	9756.63
2357.94	9757.39
2358.88	9752.26
2359.81	9736.47
2360.74	9713.94
2361.67	9694.81
2362.6	9678.09
2363.54	9663.36
2364.47	9656.48
2365.4	9657.09
2366.33	9659.57
2367.26	9663.23
2368.19	9667.28
2369.12	9668.78
2370.05	9669.38
2370.98	9668.05
2371.91	9664.47
2372.84	9658.43
2373.77	9649.96
2374.7	9637.62
2375.63	9624.25
2376.56	9610.76
2377.49	9599.65
2378.42	9589.34
2379.35	9580.6
2380.28	9572.69
2381.21	9565.49
2382.14	9559.28
2383.07	9552.85
2384	9546.65
2384.92	9539.47
2385.85	9532.57
2386.78	9526.58
2387.71	9521.99
2388.64	9519.33
2389.56	9515.28
2390.49	9504.1
2391.42	9494.71
2392.35	9489.05
2393.27	9484.16
2394.2	9480.07
2395.13	9476.83
2396.05	9474.02
2396.98	9471.8
2397.91	9468.95
2398.83	9464.51
2399.76	9446.7
2400.69	9431.95
2401.61	9423.42
2402.54	9421.3
2403.46	9422.37
2404.39	9425.79
2405.31	9430.52
2406.24	9432.23
2407.17	9418.9
2408.09	9400.25
2409.01	9374.54
2409.94	9352.11
2410.86	9332.82
2411.79	9326.1
2412.71	9324.74
2413.64	9326.73
2414.56	9330.98
2415.49	9329.73
2416.41	9324.44
2417.33	9310.85
2418.26	9292.78
2419.18	9268.63
2420.1	9236.96
2421.03	9199.72
2421.95	9188.77
2422.87	9184.26
2423.79	9251.83
2424.72	9252.01
2425.64	9247.26
2426.56	9242.63
2427.48	9233.97
2428.41	9224.08
2429.33	9199.07
2430.25	9170.83
2431.17	9144.45
2432.09	9125.27
2433.01	9109.93
2433.93	9098.41
2434.86	9092.19
2435.78	9090.9
2436.7	9093.74
2437.62	9098.26
2438.54	9102.52
2439.46	9098.51
2440.38	9097.57
2441.3	9092.56
2442.22	9068.88
2443.14	9045.15
2444.06	9017.13
2444.98	9010.45
2445.9	9005.47
2446.82	9002.35
2447.73	8989.57
2448.65	8976.27
2449.57	8961.99
2450.49	8951.11
2451.41	8944.43
2452.33	8948.8
2453.25	8944.11
2454.17	8928.13
2455.08	8899.52
2456	8898.52
2456.92	8891.65
2457.84	8884.87
2458.75	8876.66
2459.67	8868.85
2460.59	8859.78
2461.51	8850.44
2462.42	8839.94
2463.34	8828.58
2464.26	8816.06
2465.17	8802.38
2466.09	8785.77
2467	8788.7
2467.92	8804.9
2468.84	8813.43
2469.75	8815.84
2470.67	8811.95
2471.58	8780.92
2472.5	8765.07
2473.42	8754.53
2474.33	8747.31
2475.25	8737.99
2476.16	8742.06
2477.08	8732.33
2477.99	8721.78
2478.9	8711.53
2479.82	8704.34
2480.73	8699.99
2481.65	8697.12
2482.56	8696.84
2483.47	8696.27
2484.39	8683.92
2485.3	8672.68
2486.22	8661.21
2487.13	8651.03
2488.04	8642.6
2488.96	8637.35
2489.87	8633.26
2490.78	8632.15
2491.69	8632.93
2492.61	8635.52
2493.52	8638.53
2494.43	8632.25
2495.34	8623.46
2496.25	8611.32
2497.17	8609.88
2498.08	8604.43
2498.99	8604.36
2499.9	8609.17
2500.81	8621.45
2501.72	8615.61
2502.63	8606.39
2503.55	8594.3
2504.46	8577.64
2505.37	8558.41
2506.28	8543.12
2507.19	8531.52
2508.1	8522.37
2509.01	8516.37
2509.92	8513.67
2510.83	8514.26
2511.74	8518.13
2512.65	8525.63
2513.56	8536.47
2514.47	8544.15
2515.37	8528.99
2516.28	8515.95
2517.19	8494.1
2518.1	8478.53
2519.01	8466.48
2519.92	8467.35
2520.83	8469.06
2521.73	8469.69
2522.64	8471.48
2523.55	8470.72
2524.46	8458.1
2525.37	8445.37
2526.27	8433.14
2527.18	8421.9
2528.09	8412.48
2529	8403.75
2529.9	8398.56
2530.81	8403.26
2531.72	8400.74
2532.62	8398.78
2533.53	8381.1
2534.44	8362.35
2535.34	8342.83
2536.25	8323.46
2537.15	8305.34
2538.06	8288.42
2538.96	8288.07
2539.87	8289.8
2540.78	8294.9
2541.68	8301.3
2542.59	8308.61
2543.49	8310.67
2544.4	8301.1
2545.3	8285.09
2546.21	8266.27
2547.11	8252.46
2548.01	8239.1
2548.92	8225.97
2549.82	8213.41
2550.73	8201.56
2551.63	8190.4
2552.53	8180.07
2553.44	8170.32
2554.34	8161.78
2555.24	8158.54
2556.15	8166.86
2557.05	8169.48
2557.95	8171.06
2558.86	8171.75
2559.76	8162.9
2560.66	8137.16
2561.56	8117.31
2562.46	8107.59
2563.37	8103.72
2564.27	8100.61
2565.17	8097.01
2566.07	8092.46
2566.97	8086.71
2567.88	8075.71
2568.78	8063.57
2569.68	8049.12
2570.58	8032.78
2571.48	8014.01
2572.38	7994.27
2573.28	7982.6
2574.18	7977.5
2575.08	7973.17
2575.98	7968.15
2576.88	7963.73
2577.78	7958.98
2578.68	7954.03
2579.58	7948.02
2580.48	7940.61
2581.38	7932.61
2582.28	7925.44
2583.18	7925.28
2584.08	7923.89
2584.98	7917.82
2585.88	7908.64
2586.77	7896.24
2587.67	7880.92
2588.57	7862.06
2589.47	7840.31
2590.37	7821.96
2591.27	7805.65
2592.16	7795.93
2593.06	7793.64
2593.96	7796.87
2594.86	7800.25
2595.75	7799.3
2596.65	7796.32
2597.55	7789.49
2598.45	7778.25
2599.34	7766.41
2600.24	7754.08
2601.13	7741.96
2602.03	7737.49
2602.93	7741.54
2603.82	7743.02
2604.72	7739.93
2605.62	7736.98
2606.51	7731.13
2607.41	7721.91
2608.3	7711.19
2609.2	7700.91
2610.09	7688.89
2610.99	7688.55
2611.88	7689.43
2612.78	7691.8
2613.67	7695.48
2614.57	7700.44
2615.46	7706.17
2616.36	7674.8
2617.25	7648.79
2618.14	7631.99
2619.04	7612.97
2619.93	7603.51
2620.83	7596.83
2621.72	7598.26
2622.61	7600.46
2623.5	7602.22
2624.4	7598.97
2625.29	7592.1
2626.18	7583.37
2627.08	7571.7
2627.97	7555.26
2628.86	7537.15
2629.75	7518.76
2630.65	7503.95
2631.54	7494.45
2632.43	7486.91
2633.32	7482.55
2634.21	7481.92
2635.11	7484.36
2636	7491.07
2636.89	7499.63
2637.78	7485.45
2638.67	7460.73
2639.56	7422.08
2640.45	7401.21
2641.34	7385.11
2642.23	7373.3
2643.12	7365.97
2644.01	7364.09
2644.9	7365.33
2645.79	7360.41
2646.68	7356.94
2647.57	7346.7
2648.46	7335.06
2649.35	7321.7
2650.24	7307.02
2651.13	7291.73
2652.02	7276.63
2652.91	7269.74
2653.8	7262.19
2654.69	7256.61
2655.58	7253.5
2656.46	7249.97
2657.35	7245.8
2658.24	7240.97
2659.13	7235.85
2660.02	7230.61
2660.9	7225.25
2661.79	7219.39
2662.68	7213.45
2663.57	7207.59
2664.45	7203.68
2665.34	7205.04
2666.23	7203.3
2667.11	7199.99
2668	7196.78
2668.89	7189.7
2669.77	7180.53
2670.66	7170.1
2671.55	7158.76
2672.43	7147.26
2673.32	7138.02
2674.21	7132.42
2675.09	7125.07
2675.98	7117.25
2676.86	7108.78
2677.75	7099.08
2678.63	7087.88
2679.52	7076.54
2680.4	7064.66
2681.29	7052.67
2682.17	7041.06
2683.06	7033.04
2683.94	7025.83
2684.82	7020.39
2685.71	7016.16
2686.59	7012.5
2687.48	7008.8
2688.36	7004.61
2689.24	7000.75
2690.13	6996.67
2691.01	6992.61
2691.89	6988.53
2692.78	6984.58
2693.66	6976.42
2694.54	6966.17
2695.43	6948.06
2696.31	6930.96
2697.19	6916.33
2698.07	6902.44
2698.96	6890.03
2699.84	6879.51
2700.72	6870.62
2701.6	6863.3
2702.48	6857.83
2703.36	6853.33
2704.25	6841.9
2705.13	6823.07
2706.01	6808.31
2706.89	6798.59
2707.77	6789.59
2708.65	6789.07
2709.53	6792.92
2710.41	6799.63
2711.29	6801.72
2712.17	6803.09
2713.05	6799.03
2713.93	6784.57
2714.81	6774.74
2715.69	6765.41
2716.57	6759.37
2717.45	6760.86
2718.33	6757.29
2719.21	6758.39
2720.09	6761.7
2720.97	6757.24
2721.85	6746.36
2722.73	6736
2723.61	6727.35
2724.48	6718.66
2725.36	6710.88
2726.24	6703.84
2727.12	6697.66
2728	6692.23
2728.88	6687.73
2729.75	6684.06
2730.63	6681.95
2731.51	6679.15
2732.39	6675.02
2733.26	6666.36
2734.14	6655.49
2735.02	6646.24
2735.89	6636.67
2736.77	6627.33
2737.65	6618.49
2738.52	6610.9
2739.4	6604.88
2740.28	6602.44
2741.15	6600.39
2742.03	6599.2
2742.9	6597.47
2743.78	6590.88
2744.65	6585.17
2745.53	6577.88
2746.41	6571.78
2747.28	6567.65
2748.16	6564.91
2749.03	6562.65
2749.91	6559.89
2750.78	6555.63
2751.66	6549.41
2752.53	6539.02
2753.4	6521.08
2754.28	6498.05
2755.15	6480.24
2756.02	6473.19
2756.9	6480.33
2757.77	6479.45
2758.65	6482.53
2759.52	6485.48
2760.39	6486.23
2761.27	6478.86
2762.14	6468.71
2763.01	6452.58
2763.88	6440.32
2764.76	6431.81
2765.63	6426.84
2766.5	6418.95
2767.37	6423.52
2768.25	6421.24
2769.12	6417.05
2769.99	6410.22
2770.86	6401.48
2771.73	6390.53
2772.61	6378.38
2773.48	6370.63
2774.35	6357.95
2775.22	6339.17
2776.09	6354.89
2776.96	6367.25
2777.83	6363.32
2778.7	6365.38
2779.57	6340.86
2780.44	6321.97
2781.31	6311.53
2782.18	6304.59
2783.05	6299.65
2783.92	6294.62
2784.79	6288.36
2785.66	6283.62
2786.53	6278.53
2787.4	6274.11
2788.27	6268.98
2789.14	6263.16
2790.01	6255.56
2790.88	6244.91
2791.75	6233.54
2792.62	6221.11
2793.48	6207.92
2794.35	6197.04
2795.22	6207.29
2796.09	6219.63
2796.96	6232.81
2797.82	6249.91
2798.69	6248.2
2799.56	6226.63
2800.43	6175.91
2801.29	6153.65
2802.16	6141.7
2803.03	6140.54
2803.9	6148.09
2804.76	6149.02
2805.63	6148.84
2806.5	6149.61
2807.36	6142.16
2808.23	6135.19
2809.09	6128.23
2809.96	6122.55
2810.83	6115.34
2811.69	6106.25
2812.56	6097.26
2813.42	6088.06
2814.29	6080.52
2815.15	6076.25
2816.02	6072.78
2816.88	6070.85
2817.75	6070.34
2818.61	6071.61
2819.48	6073.6
2820.34	6071.44
2821.21	6062.41
2822.07	6050.75
2822.94	6040.88
2823.8	6031.86
2824.66	6023.5
2825.53	6015.52
2826.39	6008.33
2827.26	6002.14
2828.12	5997.41
2828.98	5993.89
2829.85	5991.42
2830.71	5990.23
2831.57	5987.38
2832.43	5981.85
2833.3	5973.65
2834.16	5962.09
2835.02	5948.5
2835.88	5937.02
2836.75	5932.31
2837.61	5931.17
2838.47	5932.26
2839.33	5933.36
2840.19	5931.05
2841.06	5928.59
2841.92	5925.2
2842.78	5920.43
2843.64	5914.69
2844.5	5908.67
2845.36	5903.43
2846.22	5908.23
2847.08	5892.91
2847.94	5883.39
2848.81	5875.34
2849.67	5869.47
2850.53	5864.34
2851.39	5859.27
2852.25	5853.59
2853.11	5848.6
2853.97	5843.45
2854.82	5838.45
2855.68	5833.27
2856.54	5826.79
2857.4	5819.69
2858.26	5813.11
2859.12	5807.26
2859.98	5802.59
2860.84	5806.64
2861.7	5807.71
2862.56	5808.87
2863.41	5808.42
2864.27	5804.59
2865.13	5799.59
2865.99	5793.59
2866.85	5786.28
2867.7	5777.9
2868.56	5768
2869.42	5756.85
2870.28	5744.43
2871.13	5732.14
2871.99	5731.72
2872.85	5730.15
2873.7	5729.1
2874.56	5729.91
2875.42	5727.53
2876.27	5722.5
2877.13	5716.17
2877.99	5707.63
2878.84	5698.17
2879.7	5688.67
2880.56	5679.64
2881.41	5672.79
2882.27	5665.9
2883.12	5659.78
2883.98	5654.16
2884.83	5649.45
2885.69	5645.23
2886.54	5642.02
2887.4	5637.12
2888.25	5627.44
2889.11	5622.19
2889.96	5621.03
2890.82	5618.24
2891.67	5613.77
2892.52	5606.62
2893.38	5595.33
2894.23	5586.92
2895.09	5577.27
2895.94	5569.72
2896.79	5564.95
2897.65	5563.3
2898.5	5565.08
2899.35	5572.79
2900.21	5566.44
2901.06	5550.24
2901.91	5536.63
2902.76	5528.27
2903.62	5520.08
2904.47	5515.52
2905.32	5512.56
2906.17	5512.59
2907.03	5514.59
2907.88	5517.66
2908.73	5518.65
2909.58	5516.98
2910.43	5513
2911.28	5503.69
2912.14	5492.77
2912.99	5479.03
2913.84	5465.16
2914.69	5451.46
2915.54	5438.27
2916.39	5432.72
2917.24	5427.56
2918.09	5424.09
2918.94	5420.3
2919.79	5415.48
2920.64	5411.42
2921.49	5403.78
2922.34	5395.56
2923.19	5387.49
2924.04	5379.89
2924.89	5377.4
2925.74	5374.03
2926.59	5369.63
2927.44	5365.18
2928.29	5358.51
2929.14	5351.9
2929.98	5344.75
2930.83	5337.17
2931.68	5329.02
2932.53	5320.39
2933.38	5311.48
2934.23	5302.14
2935.07	5292.23
2935.92	5281.9
2936.77	5273.38
2937.62	5267.26
2938.47	5265.91
2939.31	5263.15
2940.16	5260.77
2941.01	5259.98
2941.85	5260.79
2942.7	5261.13
2943.55	5259.96
2944.39	5255.49
2945.24	5248.38
2946.09	5238.74
2946.93	5226.48
2947.78	5211.55
2948.63	5193.97
2949.47	5191.91
2950.32	5191.1
2951.16	5202.26
2952.01	5209.44
2952.85	5211.37
2953.7	5208.62
2954.55	5201.83
2955.39	5189.72
2956.24	5173.28
2957.08	5156.44
2957.92	5144.7
2958.77	5141.71
2959.61	5149.03
2960.46	5153.06
2961.3	5159.41
2962.15	5162.96
2962.99	5161.13
2963.83	5156.12
2964.68	5148.84
2965.52	5140.87
2966.37	5133.14
2967.21	5127.64
2968.05	5121.78
2968.9	5119.54
2969.74	5112.02
2970.58	5104.7
2971.42	5096.77
2972.27	5089.84
2973.11	5084.06
2973.95	5077.27
2974.79	5070.32
2975.64	5062.6
2976.48	5053.18
2977.32	5041.26
2978.16	5030.52
2979	5021.27
2979.85	5015.2
2980.69	5018.16
2981.53	5017.63
2982.37	5018.98
2983.21	5023.68
2984.05	5029.72
2984.89	5036.43
2985.73	5036.63
2986.57	5007.38
2987.41	4993.26
2988.25	4988.72
2989.1	4997.22
2989.94	4996.82
2990.77	4995.12
2991.62	4992.91
2992.45	4989.96
2993.29	4984.12
2994.13	4977.58
2994.97	4968.04
2995.81	4962.78
2996.65	4963.15
2997.49	4959.27
2998.33	4954.14
2999.17	4938.04
