200.833	17599.9
202.102	17578.1
203.371	17525.8
204.639	17556.2
205.907	17579.8
207.175	17602.6
208.442	17623.5
209.71	17643.2
210.977	17661.6
212.244	17679.4
213.511	17696.5
214.777	17711.5
216.042	17722.5
217.309	17732.3
218.575	17742.9
219.84	17770.2
221.106	17795.2
222.371	17817.8
223.635	17843.5
224.9	17869.9
226.165	17898.1
227.429	17928.3
228.694	17970.6
229.956	18024.6
231.22	18069.5
232.484	18112.7
233.747	18147.7
235.011	18178.9
236.272	18204.5
237.535	18229.5
238.798	18249
240.06	18280.9
241.321	18321.9
242.583	18359.5
243.845	18390.7
245.105	18418.1
246.367	18440.5
247.628	18458.1
248.888	18470.3
250.149	18477.7
251.409	18479.6
252.67	18477.8
253.928	18480.6
255.189	18486
256.447	18505.5
257.707	18525.6
258.966	18545.2
260.224	18564.8
261.483	18583.7
262.742	18584.9
263.999	18578
265.257	18577
266.514	18576.8
267.772	18586.3
269.028	18620.7
270.286	18652.1
271.543	18696.4
272.799	18741.4
274.056	18771.8
275.311	18800.6
276.568	18823.8
277.823	18823.9
279.079	18817.4
280.333	18813
281.589	18823.6
282.843	18837.7
284.099	18862.2
285.352	18890.4
286.607	18925
287.86	18965.2
289.114	19006.9
290.368	19040.5
291.621	19074.4
292.875	19104
294.127	19137
295.38	19157.2
296.632	19168.8
297.884	19173.3
299.137	19174.6
300.388	19148
301.641	19132.3
302.891	19127.7
304.142	19133.7
305.394	19149.2
306.644	19174.3
307.894	19203.9
309.146	19226
310.395	19250.3
311.645	19267
312.895	19268.7
314.144	19259
315.393	19243.1
316.642	19242
317.892	19254
319.14	19269.2
320.388	19278.5
321.637	19294.4
322.885	19311.6
324.132	19324.3
325.38	19350.2
326.628	19378.5
327.875	19407.7
329.122	19437.7
330.368	19467.6
331.614	19497.2
332.862	19526.1
334.108	19554.8
335.353	19582.6
336.599	19606.4
337.844	19617.9
339.089	19601.1
340.335	19595.8
341.58	19596.1
342.824	19603.6
344.068	19617.1
345.312	19635.6
346.556	19657.7
347.8	19686.1
349.043	19719.1
350.286	19734.2
351.53	19733.7
352.774	19730.3
354.016	19725.3
355.259	19716.8
356.501	19706.4
357.743	19708.7
358.985	19710.2
360.227	19724
361.468	19730
362.709	19730.8
363.95	19723.9
365.191	19719.3
366.432	19710.3
367.672	19710.3
368.912	19720.8
370.152	19731.8
371.392	19743.9
372.632	19756.6
373.871	19769.6
375.11	19786.6
376.348	19804.9
377.587	19825.9
378.825	19846.4
380.064	19856.1
381.302	19867
382.54	19867.1
383.778	19867
385.016	19879
386.253	19896.3
387.489	19912.5
388.726	19925.4
389.963	19936.8
391.199	19946.9
392.436	19956.4
393.672	19963.6
394.907	19973.5
396.142	19987.2
397.378	20012.9
398.614	20033.9
399.849	20048.9
401.082	20064.4
402.317	20075.5
403.552	20084.1
404.786	20089
406.019	20091
407.253	20089.1
408.487	20099
409.721	20123.2
410.953	20143.1
412.186	20156.2
413.419	20167.2
414.651	20174.7
415.883	20179.8
417.116	20180.4
418.347	20178.5
419.579	20174.6
420.811	20169.5
422.041	20180.2
423.272	20197.3
424.504	20211.5
425.733	20211.2
426.964	20207.7
428.194	20197.3
429.424	20188.9
430.654	20193.4
431.883	20204.6
433.113	20209.1
434.341	20213.8
435.571	20218.3
436.799	20222.8
438.028	20227.4
439.257	20232.7
440.484	20238
441.713	20262.1
442.94	20282.1
444.168	20300.1
445.394	20318.6
446.622	20334.9
447.848	20338
449.076	20342.2
450.301	20347.1
451.528	20353.6
452.754	20362.2
453.979	20380.2
455.205	20392.1
456.43	20398.8
457.656	20402.3
458.88	20403.9
460.106	20402.7
461.33	20398.6
462.554	20401.7
463.779	20410.2
465.002	20418.5
466.225	20426.5
467.45	20427.5
468.672	20428.2
469.895	20428.1
471.119	20426.3
472.341	20424.1
473.563	20422.5
474.786	20422
476.008	20421.6
477.229	20421.5
478.452	20420.5
479.673	20417.3
480.894	20410.6
482.115	20402.4
483.337	20388.6
484.557	20372
485.777	20354
486.997	20338
488.218	20327.5
489.438	20321.4
490.657	20317.3
491.876	20316
493.096	20317.5
494.315	20322.7
495.533	20328.9
496.752	20331.1
497.97	20329.8
499.188	20322.2
500.407	20301.8
501.625	20308.6
502.842	20342.9
504.059	20361.9
505.276	20381.1
506.493	20397.7
507.71	20404.7
508.926	20407.8
510.142	20405.8
511.358	20400.1
512.575	20391.4
513.791	20381.7
515.006	20382.2
516.222	20391.3
517.437	20415.9
518.651	20447.2
519.866	20474.2
521.081	20498.3
522.295	20518.8
523.509	20535.9
524.723	20549.6
525.937	20560.3
527.15	20566.1
528.363	20560.3
529.576	20546.6
530.789	20534.1
532.002	20528.4
533.215	20526.1
534.426	20528.7
535.638	20535.1
536.85	20546.2
538.061	20561.2
539.273	20579.7
540.484	20601.4
541.695	20619.8
542.906	20639.6
544.117	20640.8
545.327	20615.8
546.537	20599.1
547.747	20579.1
548.957	20565.7
550.167	20551.7
551.377	20545.1
552.585	20541.9
553.794	20540.4
555.003	20540.9
556.212	20543
557.421	20546.7
558.628	20549.3
559.836	20554.2
561.044	20557.4
562.252	20557.5
563.458	20555.2
564.666	20552.1
565.873	20549.1
567.08	20547.5
568.286	20545.1
569.493	20537.5
570.699	20522.2
571.904	20534.1
573.111	20554.4
574.317	20580.6
575.521	20607.3
576.727	20569.5
577.932	20558.8
579.136	20558.7
580.341	20558.9
581.544	20597.7
582.749	20609.1
583.954	20611.6
585.156	20616.2
586.361	20622.7
587.563	20626.8
588.767	20627.1
589.97	20625.3
591.172	20621.3
592.375	20615.3
593.577	20607.7
594.78	20598.4
595.981	20587.4
597.183	20575.8
598.384	20583
599.586	20583.3
600.786	20598.5
601.988	20617.5
603.188	20615.8
604.389	20603.6
605.589	20573.1
606.79	20539.7
607.989	20515.1
609.188	20513
610.389	20518.3
611.587	20522.3
612.787	20526
613.986	20524.6
615.184	20515.9
616.383	20507.4
617.581	20496.4
618.78	20481.7
619.977	20464.4
621.174	20442.1
622.373	20418.4
623.57	20393.2
624.766	20368.8
625.964	20364.3
627.16	20363.9
628.356	20371.5
629.554	20372.5
630.749	20359.3
631.945	20330.3
633.14	20314.5
634.337	20302.5
635.532	20292.6
636.726	20285.8
637.921	20281
639.117	20278.2
640.311	20277
641.505	20277.4
642.699	20278.6
643.892	20280.8
645.087	20284.5
646.28	20288.3
647.473	20289.6
648.666	20288.2
649.859	20281.6
651.051	20278.1
652.245	20277.4
653.437	20278.7
654.629	20281.5
655.821	20285.8
657.012	20291.4
658.204	20298.3
659.395	20306.3
660.586	20315.2
661.777	20324.9
662.967	20335.9
664.158	20347.9
665.349	20361.9
666.539	20384.5
667.729	20405
668.919	20418.9
670.109	20417.1
671.298	20409.1
672.487	20395.6
673.676	20377.2
674.865	20356.8
676.053	20354.8
677.242	20360.1
678.43	20378.2
679.616	20394.3
680.804	20407.5
681.992	20421.7
683.179	20429.6
684.366	20427.4
685.554	20417.4
686.74	20400.1
687.927	20375.1
689.114	20342.6
690.3	20303.7
691.486	20283
692.671	20268.4
693.856	20264.3
695.042	20262.4
696.227	20261.4
697.413	20260.7
698.598	20260.7
699.781	20261.4
700.966	20260.2
702.15	20255.8
703.334	20248.8
704.518	20239.2
705.701	20227.2
706.885	20212.5
708.068	20195.4
709.252	20176.3
710.433	20158.1
711.616	20159.9
712.799	20157.8
713.98	20165.2
715.163	20168.8
716.345	20162.9
717.527	20150.7
718.707	20133.5
719.889	20110.6
721.071	20100
722.25	20109
723.432	20129.6
724.611	20140.3
725.792	20146.2
726.972	20148.2
728.151	20135.5
729.332	20132.7
730.512	20129
731.69	20136.4
732.87	20145.3
734.048	20163
735.227	20186.1
736.405	20203.8
737.584	20222.6
738.761	20236.8
739.94	20245.3
741.117	20253.4
742.295	20261.3
743.471	20268.3
744.649	20273.5
745.825	20276.6
747.003	20266.6
748.179	20244.3
749.356	20234.4
750.531	20218.1
751.708	20196.4
752.883	20207.1
754.059	20230.8
755.234	20263.2
756.409	20303.6
757.585	20344.7
758.759	20339.4
759.934	20284.1
761.108	20260.5
762.282	20234.9
763.456	20210.4
764.63	20186.8
765.803	20167.3
766.977	20159.8
768.15	20156.8
769.323	20153
770.496	20147.5
771.668	20137.7
772.841	20126.8
774.014	20114.1
775.185	20099
776.357	20081.1
777.528	20062.9
778.701	20045.2
779.872	20031.9
781.042	20019.8
782.213	20009.8
783.383	20001.9
784.555	19996.4
785.725	19992.9
786.895	19986.9
788.064	19977.5
789.234	19965.4
790.404	19949.9
791.573	19939.2
792.742	19931.5
793.911	19924
795.08	19917.2
796.248	19912.3
797.416	19906.7
798.584	19902.3
799.753	19896.6
800.921	19893.1
802.088	19892.4
803.256	19898
804.423	19915.1
805.59	19915.3
806.756	19912.5
807.923	19905.8
809.089	19900.2
810.256	19893.9
811.422	19887.2
812.587	19882.6
813.753	19894.1
814.918	19927.4
816.084	19911.3
817.249	19866.9
818.414	19871.4
819.578	19868.5
820.743	19901
821.907	19906.4
823.072	19889.9
824.236	19881.8
825.399	19878.7
826.562	19877.9
827.725	19879
828.889	19886.7
830.052	19902.8
831.215	19917
832.377	19929.4
833.54	19939.1
834.701	19937.6
835.863	19937.6
837.025	19933.9
838.187	19928.9
839.349	19923.1
840.51	19919.5
841.67	19917
842.831	19915.7
843.992	19914.9
845.153	19915.2
846.312	19916.1
847.473	19917.9
848.633	19918.9
849.793	19914.7
850.951	19898.9
852.111	19877
853.27	19855.6
854.428	19830
855.588	19804.6
856.747	19809.7
857.904	19807.2
859.063	19791.8
860.221	19767
861.378	19736.8
862.536	19720.8
863.694	19711.6
864.85	19704.8
866.008	19696.8
867.164	19690
868.321	19680.9
869.478	19671.4
870.633	19660.7
871.79	19649.5
872.945	19637.6
874.101	19624.8
875.256	19611.4
876.412	19597
877.566	19573.1
878.722	19552.3
879.876	19530.7
881.031	19508.7
882.185	19490.7
883.34	19484.2
884.493	19481.3
885.647	19481.6
886.8	19486.3
887.954	19482.7
889.107	19463.1
890.261	19447.2
891.413	19429.6
892.565	19414.9
893.718	19407.3
894.87	19406
896.023	19432.5
897.174	19468.4
898.326	19474.4
899.478	19470.7
900.629	19464.7
901.779	19455.4
902.931	19452
904.081	19443.2
905.231	19435.7
906.383	19429.2
907.532	19423.7
908.682	19421.8
909.831	19428.3
910.982	19440.8
912.131	19455.6
913.28	19465.1
914.429	19473.8
915.578	19482.4
916.727	19490.3
917.875	19498
919.023	19505
920.171	19510.9
921.32	19513.8
922.467	19502.7
923.614	19495.6
924.761	19477.4
925.908	19438.1
927.055	19435.5
928.203	19440.1
929.349	19453.6
930.496	19474.5
931.642	19484.9
932.787	19483.5
933.933	19469.3
935.079	19461.6
936.224	19451.2
937.369	19434.5
938.514	19424.7
939.659	19414.6
940.804	19408.6
941.948	19413.5
943.092	19420.6
944.236	19426.7
945.38	19395.6
946.524	19375.8
947.667	19365.8
948.811	19369.7
949.954	19370.6
951.097	19358.1
952.24	19315.1
953.383	19298.8
954.525	19272.1
955.667	19305.1
956.81	19327.3
957.952	19297.4
959.093	19285.2
960.235	19271.5
961.376	19257
962.516	19240.5
963.658	19225.2
964.798	19215.8
965.939	19207.9
967.08	19201.5
968.22	19195.5
969.359	19187.3
970.499	19181
971.639	19174.7
972.779	19168.9
973.918	19163
975.056	19157.6
976.195	19150.6
977.334	19129.4
978.473	19112.6
979.61	19097.2
980.749	19096.8
981.887	19111.4
983.024	19140.3
984.162	19176.2
985.3	19193.8
986.437	19177.5
987.573	19177.6
988.711	19176.6
989.848	19173.4
990.983	19169.8
992.12	19164.5
993.255	19160.2
994.392	19155.9
995.528	19158.5
996.662	19208
997.798	19190.8
998.933	19179.4
1000.07	19147.6
1001.2	19151.7
1002.34	19179.4
1003.47	19210.5
1004.61	19225.9
1005.74	19220.4
1006.87	19175.9
1008.01	19135.5
1009.14	19098.8
1010.27	19111.2
1011.41	19121.6
1012.54	19132.9
1013.67	19148.7
1014.81	19164.2
1015.94	19165.1
1017.07	19164
1018.2	19157.3
1019.33	19145.4
1020.47	19127.7
1021.6	19104.5
1022.73	19075.7
1023.86	19044.9
1024.99	19035.1
1026.12	19024.6
1027.25	19018.8
1028.38	19016.2
1029.51	19019.2
1030.64	19016.2
1031.77	18997.9
1032.9	18966
1034.03	18939
1035.16	18926.8
1036.29	18919.5
1037.42	18917.4
1038.55	18917.5
1039.67	18927.1
1040.8	18927.8
1041.93	18904.6
1043.06	18877.2
1044.19	18856.1
1045.31	18835.7
1046.44	18818
1047.57	18801.1
1048.69	18787.6
1049.82	18778.5
1050.95	18773.5
1052.08	18773.2
1053.2	18777.2
1054.33	18785.8
1055.45	18798.7
1056.58	18794.4
1057.7	18768.7
1058.83	18736.2
1059.95	18705.8
1061.08	18673.8
1062.2	18660.2
1063.33	18650.9
1064.45	18646
1065.58	18645.2
1066.7	18646.9
1067.83	18643.1
1068.95	18639.8
1070.07	18648.2
1071.2	18659.7
1072.32	18673.6
1073.44	18687
1074.56	18698.7
1075.69	18698
1076.81	18695.8
1077.93	18684.6
1079.05	18682.1
1080.17	18679.5
1081.3	18676.3
1082.42	18672.1
1083.54	18666.9
1084.66	18661.4
1085.78	18655.1
1086.9	18646.1
1088.02	18634.8
1089.14	18622.8
1090.26	18614
1091.38	18631.6
1092.5	18644.3
1093.62	18661.8
1094.74	18677.4
1095.86	18685.1
1096.98	18678.2
1098.1	18646.2
1099.22	18608.1
1100.34	18594
1101.45	18587.9
1102.57	18604.1
1103.69	18630.1
1104.81	18644.9
1105.93	18641.7
1107.04	18631.5
1108.16	18624.6
1109.28	18613.5
1110.4	18604.2
1111.51	18594.3
1112.63	18583
1113.75	18570
1114.86	18554.2
1115.98	18534.5
1117.09	18504.9
1118.21	18481.5
1119.32	18464.7
1120.44	18448.7
1121.55	18433.4
1122.67	18419.3
1123.78	18406.2
1124.9	18394.1
1126.01	18381.9
1127.13	18362.8
1128.24	18337.6
1129.35	18305.6
1130.47	18262.4
1131.58	18232.3
1132.7	18204
1133.81	18204
1134.92	18202
1136.03	18189.8
1137.15	18166.9
1138.26	18142
1139.37	18124.1
1140.48	18107
1141.59	18090.1
1142.71	18073.7
1143.82	18057.9
1144.93	18043.2
1146.04	18028.8
1147.15	18014.7
1148.26	18003.3
1149.37	17997.4
1150.48	18009.8
1151.59	18020.9
1152.7	18024.9
1153.81	18024
1154.92	18019.3
1156.03	18007.7
1157.14	17993.2
1158.25	17977.6
1159.36	17963.4
1160.47	17957.2
1161.58	17951.4
1162.68	17947.9
1163.79	17947.8
1164.9	17950.3
1166.01	17955.3
1167.12	17961.3
1168.22	17963.1
1169.33	17962.3
1170.44	17956.3
1171.55	17946.9
1172.65	17932.7
1173.76	17925.4
1174.87	17922
1175.97	17932
1177.08	17942.5
1178.18	17955.3
1179.29	17963.5
1180.4	17979.8
1181.5	17993.3
1182.61	18008.4
1183.71	18003.4
1184.82	17946.5
1185.92	17899.4
1187.02	17878.1
1188.13	17869.1
1189.23	17871.7
1190.34	17886.9
1191.44	17913.5
1192.54	17918.3
1193.65	17923
1194.75	17928
1195.85	17932.8
1196.96	17936.9
1198.06	17941.2
1199.16	17945.8
1200.26	17950.8
1201.37	17962.3
1202.47	17974.9
1203.57	17984.2
1204.67	17986
1205.77	17982.3
1206.87	17971.5
1207.97	17954.3
1209.08	17932.8
1210.18	17918.1
1211.28	17922.5
1212.38	17929.2
1213.48	17933.2
1214.58	17935.7
1215.68	17934.4
1216.78	17927.6
1217.88	17911.7
1218.98	17883.5
1220.07	17844.9
1221.17	17846.3
1222.27	17849.1
1223.37	17855.1
1224.47	17861.5
1225.57	17864
1226.66	17860.3
1227.76	17852.6
1228.86	17841.3
1229.96	17825.7
1231.06	17806.3
1232.15	17781.8
1233.25	17753.4
1234.35	17721.4
1235.44	17695.4
1236.54	17689.5
1237.63	17693.2
1238.73	17679.3
1239.83	17665.6
1240.92	17654
1242.02	17642.8
1243.11	17632.4
1244.21	17634.7
1245.3	17636.1
1246.4	17632.5
1247.49	17618.5
1248.59	17602.4
1249.68	17583.9
1250.78	17567.2
1251.87	17555.5
1252.96	17551.9
1254.06	17552
1255.15	17553.7
1256.24	17552
1257.34	17550.4
1258.43	17537.8
1259.52	17524.9
1260.62	17508.5
1261.71	17494.7
1262.8	17493.5
1263.89	17495.9
1264.98	17496.6
1266.08	17498.9
1267.17	17503.8
1268.26	17508.2
1269.35	17500.6
1270.44	17492.6
1271.53	17483.9
1272.62	17476.3
1273.71	17470.3
1274.8	17465.8
1275.89	17463.4
1276.98	17471.1
1278.07	17484.4
1279.16	17502.1
1280.25	17516.8
1281.34	17526.2
1282.43	17531.5
1283.52	17533.3
1284.61	17532.8
1285.69	17529.4
1286.78	17523.5
1287.87	17516.5
1288.96	17509.8
1290.05	17510
1291.13	17517.1
1292.22	17532.2
1293.31	17555
1294.4	17564.5
1295.48	17548
1296.57	17535.6
1297.66	17520.8
1298.74	17503.8
1299.83	17484.6
1300.92	17476.6
1302	17485.7
1303.09	17492.6
1304.17	17498.1
1305.26	17500.9
1306.34	17499.9
1307.43	17489.6
1308.51	17484.9
1309.6	17476.9
1310.68	17470.8
1311.76	17472.5
1312.85	17473.9
1313.93	17469.8
1315.02	17463.1
1316.1	17452.5
1317.18	17438.7
1318.27	17418.9
1319.35	17401.5
1320.43	17389.1
1321.52	17375.9
1322.6	17379.1
1323.68	17374.3
1324.76	17377
1325.85	17380.1
1326.93	17379.5
1328.01	17371.8
1329.09	17359.8
1330.17	17342
1331.25	17324.1
1332.33	17311.6
1333.41	17300.9
1334.49	17292.6
1335.58	17286.2
1336.65	17282.2
1337.74	17280.3
1338.82	17278.9
1339.89	17275.5
1340.97	17272.2
1342.05	17268
1343.13	17259.5
1344.21	17253.6
1345.29	17247.7
1346.37	17240.5
1347.45	17232.9
1348.53	17226.3
1349.6	17223.8
1350.68	17229.9
1351.76	17232.6
1352.84	17227.3
1353.92	17207.3
1354.99	17191.5
1356.07	17167.7
1357.15	17145.8
1358.22	17133.4
1359.3	17139.1
1360.38	17161.7
1361.45	17195.9
1362.53	17227.3
1363.61	17235.2
1364.68	17233.9
1365.76	17227.3
1366.83	17208.9
1367.91	17185.6
1368.98	17166
1370.06	17155.5
1371.13	17158.2
1372.21	17163.3
1373.28	17172
1374.35	17172.4
1375.43	17169.5
1376.5	17164.3
1377.58	17153
1378.65	17138.9
1379.72	17122.1
1380.8	17109.7
1381.87	17116.8
1382.94	17128.3
1384.01	17132.9
1385.09	17144.4
1386.16	17140.9
1387.23	17125
1388.3	17099.7
1389.38	17076.4
1390.45	17057.1
1391.52	17042.8
1392.59	17033.4
1393.66	17025.4
1393.92	17022.5
1395	17020.7
1396.07	17023
1397.15	17028.1
1398.22	17035.5
1399.3	17043.8
1400.38	17045.4
1401.45	17045.3
1402.53	17031.7
1403.6	17011.6
1404.68	16999.2
1405.75	16989.3
1406.82	16981.3
1407.9	16975.5
1408.97	16972
1410.05	16970.4
1411.12	16970.5
1412.19	16972.4
1413.27	16975.2
1414.34	16978.5
1415.41	16981
1416.49	16988.1
1417.56	16974.6
1418.63	16950.5
1419.7	16925.6
1420.78	16900.4
1421.85	16883.4
1422.92	16874.2
1423.99	16866.4
1425.06	16860.1
1426.14	16859.2
1427.21	16860.5
1428.28	16859.1
1429.35	16852.5
1430.42	16845
1431.49	16828.6
1432.56	16805.1
1433.63	16816.8
1434.7	16830.2
1435.77	16842.8
1436.84	16853.3
1437.91	16860.9
1438.98	16864.5
1440.05	16863
1441.12	16851.3
1442.18	16833.7
1443.25	16809.2
1444.32	16777.9
1445.39	16737.3
1446.46	16716.2
1447.53	16709.7
1448.59	16720.9
1449.66	16739.9
1450.73	16754.5
1451.8	16744.8
1452.86	16740.5
1453.93	16734.9
1455	16727.8
1456.06	16721.4
1457.13	16722.8
1458.2	16730.8
1459.26	16741.1
1460.33	16751.6
1461.39	16760.1
1462.46	16752.8
1463.52	16742.8
1464.59	16731.5
1465.65	16728.2
1466.72	16734.8
1467.78	16752.8
1468.85	16758
1469.91	16753.7
1470.98	16738
1472.04	16704.7
1473.1	16665.3
1474.17	16638.1
1475.23	16619.9
1476.3	16616
1477.36	16624.5
1478.42	16648.6
1479.48	16665.1
1480.55	16676
1481.61	16681.7
1482.67	16670.2
1483.73	16655.6
1484.8	16644.3
1485.86	16635.8
1486.92	16629.8
1487.98	16625.4
1489.04	16622.4
1490.1	16620.9
1491.17	16619.9
1492.23	16615.9
1493.29	16608.9
1494.35	16594.7
1495.41	16578.8
1496.47	16562.2
1497.53	16547.7
1498.59	16538.1
1499.65	16532.3
1500.71	16532.9
1501.77	16536.2
1502.83	16535.7
1503.88	16529.4
1504.94	16520.8
1506	16505.7
1507.06	16487.3
1508.12	16465.9
1509.18	16439.5
1510.23	16414.8
1511.29	16408
1512.35	16400.4
1513.41	16395.8
1514.47	16400.1
1515.52	16411.4
1516.58	16400
1517.64	16381.5
1518.69	16366.2
1519.75	16353.6
1520.81	16343.4
1521.86	16335.1
1522.92	16330.3
1523.97	16322.5
1525.03	16302.5
1526.08	16281.2
1527.14	16266.6
1528.2	16269.7
1529.25	16299
1530.31	16335.7
1531.36	16363.1
1532.42	16340.3
1533.47	16328.1
1534.52	16312.4
1535.58	16288.8
1536.63	16257.5
1537.69	16232.7
1538.74	16215.3
1539.79	16207
1540.84	16202
1541.9	16195.4
1542.95	16191.5
1544	16189.6
1545.06	16189.7
1546.11	16189.5
1547.16	16189.3
1548.21	16187.6
1549.27	16184.8
1550.32	16181
1551.37	16176.3
1552.42	16170.7
1553.47	16164.4
1554.52	16157.5
1555.57	16162.1
1556.62	16179.4
1557.67	16192.5
1558.72	16201.7
1559.77	16215
1560.82	16219.6
1561.87	16211.4
1562.92	16185.4
1563.97	16185
1565.02	16191.1
1566.07	16204.7
1567.12	16199.4
1568.17	16188.8
1569.22	16155.6
1570.27	16138.1
1571.32	16122.4
1572.36	16120.4
1573.41	16114.9
1574.46	16122.6
1575.51	16129.5
1576.56	16134.1
1577.6	16124.5
1578.65	16120
1579.7	16102.9
1580.74	16106.4
1581.79	16104.4
1582.84	16099.1
1583.88	16090.4
1584.93	16078.7
1585.98	16063.7
1587.02	16044
1588.07	16029.7
1589.11	16036.8
1590.16	16027.7
1591.2	16020.8
1592.25	16015
1593.29	16008
1594.34	16003.6
1595.38	15998.7
1596.43	15993.7
1597.47	15988.4
1598.52	15982.7
1599.56	15976.5
1600.6	15969.4
1601.65	15961.1
1602.69	15955.7
1603.73	15950.5
1604.78	15941.5
1605.82	15930.6
1606.86	15911.9
1607.91	15897.4
1608.95	15888.9
1609.99	15880.8
1611.03	15873.8
1612.08	15867.7
1613.12	15862
1614.16	15857.1
1615.2	15847.7
1616.24	15840.1
1617.28	15829.5
1618.32	15815.8
1619.36	15798.6
1620.41	15774.5
1621.45	15741
1622.49	15703.5
1623.53	15673.1
1624.57	15655.6
1625.61	15665.3
1626.65	15697.1
1627.69	15713
1628.73	15713.6
1629.76	15698.6
1630.8	15663.5
1631.84	15618
1632.88	15589.2
1633.92	15566
1634.96	15551.2
1636	15540.1
1637.03	15529.8
1638.07	15523.5
1639.11	15520.4
1640.15	15519.7
1641.19	15521.9
1642.22	15526.6
1643.26	15533.6
1644.3	15541
1645.33	15536.8
1646.37	15531.4
1647.41	15524.2
1648.44	15515
1649.48	15504.7
1650.52	15492.6
1651.55	15479.6
1652.59	15466.4
1653.62	15453.2
1654.66	15439
1655.69	15424.5
1656.73	15410.6
1657.76	15398.9
1658.8	15394.9
1659.83	15393.2
1660.87	15388.5
1661.9	15383.3
1662.93	15377.3
1663.97	15369.8
1665	15361.4
1666.04	15347.5
1667.07	15331.5
1668.1	15313.1
1669.14	15303.3
1670.17	15313.5
1671.2	15322.5
1672.23	15343.2
1673.27	15358.3
1674.3	15362.6
1675.33	15355.3
1676.36	15333.2
1677.39	15312.1
1678.43	15268.2
1679.46	15252.2
1680.49	15255.3
1681.52	15254
1682.55	15252
1683.58	15239.1
1684.61	15229.7
1685.64	15223.5
1686.67	15220.5
1687.7	15221
1688.73	15224
1689.76	15239.2
1690.79	15243.8
1691.82	15236.2
1692.85	15217.5
1693.88	15196
1694.91	15171.3
1695.94	15152.3
1696.97	15150.1
1698	15146.3
1699.02	15142.3
1700.05	15136.8
1701.08	15125.1
1702.11	15113.1
1703.14	15101
1704.16	15088.5
1705.19	15076.8
1706.22	15069.3
1707.25	15062.7
1708.27	15055.6
1709.3	15047.2
1710.33	15038.2
1711.35	15020.8
1712.38	15004.7
1713.41	14987.7
1714.43	14970.3
1715.46	14950.9
1716.48	14934.7
1717.51	14923.1
1718.53	14916.6
1719.56	14919.1
1720.58	14922.5
1721.61	14916.7
1722.63	14906.8
1723.66	14900
1724.68	14877.3
1725.71	14864.1
1726.73	14861.5
1727.75	14874.4
1728.78	14875.3
1729.8	14862
1730.83	14836.1
1731.85	14813.2
1732.87	14788.9
1733.89	14756.3
1734.92	14723.8
1735.94	14708.6
1736.96	14701.7
1737.98	14701.1
1739.01	14700.5
1740.03	14706.3
1741.05	14713.4
1742.07	14719.8
1743.09	14725.9
1744.12	14719.8
1745.14	14712.7
1746.16	14702
1747.18	14688
1748.2	14669.8
1749.22	14649.6
1750.24	14633.2
1751.26	14619.2
1752.28	14613
1753.3	14608.4
1754.32	14606.7
1755.34	14607.5
1756.36	14612
1757.38	14618.4
1758.4	14609.4
1759.42	14596.2
1760.44	14579.7
1761.45	14561
1762.47	14548.7
1763.49	14533.8
1764.51	14519.6
1765.53	14507.1
1766.55	14499.9
1767.56	14513.5
1768.58	14514.1
1769.6	14497.1
1770.61	14474.9
1771.63	14453.7
1772.65	14439.4
1773.67	14426.1
1774.68	14415
1775.7	14407.6
1776.72	14402.5
1777.73	14400.6
1778.75	14401.2
1779.76	14402.9
1780.78	14403.9
1781.79	14400.1
1782.81	14394
1783.83	14384.9
1784.84	14373.8
1785.85	14362.4
1786.87	14348.9
1787.88	14340
1788.9	14346.2
1789.91	14348.8
1790.93	14348.6
1791.94	14345.4
1792.95	14338.2
1793.97	14313.9
1794.98	14286
1796	14249.7
1797.01	14220.7
1798.02	14192.8
1799.03	14186.4
1800.05	14179.9
1801.06	14181.8
1802.07	14206.7
1803.08	14231
1804.1	14234.8
1805.11	14217.9
1806.12	14185.7
1807.13	14149.7
1808.14	14119.2
1809.15	14133.3
1810.17	14140.8
1811.18	14139.2
1812.19	14129.6
1813.2	14109.1
1814.21	14070.4
1815.22	14049.8
1816.23	14031.8
1817.24	14015
1818.25	14003.5
1819.26	13996.2
1820.27	13992.9
1821.28	13993.5
1822.29	13996.3
1823.3	13979
1824.3	13956.7
1825.31	13930.3
1826.32	13898.5
1827.33	13868.8
1828.34	13847.1
1829.35	13832.5
1830.35	13824.8
1831.36	13826.6
1832.37	13833.1
1833.38	13837.8
1834.38	13835.1
1835.39	13822.1
1836.4	13812.8
1837.41	13805.2
1838.41	13801.9
1839.42	13792.7
1840.43	13794.7
1841.43	13802.4
1842.44	13791.5
1843.44	13769.1
1844.45	13749
1845.46	13719.9
1846.46	13705
1847.47	13689.9
1848.47	13678.2
1849.48	13671.3
1850.48	13675.4
1851.49	13653.3
1852.49	13623.9
1853.49	13616.1
1854.5	13614.4
1855.5	13616.3
1856.51	13631.2
1857.51	13633.9
1858.51	13626.3
1859.52	13607.5
1860.52	13588.8
1861.52	13568.9
1862.53	13548.4
1863.53	13527.4
1864.53	13506
1865.54	13502.2
1866.54	13497.8
1867.54	13496.7
1868.54	13495.6
1869.54	13494
1870.55	13491.7
1871.55	13488.7
1872.55	13481.1
1873.55	13470.5
1874.55	13457.1
1875.55	13441.4
1876.55	13423.6
1877.55	13404.1
1878.55	13385.9
1879.55	13370.7
1880.56	13361.9
1881.55	13352.3
1882.56	13344.9
1883.55	13340.3
1884.55	13337.6
1885.55	13335
1886.55	13332.1
1887.55	13328.3
1888.55	13323.5
1889.55	13317.5
1890.55	13310.5
1891.55	13302.3
1892.55	13293.5
1893.54	13285.7
1894.54	13276.7
1895.54	13265.8
1896.54	13252.2
1897.54	13237
1898.53	13220.9
1899.53	13206.6
1900.53	13192.5
1901.52	13178.5
1902.52	13164.8
1903.52	13151.8
1904.51	13139
1905.51	13127.1
1906.51	13114.7
1907.5	13100.3
1908.5	13086
1909.49	13073.5
1910.49	13067.9
1911.49	13067.6
1912.48	13079.1
1913.48	13075.8
1914.47	13066.1
1915.46	13055.8
1916.46	13042.7
1917.45	13024.3
1918.45	13002.5
1919.44	12980.9
1920.44	12965.9
1921.43	12958.7
1922.43	12951.7
1923.42	12942.4
1924.41	12934.3
1925.41	12927.9
1926.4	12921.1
1927.39	12913.7
1928.38	12905.3
1929.38	12893.9
1930.37	12869.4
1931.36	12852
1932.35	12839
1933.35	12826.8
1934.34	12815.9
1935.33	12806.2
1936.32	12797.7
1937.31	12779.8
1938.3	12745.7
1939.29	12714
1940.29	12698.2
1941.28	12697.3
1942.27	12695.2
1943.26	12698.6
1944.25	12702.7
1945.24	12697
1946.23	12687.7
1947.22	12678.7
1948.21	12669
1949.2	12658.8
1950.19	12647.6
1951.18	12645.5
1952.17	12642.8
1953.16	12640.3
1954.14	12636.6
1955.13	12632.2
1956.12	12624.3
1957.11	12611
1958.1	12592.5
1959.09	12573.2
1960.07	12554.4
1961.06	12537.7
1962.05	12524.6
1963.04	12514
1964.02	12506.9
1965.01	12502.2
1966	12499.8
1966.99	12499.7
1967.97	12500
1968.96	12502.8
1969.95	12481.9
1970.93	12457.3
1971.92	12418.7
1972.9	12397.4
1973.89	12382.9
1974.88	12372.9
1975.86	12369.9
1976.85	12359.7
1977.83	12350.4
1978.82	12342.1
1979.8	12334.7
1980.79	12327.8
1981.77	12322.4
1982.76	12318.4
1983.74	12317.2
1984.72	12314.1
1985.71	12304.3
1986.69	12286.4
1987.67	12264.2
1988.66	12247.6
1989.64	12231.2
1990.62	12214.4
1991.61	12201.1
1992.59	12189.6
1993.57	12181.4
1994.56	12177
1995.54	12177.4
1996.52	12177.8
1997.5	12180.4
1998.49	12183
1999.47	12179.9
2000.45	12176.1
2001.43	12161.5
2002.41	12133.2
2003.39	12122.4
2004.38	12117.4
2005.36	12118.7
2006.34	12117.3
2007.32	12091.4
2008.3	12064.1
2009.28	12054.4
2010.26	12041.1
2011.24	12051.4
2012.22	12020.3
2013.2	11994.8
2014.18	11974.4
2015.16	11959.2
2016.14	11945.7
2017.12	11940.6
2018.1	11940.5
2019.07	11934.9
2020.05	11930.8
2021.03	11922.5
2022.01	11911.1
2022.99	11898.9
2023.97	11886
2024.95	11873
2025.92	11860.1
2026.9	11850.2
2027.88	11841.1
2028.86	11834
2029.83	11828.6
2030.81	11826
2031.79	11817.7
2032.76	11802.7
2033.74	11786.8
2034.72	11768.2
2035.69	11748.5
2036.67	11728.2
2037.65	11713
2038.62	11698.4
2039.6	11682.6
2040.57	11661.1
2041.55	11635.1
2042.52	11607.5
2043.5	11598.6
2044.47	11605.8
2045.45	11606
2046.42	11603.8
2047.4	11599.8
2048.37	11596.6
2049.35	11594.5
2050.32	11593.6
2051.29	11601.9
2052.27	11569.2
2053.24	11533.6
2054.21	11525.2
2055.19	11503
2056.16	11486
2057.13	11471.8
2058.11	11460.4
2059.08	11453.9
2060.05	11450.7
2061.02	11459.9
2062	11459.6
2062.97	11447.3
2063.94	11429.4
2064.91	11407.5
2065.89	11387.7
2066.86	11371.4
2067.83	11357.8
2068.8	11346.9
2069.77	11338.4
2070.74	11332.3
2071.71	11328.7
2072.68	11325.9
2073.65	11318.4
2074.62	11309.7
2075.59	11298.1
2076.56	11282
2077.53	11265.5
2078.5	11249.8
2079.47	11236.2
2080.44	11224.4
2081.41	11213.6
2082.38	11204.1
2083.35	11196
2084.32	11189.1
2085.29	11183.9
2086.26	11178.2
2087.23	11164.7
2088.19	11142.9
2089.16	11110.8
2090.13	11101.1
2091.1	11090.5
2092.07	11118.6
2093.03	11118.8
2094	11095
2094.97	11063.4
2095.94	11044.9
2096.9	11039.8
2097.87	11032.8
2098.84	11021.9
2099.8	11000.2
2100.77	10987.6
2101.74	10979.9
2102.7	10976.2
2103.67	10974.5
2104.63	10975.6
2105.6	10979.5
2106.56	10986.9
2107.53	10985.6
2108.49	10968.4
2109.46	10950.2
2110.42	10937.4
2111.39	10924.3
2112.35	10910.1
2113.32	10896.2
2114.28	10881.8
2115.25	10866.9
2116.21	10851.4
2117.17	10835.6
2118.14	10819
2119.1	10803.3
2120.07	10793.1
2121.03	10809.3
2121.99	10806.6
2122.96	10796.5
2123.92	10782.7
2124.88	10771.3
2125.84	10746.6
2126.81	10713.5
2127.77	10691.3
2128.73	10684.3
2129.69	10679.8
2130.65	10679.7
2131.62	10685
2132.58	10678.6
2133.54	10671.8
2134.5	10661.5
2135.46	10633.2
2136.42	10603.9
2137.38	10601.1
2138.34	10603.5
2139.3	10603.8
2140.26	10603.7
2141.22	10593.6
2142.18	10580.9
2143.14	10565.7
2144.1	10547.7
2145.06	10525.7
2146.02	10502.2
2146.98	10496
2147.94	10493
2148.9	10493.6
2149.86	10494.8
2150.82	10491.7
2151.78	10475.6
2152.74	10444.4
2153.69	10426.8
2154.65	10409.4
2155.61	10391.7
2156.57	10377
2157.53	10363.5
2158.48	10351.3
2159.44	10343.4
2160.4	10337.4
2161.36	10340.2
2162.31	10342
2163.27	10341.9
2164.23	10338.2
2165.18	10307.3
2166.14	10290.4
2167.1	10279.6
2168.05	10273
2169.01	10267.6
2169.96	10248.1
2170.92	10222.6
2171.88	10199.7
2172.83	10167.8
2173.79	10150.7
2174.74	10128.2
2175.7	10115.6
2176.65	10102.6
2177.6	10090.8
2178.56	10076
2179.51	10061.8
2180.47	10044.6
2181.42	10024.5
2182.38	10005.1
2183.33	9985.36
2184.28	9968.03
2185.24	9959.75
2186.19	9949.95
2187.14	9943.84
2188.1	9940.02
2189.05	9936.77
2190	9932.81
2190.96	9927.01
2191.91	9915.98
2192.86	9903.46
2193.81	9888.75
2194.76	9865.2
2195.72	9850.23
2196.67	9849.62
2197.62	9849.61
2198.57	9848.24
2199.52	9843.17
2200.47	9829.7
2201.43	9788.84
2202.38	9747.24
2203.33	9794.42
2204.28	9791.75
2205.23	9791.87
2206.18	9791.33
2207.13	9791.06
2208.08	9789.56
2209.03	9789.53
2209.98	9764.11
2210.93	9737.61
2211.88	9714.99
2212.83	9696.12
2213.78	9681.24
2214.73	9670.34
2215.67	9654.42
2216.62	9673.14
2217.57	9677.47
2218.52	9664.49
2219.47	9640
2220.42	9609.78
2221.37	9584.45
2222.31	9585.05
2223.26	9585.22
2224.21	9587.22
2225.16	9581.92
2226.1	9576.86
2227.05	9567.18
2228	9555.64
2228.94	9546.04
2229.89	9540.89
2230.84	9537.15
2231.78	9535.36
2232.73	9535.54
2233.68	9538.12
2234.62	9541.77
2235.57	9545.51
2236.51	9550.55
2237.46	9554.4
2238.41	9550.99
2239.35	9523.04
2240.3	9478.97
2241.24	9495.4
2242.19	9491.01
2243.13	9483.34
2244.07	9472.42
2245.02	9461.68
2245.96	9450.64
2246.91	9439.31
2247.85	9429.59
2248.8	9424.27
2249.74	9426.02
2250.68	9426.54
2251.63	9425.98
2252.57	9425.04
2253.51	9419.34
2254.46	9412.23
2255.4	9406.21
2256.34	9401.32
2257.28	9397.86
2258.23	9402.59
2259.17	9411.94
2260.11	9402.97
2261.05	9390.13
2262	9380.21
2262.94	9371.85
2263.88	9363.92
2264.82	9357.37
2265.76	9356.19
2266.7	9357.96
2267.64	9353.79
2268.58	9345.89
2269.53	9340.73
2270.47	9337.88
2271.41	9335.7
2272.35	9338.2
2273.29	9343.88
2274.23	9348.33
2275.17	9346.09
2276.11	9338.27
2277.05	9327.64
2277.99	9315.72
2278.93	9304.15
2279.86	9295.34
2280.8	9291.76
2281.74	9291.04
2282.68	9290.62
2283.62	9288.53
2284.56	9283.16
2285.5	9282.18
2286.44	9278.9
2287.37	9275.92
2288.31	9274.49
2289.25	9273.57
2290.19	9282.45
2291.12	9290.32
2292.06	9292.26
2293	9286.78
2293.94	9273.34
2294.87	9255.71
2295.81	9238.23
2296.75	9234.28
2297.68	9235.79
2298.62	9234.02
2299.55	9228.54
2300.49	9218.14
2301.43	9205.4
2302.36	9188.79
2303.3	9172.24
2304.23	9158.99
2305.17	9154.57
2306.1	9156.69
2307.04	9160.62
2307.98	9159.81
2308.91	9153.48
2309.84	9145.2
2310.78	9134.3
2311.71	9120.43
2312.65	9104.51
2313.58	9086.93
2314.52	9077.36
2315.45	9077.34
2316.38	9076.74
2317.32	9071.62
2317.72	9068.75
2318.66	9062.33
2319.6	9055.53
2320.54	9031.8
2321.48	9007.69
2322.41	8996.65
2323.35	8992.3
2324.29	8990.13
2325.23	9003.85
2326.16	8995.84
2327.1	8985.58
2328.04	8975.56
2328.97	8965.06
2329.91	8955
2330.85	8952.39
2331.78	8958.67
2332.72	8968.97
2333.66	8969.84
2334.59	8964.17
2335.53	8951.63
2336.46	8932.1
2337.4	8905.69
2338.33	8885.71
2339.27	8875.68
2340.2	8865.34
2341.14	8854.45
2342.07	8841.95
2343.01	8827.12
2343.94	8809.14
2344.88	8799.62
2345.81	8787.41
2346.75	8786.04
2347.68	8793.8
2348.61	8796.18
2349.55	8791.36
2350.48	8785.22
2351.41	8777.91
2352.35	8768.27
2353.28	8757.31
2354.21	8747.05
2355.15	8737.45
2356.08	8730.21
2357.01	8735.22
2357.94	8741.38
2358.88	8749.72
2359.81	8759.76
2360.74	8768.08
2361.67	8761.72
2362.6	8755.32
2363.54	8745.46
2364.47	8732.93
2365.4	8717.13
2366.33	8698.09
2367.26	8678.48
2368.19	8660.39
2369.12	8645.2
2370.05	8634.06
2370.98	8629.18
2371.91	8633.89
2372.84	8643.53
2373.77	8649.64
2374.7	8651.66
2375.63	8626.84
2376.56	8590.88
2377.49	8599.55
2378.42	8590.42
2379.35	8585.36
2380.28	8582.27
2381.21	8583.22
2382.14	8588.65
2383.07	8598.68
2384	8604.05
2384.92	8602.24
2385.85	8597.5
2386.78	8585.49
2387.71	8575.03
2388.64	8566.59
2389.56	8559.32
2390.49	8552.77
2391.42	8547.99
2392.35	8544.96
2393.27	8542.2
2394.2	8539.35
2395.13	8534.78
2396.05	8526.97
2396.98	8517.56
2397.91	8506.58
2398.83	8494.02
2399.76	8479.63
2400.69	8465.2
2401.61	8457.13
2402.54	8456.87
2403.46	8456.73
2404.39	8455.82
2405.31	8458.12
2406.24	8453.09
2407.17	8446.34
2408.09	8438.09
2409.01	8432.49
2409.94	8426.19
2410.86	8420.04
2411.79	8413.57
2412.71	8407.49
2413.64	8400.36
2414.56	8390.89
2415.49	8378.94
2416.41	8361.6
2417.33	8346.66
2418.26	8332.13
2419.18	8318
2420.1	8304.26
2421.03	8291.69
2421.95	8281.63
2422.87	8277.74
2423.79	8279.71
2424.72	8278.99
2425.64	8276.12
2426.56	8271.42
2427.48	8265.17
2428.41	8256.64
2429.33	8246.17
2430.25	8234.18
2431.17	8220.54
2432.09	8219.02
2433.01	8220.5
2433.93	8234.92
2434.86	8202.7
2435.78	8179.79
2436.7	8166.91
2437.62	8164.62
2438.54	8163.06
2439.46	8158.8
2440.38	8153.21
2441.3	8144.97
2442.22	8129.91
2443.14	8111.91
2444.06	8093.31
2444.98	8072.3
2445.9	8062.73
2446.82	8057.19
2447.73	8048.97
2448.65	8041.87
2449.57	8035.23
2450.49	8027.42
2451.41	8019.99
2452.33	8011.73
2453.25	8003.59
2454.17	7996.05
2455.08	7990.7
2456	7996.89
2456.92	7997.65
2457.84	7996.22
2458.75	7995.57
2459.67	7986.84
2460.59	7976.9
2461.51	7965.01
2462.42	7952.1
2463.34	7939.1
2464.26	7929.19
2465.17	7928.28
2466.09	7924.45
2467	7918.94
2467.92	7910.63
2468.84	7899.73
2469.75	7885.37
2470.67	7868.86
2471.58	7852.46
2472.5	7832.76
2473.42	7819.25
2474.33	7816.72
2475.25	7821.52
2476.16	7830.69
2477.08	7833.67
2477.99	7837.2
2478.9	7839.91
2479.82	7840.55
2480.73	7839.6
2481.65	7836.57
2482.56	7830.54
2483.47	7819.63
2484.39	7810.37
2485.3	7811.52
2486.22	7833.78
2487.13	7835.13
2488.04	7831.62
2488.96	7822.85
2489.87	7792.67
2490.78	7777.09
2491.69	7763.31
2492.61	7752.2
2493.52	7745.75
2494.43	7752.44
2495.34	7754
2496.25	7750.14
2497.17	7752.22
2498.08	7744.27
2498.99	7727.14
2499.9	7701.96
2500.81	7677.27
2501.72	7678.04
2502.63	7688.56
2503.55	7708.39
2504.46	7722.08
2505.37	7729.45
2506.28	7733.05
2507.19	7698.38
2508.1	7686.7
2509.01	7675.84
2509.92	7674.81
2510.83	7674.66
2511.74	7680.76
2512.65	7675.11
2513.56	7666.07
2514.47	7652.42
2515.37	7640.51
2516.28	7628.69
2517.19	7620.34
2518.1	7612.83
2519.01	7606.72
2519.92	7602.6
2520.83	7599.89
2521.73	7598.29
2522.64	7597.26
2523.55	7593.23
2524.46	7586.82
2525.37	7577.99
2526.27	7568.11
2527.18	7556.78
2528.09	7546.09
2529	7540.05
2529.9	7537.68
2530.81	7534.69
2531.72	7534.55
2532.62	7533.74
2533.53	7522.56
2534.44	7506.46
2535.34	7501.38
2536.25	7494.96
2537.15	7490.34
2538.06	7490.64
2538.96	7492.3
2539.87	7485.21
2540.78	7474.56
2541.68	7457.33
2542.59	7445.92
2543.49	7430.1
2544.4	7415.54
2545.3	7409
2546.21	7415.24
2547.11	7420.76
2548.01	7422.54
2548.92	7423.13
2549.82	7422.5
2550.73	7418.23
2551.63	7412.55
2552.53	7404.33
2553.44	7394.26
2554.34	7382.87
2555.24	7372.03
2556.15	7366.26
2557.05	7360.5
2557.95	7354.05
2558.86	7342.11
2559.76	7328.33
2560.66	7311.98
2561.56	7293.02
2562.46	7271.64
2563.37	7247.12
2564.27	7221.52
2565.17	7202.3
2566.07	7200.26
2566.97	7203.75
2567.88	7205.45
2568.78	7206.78
2569.68	7208.87
2570.58	7213.96
2571.48	7206.55
2572.38	7194.37
2573.28	7181.92
2574.18	7171.17
2575.08	7164.19
2575.98	7157.4
2576.88	7152.17
2577.78	7149.16
2578.68	7147.36
2579.58	7146.18
2580.48	7144.67
2581.38	7140.55
2582.28	7130.74
2583.18	7120.78
2584.08	7109.68
2584.98	7097.16
2585.88	7083.76
2586.77	7080.42
2587.67	7077.37
2588.57	7084.66
2589.47	7082.66
2590.37	7078.18
2591.27	7069.73
2592.16	7057.8
2593.06	7047.21
2593.96	7038.01
2594.86	7030.12
2595.75	7021.85
2596.65	7015.22
2597.55	7008.99
2598.45	7001.81
2599.34	6991.97
2600.24	6977.51
2601.13	6958.38
2602.03	6947.95
2602.93	6939.39
2603.82	6933.92
2604.72	6933.02
2605.62	6929.9
2606.51	6934.71
2607.41	6925.74
2608.3	6912.33
2609.2	6898.62
2610.09	6889.02
2610.99	6893.9
2611.88	6902.55
2612.78	6905.13
2613.67	6910.63
2614.57	6902.24
2615.46	6892.28
2616.36	6877.62
2617.25	6862.12
2618.14	6855.23
2619.04	6856.14
2619.93	6852.35
2620.83	6850.91
2621.72	6848.6
2622.61	6834.96
2623.5	6820.86
2624.4	6804.82
2625.29	6790.87
2626.18	6784.37
2627.08	6779.35
2627.97	6775.34
2628.86	6772.64
2629.75	6767.37
2630.65	6759.28
2631.54	6749.28
2632.43	6738.15
2633.32	6726.53
2634.21	6714.97
2635.11	6705.57
2636	6695.95
2636.89	6686.89
2637.78	6680.59
2638.67	6678.56
2639.56	6694.31
2640.45	6698.55
2641.34	6692.48
2642.23	6675.32
2643.12	6645.31
2644.01	6624.89
2644.9	6607.18
2645.79	6601.86
2646.68	6591.8
2647.57	6584.14
2648.46	6577.5
2649.35	6569.04
2650.24	6563.22
2651.13	6558.17
2652.02	6554.94
2652.91	6552.33
2653.8	6549.41
2654.69	6545.63
2655.58	6534.01
2656.46	6519.58
2657.35	6503.75
2658.24	6486.75
2659.13	6473.1
2660.02	6462.84
2660.9	6455.72
2661.79	6451.21
2662.68	6450.14
2663.57	6452.08
2664.45	6456.73
2665.34	6460.08
2666.23	6461.19
2667.11	6459.69
2668	6451.78
2668.89	6443.24
2669.77	6433.1
2670.66	6424.26
2671.55	6419.37
2672.43	6423.9
2673.32	6429.93
2674.21	6442.67
2675.09	6461.39
2675.98	6493.21
2676.86	6476.75
2677.75	6378.64
2678.63	6379.3
2679.52	6385.23
2680.4	6388.51
2681.29	6385.41
2682.17	6376
2683.06	6357.68
2683.94	6345.57
2684.82	6335.34
2685.71	6327.17
2686.59	6328.9
2687.48	6312.3
2688.36	6295.76
2689.24	6273.63
2690.13	6251.17
2691.01	6241.54
2691.89	6239.18
2692.78	6242.67
2693.66	6251.07
2694.54	6254.8
2695.43	6255.74
2696.31	6252.65
2697.19	6247.34
2698.07	6237.48
2698.96	6228.47
2699.84	6223.27
2700.72	6220.43
2701.6	6218.88
2702.48	6218.53
2703.36	6216.4
2704.25	6190.53
2705.13	6161.48
2706.01	6135.54
2706.89	6135.47
2707.77	6139.85
2708.65	6143.55
2709.53	6145.7
2710.41	6144.02
2711.29	6140.62
2712.17	6134.81
2713.05	6126.74
2713.93	6116.2
2714.81	6103.4
2715.69	6088.39
2716.57	6072.04
2717.45	6060.09
2718.33	6054.72
2719.21	6050.67
2720.09	6052.37
2720.97	6057.1
2721.85	6064.41
2722.73	6072
2723.61	6078.71
2724.48	6068.27
2725.36	6050.67
2726.24	6039.38
2727.12	6028.79
2728	6020.14
2728.88	6013.26
2729.75	6007.54
2730.63	6003.18
2731.51	6000.71
2732.39	5999.73
2733.26	6000.74
2734.14	6002.44
2735.02	6002.8
2735.89	6000.61
2736.77	5994.89
2737.65	5987.34
2738.52	5978.63
2739.4	5967.06
2740.28	5954.98
2741.15	5943.05
2742.03	5933.1
2742.9	5929.52
2743.78	5919.66
2744.65	5911.44
2745.53	5902.28
2746.41	5893.14
2747.28	5882.35
2748.16	5881.51
2749.03	5880.48
2749.91	5888.41
2750.78	5886.38
2751.66	5876.68
2752.53	5865.5
2753.4	5849.62
2754.28	5840.38
2755.15	5838.38
2756.02	5845.27
2756.9	5854.84
2757.77	5862.05
2758.65	5861.05
2759.52	5854.53
2760.39	5839.42
2761.27	5824.11
2762.14	5816.42
2763.01	5813.28
2763.88	5813.28
2764.76	5813.76
2765.63	5811.29
2766.5	5806.75
2767.37	5801.5
2768.25	5792.9
2769.12	5781.84
2769.99	5770.29
2770.86	5758.68
2771.73	5747
2772.61	5738.37
2773.48	5729.82
2774.35	5722.22
2775.22	5715.57
2776.09	5709.89
2776.96	5705.23
2777.83	5702.07
2778.7	5699.83
2779.57	5698.64
2780.44	5698.44
2781.31	5698.92
2782.18	5696.53
2783.05	5694.1
2783.92	5683.33
2784.79	5668.64
2785.66	5652.15
2786.53	5637.49
2787.4	5624.43
2788.27	5613.18
2789.14	5611.08
2790.01	5610.55
2790.88	5611.65
2791.75	5614.47
2792.62	5621.2
2793.48	5616.42
2794.35	5611.27
2795.22	5599.98
2796.09	5592.55
2796.96	5588.77
2797.82	5587.08
2798.69	5586.63
2799.56	5587.01
2800.43	5588.16
2801.29	5591.11
2802.16	5591.34
2803.03	5588.17
2803.9	5576.01
2804.76	5560.92
2805.63	5548.88
2806.5	5541.37
2807.36	5536.06
2808.23	5527.56
2809.09	5516.82
2809.96	5504.68
2810.83	5489.24
2811.69	5482.68
2812.56	5477.73
2813.42	5472.64
2814.29	5468.23
2815.15	5464.49
2816.02	5461.26
2816.88	5452.97
2817.75	5447.18
2818.61	5440.9
2819.48	5438.39
2820.34	5440.17
2821.21	5440.39
2822.07	5440.25
2822.94	5438.54
2823.8	5435.54
2824.66	5429.5
2825.53	5421.13
2826.39	5410.57
2827.26	5400.12
2828.12	5390.17
2828.98	5377.68
2829.85	5375.22
2830.71	5382.98
2831.57	5400.1
2832.43	5410.48
2833.3	5414.97
2834.16	5411.22
2835.02	5399.9
2835.88	5390.32
2836.75	5377.7
2837.61	5361.69
2838.47	5345.39
2839.33	5329.31
2840.19	5314.52
2841.06	5306.03
2841.92	5297.95
2842.78	5291.92
2843.64	5288.33
2844.5	5286.77
2845.36	5287.47
2846.22	5289.15
2847.08	5289.4
2847.94	5289.34
2848.81	5288.55
2849.67	5287.34
2850.53	5285.48
2851.39	5282.97
2852.25	5279.95
2853.11	5276.28
2853.97	5272.04
2854.82	5266.64
2855.68	5258.85
2856.54	5250.19
2857.4	5240.16
2858.26	5230.64
2859.12	5223.52
2859.98	5227.83
2860.84	5229.08
2861.7	5228.05
2862.56	5224.37
2863.41	5219.57
2864.27	5213.31
2865.13	5205.67
2865.99	5196.26
2866.85	5186.2
2867.7	5179.31
2868.56	5175.53
2869.42	5174.67
2870.28	5176.46
2871.13	5180.8
2871.99	5187.57
2872.85	5192.92
2873.7	5187.86
2874.56	5179.25
2875.42	5167.21
2876.27	5150.87
2877.13	5139.99
2877.99	5128.14
2878.84	5128.72
2879.7	5133.57
2880.56	5139.36
2881.41	5139.9
2882.27	5138.09
2883.12	5133.49
2883.98	5126.55
2884.83	5116.62
2885.69	5104.44
2886.54	5089.49
2887.4	5077.41
2888.25	5070.47
2889.11	5063.21
2889.96	5055.07
2890.82	5046.94
2891.67	5038.87
2892.52	5030.55
2893.38	5022.22
2894.23	5013
2895.09	5003.81
2895.94	4993.74
2896.79	4986.57
2897.65	4986.39
2898.5	4989.44
2899.35	4994.89
2900.21	4996.47
2901.06	4996.88
2901.91	4997.53
2902.76	4996.21
2903.62	4992.53
2904.47	4986.15
2905.32	4973.58
2906.17	4955.29
2907.03	4935.47
2907.88	4933.88
2908.73	4928.7
2909.58	4926.73
2910.43	4923.88
2911.28	4919.35
2912.14	4915.95
2912.99	4912.27
2913.84	4908.96
2914.69	4905.57
2915.54	4901.95
2916.39	4897.44
2917.24	4888.23
2918.09	4877.39
2918.94	4866.21
2919.79	4853.18
2920.64	4852.71
2921.49	4856.49
2922.34	4861.34
2923.19	4861.89
2924.04	4857.43
2924.89	4848.55
2925.74	4838.64
2926.59	4826.59
2927.44	4810.9
2928.29	4795.04
2929.14	4793.38
2929.98	4797.04
2930.83	4799.43
2931.68	4801.42
2932.53	4803.22
2933.38	4804.76
2934.23	4799.12
2935.07	4787.02
2935.92	4768.85
2936.77	4758.92
2937.62	4752.14
2938.47	4749.24
2939.31	4746.27
2940.16	4746.49
2941.01	4748.73
2941.85	4747.56
2942.7	4743.66
2943.55	4729.07
2944.39	4720.64
2945.24	4713.96
2946.09	4707.45
2946.93	4701.2
2947.78	4696.59
2948.63	4697.94
2949.47	4704.81
2950.32	4729.43
2951.16	4756.08
2952.01	4691.89
2952.85	4682.09
2953.7	4673.81
2954.55	4667.18
2955.39	4659.44
2956.24	4653.1
2957.08	4647.21
2957.92	4641.67
2958.77	4636.44
2959.61	4631.21
2960.46	4626.01
2961.3	4609.51
2962.15	4615.93
2962.99	4619.29
2963.83	4619.9
2964.68	4617.77
2965.52	4612.87
2966.37	4602.54
2967.21	4590.45
2968.05	4580.76
2968.9	4578.97
2969.74	4578.29
2970.58	4577.53
2971.42	4575.91
2972.27	4573.62
2973.11	4571.27
2973.95	4568.83
2974.79	4566.11
2975.64	4562.99
2976.48	4559.58
2977.32	4554.01
2978.16	4546.09
2979	4543.75
2979.85	4546.22
2980.69	4552.55
2981.53	4558.5
2982.37	4558.63
2983.21	4551.97
2984.05	4539.83
2984.89	4527.49
2985.73	4517.02
2986.57	4508.83
2987.41	4502.6
2988.25	4498.08
2989.1	4495.45
2989.94	4495.51
2990.77	4496.23
2991.62	4496.87
2992.45	4491.14
2993.29	4485.14
2994.13	4478.24
2994.97	4471.07
2995.81	4471.06
2996.65	4470.93
2997.49	4470.88
2998.33	4473.26
2999.17	4496.52
