200.833	16761.5
202.102	16761.2
203.371	16804.3
204.639	16832.6
205.907	16859.4
207.175	16879.7
208.442	16893.1
209.71	16900.6
210.977	16898.6
212.244	16896.7
213.511	16898
214.777	16903.6
216.042	16915.9
217.309	16931.5
218.575	16951.3
219.84	16975.1
221.106	17004.2
222.371	17037.9
223.635	17076.4
224.9	17119.1
226.165	17165.3
227.429	17211.9
228.694	17238.2
229.956	17270.4
231.22	17302.7
232.484	17344.8
233.747	17379.5
235.011	17414.2
236.272	17452.1
237.535	17482.7
238.798	17497.5
240.06	17518.8
241.321	17540.1
242.583	17558.5
243.845	17580
245.105	17603.6
246.367	17626
247.628	17647
248.888	17666.7
250.149	17683.8
251.409	17692.5
252.67	17701
253.928	17706.4
255.189	17708.5
256.447	17707
257.707	17712.3
258.966	17724.2
260.224	17750.6
261.483	17777.4
262.742	17795.4
263.999	17809.3
265.257	17822.1
266.514	17833.6
267.772	17843.4
269.028	17851.9
270.286	17858.3
271.543	17867.2
272.799	17873.9
274.056	17896.2
275.311	17925
276.568	17948.6
277.823	17972.2
279.079	17995.9
280.333	18017.6
281.589	18037
282.843	18054.8
284.099	18071.1
285.352	18086.4
286.607	18101.6
287.86	18127.1
289.114	18154.2
290.368	18181.7
291.621	18205.1
292.875	18227.9
294.127	18249.5
295.38	18269.2
296.632	18287.4
297.884	18303.9
299.137	18317.9
300.388	18328.5
301.641	18332.7
302.891	18328.6
304.142	18332
305.394	18342.9
306.644	18356
307.894	18366.3
309.146	18377.2
310.395	18388.9
311.645	18400
312.895	18411.1
314.144	18421.1
315.393	18430.8
316.642	18438.4
317.892	18448
319.14	18460.3
320.388	18471.5
321.637	18484.1
322.885	18473.4
324.132	18459.3
325.38	18517
326.628	18584.1
327.875	18615.2
329.122	18632.4
330.368	18644
331.614	18645.4
332.862	18643.7
334.108	18644.2
335.353	18642.4
336.599	18651.1
337.844	18674.5
339.089	18708.1
340.335	18739.3
341.58	18770.1
342.824	18793
344.068	18802
345.312	18807.7
346.556	18808.2
347.8	18803.4
349.043	18792
350.286	18774.4
351.53	18755.3
352.774	18742.6
354.016	18760.2
355.259	18791.5
356.501	18813.3
357.743	18830.8
358.985	18841.9
360.227	18844.2
361.468	18824
362.709	18830.1
363.95	18842.1
365.191	18859
366.432	18878
367.672	18891.7
368.912	18910.2
370.152	18912.5
371.392	18903.7
372.632	18900.3
373.871	18905.8
375.11	18916.1
376.348	18927.9
377.587	18944.1
378.825	18963.6
380.064	18985.1
381.302	19010
382.54	19008.7
383.778	19018.1
385.016	19028.6
386.253	19040.1
387.489	19053.1
388.726	19065.9
389.963	19079.8
391.199	19094.2
392.436	19109.6
393.672	19125.3
394.907	19142
396.142	19157.1
397.378	19162.9
398.614	19155.6
399.849	19149
401.082	19141.8
402.317	19145.2
403.552	19149.8
404.786	19158.4
406.019	19169.4
407.253	19185.2
408.487	19203.7
409.721	19224.8
410.953	19244.5
412.186	19241.9
413.419	19221.5
414.651	19209.3
415.883	19241.4
417.116	19263.5
418.347	19280.6
419.579	19293.3
420.811	19304.2
422.041	19309.5
423.272	19308.8
424.504	19307.5
425.733	19316.2
426.964	19337.7
428.194	19351
429.424	19362
430.654	19367.4
431.883	19365.3
433.113	19339.1
434.341	19321.9
435.571	19309.8
436.799	19309.2
438.028	19318.8
439.257	19339.1
440.484	19372
441.713	19405.2
442.94	19434
444.168	19446.9
445.394	19436.5
446.622	19434.4
447.848	19432.4
449.076	19438.4
450.301	19444.3
451.528	19452.5
452.754	19461.6
453.979	19473
455.205	19484.3
456.43	19491.5
457.656	19491.6
458.88	19479.7
460.106	19464.6
461.33	19456.6
462.554	19459.8
463.779	19476.8
465.002	19493.7
466.225	19508.3
467.45	19516.4
468.672	19513.4
469.895	19507.9
471.119	19503.2
472.341	19505.4
473.563	19514.1
474.786	19529.7
476.008	19543
477.229	19545.5
478.452	19539.6
479.673	19526.1
480.894	19504.5
482.115	19484.4
483.337	19477.2
484.557	19475
485.777	19473
486.997	19471.6
488.218	19469.9
489.438	19461.4
490.657	19449.8
491.876	19438.9
493.096	19432.3
494.315	19428.8
495.533	19425.5
496.752	19443.9
497.97	19462.8
499.188	19477.6
500.407	19483.9
501.625	19482.9
502.842	19479.4
504.059	19467.1
505.276	19453.3
506.493	19440
507.71	19431.7
508.926	19430.2
510.142	19433
511.358	19440.7
512.575	19453.3
513.791	19471.4
515.006	19494.4
516.222	19522.4
517.437	19553
518.651	19576.5
519.866	19585.4
521.081	19594
522.295	19597
523.509	19598.6
524.723	19606.4
525.937	19618.9
527.15	19621.9
528.363	19620.4
529.576	19617.1
530.789	19610.8
532.002	19620.4
533.215	19631.3
534.426	19645
535.638	19657.9
536.85	19665.3
538.061	19668.5
539.273	19666.9
540.484	19657.6
541.695	19648.5
542.906	19638.6
544.117	19633.6
545.327	19645.4
546.537	19655
547.747	19667.1
548.957	19685.4
550.167	19709.2
551.377	19732.2
552.585	19746.1
553.794	19724.9
555.003	19700.2
556.212	19679.7
557.421	19663
558.628	19650.8
559.836	19643.8
561.044	19641.6
562.252	19638.5
563.458	19636.3
564.666	19636.1
565.873	19636.7
567.08	19638.8
568.286	19642.4
569.493	19646.8
570.699	19651.8
571.904	19655.2
573.111	19657.4
574.317	19658.4
575.521	19658.3
576.727	19657.4
577.932	19656.5
579.136	19657.9
580.341	19662.2
581.544	19680.4
582.749	19696.7
583.954	19713
585.156	19732.6
586.361	19733.2
587.563	19725.5
588.767	19709.6
589.97	19682.4
591.172	19657.2
592.375	19644.1
593.577	19640.5
594.78	19644.2
595.981	19656.6
597.183	19669.4
598.384	19680.8
599.586	19693.1
600.786	19690.9
601.988	19678.6
603.188	19665.1
604.389	19659.4
605.589	19656.1
606.79	19655.4
607.989	19657.3
609.188	19655.5
610.389	19650.8
611.587	19636.3
612.787	19618.8
613.986	19597.5
615.184	19573.5
616.383	19551.1
617.581	19529
618.78	19506
619.977	19485.8
621.174	19478.5
622.373	19466.1
623.57	19454.5
624.766	19444.6
625.964	19433.4
627.16	19429
628.356	19428.4
629.554	19428.3
630.749	19429.9
631.945	19436.9
633.14	19438.5
634.337	19419.1
635.532	19403.8
636.726	19391.9
637.921	19383
639.117	19378
640.311	19373.4
641.505	19369.5
642.699	19366.2
643.892	19363.7
645.087	19358.8
646.28	19355.2
647.473	19353.5
648.666	19352.4
649.859	19351.2
651.051	19349.5
652.245	19347.3
653.437	19344.2
654.629	19340
655.821	19335.1
657.012	19329.7
658.204	19323.8
659.395	19319.3
660.586	19330.4
661.777	19361.6
662.967	19384.3
664.158	19400.6
665.349	19412.3
666.539	19422.8
667.729	19429.9
668.919	19433.6
670.109	19435.2
671.298	19435.2
672.487	19434.4
673.676	19432.5
674.865	19429.7
676.053	19428.4
677.242	19428.3
678.43	19430.3
679.616	19434.2
680.804	19449.3
681.992	19461.1
683.179	19472.7
684.366	19477.2
685.554	19460.8
686.74	19441.7
687.927	19425.7
689.114	19414
690.3	19405.2
691.486	19405.4
692.671	19396.6
693.856	19377.6
695.042	19346.4
696.227	19309.3
697.413	19277.5
698.598	19267.4
699.781	19280
700.966	19309.9
702.15	19342.2
703.334	19375.8
704.518	19377.2
705.701	19368.5
706.885	19302.6
708.068	19271.1
709.252	19245.4
710.433	19239.5
711.616	19242.1
712.799	19241.6
713.98	19239.5
715.163	19239.2
716.345	19239.8
717.527	19241.7
718.707	19244.3
719.889	19247
721.071	19249.1
722.25	19248.9
723.432	19243.9
724.611	19235.1
725.792	19217
726.972	19201.6
728.151	19188.6
729.332	19182
730.512	19186
731.69	19195.3
732.87	19211.3
734.048	19234
735.227	19262.9
736.405	19298.7
737.584	19318.8
738.761	19330
739.94	19332.7
741.117	19329.4
742.295	19323.9
743.471	19322
744.649	19315.6
745.825	19310.8
747.003	19307.6
748.179	19312.5
749.356	19319.3
750.531	19322.8
751.708	19330.3
752.883	19325.7
754.059	19318.2
755.234	19309.9
756.409	19301.4
757.585	19295
758.759	19294.4
759.934	19313.9
761.108	19320.4
762.282	19324
763.456	19319.9
764.63	19307.2
765.803	19281.5
766.977	19242.3
768.15	19227.9
769.323	19219.5
770.496	19229.4
771.668	19244.3
772.841	19253.2
774.014	19262.1
775.185	19188.7
776.357	19141.6
777.528	19125.8
778.701	19105
779.872	19212.4
781.042	19163.9
782.213	19154.7
783.383	19119.9
784.555	19081.1
785.725	19041.4
786.895	18999.9
788.064	18955.2
789.234	18930.9
790.404	18920.6
791.573	18956.7
792.742	19008
793.911	19044.4
795.08	19053.2
796.248	19019.4
797.416	19005
798.584	18986.7
799.753	18965.8
800.921	18957.2
802.088	18951.9
803.256	18951.6
804.423	18954
805.59	18958
806.756	18960.6
807.923	18931.4
809.089	18938
810.256	18953.3
811.422	18964.8
812.587	18977.5
813.753	18986.6
814.918	18991.3
816.084	18995.1
817.249	18998.6
818.414	19001.7
819.578	19004.4
820.743	19007
821.907	19011.5
823.072	19015.7
824.236	19020.1
825.399	19025.1
826.562	19031.4
827.725	19038.9
828.889	19049.8
830.052	19045.3
831.215	19039.7
832.377	19033.6
833.54	19029.1
834.701	19026.8
835.863	19026.5
837.025	19030
838.187	19036.7
839.349	19046.1
840.51	19057.8
841.67	19039.2
842.831	19022.2
843.992	19004.4
845.153	18987.6
846.312	18968.3
847.473	18961.2
848.633	18961.9
849.793	18971.4
850.951	18985.8
852.111	18986.3
853.27	18965.8
854.428	18945.1
855.588	18922.7
856.747	18899.1
857.904	18882.4
859.063	18868.2
860.221	18861.9
861.378	18865
862.536	18860.4
863.694	18840.9
864.85	18816.2
866.008	18792.1
867.164	18767.9
868.321	18745.7
869.478	18729.9
870.633	18716.2
871.79	18703.1
872.945	18691
874.101	18677.7
875.256	18661
876.412	18640.1
877.566	18616
878.722	18589.8
879.876	18565.8
881.031	18551.6
882.185	18543.4
883.34	18541.2
884.493	18545.9
885.647	18555.7
886.8	18567.5
887.954	18578.3
889.107	18581.6
890.261	18581.6
891.413	18578.4
892.565	18573.5
893.718	18564.8
894.87	18556.6
896.023	18551.8
897.174	18547.8
898.326	18546.5
899.478	18545.8
900.629	18544.7
901.779	18540.1
902.931	18534.1
904.081	18528.9
905.231	18528.1
906.383	18532.5
907.532	18539.5
908.682	18548.8
909.831	18560.1
910.982	18575.8
912.131	18587.6
913.28	18572.8
914.429	18563
915.578	18554.4
916.727	18545.4
917.875	18541
919.023	18544.9
920.171	18551.2
921.32	18557.6
922.467	18564.2
923.614	18570.7
924.761	18571.7
925.908	18575.7
927.055	18578.1
928.203	18579.7
929.349	18577
930.496	18561.2
931.642	18545.8
932.787	18531.7
933.933	18532
935.079	18530.5
936.224	18527.5
937.369	18525.5
938.514	18519.5
939.659	18508.9
940.804	18498.9
941.948	18489.2
943.092	18480.8
944.236	18475.3
945.38	18483.4
946.524	18488.5
947.667	18498.4
948.811	18496.8
949.954	18479.7
951.097	18460.4
952.24	18442.8
953.383	18425.2
954.525	18410
955.667	18394.7
956.81	18380.1
957.952	18365.7
959.093	18352.2
960.235	18338.9
961.376	18325.7
962.516	18310.1
963.658	18461.7
964.798	18343.6
965.939	18311.4
967.08	18303.4
968.22	18308.8
969.359	18309.1
970.499	18299.1
971.639	18292.5
972.779	18285.3
973.918	18277.6
975.056	18269.6
976.195	18261.2
977.334	18251.9
978.473	18240.6
979.61	18227
980.749	18214.6
981.887	18210.1
983.024	18222.8
984.162	18236.9
985.3	18250.2
986.437	18260.7
987.573	18268.6
988.711	18273.4
989.848	18276.2
990.983	18275.8
992.12	18273.2
993.255	18269.1
994.392	18264.3
995.528	18263.7
996.662	18267.7
997.798	18271.4
998.933	18274.8
1000.07	18278.4
1001.2	18280.4
1002.34	18273.4
1003.47	18273.8
1004.61	18276.8
1005.74	18284.2
1006.87	18294.6
1008.01	18312.5
1009.14	18316.4
1010.27	18299.7
1011.41	18295.4
1012.54	18286.3
1013.67	18283
1014.81	18281.2
1015.94	18282.2
1017.07	18282.4
1018.2	18275.8
1019.33	18263.2
1020.47	18237.8
1021.6	18217
1022.73	18201.6
1023.86	18185.9
1024.99	18172
1026.12	18161.2
1027.25	18152.3
1028.38	18146.4
1029.51	18142.7
1030.64	18140.4
1031.77	18140
1032.9	18126.6
1034.03	18105.1
1035.16	18068.2
1036.29	18034.3
1037.42	18006.2
1038.55	17989.9
1039.67	17971.1
1040.8	17969.6
1041.93	17977.9
1043.06	17979.7
1044.19	17966.9
1045.31	17948.4
1046.44	17927.4
1047.57	17908
1048.69	17896.3
1049.82	17884.7
1050.95	17876.5
1052.08	17869.4
1053.2	17863.6
1054.33	17858.3
1055.45	17855.4
1056.58	17852.8
1057.7	17850.3
1058.83	17847.6
1059.95	17841.8
1061.08	17835.4
1062.2	17826.6
1063.33	17818.1
1064.45	17807.7
1065.58	17797.6
1066.7	17788.8
1067.83	17781.7
1068.95	17782.3
1070.07	17780.8
1071.2	17765.9
1072.32	17747.4
1073.44	17748.9
1074.56	17764.4
1075.69	17777.1
1076.81	17785.5
1077.93	17790
1079.05	17789.8
1080.17	17761.6
1081.3	17753.3
1082.42	17745.7
1083.54	17741.4
1084.66	17743.5
1085.78	17753.8
1086.9	17758.9
1088.02	17765.5
1089.14	17770.1
1090.26	17773
1091.38	17774.2
1092.5	17769.8
1093.62	17761.4
1094.74	17751.4
1095.86	17741.7
1096.98	17739.3
1098.1	17736.2
1099.22	17736.9
1100.34	17740
1101.45	17744.1
1102.57	17749.1
1103.69	17754.6
1104.81	17757.6
1105.93	17756.6
1107.04	17751.6
1108.16	17742
1109.28	17728.1
1110.4	17709
1111.51	17683.9
1112.63	17654.2
1113.75	17614.3
1114.86	17582.7
1115.98	17578.3
1117.09	17574.2
1118.21	17578.1
1119.32	17579.7
1120.44	17571.9
1121.55	17559
1122.67	17533.3
1123.78	17500.1
1124.9	17465.4
1126.01	17420
1127.13	17488.2
1128.24	17563
1129.35	17489
1130.47	17413.2
1131.58	17391
1132.7	17365.5
1133.81	17349.8
1134.92	17340.9
1136.03	17339.1
1137.15	17334.2
1138.26	17326.3
1139.37	17316.2
1140.48	17301.8
1141.59	17286.6
1142.71	17269.6
1143.82	17249.2
1144.93	17227.7
1146.04	17210.1
1147.15	17209.5
1148.26	17206.2
1149.37	17201.4
1150.48	17204.1
1151.59	17202.9
1152.7	17190.4
1153.81	17167.3
1154.92	17144.6
1156.03	17128.9
1157.14	17117.1
1158.25	17114.4
1159.36	17101.1
1160.47	17085.4
1161.58	17072.6
1162.68	17068.5
1163.79	17067.6
1164.9	17070
1166.01	17073.1
1167.12	17081.1
1168.22	17081.3
1169.33	17079.5
1170.44	17073.7
1171.55	17051.8
1172.65	17030.5
1173.76	17025.5
1174.87	17025
1175.97	17037.9
1177.08	17059
1178.18	17078.6
1179.29	17083.9
1180.4	17071
1181.5	17063.6
1182.61	17057.6
1183.71	17053.7
1184.82	17056
1185.92	17067.1
1187.02	17082.4
1188.13	17082.2
1189.23	17082
1190.34	17077
1191.44	17068.2
1192.54	17059.1
1193.65	17047
1194.75	17046
1195.85	17055.1
1196.96	17064.5
1198.06	17075.2
1199.16	17085.9
1200.26	17096.9
1201.37	17107.2
1202.47	17111.8
1203.57	17116.9
1204.67	17121.3
1205.77	17121.7
1206.87	17118.2
1207.97	17103.6
1209.08	17077.6
1210.18	17058.2
1211.28	17038.9
1212.38	17020.1
1213.48	17012.4
1214.58	17014.4
1215.68	17016.1
1216.78	17011.7
1217.88	17008.8
1218.98	17005.5
1220.07	17001.3
1221.17	16996.2
1222.27	16989.5
1223.37	16981.1
1224.47	16970.9
1225.57	16959.1
1226.66	16945.7
1227.76	16930.6
1228.86	16916.6
1229.96	16902.1
1231.06	16888.2
1232.15	16870.9
1233.25	16853.9
1234.35	16830.7
1235.44	16804.1
1236.54	16782.2
1237.63	16760.9
1238.73	16740.2
1239.83	16721.8
1240.92	16708.3
1242.02	16698.7
1243.11	16695.5
1244.21	16693.4
1245.3	16694.2
1246.4	16697.6
1247.49	16701.8
1248.59	16695
1249.68	16685.7
1250.78	16686.3
1251.87	16702
1252.96	16707
1254.06	16704.3
1255.15	16702.8
1256.24	16700.8
1257.34	16697.4
1258.43	16692.1
1259.52	16684.4
1260.62	16676.7
1261.71	16677.8
1262.8	16679.7
1263.89	16673.1
1264.98	16669.9
1266.08	16651.7
1267.17	16635.1
1268.26	16627.1
1269.35	16620
1270.44	16614.1
1271.53	16611.4
1272.62	16610.2
1273.71	16611.5
1274.8	16614.9
1275.89	16620.7
1276.98	16627.6
1278.07	16642.7
1279.16	16659.1
1280.25	16673.1
1281.34	16676.4
1282.43	16676
1283.52	16671
1284.61	16660.1
1285.69	16648.4
1286.78	16648.4
1287.87	16644.7
1288.96	16649.4
1290.05	16649.6
1291.13	16647.7
1292.22	16646.7
1293.31	16646.4
1294.4	16647.2
1295.48	16649.4
1296.57	16652.2
1297.66	16653.3
1298.74	16652.2
1299.83	16647.4
1300.92	16640.2
1302	16631.8
1303.09	16623.5
1304.17	16615.8
1305.26	16609.8
1306.34	16604.3
1307.43	16605.3
1308.51	16616.1
1309.6	16620.2
1310.68	16619.8
1311.76	16618.2
1312.85	16614.4
1313.93	16602.2
1315.02	16588.5
1316.1	16574.4
1317.18	16561.2
1318.27	16560.5
1319.35	16553.2
1320.43	16547
1321.52	16547.7
1322.6	16556.1
1323.68	16560.4
1324.76	16547.5
1325.85	16527.3
1326.93	16509.5
1328.01	16502.2
1329.09	16504.2
1330.17	16492
1331.25	16472
1332.33	16451.6
1333.41	16429.3
1334.49	16406.2
1335.58	16397.7
1336.65	16395.4
1337.74	16401.4
1338.82	16416.9
1339.89	16432.8
1340.97	16437.2
1342.05	16428.7
1343.13	16411.8
1344.21	16384.6
1345.29	16358.7
1346.37	16343
1347.45	16342.8
1348.53	16340.6
1349.6	16339.1
1350.68	16337.7
1351.76	16337.7
1352.84	16339.5
1353.92	16341.4
1354.99	16346.3
1356.07	16353.2
1357.15	16361.5
1358.22	16362.4
1359.3	16341.4
1360.38	16322.9
1361.45	16305.7
1362.53	16315.2
1363.61	16314.1
1364.68	16306.5
1365.76	16301.3
1366.83	16297.4
1367.91	16295.5
1368.98	16295.6
1370.06	16299.2
1371.13	16306.3
1372.21	16315
1373.28	16323.5
1374.35	16326.3
1375.43	16322.6
1376.5	16313.8
1377.58	16318.7
1378.65	16329.1
1379.72	16320.2
1380.8	16314.4
1381.87	16307.1
1382.94	16296.4
1384.01	16281.5
1385.09	16261
1386.16	16237.4
1387.23	16216
1388.3	16197.8
1389.38	16185.4
1390.45	16175.5
1391.52	16169.3
1392.59	16166.6
1393.66	16166.8
1393.92	16165.8
1395	16172.5
1396.07	16181.3
1397.15	16193
1398.22	16193
1399.3	16185.2
1400.38	16165.1
1401.45	16143.9
1402.53	16135.5
1403.6	16140.9
1404.68	16155.2
1405.75	16162.5
1406.82	16158.9
1407.9	16148.3
1408.97	16130.4
1410.05	16111.6
1411.12	16093.4
1412.19	16080.2
1413.27	16069.9
1414.34	16063.3
1415.41	16057.2
1416.49	16057.7
1417.56	16063.1
1418.63	16074.3
1419.7	16083.2
1420.78	16087
1421.85	16081.4
1422.92	16055.4
1423.99	16030.7
1425.06	16010.4
1426.14	15994.8
1427.21	15984.5
1428.28	15980
1429.35	15979.5
1430.42	15983.9
1431.49	15992.6
1432.56	16007
1433.63	16002.9
1434.7	15983.9
1435.77	15967.6
1436.84	15950.5
1437.91	15941.4
1438.98	15945.4
1440.05	15956.6
1441.12	15973.5
1442.18	15974.6
1443.25	15965.7
1444.32	15954.8
1445.39	15934.9
1446.46	15916.9
1447.53	15896
1448.59	15883.6
1449.66	15882.5
1450.73	15894.5
1451.8	15893.7
1452.86	15880.5
1453.93	15867
1455	15864.3
1456.06	15868.4
1457.13	15878.4
1458.2	15890.3
1459.26	15894.5
1460.33	15889.5
1461.39	15885.1
1462.46	15879.8
1463.52	15873.7
1464.59	15866.8
1465.65	15858.9
1466.72	15850.3
1467.78	15840.3
1468.85	15829.1
1469.91	15817.2
1470.98	15803.7
1472.04	15790
1473.1	15778.7
1474.17	15785.4
1475.23	15799.1
1476.3	15809.2
1477.36	15817.9
1478.42	15822.6
1479.48	15824.5
1480.55	15822.8
1481.61	15812.4
1482.67	15800.2
1483.73	15785.9
1484.8	15771.1
1485.86	15760.9
1486.92	15755.6
1487.98	15751.3
1489.04	15747.2
1490.1	15743.1
1491.17	15738.1
1492.23	15732.8
1493.29	15725
1494.35	15717.7
1495.41	15711.4
1496.47	15704.8
1497.53	15702
1498.59	15701.4
1499.65	15701.4
1500.71	15700.5
1501.77	15695.7
1502.83	15686.7
1503.88	15676.1
1504.94	15662.8
1506	15647.5
1507.06	15629.1
1508.12	15608.4
1509.18	15587.2
1510.23	15567.1
1511.29	15554.2
1512.35	15549.6
1513.41	15542.8
1514.47	15566.4
1515.52	15580.9
1516.58	15585.8
1517.64	15579
1518.69	15559.9
1519.75	15521.7
1520.81	15495.2
1521.86	15483
1522.92	15495.9
1523.97	15520.5
1525.03	15504
1526.08	15502.8
1527.14	15498.9
1528.2	15492.7
1529.25	15484.7
1530.31	15473.2
1531.36	15451.1
1532.42	15430.7
1533.47	15414.8
1534.52	15412.9
1535.58	15418.5
1536.63	15426.1
1537.69	15434.5
1538.74	15438.8
1539.79	15437.1
1540.84	15427.5
1541.9	15416.6
1542.95	15406.3
1544	15400.7
1545.06	15401
1546.11	15406.3
1547.16	15418.5
1548.21	15430.2
1549.27	15414.7
1550.32	15392
1551.37	15373.2
1552.42	15357.2
1553.47	15350.3
1554.52	15347.5
1555.57	15354.8
1556.62	15364.9
1557.67	15375.2
1558.72	15378.9
1559.77	15372.5
1560.82	15363.4
1561.87	15348.6
1562.92	15328.5
1563.97	15307.5
1565.02	15295
1566.07	15302.3
1567.12	15324
1568.17	15345.9
1569.22	15362.7
1570.27	15368.7
1571.32	15370
1572.36	15367.5
1573.41	15362.5
1574.46	15354.6
1575.51	15349.7
1576.56	15344.8
1577.6	15336.4
1578.65	15310.5
1579.7	15283.8
1580.74	15265
1581.79	15250.3
1582.84	15238.6
1583.88	15231.2
1584.93	15226
1585.98	15225.6
1587.02	15226.3
1588.07	15228.2
1589.11	15225.8
1590.16	15216.2
1591.2	15208.4
1592.25	15203.2
1593.29	15201.1
1594.34	15198.9
1595.38	15198.7
1596.43	15197.5
1597.47	15193.9
1598.52	15173.6
1599.56	15155
1600.6	15140.6
1601.65	15132.3
1602.69	15125.7
1603.73	15117.6
1604.78	15101.2
1605.82	15080.8
1606.86	15061.6
1607.91	15044.9
1608.95	15029.8
1609.99	15018
1611.03	15009.5
1612.08	15003.3
1613.12	14997.8
1614.16	14992.2
1615.2	14978.5
1616.24	14960.4
1617.28	14941.2
1618.32	14925.1
1619.36	14911.3
1620.41	14900.9
1621.45	14892
1622.49	14893.4
1623.53	14905.7
1624.57	14898.4
1625.61	14864.3
1626.65	14852.4
1627.69	14844.1
1628.73	14839.1
1629.76	14839
1630.8	14831.3
1631.84	14815.5
1632.88	14794.6
1633.92	14771.8
1634.96	14743.4
1636	14723.4
1637.03	14720.5
1638.07	14728.5
1639.11	14729
1640.15	14729.1
1641.19	14730.4
1642.22	14731.7
1643.26	14731.2
1644.3	14729.3
1645.33	14725.6
1646.37	14719.5
1647.41	14708
1648.44	14699.2
1649.48	14689.6
1650.52	14679.7
1651.55	14667.4
1652.59	14661.2
1653.62	14671.5
1654.66	14664.5
1655.69	14660.2
1656.73	14642.4
1657.76	14620.7
1658.8	14594.8
1659.83	14565.3
1660.87	14530.8
1661.9	14502.1
1662.93	14505.1
1663.97	14532.6
1665	14552.6
1666.04	14550
1667.07	14549
1668.1	14469.5
1669.14	14478.8
1670.17	14494.1
1671.2	14496.1
1672.23	14489.1
1673.27	14484.6
1674.3	14483.7
1675.33	14478.6
1676.36	14480.8
1677.39	14483.3
1678.43	14487.4
1679.46	14492.1
1680.49	14496
1681.52	14498.1
1682.55	14486.4
1683.58	14477.5
1684.61	14468.1
1685.64	14458.6
1686.67	14451.2
1687.7	14442.8
1688.73	14433.6
1689.76	14423.7
1690.79	14413.4
1691.82	14402.3
1692.85	14390.4
1693.88	14377.6
1694.91	14363.7
1695.94	14348.6
1696.97	14343.3
1698	14338.8
1699.02	14343
1700.05	14345.3
1701.08	14342.8
1702.11	14338.1
1703.14	14322.2
1704.16	14302.5
1705.19	14282.3
1706.22	14263.2
1707.25	14247.5
1708.27	14232.4
1709.3	14218.2
1710.33	14205.6
1711.35	14194.6
1712.38	14187.5
1713.41	14193.3
1714.43	14200.5
1715.46	14213
1716.48	14216.6
1717.51	14217.6
1718.53	14207.1
1719.56	14189.9
1720.58	14165.7
1721.61	14143.2
1722.63	14131.3
1723.66	14121.8
1724.68	14120.4
1725.71	14119.3
1726.73	14105.5
1727.75	14093.2
1728.78	14073.3
1729.8	14051.5
1730.83	14014.8
1731.85	13999.7
1732.87	14010.3
1733.89	14016.3
1734.92	14019.3
1735.94	14018.5
1736.96	14014.3
1737.98	14006.9
1739.01	13996.8
1740.03	13983.7
1741.05	13968.5
1742.07	13951.4
1743.09	13933.4
1744.12	13922.8
1745.14	13933
1746.16	13943.6
1747.18	13948.8
1748.2	13945.5
1749.22	13941
1750.24	13932.9
1751.26	13921.6
1752.28	13907.7
1753.3	13892.3
1754.32	13878
1755.34	13882
1756.36	13876.1
1757.38	13853.9
1758.4	13835
1759.42	13820.1
1760.44	13808.9
1761.45	13803.3
1762.47	13799.9
1763.49	13809.8
1764.51	13813.5
1765.53	13806.5
1766.55	13789
1767.56	13759.3
1768.58	13733.7
1769.6	13711.1
1770.61	13690.7
1771.63	13673.2
1772.65	13680.9
1773.67	13688.2
1774.68	13697.4
1775.7	13704.6
1776.72	13702.4
1777.73	13696.5
1778.75	13687.4
1779.76	13674.9
1780.78	13658.5
1781.79	13639.8
1782.81	13629.2
1783.83	13618.7
1784.84	13610.6
1785.85	13603.3
1786.87	13596.7
1787.88	13590.2
1788.9	13583.6
1789.91	13577
1790.93	13569.8
1791.94	13562.2
1792.95	13554.6
1793.97	13546.7
1794.98	13538.6
1796	13530
1797.01	13521
1798.02	13511.2
1799.03	13501
1800.05	13489.8
1801.06	13478.2
1802.07	13466.7
1803.08	13457
1804.1	13469
1805.11	13476.1
1806.12	13470.5
1807.13	13429.1
1808.14	13408.7
1809.15	13389
1810.17	13372.1
1811.18	13353.9
1812.19	13344.9
1813.2	13344.2
1814.21	13355.9
1815.22	13362.3
1816.23	13337.6
1817.24	13293.9
1818.25	13273.8
1819.26	13255.1
1820.27	13236.7
1821.28	13221.9
1822.29	13209
1823.3	13200.5
1824.3	13195
1825.31	13198.5
1826.32	13229.4
1827.33	13253.7
1828.34	13204.2
1829.35	13138.4
1830.35	13123.8
1831.36	13130.7
1832.37	13164.5
1833.38	13139.3
1834.38	13116.2
1835.39	13097.2
1836.4	13081.5
1837.41	13068.4
1838.41	13059
1839.42	13053.4
1840.43	13050.1
1841.43	13048.3
1842.44	13044
1843.44	13032.2
1844.45	13019.5
1845.46	13006.1
1846.46	12991
1847.47	12973.9
1848.47	12954.2
1849.48	12940.3
1850.48	12941.9
1851.49	12938.7
1852.49	12925.7
1853.49	12908
1854.5	12895.3
1855.5	12873.7
1856.51	12858.8
1857.51	12850.9
1858.51	12849.2
1859.52	12868.6
1860.52	12867.6
1861.52	12862.9
1862.53	12843
1863.53	12818.4
1864.53	12813.3
1865.54	12810.2
1866.54	12824.6
1867.54	12824.7
1868.54	12813.9
1869.54	12766
1870.55	12784.1
1871.55	12781.5
1872.55	12774
1873.55	12761.4
1874.55	12746.6
1875.55	12729.6
1876.55	12713.3
1877.55	12702.5
1878.55	12693.7
1879.55	12701.6
1880.56	12707.9
1881.55	12714.7
1882.56	12720.5
1883.55	12709
1884.55	12699.5
1885.55	12672.7
1886.55	12647.6
1887.55	12622.2
1888.55	12605.1
1889.55	12599.4
1890.55	12598.2
1891.55	12594.8
1892.55	12591.4
1893.54	12581
1894.54	12568.5
1895.54	12567.4
1896.54	12563.9
1897.54	12573.7
1898.53	12557.2
1899.53	12537.3
1900.53	12513.3
1901.52	12488.2
1902.52	12490.4
1903.52	12492.9
1904.51	12492.2
1905.51	12489.9
1906.51	12473.5
1907.5	12459.4
1908.5	12435.4
1909.49	12405.4
1910.49	12379.1
1911.49	12359.2
1912.48	12344.5
1913.48	12333.7
1914.47	12320
1915.46	12325
1916.46	12341.2
1917.45	12344.1
1918.45	12338.5
1919.44	12323.2
1920.44	12299.5
1921.43	12263.6
1922.43	12244.8
1923.42	12245.4
1924.41	12237.1
1925.41	12230.1
1926.4	12222.9
1927.39	12215.7
1928.38	12209.5
1929.38	12203.5
1930.37	12197.4
1931.36	12191.4
1932.35	12171.7
1933.35	12137.4
1934.34	12110.7
1935.33	12094.3
1936.32	12083.4
1937.31	12078.1
1938.3	12078.4
1939.29	12083.6
1940.29	12094.6
1941.28	12097.9
1942.27	12088.3
1943.26	12068.3
1944.25	12044.9
1945.24	12021
1946.23	11997.2
1947.22	11997.6
1948.21	12003
1949.2	12011.7
1950.19	12010.7
1951.18	11997.9
1952.17	11983.5
1953.16	11964.1
1954.14	11941.5
1955.13	11915.1
1956.12	11886.9
1957.11	11874.1
1958.1	11861
1959.09	11853.4
1960.07	11847.2
1961.06	11841.8
1962.05	11836.5
1963.04	11831.5
1964.02	11827.2
1965.01	11823.6
1966	11821.1
1966.99	11819.2
1967.97	11817.9
1968.96	11813.7
1969.95	11796.5
1970.93	11777.6
1971.92	11757.5
1972.9	11734.9
1973.89	11716.4
1974.88	11708.8
1975.86	11703.4
1976.85	11697.7
1977.83	11691.6
1978.82	11689.2
1979.8	11686.2
1980.79	11684.6
1981.77	11682.3
1982.76	11678.6
1983.74	11670.2
1984.72	11653.3
1985.71	11639.6
1986.69	11641.8
1987.67	11625
1988.66	11607.8
1989.64	11590.6
1990.62	11574.3
1991.61	11559.2
1992.59	11545.6
1993.57	11532.8
1994.56	11522
1995.54	11514.2
1996.52	11509.6
1997.5	11512.6
1998.49	11516.2
1999.47	11517.8
2000.45	11520.1
2001.43	11517.3
2002.41	11502.5
2003.39	11479.1
2004.38	11456.7
2005.36	11434.7
2006.34	11410.9
2007.32	11391.3
2008.3	11381
2009.28	11375.1
2010.26	11372.5
2011.24	11367.9
2012.22	11363
2013.2	11363.7
2014.18	11363
2015.16	11363.1
2016.14	11362.5
2017.12	11358.3
2018.1	11349.8
2019.07	11329
2020.05	11308
2021.03	11282
2022.01	11249
2022.99	11221.7
2023.97	11206.2
2024.95	11202.4
2025.92	11231
2026.9	11243.3
2027.88	11233.1
2028.86	11232.5
2029.83	11229.8
2030.81	11221.9
2031.79	11209
2032.76	11190.2
2033.74	11165.8
2034.72	11135.4
2035.69	11107.9
2036.67	11087.3
2037.65	11068.1
2038.62	11055
2039.6	11047
2040.57	11042.7
2041.55	11041.3
2042.52	11042.1
2043.5	11044.2
2044.47	11041
2045.45	11034.6
2046.42	11029.2
2047.4	11021.6
2048.37	11009.3
2049.35	10990.3
2050.32	10967.7
2051.29	10961.9
2052.27	10955.5
2053.24	10957
2054.21	10948.4
2055.19	10921.6
2056.16	10905.1
2057.13	10890.8
2058.11	10873.2
2059.08	10855.8
2060.05	10853.7
2061.02	10872.4
2062	10880.1
2062.97	10880.9
2063.94	10861.6
2064.91	10817.8
2065.89	10769.3
2066.86	10781.2
2067.83	10770.1
2068.8	10757.2
2069.77	10743.5
2070.74	10729.3
2071.71	10710.3
2072.68	10700.8
2073.65	10697.3
2074.62	10699.3
2075.59	10706.3
2076.56	10703.3
2077.53	10695.3
2078.5	10675.4
2079.47	10652.9
2080.44	10624
2081.41	10597.1
2082.38	10583
2083.35	10571.3
2084.32	10562.2
2085.29	10556.2
2086.26	10553.1
2087.23	10554.7
2088.19	10547.4
2089.16	10527.1
2090.13	10508.5
2091.1	10498.4
2092.07	10495.4
2093.03	10499.6
2094	10512.1
2094.97	10511.9
2095.94	10510.3
2096.9	10500.6
2097.87	10484.7
2098.84	10462
2099.8	10434.3
2100.77	10405.9
2101.74	10379.3
2102.7	10366.5
2103.67	10357.5
2104.63	10351
2105.6	10356.9
2106.56	10357.7
2107.53	10364.2
2108.49	10355.1
2109.46	10338.3
2110.42	10324.9
2111.39	10313.5
2112.35	10302
2113.32	10287.4
2114.28	10274.4
2115.25	10269.5
2116.21	10261.1
2117.17	10260.3
2118.14	10252.1
2119.1	10244.8
2120.07	10237.1
2121.03	10227
2121.99	10216.1
2122.96	10206.4
2123.92	10196.4
2124.88	10199.3
2125.84	10195
2126.81	10191.8
2127.77	10174.7
2128.73	10159.1
2129.69	10144.3
2130.65	10128
2131.62	10112.4
2132.58	10099.7
2133.54	10087.9
2134.5	10077.4
2135.46	10068
2136.42	10059.2
2137.38	10050
2138.34	10040
2139.3	10029.8
2140.26	10017.7
2141.22	10014.1
2142.18	10010.9
2143.14	9994.58
2144.1	9971.19
2145.06	9930.92
2146.02	9931.04
2146.98	9938.83
2147.94	9945.42
2148.9	9946.98
2149.86	9946.99
2150.82	9945.06
2151.78	9937.92
2152.74	9928.36
2153.69	9915.46
2154.65	9900.19
2155.61	9882.67
2156.57	9863.54
2157.53	9844.8
2158.48	9823.84
2159.44	9801.74
2160.4	9780.24
2161.36	9761.23
2162.31	9743.34
2163.27	9752.4
2164.23	9781.44
2165.18	9796.89
2166.14	9707.44
2167.1	9690.2
2168.05	9699.48
2169.01	9688.91
2169.96	9675.7
2170.92	9660.23
2171.88	9642.09
2172.83	9621.53
2173.79	9603.61
2174.74	9585.17
2175.7	9568.41
2176.65	9553.89
2177.6	9541.58
2178.56	9532.14
2179.51	9523.56
2180.47	9516.4
2181.42	9509.37
2182.38	9501.05
2183.33	9492.66
2184.28	9484.14
2185.24	9474.66
2186.19	9456.81
2187.14	9435.66
2188.1	9416.37
2189.05	9400.37
2190	9384.93
2190.96	9369.92
2191.91	9366.14
2192.86	9368.95
2193.81	9376.23
2194.76	9389.15
2195.72	9388.71
2196.67	9350.17
2197.62	9330.06
2198.57	9315.27
2199.52	9299.43
2200.47	9295.44
2201.43	9292.59
2202.38	9281.85
2203.33	9262.89
2204.28	9259.69
2205.23	9255.54
2206.18	9251.96
2207.13	9252.69
2208.08	9254.33
2209.03	9237.52
2209.98	9227.88
2210.93	9211.38
2211.88	9192.62
2212.83	9176.97
2213.78	9174.76
2214.73	9174.06
2215.67	9167.05
2216.62	9163.99
2217.57	9162.72
2218.52	9150.2
2219.47	9123.41
2220.42	9100.34
2221.37	9080.83
2222.31	9056.7
2223.26	9057.9
2224.21	9066.05
2225.16	9073.8
2226.1	9086.84
2227.05	9099.9
2228	9111.32
2228.94	9090.73
2229.89	9074.77
2230.84	9058.03
2231.78	9041.5
2232.73	9027.62
2233.68	9014.07
2234.62	9001.79
2235.57	8989.84
2236.51	8979.62
2237.46	8971.25
2238.41	8960.27
2239.35	8952.1
2240.3	8943.73
2241.24	8936.87
2242.19	8936.37
2243.13	8934.78
2244.07	8938.91
2245.02	8943.13
2245.96	8949.15
2246.91	8955
2247.85	8955.07
2248.8	8952.44
2249.74	8946.2
2250.68	8937.7
2251.63	8925.32
2252.57	8914.44
2253.51	8914.95
2254.46	8909.92
2255.4	8905.28
2256.34	8894.05
2257.28	8882.56
2258.23	8864.99
2259.17	8850.64
2260.11	8841.72
2261.05	8840.14
2262	8838.08
2262.94	8842.81
2263.88	8848.26
2264.82	8851.59
2265.76	8854.13
2266.7	8851.76
2267.64	8846.38
2268.58	8840.3
2269.53	8831.75
2270.47	8826.9
2271.41	8822.22
2272.35	8819.73
2273.29	8823.75
2274.23	8828.13
2275.17	8830.81
2276.11	8825.17
2277.05	8817.91
2277.99	8810.76
2278.93	8800.36
2279.86	8787.59
2280.8	8775.27
2281.74	8765.39
2282.68	8763.25
2283.62	8763.36
2284.56	8761.36
2285.5	8761.62
2286.44	8760.58
2287.37	8761.16
2288.31	8762.28
2289.25	8756.32
2290.19	8745.67
2291.12	8744.04
2292.06	8752.52
2293	8763.21
2293.94	8763.23
2294.87	8759.69
2295.81	8749.26
2296.75	8726.11
2297.68	8707.44
2298.62	8696.87
2299.55	8692.51
2300.49	8693.18
2301.43	8694.05
2302.36	8692.97
2303.3	8692.09
2304.23	8690.52
2305.17	8685.89
2306.1	8680.71
2307.04	8674.14
2307.98	8668.18
2308.91	8660.83
2309.84	8650.82
2310.78	8636.9
2311.71	8622.34
2312.65	8609.07
2313.58	8599.97
2314.52	8592.52
2315.45	8584.38
2316.38	8576.68
2317.32	8569.31
2317.72	8566.22
2318.66	8562.06
2319.6	8557.75
2320.54	8551.52
2321.48	8543.26
2322.41	8532.36
2323.35	8519.77
2324.29	8504.63
2325.23	8488.03
2326.16	8471.57
2327.1	8455.71
2328.04	8453.76
2328.97	8452.08
2329.91	8450.22
2330.85	8448.27
2331.78	8449.34
2332.72	8443.28
2333.66	8436.86
2334.59	8425.97
2335.53	8415.53
2336.46	8403.86
2337.4	8391.18
2338.33	8376.77
2339.27	8361.98
2340.2	8357
2341.14	8363.54
2342.07	8368.86
2343.01	8364.56
2343.94	8339.06
2344.88	8326.57
2345.81	8315.1
2346.75	8306.34
2347.68	8303.08
2348.61	8300.78
2349.55	8299.5
2350.48	8299.77
2351.41	8301.49
2352.35	8305.09
2353.28	8310.55
2354.21	8316.4
2355.15	8308.73
2356.08	8275.08
2357.01	8234.39
2357.94	8223.26
2358.88	8237.19
2359.81	8239.15
2360.74	8239.13
2361.67	8238.43
2362.6	8235.37
2363.54	8229.44
2364.47	8221.28
2365.4	8214.61
2366.33	8208.51
2367.26	8203.94
2368.19	8201.18
2369.12	8199.38
2370.05	8197.82
2370.98	8197.04
2371.91	8196.79
2372.84	8193.44
2373.77	8186.53
2374.7	8175.79
2375.63	8164.3
2376.56	8152.32
2377.49	8136.97
2378.42	8131.11
2379.35	8132.26
2380.28	8134.25
2381.21	8141.88
2382.14	8145.08
2383.07	8144.13
2384	8140.19
2384.92	8133.92
2385.85	8125.75
2386.78	8115.09
2387.71	8103.58
2388.64	8095.32
2389.56	8092.23
2390.49	8095.87
2391.42	8096.51
2392.35	8094.11
2393.27	8089.12
2394.2	8080.93
2395.13	8070.83
2396.05	8059.79
2396.98	8047.47
2397.91	8032.8
2398.83	8019.75
2399.76	8010.13
2400.69	8003.7
2401.61	8001.66
2402.54	8001.01
2403.46	8002.94
2404.39	8003.26
2405.31	8002.83
2406.24	7987.32
2407.17	7969.79
2408.09	7957.9
2409.01	7954.72
2409.94	7950.84
2410.86	7945.84
2411.79	7940.14
2412.71	7936.27
2413.64	7915.54
2414.56	7887.05
2415.49	7869.96
2416.41	7868.05
2417.33	7872.22
2418.26	7878
2419.18	7887.72
2420.1	7890.05
2421.03	7883.53
2421.95	7874.48
2422.87	7862.12
2423.79	7846.98
2424.72	7833.54
2425.64	7821.53
2426.56	7809.63
2427.48	7798.21
2428.41	7789.39
2429.33	7782.64
2430.25	7778.26
2431.17	7775.13
2432.09	7772.54
2433.01	7769.8
2433.93	7770.21
2434.86	7764.29
2435.78	7755.88
2436.7	7744.48
2437.62	7727.91
2438.54	7708.45
2439.46	7687.46
2440.38	7665.17
2441.3	7653.04
2442.22	7651.76
2443.14	7648.84
2444.06	7644.17
2444.98	7638.28
2445.9	7631.52
2446.82	7623.41
2447.73	7614.8
2448.65	7605.8
2449.57	7596.94
2450.49	7587.83
2451.41	7578.71
2452.33	7568.93
2453.25	7566.77
2454.17	7568.97
2455.08	7569.33
2456	7567.08
2456.92	7561.68
2457.84	7547.14
2458.75	7535.34
2459.67	7527.67
2460.59	7520.26
2461.51	7513.83
2462.42	7508.19
2463.34	7503.15
2464.26	7498.62
2465.17	7493.65
2466.09	7487.14
2467	7479.5
2467.92	7471.26
2468.84	7462.36
2469.75	7452.51
2470.67	7443.11
2471.58	7434.82
2472.5	7427.72
2473.42	7421.85
2474.33	7417.2
2475.25	7413.83
2476.16	7411.61
2477.08	7410.64
2477.99	7410.65
2478.9	7411.91
2479.82	7410.93
2480.73	7406.48
2481.65	7399.01
2482.56	7387.19
2483.47	7376.16
2484.39	7372.98
2485.3	7369.2
2486.22	7366.68
2487.13	7365.06
2488.04	7365.01
2488.96	7366.1
2489.87	7368.19
2490.78	7367.91
2491.69	7360.44
2492.61	7348.65
2493.52	7323.4
2494.43	7308.5
2495.34	7302.8
2496.25	7291.13
2497.17	7297.5
2498.08	7311.85
2498.99	7320.29
2499.9	7320.62
2500.81	7304.04
2501.72	7290.44
2502.63	7281.04
2503.55	7274.59
2504.46	7281.09
2505.37	7280.92
2506.28	7282.2
2507.19	7280.48
2508.1	7275.3
2509.01	7268.08
2509.92	7259.41
2510.83	7248.99
2511.74	7237.63
2512.65	7225.32
2513.56	7219.39
2514.47	7213.44
2515.37	7209.94
2516.28	7211.04
2517.19	7212.58
2518.1	7214.41
2519.01	7215.64
2519.92	7214.99
2520.83	7206.45
2521.73	7198.94
2522.64	7189.2
2523.55	7177.84
2524.46	7165.18
2525.37	7152.03
2526.27	7148.71
2527.18	7149.8
2528.09	7138.28
2529	7120.8
2529.9	7107.93
2530.81	7098.61
2531.72	7091.34
2532.62	7086.88
2533.53	7085.55
2534.44	7086.93
2535.34	7090.86
2536.25	7097.16
2537.15	7105.1
2538.06	7108.96
2538.96	7108.36
2539.87	7099.86
2540.78	7072.4
2541.68	7036.34
2542.59	7007.57
2543.49	6977.77
2544.4	6962.76
2545.3	6958.24
2546.21	6989.04
2547.11	7007.73
2548.01	7023.04
2548.92	7023.23
2549.82	7008.15
2550.73	6996.89
2551.63	6982.09
2552.53	6965.73
2553.44	6954
2554.34	6944.8
2555.24	6939.7
2556.15	6944.79
2557.05	6953.05
2557.95	6943.99
2558.86	6931.62
2559.76	6914.96
2560.66	6894.4
2561.56	6874.57
2562.46	6859.64
2563.37	6859.39
2564.27	6857.29
2565.17	6855.73
2566.07	6858.22
2566.97	6858.67
2567.88	6856.96
2568.78	6853.21
2569.68	6847.97
2570.58	6840.67
2571.48	6831.53
2572.38	6820.06
2573.28	6810.15
2574.18	6801.85
2575.08	6795.9
2575.98	6800.38
2576.88	6803.82
2577.78	6797.68
2578.68	6794.56
2579.58	6781.66
2580.48	6771.15
2581.38	6757.75
2582.28	6742.25
2583.18	6731.18
2584.08	6721.09
2584.98	6714.21
2585.88	6709.51
2586.77	6706.54
2587.67	6705.39
2588.57	6704.41
2589.47	6697.63
2590.37	6680.72
2591.27	6668.98
2592.16	6658.76
2593.06	6648.97
2593.96	6639.65
2594.86	6630.46
2595.75	6621.24
2596.65	6611.83
2597.55	6601.86
2598.45	6590.79
2599.34	6579.11
2600.24	6569.6
2601.13	6577.54
2602.03	6583.06
2602.93	6581.4
2603.82	6581.36
2604.72	6575.09
2605.62	6564.82
2606.51	6549.31
2607.41	6532.16
2608.3	6534.41
2609.2	6540.12
2610.09	6545.42
2610.99	6544.17
2611.88	6536.73
2612.78	6525.15
2613.67	6512.71
2614.57	6499.77
2615.46	6486.03
2616.36	6470.96
2617.25	6459.15
2618.14	6451.43
2619.04	6447.83
2619.93	6448.51
2620.83	6449.65
2621.72	6454.34
2622.61	6446.5
2623.5	6437.06
2624.4	6428.76
2625.29	6422.83
2626.18	6417.83
2627.08	6413.56
2627.97	6410.87
2628.86	6409.17
2629.75	6408.41
2630.65	6407.69
2631.54	6403.98
2632.43	6397.54
2633.32	6390.89
2634.21	6382.1
2635.11	6372.39
2636	6362.48
2636.89	6352.78
2637.78	6344.16
2638.67	6336.02
2639.56	6328.15
2640.45	6321.23
2641.34	6314.7
2642.23	6308.08
2643.12	6301.09
2644.01	6286.35
2644.9	6265.82
2645.79	6244.56
2646.68	6221.25
2647.57	6209.88
2648.46	6210.1
2649.35	6210.53
2650.24	6207.07
2651.13	6197.79
2652.02	6174.98
2652.91	6180.5
2653.8	6184.8
2654.69	6186.05
2655.58	6183.55
2656.46	6177.07
2657.35	6166.55
2658.24	6149.53
2659.13	6135.75
2660.02	6120.74
2660.9	6113.82
2661.79	6108.96
2662.68	6110.3
2663.57	6111.54
2664.45	6114.65
2665.34	6116.93
2666.23	6117.93
2667.11	6117.16
2668	6114.62
2668.89	6110.02
2669.77	6103.61
2670.66	6095.46
2671.55	6085.7
2672.43	6074.24
2673.32	6062.58
2674.21	6056.97
2675.09	6061.69
2675.98	6074.94
2676.86	6072.78
2677.75	6061.97
2678.63	6050.22
2679.52	6038.62
2680.4	6023.84
2681.29	6013.89
2682.17	6006.56
2683.06	6001.82
2683.94	6002.61
2684.82	6000.15
2685.71	5991.78
2686.59	5973.25
2687.48	5953.49
2688.36	5933.86
2689.24	5918.09
2690.13	5905.02
2691.01	5893.97
2691.89	5885.4
2692.78	5885.39
2693.66	5891.74
2694.54	5897.17
2695.43	5900.07
2696.31	5898.92
2697.19	5890.25
2698.07	5881.25
2698.96	5869.26
2699.84	5853.7
2700.72	5836.52
2701.6	5827.9
2702.48	5826.67
2703.36	5826.85
2704.25	5824.06
2705.13	5819.73
2706.01	5814.32
2706.89	5808.05
2707.77	5800.46
2708.65	5791.91
2709.53	5782.14
2710.41	5771.43
2711.29	5759.89
2712.17	5748.54
2713.05	5743.81
2713.93	5754.77
2714.81	5764.77
2715.69	5777.11
2716.57	5780.79
2717.45	5774.88
2718.33	5759.09
2719.21	5741.48
2720.09	5718.65
2720.97	5702.4
2721.85	5693.27
2722.73	5690.27
2723.61	5692.91
2724.48	5694.56
2725.36	5721.38
2726.24	5724.07
2727.12	5719.81
2728	5709.08
2728.88	5691.68
2729.75	5684.68
2730.63	5684.6
2731.51	5683.56
2732.39	5687.32
2733.26	5690.31
2734.14	5689.82
2735.02	5686.68
2735.89	5681.81
2736.77	5673.27
2737.65	5661.86
2738.52	5647.21
2739.4	5628.95
2740.28	5608.73
2741.15	5590.31
2742.03	5580.38
2742.9	5576.33
2743.78	5577.17
2744.65	5579.59
2745.53	5576.68
2746.41	5572.84
2747.28	5569.14
2748.16	5563.25
2749.03	5556.67
2749.91	5549.79
2750.78	5542.59
2751.66	5534.49
2752.53	5529.31
2753.4	5533.11
2754.28	5535.27
2755.15	5542.39
2756.02	5543.66
2756.9	5542.28
2757.77	5540.7
2758.65	5535.49
2759.52	5527.24
2760.39	5518.25
2761.27	5509.63
2762.14	5508.33
2763.01	5502.72
2763.88	5492.82
2764.76	5473.71
2765.63	5464.62
2766.5	5456.82
2767.37	5451.35
2768.25	5446.81
2769.12	5449.98
2769.99	5455.55
2770.86	5454.94
2771.73	5452.32
2772.61	5446.19
2773.48	5437.76
2774.35	5424.19
2775.22	5406.89
2776.09	5389.58
2776.96	5372.45
2777.83	5364.46
2778.7	5356.36
2779.57	5359.31
2780.44	5363.22
2781.31	5364.94
2782.18	5368.5
2783.05	5364.89
2783.92	5357.3
2784.79	5346.81
2785.66	5332.67
2786.53	5325.04
2787.4	5321.15
2788.27	5319.1
2789.14	5317.43
2790.01	5317.1
2790.88	5315.77
2791.75	5310.62
2792.62	5303.61
2793.48	5297.5
2794.35	5292.39
2795.22	5296.14
2796.09	5313.91
2796.96	5311.44
2797.82	5285.22
2798.69	5269.93
2799.56	5267.33
2800.43	5266.07
2801.29	5264.15
2802.16	5259.75
2803.03	5243.69
2803.9	5237.78
2804.76	5234.64
2805.63	5230.1
2806.5	5229.22
2807.36	5234.26
2808.23	5238.2
2809.09	5236.95
2809.96	5232.12
2810.83	5221.33
2811.69	5208.39
2812.56	5196.67
2813.42	5185.32
2814.29	5177.54
2815.15	5171.64
2816.02	5169.42
2816.88	5167.87
2817.75	5166.54
2818.61	5165.41
2819.48	5165.92
2820.34	5166.45
2821.21	5166.83
2822.07	5165.58
2822.94	5148.25
2823.8	5137.15
2824.66	5124.21
2825.53	5113.96
2826.39	5104.07
2827.26	5096.16
2828.12	5091.65
2828.98	5088.94
2829.85	5086.34
2830.71	5084.23
2831.57	5082.26
2832.43	5080.25
2833.3	5076.33
2834.16	5072.95
2835.02	5069.49
2835.88	5066.27
2836.75	5063.6
2837.61	5063.85
2838.47	5060.1
2839.33	5052.79
2840.19	5046.15
2841.06	5037.38
2841.92	5039.23
2842.78	5040.58
2843.64	5040.54
2844.5	5037.37
2845.36	5037.32
2846.22	5033.84
2847.08	5025.67
2847.94	5013.15
2848.81	4998.64
2849.67	4989.23
2850.53	4983.22
2851.39	4979.47
2852.25	4974.97
2853.11	4971.55
2853.97	4968.46
2854.82	4966.04
2855.68	4964.27
2856.54	4962.96
2857.4	4962.73
2858.26	4963.16
2859.12	4964.25
2859.98	4965.02
2860.84	4960.5
2861.7	4955.16
2862.56	4948.5
2863.41	4940.54
2864.27	4931.05
2865.13	4920.24
2865.99	4910.35
2866.85	4902.66
2867.7	4902.73
2868.56	4904.96
2869.42	4906.96
2870.28	4908.68
2871.13	4908.29
2871.99	4904.28
2872.85	4895.59
2873.7	4887.65
2874.56	4878.13
2875.42	4867.04
2876.27	4854.69
2877.13	4839.55
2877.99	4825.43
2878.84	4834.41
2879.7	4830.76
2880.56	4872.59
2881.41	4830.33
2882.27	4802.94
2883.12	4791.39
2883.98	4786.28
2884.83	4782.82
2885.69	4784.35
2886.54	4784.26
2887.4	4786.41
2888.25	4788.48
2889.11	4789.24
2889.96	4785.94
2890.82	4783.06
2891.67	4779.75
2892.52	4775.58
2893.38	4771.69
2894.23	4767.41
2895.09	4762.76
2895.94	4757.62
2896.79	4751.8
2897.65	4745.17
2898.5	4734.32
2899.35	4723.38
2900.21	4710.69
2901.06	4697.58
2901.91	4693.69
2902.76	4683.87
2903.62	4692.42
2904.47	4700.24
2905.32	4705.42
2906.17	4708.45
2907.03	4708.21
2907.88	4705.79
2908.73	4700.25
2909.58	4692.43
2910.43	4682.55
2911.28	4670.99
2912.14	4656.27
2912.99	4640.45
2913.84	4625.7
2914.69	4612.65
2915.54	4605.03
2916.39	4597.16
2917.24	4590.28
2918.09	4584.88
2918.94	4580.97
2919.79	4579.7
2920.64	4579.24
2921.49	4584.3
2922.34	4598.05
2923.19	4608.05
2924.04	4614.94
2924.89	4588.17
2925.74	4572.71
2926.59	4566.99
2927.44	4554.64
2928.29	4544.47
2929.14	4534.52
2929.98	4526.27
2930.83	4523.35
2931.68	4523.09
2932.53	4523.84
2933.38	4523.59
2934.23	4521.44
2935.07	4513.44
2935.92	4504.69
2936.77	4493.52
2937.62	4480.38
2938.47	4464.3
2939.31	4456.74
2940.16	4459.77
2941.01	4466.12
2941.85	4473.94
2942.7	4481.56
2943.55	4481.32
2944.39	4471.82
2945.24	4462.75
2946.09	4455.71
2946.93	4446.06
2947.78	4440.47
2948.63	4434.87
2949.47	4434.45
2950.32	4432.51
2951.16	4431.39
2952.01	4430.77
2952.85	4432.13
2953.7	4433.22
2954.55	4432.79
2955.39	4429.53
2956.24	4425.51
2957.08	4419.52
2957.92	4412.09
2958.77	4402.64
2959.61	4390.73
2960.46	4375.84
2961.3	4389.26
2962.15	4390.09
2962.99	4383.51
2963.83	4373.67
2964.68	4363.17
2965.52	4358.91
2966.37	4354.08
2967.21	4350.45
2968.05	4347.6
2968.9	4346.42
2969.74	4345.76
2970.58	4344.85
2971.42	4342.89
2972.27	4339.25
2973.11	4334.42
2973.95	4328.52
2974.79	4321.88
2975.64	4314.05
2976.48	4305.45
2977.32	4296.62
2978.16	4288.31
2979	4285.54
2979.85	4284.77
2980.69	4286.09
2981.53	4287.86
2982.37	4289.52
2983.21	4290.31
2984.05	4290.08
2984.89	4288.09
2985.73	4284.51
2986.57	4279.61
2987.41	4273.58
2988.25	4266.11
2989.1	4257.24
2989.94	4247.83
2990.77	4237.82
2991.62	4231.97
2992.45	4227.87
2993.29	4226.1
2994.13	4226.99
2994.97	4229.96
2995.81	4228.8
2996.65	4228.38
2997.49	4226.8
2998.33	4229.48
2999.17	4224.58
