200.833	18531
202.102	18552
203.371	18471.4
204.639	18552.6
205.907	18607.9
207.175	18649.9
208.442	18674.4
209.71	18689.4
210.977	18683.8
212.244	18672
213.511	18648.5
214.777	18623.1
216.042	18608.9
217.309	18639.2
218.575	18691.1
219.84	18758.5
221.106	18810.1
222.371	18855.5
223.635	18894.2
224.9	18928
226.165	18956.2
227.429	18978.5
228.694	19001.2
229.956	19046.1
231.22	19092.6
232.484	19142.4
233.747	19185.8
235.011	19220.9
236.272	19250.8
237.535	19269.9
238.798	19287.4
240.06	19314.3
241.321	19342.5
242.583	19370.9
243.845	19397
245.105	19421.2
246.367	19434.3
247.628	19453.5
248.888	19485
250.149	19510.6
251.409	19525.2
252.67	19538.5
253.928	19533.3
255.189	19527.6
256.447	19542.9
257.707	19562.9
258.966	19583.2
260.224	19606.4
261.483	19630.1
262.742	19654.2
263.999	19678.5
265.257	19699.9
266.514	19722.2
267.772	19745.5
269.028	19776.3
270.286	19788.1
271.543	19796.4
272.799	19805.1
274.056	19811.7
275.311	19818.2
276.568	19849.5
277.823	19881.6
279.079	19911.6
280.333	19940.2
281.589	19966.6
282.843	19985.8
284.099	20005.4
285.352	20019.5
286.607	20032
287.86	20042.8
289.114	20062.8
290.368	20108.5
291.621	20150.6
292.875	20199.1
294.127	20244.8
295.38	20260.1
296.632	20264.1
297.884	20254.1
299.137	20244.2
300.388	20246.8
301.641	20254
302.891	20262.5
304.142	20272.5
305.394	20288.7
306.644	20307.1
307.894	20325.6
309.146	20335.7
310.395	20330.5
311.645	20325.7
312.895	20332.1
314.144	20340.2
315.393	20350.1
316.642	20363.5
317.892	20383.2
319.14	20404.4
320.388	20426.2
321.637	20447.8
322.885	20468.9
324.132	20490.1
325.38	20511.5
326.628	20533.1
327.875	20555
329.122	20576.8
330.368	20599.1
331.614	20621.5
332.862	20643.6
334.108	20664.4
335.353	20680.1
336.599	20691.7
337.844	20695.5
339.089	20700.4
340.335	20724.4
341.58	20744.9
342.824	20770.4
344.068	20802.8
345.312	20840.2
346.556	20845.8
347.8	20840
349.043	20827.9
350.286	20810.2
351.53	20787.6
352.774	20793.5
354.016	20822.3
355.259	20841.8
356.501	20857.4
357.743	20871.6
358.985	20878.4
360.227	20884.3
361.468	20892.1
362.709	20898.9
363.95	20904.5
365.191	20908.8
366.432	20912.5
367.672	20913
368.912	20908.6
370.152	20905.1
371.392	20905.8
372.632	20911.6
373.871	20923.3
375.11	20946.3
376.348	20969.9
377.587	20996.9
378.825	21018.9
380.064	21033
381.302	21040.7
382.54	21042.3
383.778	21039.8
385.016	21036.1
386.253	21032.7
387.489	21050.2
388.726	21071.3
389.963	21104.6
391.199	21133.2
392.436	21154.4
393.672	21170.4
394.907	21172.8
396.142	21183
397.378	21196
398.614	21206.2
399.849	21231.2
401.082	21247.7
402.317	21264.7
403.552	21275.5
404.786	21283.8
406.019	21291.9
407.253	21301.2
408.487	21311
409.721	21321.6
410.953	21332.6
412.186	21344.6
413.419	21357.5
414.651	21367.5
415.883	21372.4
417.116	21342.8
418.347	21329.3
419.579	21318.1
420.811	21348.7
422.041	21401.4
423.272	21396.2
424.504	21390.6
425.733	21400.8
426.964	21411.7
428.194	21424
429.424	21435.4
430.654	21443.7
431.883	21448.2
433.113	21447.9
434.341	21443.9
435.571	21434.2
436.799	21445.6
438.028	21453.4
439.257	21469.6
440.484	21498.3
441.713	21537.6
442.94	21569.8
444.168	21575
445.394	21575.5
446.622	21570
447.848	21567.4
449.076	21567.2
450.301	21567.7
451.528	21569.3
452.754	21572
453.979	21575.6
455.205	21580.3
456.43	21586
457.656	21592.8
458.88	21600.6
460.106	21609.3
461.33	21619.2
462.554	21629.4
463.779	21632.1
465.002	21637.1
466.225	21640.3
467.45	21645
468.672	21665.6
469.895	21668.9
471.119	21676.3
472.341	21658.5
473.563	21630.1
474.786	21599.1
476.008	21568.9
477.229	21551.4
478.452	21543
479.673	21546.7
480.894	21560.6
482.115	21570
483.337	21578.6
484.557	21583.3
485.777	21591.8
486.997	21586.2
488.218	21571.9
489.438	21545.8
490.657	21515.4
491.876	21485.8
493.096	21486.3
494.315	21508.9
495.533	21520.1
496.752	21531.8
497.97	21542.1
499.188	21547.2
500.407	21549.3
501.625	21547.5
502.842	21542.7
504.059	21534.7
505.276	21524.3
506.493	21529.5
507.71	21533.2
508.926	21537.1
510.142	21563.3
511.358	21558.6
512.575	21553.7
513.791	21554.5
515.006	21568.7
516.222	21611.1
517.437	21697.6
518.651	21711.3
519.866	21663.7
521.081	21687.3
522.295	21724.9
523.509	21754
524.723	21753.9
525.937	21755.3
527.15	21759.3
528.363	21765
529.576	21770.6
530.789	21774.8
532.002	21778.3
533.215	21781.1
534.426	21782.8
535.638	21783.8
536.85	21783.6
538.061	21782.6
539.273	21780.4
540.484	21778.4
541.695	21776.6
542.906	21776
544.117	21777.7
545.327	21794.1
546.537	21818
547.747	21836.8
548.957	21850.9
550.167	21859.5
551.377	21854.3
552.585	21838.3
553.794	21828.2
555.003	21819.9
556.212	21818.9
557.421	21825.6
558.628	21820.6
559.836	21816.5
561.044	21811.4
562.252	21809.7
563.458	21809.5
564.666	21808.8
565.873	21819.5
567.08	21823.4
568.286	21824.7
569.493	21824.9
570.699	21824.1
571.904	21822.2
573.111	21818.8
574.317	21815.3
575.521	21806.4
576.727	21795.6
577.932	21788.2
579.136	21785.4
580.341	21790.5
581.544	21799.4
582.749	21810.3
583.954	21820.1
585.156	21830.4
586.361	21842.3
587.563	21855
588.767	21851.8
589.97	21844.5
591.172	21834.1
592.375	21826.3
593.577	21824.7
594.78	21828.5
595.981	21831
597.183	21842.1
598.384	21853.8
599.586	21862.6
600.786	21867.6
601.988	21857.3
603.188	21841.6
604.389	21825
605.589	21809.6
606.79	21797.4
607.989	21785.6
609.188	21775.8
610.389	21767.2
611.587	21760.1
612.787	21754.1
613.986	21749.2
615.184	21743
616.383	21739.3
617.581	21734.9
618.78	21725.9
619.977	21709.2
621.174	21672.3
622.373	21661.6
623.57	21656.1
624.766	21639.2
625.964	21621.6
627.16	21601.4
628.356	21583.1
629.554	21568.3
630.749	21552
631.945	21537.5
633.14	21520.6
634.337	21507.9
635.532	21506.6
636.726	21521.8
637.921	21555.2
639.117	21548.4
640.311	21518.2
641.505	21495
642.699	21481.9
643.892	21528
645.087	21582.9
646.28	21533
647.473	21540.5
648.666	21553.5
649.859	21567.3
651.051	21577.8
652.245	21572.6
653.437	21560.6
654.629	21546.5
655.821	21538.4
657.012	21534.3
658.204	21520.8
659.395	21522.3
660.586	21531.8
661.777	21550.8
662.967	21573.2
664.158	21583.3
665.349	21603.6
666.539	21610.3
667.729	21610.3
668.919	21593
670.109	21577.4
671.298	21585
672.487	21593.2
673.676	21601.7
674.865	21610.9
676.053	21621.6
677.242	21629.9
678.43	21632
679.616	21630.2
680.804	21618.8
681.992	21604.6
683.179	21585.4
684.366	21573.7
685.554	21569
686.74	21570.7
687.927	21574.8
689.114	21582.4
690.3	21596.5
691.486	21608.1
692.671	21613.9
693.856	21602.8
695.042	21590.1
696.227	21570.7
697.413	21547
698.598	21513.6
699.781	21491
700.966	21469.1
702.15	21480.8
703.334	21472.8
704.518	21459.7
705.701	21432.2
706.885	21414.8
708.068	21404.4
709.252	21401.6
710.433	21405.3
711.616	21421.6
712.799	21422.1
713.98	21417.1
715.163	21405.8
716.345	21390.3
717.527	21383.4
718.707	21377.7
719.889	21373.4
721.071	21371.3
722.25	21371.2
723.432	21373.2
724.611	21377.7
725.792	21385.5
726.972	21397.6
728.151	21412.7
729.332	21426.9
730.512	21438.4
731.69	21444.8
732.87	21450.2
734.048	21447.7
735.227	21444.6
736.405	21436.6
737.584	21431
738.761	21428
739.94	21445.7
741.117	21472.2
742.295	21489.7
743.471	21503.9
744.649	21510.9
745.825	21513
747.003	21509.6
748.179	21502.8
749.356	21493.7
750.531	21484.3
751.708	21492.4
752.883	21495
754.059	21497.9
755.234	21500.3
756.409	21503.3
757.585	21505.6
758.759	21507.6
759.934	21508.7
761.108	21509.4
762.282	21508.9
763.456	21500.5
764.63	21483.4
765.803	21449
766.977	21422.8
768.15	21405.7
769.323	21389.8
770.496	21375.3
771.668	21363.7
772.841	21355.6
774.014	21350.5
775.185	21347.8
776.357	21344.8
777.528	21342.2
778.701	21336.2
779.872	21330.5
781.042	21324.6
782.213	21318.5
783.383	21312
784.555	21305.4
785.725	21296.9
786.895	21285.8
788.064	21272
789.234	21255.6
790.404	21236.5
791.573	21215.5
792.742	21192.6
793.911	21171.1
795.08	21154.8
796.248	21143.4
797.416	21137.1
798.584	21131.1
799.753	21126.5
800.921	21123.4
802.088	21120
803.256	21118
804.423	21117.6
805.59	21119
806.756	21122.6
807.923	21127.8
809.089	21134.9
810.256	21142.5
811.422	21147.3
812.587	21151.2
813.753	21154
814.918	21152.3
816.084	21149
817.249	21142.6
818.414	21133.7
819.578	21126.2
820.743	21121.6
821.907	21126.8
823.072	21131
824.236	21138.7
825.399	21160.1
826.562	21198.1
827.725	21229.6
828.889	21214.8
830.052	21211.1
831.215	21220.4
832.377	21230.3
833.54	21236.4
834.701	21238.2
835.863	21238.3
837.025	21239.2
838.187	21240.9
839.349	21244.1
840.51	21248.7
841.67	21254.1
842.831	21252.8
843.992	21242.8
845.153	21223.5
846.312	21205.4
847.473	21190.4
848.633	21175.6
849.793	21158.5
850.951	21142.8
852.111	21131.5
853.27	21122.7
854.428	21116.6
855.588	21110
856.747	21101.4
857.904	21092.2
859.063	21082.1
860.221	21074.4
861.378	21066.3
862.536	21058.9
863.694	21047.4
864.85	21021.4
866.008	20991.6
867.164	20957.3
868.321	20919.5
869.478	20879
870.633	20836
871.79	20814
872.945	20846.3
874.101	20855.1
875.256	20860.7
876.412	20861.6
877.566	20848
878.722	20826.4
879.876	20794
881.031	20754.4
882.185	20710.2
883.34	20664.1
884.493	20729.5
885.647	20735.2
886.8	20736.5
887.954	20736.2
889.107	20734
890.261	20727.8
891.413	20718.8
892.565	20707.2
893.718	20692.3
894.87	20679.3
896.023	20669.7
897.174	20676.7
898.326	20689.1
899.478	20708.3
900.629	20736.4
901.779	20734.3
902.931	20729.1
904.081	20706
905.231	20698.1
906.383	20702.8
907.532	20722.1
908.682	20743.3
909.831	20760.3
910.982	20774.6
912.131	20786.1
913.28	20792.9
914.429	20796.9
915.578	20799.3
916.727	20800.3
917.875	20803.4
919.023	20807.5
920.171	20811.9
921.32	20813.3
922.467	20811
923.614	20804.7
924.761	20796.6
925.908	20786.8
927.055	20777.3
928.203	20766.5
929.349	20755
930.496	20741.1
931.642	20733.5
932.787	20742
933.933	20749.2
935.079	20750.3
936.224	20751.5
937.369	20740.7
938.514	20726.9
939.659	20709.8
940.804	20689.9
941.948	20669.7
943.092	20666.4
944.236	20666.9
945.38	20672.9
946.524	20681.3
947.667	20700.2
948.811	20693.7
949.954	20676.7
951.097	20644.6
952.24	20606.5
953.383	20578.8
954.525	20556
955.667	20536
956.81	20519.9
957.952	20507.9
959.093	20499.7
960.235	20496.1
961.376	20496.7
962.516	20497
963.658	20494.6
964.798	20491.1
965.939	20488.5
967.08	20487.9
968.22	20489.3
969.359	20491.1
970.499	20485.9
971.639	20469.8
972.779	20457
973.918	20443.4
975.056	20434.8
976.195	20426.2
977.334	20417.8
978.473	20409.4
979.61	20401.5
980.749	20393.4
981.887	20385.9
983.024	20381.1
984.162	20378.6
985.3	20378.6
986.437	20380.9
987.573	20385.6
988.711	20392.5
989.848	20401.9
990.983	20413.4
992.12	20427.5
993.255	20442.9
994.392	20454.9
995.528	20449.7
996.662	20439.6
997.798	20431.2
998.933	20422.6
1000.07	20413.9
1001.2	20412.2
1002.34	20409.7
1003.47	20409
1004.61	20409.1
1005.74	20411.2
1006.87	20412.4
1008.01	20412.8
1009.14	20406.9
1010.27	20398.6
1011.41	20399.2
1012.54	20398.5
1013.67	20396.9
1014.81	20394.9
1015.94	20393.2
1017.07	20391
1018.2	20388.8
1019.33	20385.8
1020.47	20382.9
1021.6	20380
1022.73	20378.9
1023.86	20379
1024.99	20369.7
1026.12	20353.6
1027.25	20327.8
1028.38	20317.5
1029.51	20327.3
1030.64	20321.5
1031.77	20311.9
1032.9	20292.3
1034.03	20269.4
1035.16	20238.4
1036.29	20214
1037.42	20188
1038.55	20166.4
1039.67	20143.6
1040.8	20122.3
1041.93	20109.4
1043.06	20099.6
1044.19	20091.2
1045.31	20084.2
1046.44	20079.1
1047.57	20075.2
1048.69	20062.5
1049.82	20048.9
1050.95	20028.4
1052.08	20009.8
1053.2	19994.1
1054.33	19980
1055.45	19966.4
1056.58	19953.2
1057.7	19952.2
1058.83	19962.7
1059.95	19978.5
1061.08	19987.2
1062.2	19987.6
1063.33	19980.2
1064.45	19967.7
1065.58	19950.6
1066.7	19931.3
1067.83	19913.2
1068.95	19900
1070.07	19888.5
1071.2	19878.9
1072.32	19872.6
1073.44	19868.6
1074.56	19867.6
1075.69	19869.2
1076.81	19873
1077.93	19877.6
1079.05	19879.9
1080.17	19882
1081.3	19881.9
1082.42	19881.7
1083.54	19880.1
1084.66	19876.6
1085.78	19873.1
1086.9	19869.1
1088.02	19865.9
1089.14	19864.3
1090.26	19863.9
1091.38	19871.9
1092.5	19881.8
1093.62	19890.8
1094.74	19903.3
1095.86	19915.9
1096.98	19919.7
1098.1	19912.3
1099.22	19893.4
1100.34	19865.1
1101.45	19844.3
1102.57	19831.8
1103.69	19826.7
1104.81	19828.6
1105.93	19838.5
1107.04	19849.5
1108.16	19846.5
1109.28	19838.3
1110.4	19826.6
1111.51	19809.1
1112.63	19787
1113.75	19760.4
1114.86	19733.6
1115.98	19721.1
1117.09	19706.6
1118.21	19711.7
1119.32	19709.6
1120.44	19702.5
1121.55	19690.1
1122.67	19672.6
1123.78	19651.9
1124.9	19634.4
1126.01	19613.8
1127.13	19590
1128.24	19569.3
1129.35	19556.1
1130.47	19560.3
1131.58	19559.4
1132.7	19538.7
1133.81	19515.8
1134.92	19491.2
1136.03	19463.7
1137.15	19434.3
1138.26	19398.6
1139.37	19360.6
1140.48	19321.4
1141.59	19282.4
1142.71	19268.2
1143.82	19253.9
1144.93	19249.1
1146.04	19251.5
1147.15	19260.3
1148.26	19267.5
1149.37	19243.7
1150.48	19226.7
1151.59	19195.9
1152.7	19169.9
1153.81	19150.8
1154.92	19139.5
1156.03	19134.3
1157.14	19156.4
1158.25	19174.9
1159.36	19161.1
1160.47	19130.1
1161.58	19099.1
1162.68	19082.2
1163.79	19075.9
1164.9	19073.4
1166.01	19076.3
1167.12	19084.4
1168.22	19099.6
1169.33	19115.5
1170.44	19123.3
1171.55	19127.8
1172.65	19130.9
1173.76	19124.5
1174.87	19133.7
1175.97	19143.5
1177.08	19149.3
1178.18	19149.8
1179.29	19151.8
1180.4	19155.6
1181.5	19160.3
1182.61	19164.7
1183.71	19169
1184.82	19168.4
1185.92	19166.8
1187.02	19163.7
1188.13	19158.5
1189.23	19151.3
1190.34	19143.9
1191.44	19137.5
1192.54	19133.4
1193.65	19131.3
1194.75	19130.1
1195.85	19130
1196.96	19130.5
1198.06	19131.7
1199.16	19134
1200.26	19136
1201.37	19137.2
1202.47	19136.8
1203.57	19135
1204.67	19131.9
1205.77	19127.6
1206.87	19122.5
1207.97	19116.9
1209.08	19110.1
1210.18	19102.5
1211.28	19093.9
1212.38	19084.1
1213.48	19072.6
1214.58	19059
1215.68	19044.4
1216.78	19036.8
1217.88	19054.5
1218.98	19099.9
1220.07	19090
1221.17	19066.8
1222.27	19053
1223.37	19038
1224.47	19020
1225.57	19002.3
1226.66	18984.5
1227.76	18967.3
1228.86	18951.8
1229.96	18938.3
1231.06	18940.6
1232.15	18952
1233.25	18952.8
1234.35	18943.2
1235.44	18923.2
1236.54	18891.8
1237.63	18858.4
1238.73	18829.2
1239.83	18805.8
1240.92	18793.1
1242.02	18787.4
1243.11	18783.9
1244.21	18780.2
1245.3	18774.8
1246.4	18768.2
1247.49	18760.7
1248.59	18752.2
1249.68	18742.7
1250.78	18732.1
1251.87	18720.5
1252.96	18708.1
1254.06	18694.4
1255.15	18681.3
1256.24	18678.4
1257.34	18680.3
1258.43	18681.4
1259.52	18691.9
1260.62	18719.9
1261.71	18706.8
1262.8	18686.5
1263.89	18663.5
1264.98	18641.6
1266.08	18634.3
1267.17	18646.1
1268.26	18684.9
1269.35	18739.7
1270.44	18741.1
1271.53	18667.3
1272.62	18631
1273.71	18634.5
1274.8	18624.6
1275.89	18618.2
1276.98	18618.7
1278.07	18621
1279.16	18628.9
1280.25	18637.3
1281.34	18645
1282.43	18650.4
1283.52	18639.5
1284.61	18652.5
1285.69	18663.4
1286.78	18681.7
1287.87	18698
1288.96	18710.9
1290.05	18719.2
1291.13	18721.5
1292.22	18719.7
1293.31	18711.8
1294.4	18699.4
1295.48	18682.9
1296.57	18666.3
1297.66	18664
1298.74	18665.8
1299.83	18673.1
1300.92	18683
1302	18691.4
1303.09	18694.8
1304.17	18693
1305.26	18680.9
1306.34	18664.4
1307.43	18655.8
1308.51	18654.5
1309.6	18660.1
1310.68	18674.3
1311.76	18654.6
1312.85	18639.2
1313.93	18614.1
1315.02	18612.1
1316.1	18616.3
1317.18	18617.5
1318.27	18616.1
1319.35	18610.8
1320.43	18603.6
1321.52	18594.2
1322.6	18579.5
1323.68	18564.3
1324.76	18551.3
1325.85	18536.9
1326.93	18521.7
1328.01	18504.9
1329.09	18487.7
1330.17	18471.1
1331.25	18454.8
1332.33	18443
1333.41	18431.5
1334.49	18423.5
1335.58	18426.6
1336.65	18432.1
1337.74	18437.1
1338.82	18441.4
1339.89	18440.2
1340.97	18431.6
1342.05	18419.8
1343.13	18410.3
1344.21	18401.7
1345.29	18399.7
1346.37	18394.1
1347.45	18385.4
1348.53	18375.2
1349.6	18363.8
1350.68	18365
1351.76	18365.3
1352.84	18362.1
1353.92	18353.8
1354.99	18340.9
1356.07	18323.4
1357.15	18309.1
1358.22	18295.2
1359.3	18285
1360.38	18284.4
1361.45	18293.9
1362.53	18309.9
1363.61	18326.8
1364.68	18345.6
1365.76	18358
1366.83	18355.7
1367.91	18347.7
1368.98	18338.7
1370.06	18332
1371.13	18328
1372.21	18318.6
1373.28	18309.7
1374.35	18305.8
1375.43	18310.7
1376.5	18330
1377.58	18343.2
1378.65	18332
1379.72	18312.4
1380.8	18296.4
1381.87	18284.1
1382.94	18277.1
1384.01	18270
1385.09	18266.8
1386.16	18266.3
1387.23	18265.1
1388.3	18259.8
1389.38	18237.7
1390.45	18220.6
1391.52	18211.6
1392.59	18209.6
1393.66	18213.3
1393.92	18213.7
1395	18225.4
1396.07	18252.7
1397.15	18258.8
1398.22	18252.8
1399.3	18233.3
1400.38	18205.9
1401.45	18176.5
1402.53	18154.6
1403.6	18142.7
1404.68	18141
1405.75	18149.6
1406.82	18163
1407.9	18197.5
1408.97	18203.5
1410.05	18197.1
1411.12	18183.9
1412.19	18165.8
1413.27	18142.6
1414.34	18115.4
1415.41	18083.8
1416.49	18050.2
1417.56	18007.1
1418.63	17981.1
1419.7	17980.3
1420.78	18007.2
1421.85	18025.9
1422.92	18052.4
1423.99	18085.7
1425.06	18088.9
1426.14	18080.1
1427.21	18075
1428.28	18046.8
1429.35	18026.5
1430.42	18007.3
1431.49	17985.8
1432.56	17968.1
1433.63	17970.4
1434.7	17988.3
1435.77	17963
1436.84	17948
1437.91	17948
1438.98	17976.6
1440.05	18003.6
1441.12	18027.5
1442.18	18014.9
1443.25	17992.1
1444.32	17962.4
1445.39	17938.2
1446.46	17919.2
1447.53	17903.3
1448.59	17891.9
1449.66	17881
1450.73	17876.3
1451.8	17876.7
1452.86	17886.1
1453.93	17925
1455	17946.4
1456.06	17944.7
1457.13	17933.2
1458.2	17918.6
1459.26	17911
1460.33	17899.7
1461.39	17888.5
1462.46	17879
1463.52	17871.1
1464.59	17864.4
1465.65	17863.5
1466.72	17862.2
1467.78	17857.3
1468.85	17850.3
1469.91	17843.6
1470.98	17839.1
1472.04	17840
1473.1	17848.2
1474.17	17867.8
1475.23	17881.4
1476.3	17886.7
1477.36	17882.5
1478.42	17868.3
1479.48	17841.2
1480.55	17817.8
1481.61	17804.8
1482.67	17790.3
1483.73	17785.6
1484.8	17784.3
1485.86	17781.7
1486.92	17780.3
1487.98	17761.6
1489.04	17723.5
1490.1	17723.2
1491.17	17719.3
1492.23	17836
1493.29	17709.2
1494.35	17683.3
1495.41	17680.1
1496.47	17675.8
1497.53	17675.1
1498.59	17673.5
1499.65	17669.7
1500.71	17664.9
1501.77	17658.9
1502.83	17651
1503.88	17641.4
1504.94	17629.5
1506	17614.8
1507.06	17596.2
1508.12	17579.4
1509.18	17566.4
1510.23	17559.3
1511.29	17556.7
1512.35	17558.2
1513.41	17563.3
1514.47	17571.2
1515.52	17578.5
1516.58	17560.7
1517.64	17536.6
1518.69	17514.6
1519.75	17493
1520.81	17471.9
1521.86	17451.1
1522.92	17454.6
1523.97	17472
1525.03	17481.9
1526.08	17483.9
1527.14	17464.9
1528.2	17444
1529.25	17420.8
1530.31	17413.7
1531.36	17406.5
1532.42	17405.1
1533.47	17411.1
1534.52	17419.1
1535.58	17424.8
1536.63	17429.5
1537.69	17416.7
1538.74	17407.2
1539.79	17394.7
1540.84	17380
1541.9	17361.7
1542.95	17341.3
1544	17324.7
1545.06	17312.5
1546.11	17325.1
1547.16	17327.8
1548.21	17330.5
1549.27	17338.6
1550.32	17342.7
1551.37	17335.7
1552.42	17317.2
1553.47	17288.8
1554.52	17271.5
1555.57	17271.4
1556.62	17278.2
1557.67	17285.7
1558.72	17290.3
1559.77	17295.4
1560.82	17301.7
1561.87	17308.8
1562.92	17316.2
1563.97	17324.5
1565.02	17333.3
1566.07	17343.3
1567.12	17347
1568.17	17326.1
1569.22	17301.3
1570.27	17260.3
1571.32	17237.2
1572.36	17236.2
1573.41	17252.9
1574.46	17267.9
1575.51	17296.4
1576.56	17315.7
1577.6	17319
1578.65	17308.2
1579.7	17293.8
1580.74	17267.9
1581.79	17250.3
1582.84	17240
1583.88	17237.6
1584.93	17237.4
1585.98	17234.2
1587.02	17227.6
1588.07	17218.4
1589.11	17206.2
1590.16	17191.7
1591.2	17177
1592.25	17163.5
1593.29	17151.9
1594.34	17143
1595.38	17134.9
1596.43	17134.5
1597.47	17141.7
1598.52	17139.1
1599.56	17129.2
1600.6	17097.2
1601.65	17061.5
1602.69	17032.7
1603.73	17024.6
1604.78	17046
1605.82	17060.6
1606.86	17070.9
1607.91	17075.4
1608.95	17068.6
1609.99	17049.2
1611.03	17012.6
1612.08	16967.6
1613.12	16927.8
1614.16	16911.9
1615.2	16902.7
1616.24	16902.6
1617.28	16905.8
1618.32	16902.1
1619.36	16896.3
1620.41	16877
1621.45	16857.3
1622.49	16829.4
1623.53	16802.4
1624.57	16781
1625.61	16761
1626.65	16744
1627.69	16730
1628.73	16720.4
1629.76	16715.3
1630.8	16715.3
1631.84	16719.7
1632.88	16729
1633.92	16742.3
1634.96	16735.5
1636	16726.8
1637.03	16715.7
1638.07	16703.1
1639.11	16688.7
1640.15	16673.3
1641.19	16656.7
1642.22	16639.3
1643.26	16621.8
1644.3	16604.6
1645.33	16585
1646.37	16568
1647.41	16558.1
1648.44	16551.2
1649.48	16548.2
1650.52	16542.8
1651.55	16539.4
1652.59	16538.1
1653.62	16538.2
1654.66	16539.8
1655.69	16542.6
1656.73	16546.7
1657.76	16551
1658.8	16553
1659.83	16540.5
1660.87	16519.8
1661.9	16489.7
1662.93	16447.7
1663.97	16415.8
1665	16390.1
1666.04	16375.6
1667.07	16374.4
1668.1	16379.5
1669.14	16393.7
1670.17	16417.4
1671.2	16445.9
1672.23	16464.1
1673.27	16475.8
1674.3	16481
1675.33	16479.3
1676.36	16470.5
1677.39	16454.8
1678.43	16434.7
1679.46	16415.7
1680.49	16398.4
1681.52	16383
1682.55	16369.1
1683.58	16356.3
1684.61	16344.4
1685.64	16339.8
1686.67	16341
1687.7	16349.4
1688.73	16350.3
1689.76	16347.8
1690.79	16341.3
1691.82	16331.1
1692.85	16317.9
1693.88	16301.1
1694.91	16277.9
1695.94	16257.7
1696.97	16260.4
1698	16271.6
1699.02	16271.1
1700.05	16268.4
1701.08	16263.2
1702.11	16255
1703.14	16244.1
1704.16	16230.1
1705.19	16212.3
1706.22	16190.6
1707.25	16167.9
1708.27	16144.5
1709.3	16121.1
1710.33	16106.7
1711.35	16093.3
1712.38	16081.1
1713.41	16070.3
1714.43	16060.7
1715.46	16052.7
1716.48	16044
1717.51	16031.3
1718.53	16018
1719.56	16007
1720.58	15998.2
1721.61	15994.1
1722.63	15991.3
1723.66	15991.5
1724.68	15994
1725.71	15998
1726.73	16003.8
1727.75	15985.9
1728.78	15964.2
1729.8	15927.4
1730.83	15891.5
1731.85	15875.8
1732.87	15873.7
1733.89	15877.3
1734.92	15877.2
1735.94	15860.4
1736.96	15849.3
1737.98	15837.1
1739.01	15823
1740.03	15808.6
1741.05	15792.5
1742.07	15776.1
1743.09	15760.2
1744.12	15746.6
1745.14	15751
1746.16	15753
1747.18	15746.1
1748.2	15739.2
1749.22	15731.9
1750.24	15723.8
1751.26	15715.3
1752.28	15705.8
1753.3	15697.4
1754.32	15700
1755.34	15701.5
1756.36	15709.2
1757.38	15701.1
1758.4	15693.3
1759.42	15687.5
1760.44	15679.6
1761.45	15680.4
1762.47	15673.4
1763.49	15660.6
1764.51	15642.6
1765.53	15620.8
1766.55	15603.1
1767.56	15587
1768.58	15575.6
1769.6	15580.7
1770.61	15578.2
1771.63	15567.9
1772.65	15551.5
1773.67	15536.9
1774.68	15519.2
1775.7	15502.4
1776.72	15488.2
1777.73	15475.5
1778.75	15464.2
1779.76	15454.4
1780.78	15446
1781.79	15444.3
1782.81	15463.4
1783.83	15468.6
1784.84	15467.1
1785.85	15439.5
1786.87	15431.3
1787.88	15426.5
1788.9	15419.3
1789.91	15409
1790.93	15396.6
1791.94	15381.5
1792.95	15364.4
1793.97	15346.1
1794.98	15326.7
1796	15314.5
1797.01	15319.2
1798.02	15338.9
1799.03	15360.2
1800.05	15365.6
1801.06	15365.2
1802.07	15330.9
1803.08	15301.2
1804.1	15273.2
1805.11	15249.8
1806.12	15234.9
1807.13	15224.6
1808.14	15216.2
1809.15	15208.8
1810.17	15201.1
1811.18	15193.8
1812.19	15178.3
1813.2	15161.5
1814.21	15142.1
1815.22	15120.7
1816.23	15097.1
1817.24	15072.8
1818.25	15069.7
1819.26	15064.7
1820.27	15058.4
1821.28	15053
1822.29	15041.2
1823.3	15036.9
1824.3	15034.5
1825.31	15033.9
1826.32	15034.8
1827.33	15036.8
1828.34	15039.6
1829.35	14987.2
1830.35	14971.3
1831.36	14958.5
1832.37	14947.5
1833.38	14937.4
1834.38	14927.5
1835.39	14905.3
1836.4	14893.4
1837.41	14881.4
1838.41	14865.9
1839.42	14860.4
1840.43	14869.5
1841.43	14872.3
1842.44	14872
1843.44	14868.6
1844.45	14852.8
1845.46	14839.4
1846.46	14825.4
1847.47	14809.2
1848.47	14796
1849.48	14783.8
1850.48	14772
1851.49	14760.1
1852.49	14747.7
1853.49	14733.8
1854.5	14716.3
1855.5	14701.2
1856.51	14687.6
1857.51	14674.6
1858.51	14663.4
1859.52	14654.7
1860.52	14646.9
1861.52	14637.1
1862.53	14623.1
1863.53	14604.5
1864.53	14589.3
1865.54	14574.9
1866.54	14565.1
1867.54	14558.3
1868.54	14553.6
1869.54	14551.1
1870.55	14547.7
1871.55	14542.2
1872.55	14535.8
1873.55	14528.7
1874.55	14521
1875.55	14511.9
1876.55	14502.4
1877.55	14490.8
1878.55	14479.1
1879.55	14467.5
1880.56	14458.2
1881.55	14450.9
1882.56	14443.5
1883.55	14436.8
1884.55	14428.7
1885.55	14416.5
1886.55	14392.5
1887.55	14370.6
1888.55	14363.9
1889.55	14362.1
1890.55	14361.5
1891.55	14353.2
1892.55	14349.3
1893.54	14334.4
1894.54	14306.5
1895.54	14264.1
1896.54	14258.9
1897.54	14258.2
1898.53	14252.4
1899.53	14225.4
1900.53	14200.7
1901.52	14177.2
1902.52	14169
1903.52	14171
1904.51	14173.8
1905.51	14178.2
1906.51	14184
1907.5	14186
1908.5	14180.5
1909.49	14165.8
1910.49	14146.4
1911.49	14119.5
1912.48	14097.9
1913.48	14081.9
1914.47	14072.2
1915.46	14068.5
1916.46	14065.7
1917.45	14062.4
1918.45	14056.7
1919.44	14050.8
1920.44	14044.4
1921.43	14037.1
1922.43	14028.9
1923.42	14019.8
1924.41	14010
1925.41	13998.5
1926.4	13983.2
1927.39	13965.5
1928.38	13946.8
1929.38	13928
1930.37	13910.3
1931.36	13892.4
1932.35	13875.2
1933.35	13858.2
1934.34	13841.9
1935.33	13825.9
1936.32	13810.2
1937.31	13794.1
1938.3	13781.5
1939.29	13778.3
1940.29	13774
1941.28	13761.6
1942.27	13755.4
1943.26	13739.4
1944.25	13720.7
1945.24	13718.2
1946.23	13720.4
1947.22	13711.6
1948.21	13707.9
1949.2	13694.4
1950.19	13681.7
1951.18	13672.6
1952.17	13664.7
1953.16	13658.1
1954.14	13653.1
1955.13	13652.5
1956.12	13640.9
1957.11	13619.2
1958.1	13585.5
1959.09	13554.8
1960.07	13531.6
1961.06	13524.8
1962.05	13546.2
1963.04	13548.8
1964.02	13549.2
1965.01	13544.6
1966	13536.8
1966.99	13520.4
1967.97	13499.9
1968.96	13476.6
1969.95	13461.8
1970.93	13454.7
1971.92	13445.8
1972.9	13431.6
1973.89	13415
1974.88	13398.8
1975.86	13382.8
1976.85	13367.2
1977.83	13351.9
1978.82	13338.1
1979.8	13324.9
1980.79	13312.6
1981.77	13301
1982.76	13290.2
1983.74	13280.5
1984.72	13271
1985.71	13261
1986.69	13248.3
1987.67	13230.8
1988.66	13212.9
1989.64	13201.4
1990.62	13193.4
1991.61	13185.9
1992.59	13187.6
1993.57	13192.3
1994.56	13197.3
1995.54	13202
1996.52	13202.1
1997.5	13199.6
1998.49	13194.7
1999.47	13186.8
2000.45	13177.6
2001.43	13166.8
2002.41	13154.7
2003.39	13140.9
2004.38	13126
2005.36	13108.3
2006.34	13088.8
2007.32	13067.9
2008.3	13047.5
2009.28	13028.4
2010.26	13010.7
2011.24	12997
2012.22	12986.4
2013.2	12979
2014.18	12974.3
2015.16	12970.1
2016.14	12965.1
2017.12	12956.8
2018.1	12945.2
2019.07	12927.9
2020.05	12919.1
2021.03	12911.9
2022.01	12903.2
2022.99	12891.5
2023.97	12878.8
2024.95	12861.5
2025.92	12847
2026.9	12832.4
2027.88	12817.1
2028.86	12802.3
2029.83	12786.9
2030.81	12771.8
2031.79	12757.7
2032.76	12745.4
2033.74	12738.6
2034.72	12742.1
2035.69	12752.6
2036.67	12759
2037.65	12757.5
2038.62	12751.2
2039.6	12728.3
2040.57	12665.1
2041.55	12646.2
2042.52	12628.4
2043.5	12618.2
2044.47	12616.4
2045.45	12618.4
2046.42	12609.2
2047.4	12600.1
2048.37	12591.7
2049.35	12573.1
2050.32	12545.7
2051.29	12511.5
2052.27	12520.6
2053.24	12512
2054.21	12502.8
2055.19	12491.9
2056.16	12478.7
2057.13	12463
2058.11	12448.3
2059.08	12437.8
2060.05	12441.2
2061.02	12439.5
2062	12437.7
2062.97	12431.9
2063.94	12418.4
2064.91	12400.4
2065.89	12385.3
2066.86	12375.1
2067.83	12365.1
2068.8	12357.8
2069.77	12352.2
2070.74	12348.7
2071.71	12346.9
2072.68	12347.8
2073.65	12335
2074.62	12292.5
2075.59	12251.6
2076.56	12224.7
2077.53	12198.1
2078.5	12189.7
2079.47	12184.9
2080.44	12183.4
2081.41	12184.2
2082.38	12182.8
2083.35	12176.3
2084.32	12168.9
2085.29	12159.8
2086.26	12149.4
2087.23	12136.2
2088.19	12121.5
2089.16	12107
2090.13	12093.3
2091.1	12080.3
2092.07	12068.2
2093.03	12057.3
2094	12046.8
2094.97	12037.2
2095.94	12028.9
2096.9	12022.5
2097.87	12019.2
2098.84	12021.7
2099.8	12025.2
2100.77	12003.4
2101.74	11981.9
2102.7	11958.1
2103.67	11929.2
2104.63	11915.9
2105.6	11907.4
2106.56	11901.7
2107.53	11899.8
2108.49	11902.1
2109.46	11908
2110.42	11902.2
2111.39	11892.5
2112.35	11876.3
2113.32	11858.5
2114.28	11839.1
2115.25	11818.5
2116.21	11798.3
2117.17	11780.4
2118.14	11764.2
2119.1	11749.6
2120.07	11735.6
2121.03	11723.3
2121.99	11705.4
2122.96	11689.4
2123.92	11676.3
2124.88	11676.6
2125.84	11673.7
2126.81	11676.2
2127.77	11683.7
2128.73	11681.3
2129.69	11671.8
2130.65	11660.4
2131.62	11645.9
2132.58	11630.5
2133.54	11614.6
2134.5	11597.4
2135.46	11578.5
2136.42	11561.8
2137.38	11547.5
2138.34	11536.1
2139.3	11534.1
2140.26	11539.6
2141.22	11542.4
2142.18	11544.9
2143.14	11542.4
2144.1	11525.8
2145.06	11507.9
2146.02	11486.7
2146.98	11460.7
2147.94	11431.7
2148.9	11405.6
2149.86	11379.6
2150.82	11365.3
2151.78	11356.4
2152.74	11352.4
2153.69	11352.2
2154.65	11349
2155.61	11338.5
2156.57	11311.2
2157.53	11292
2158.48	11279.2
2159.44	11268.6
2160.4	11262
2161.36	11261.9
2162.31	11282.2
2163.27	11290.1
2164.23	11275
2165.18	11240.8
2166.14	11205.1
2167.1	11173.7
2168.05	11149.3
2169.01	11129.4
2169.96	11114
2170.92	11102.7
2171.88	11095.2
2172.83	11091.1
2173.79	11081.4
2174.74	11067.8
2175.7	11050.5
2176.65	11027.7
2177.6	11009.9
2178.56	10995.6
2179.51	10986
2180.47	10983.8
2181.42	10971.9
2182.38	10959.8
2183.33	10939.2
2184.28	10921.3
2185.24	10906.5
2186.19	10894.1
2187.14	10884.2
2188.1	10876.1
2189.05	10865.8
2190	10858.8
2190.96	10838.9
2191.91	10818.3
2192.86	10805.6
2193.81	10799.4
2194.76	10793.5
2195.72	10787.6
2196.67	10778.8
2197.62	10769.5
2198.57	10761.4
2199.52	10753.6
2200.47	10746.7
2201.43	10740.4
2202.38	10736.5
2203.33	10731.2
2204.28	10720.6
2205.23	10708.8
2206.18	10692.7
2207.13	10682.4
2208.08	10672.2
2209.03	10663.6
2209.98	10657
2210.93	10651.8
2211.88	10650.3
2212.83	10647.2
2213.78	10628.4
2214.73	10595.6
2215.67	10567.9
2216.62	10551.1
2217.57	10539.8
2218.52	10528.3
2219.47	10519.7
2220.42	10511.7
2221.37	10504.4
2222.31	10497.2
2223.26	10490.2
2224.21	10484.2
2225.16	10478.3
2226.1	10472.7
2227.05	10467.2
2228	10462.1
2228.94	10457.5
2229.89	10453.8
2230.84	10450.9
2231.78	10449.1
2232.73	10448.9
2233.68	10450.8
2234.62	10450.2
2235.57	10435.7
2236.51	10421.9
2237.46	10407
2238.41	10394.5
2239.35	10390.6
2240.3	10384.5
2241.24	10381.8
2242.19	10375.7
2243.13	10369
2244.07	10361.8
2245.02	10356.9
2245.96	10353.7
2246.91	10351.6
2247.85	10349.4
2248.8	10349.6
2249.74	10343.7
2250.68	10336.3
2251.63	10326.5
2252.57	10315.4
2253.51	10305.4
2254.46	10301.7
2255.4	10306.9
2256.34	10311.7
2257.28	10317.6
2258.23	10325.9
2259.17	10330
2260.11	10326
2261.05	10317.9
2262	10305.8
2262.94	10291.4
2263.88	10278.4
2264.82	10265
2265.76	10257.4
2266.7	10257.5
2267.64	10256.8
2268.58	10252.7
2269.53	10247.6
2270.47	10233
2271.41	10209.3
2272.35	10253.3
2273.29	10254.4
2274.23	10249.2
2275.17	10243.9
2276.11	10240.2
2277.05	10231.7
2277.99	10224.9
2278.93	10220.6
2279.86	10218.9
2280.8	10225.9
2281.74	10225.1
2282.68	10214.1
2283.62	10205.7
2284.56	10198.3
2285.5	10191.8
2286.44	10184.6
2287.37	10175.5
2288.31	10166
2289.25	10157.1
2290.19	10149
2291.12	10143.2
2292.06	10139.3
2293	10138.5
2293.94	10139.4
2294.87	10140.2
2295.81	10138.2
2296.75	10128.6
2297.68	10119
2298.62	10110.4
2299.55	10100.9
2300.49	10090.7
2301.43	10080.1
2302.36	10069.3
2303.3	10058.1
2304.23	10047.4
2305.17	10041.6
2306.1	10042.2
2307.04	10048.2
2307.98	10050.6
2308.91	10044.6
2309.84	10027.8
2310.78	10003.1
2311.71	9979.82
2312.65	9959.6
2313.58	9956.58
2314.52	9957.92
2315.45	9952.33
2316.38	9946.24
2317.32	9936.59
2317.72	9930.94
2318.66	9921.64
2319.6	9917.74
2320.54	9915.31
2321.48	9911.16
2322.41	9906.62
2323.35	9902.26
2324.29	9897.12
2325.23	9891.24
2326.16	9884.43
2327.1	9876.48
2328.04	9866.35
2328.97	9853.06
2329.91	9838.6
2330.85	9823.02
2331.78	9806.11
2332.72	9788.46
2333.66	9772.59
2334.59	9762.66
2335.53	9768.3
2336.46	9772.1
2337.4	9773.61
2338.33	9772.47
2339.27	9764.37
2340.2	9755.65
2341.14	9745.45
2342.07	9733.49
2343.01	9719.89
2343.94	9707.27
2344.88	9695.43
2345.81	9685.06
2346.75	9676.38
2347.68	9668.98
2348.61	9662.29
2349.55	9655.89
2350.48	9648.59
2351.41	9640.68
2352.35	9630.83
2353.28	9621.6
2354.21	9614.54
2355.15	9609.32
2356.08	9606.67
2357.01	9605.85
2357.94	9607.97
2358.88	9605
2359.81	9597.06
2360.74	9573.88
2361.67	9535.27
2362.6	9523.32
2363.54	9522.84
2364.47	9518.25
2365.4	9515.86
2366.33	9516.32
2367.26	9518.14
2368.19	9519.43
2369.12	9520.72
2370.05	9521.78
2370.98	9521.71
2371.91	9519.29
2372.84	9516.52
2373.77	9513.44
2374.7	9511.69
2375.63	9508.82
2376.56	9499.48
2377.49	9487.81
2378.42	9473.98
2379.35	9458.22
2380.28	9440.04
2381.21	9432.8
2382.14	9430.09
2383.07	9430.89
2384	9436.3
2384.92	9445.19
2385.85	9426.56
2386.78	9409.95
2387.71	9395.25
2388.64	9382.86
2389.56	9385.29
2390.49	9393.56
2391.42	9400.08
2392.35	9401.63
2393.27	9399.6
2394.2	9391.52
2395.13	9376.77
2396.05	9357.37
2396.98	9337.31
2397.91	9319.71
2398.83	9310.74
2399.76	9301.52
2400.69	9295.4
2401.61	9293.87
2402.54	9294.58
2403.46	9297.49
2404.39	9298.99
2405.31	9298.72
2406.24	9297.29
2407.17	9294.58
2408.09	9290.45
2409.01	9284.89
2409.94	9277.93
2410.86	9269.61
2411.79	9259.71
2412.71	9248.35
2413.64	9234.9
2414.56	9220.91
2415.49	9209.42
2416.41	9203.92
2417.33	9204.92
2418.26	9201.34
2419.18	9198.46
2420.1	9188.73
2421.03	9179.27
2421.95	9169.48
2422.87	9158.42
2423.79	9145.6
2424.72	9131.34
2425.64	9115.49
2426.56	9098.13
2427.48	9078.12
2428.41	9057.03
2429.33	9034.56
2430.25	9019.75
2431.17	9018.63
2432.09	9024.51
2433.01	9035.49
2433.93	9042.22
2434.86	9049.62
2435.78	9037.2
2436.7	9017.21
2437.62	8997.95
2438.54	8978.69
2439.46	8965.89
2440.38	8956.58
2441.3	8948.44
2442.22	8941.29
2443.14	8934.73
2444.06	8928.45
2444.98	8921.23
2445.9	8915.03
2446.82	8908.47
2447.73	8902.54
2448.65	8896.36
2449.57	8889.43
2450.49	8879.72
2451.41	8858.86
2452.33	8844.95
2453.25	8831.38
2454.17	8818
2455.08	8805.92
2456	8795.44
2456.92	8786.77
2457.84	8779.92
2458.75	8774.89
2459.67	8771.9
2460.59	8770.76
2461.51	8771.5
2462.42	8773.84
2463.34	8773
2464.26	8739.89
2465.17	8726.53
2466.09	8720.99
2467	8713.31
2467.92	8716.14
2468.84	8713.41
2469.75	8703.69
2470.67	8697.33
2471.58	8683.98
2472.5	8666.02
2473.42	8658.25
2474.33	8661.47
2475.25	8669.34
2476.16	8662.8
2477.08	8651.68
2477.99	8634.82
2478.9	8613.69
2479.82	8604
2480.73	8596.99
2481.65	8601.28
2482.56	8610.72
2483.47	8617.67
2484.39	8619.99
2485.3	8616.12
2486.22	8609.86
2487.13	8601.21
2488.04	8590.38
2488.96	8578.44
2489.87	8563.51
2490.78	8549.57
2491.69	8536.45
2492.61	8527.25
2493.52	8520.94
2494.43	8518.54
2495.34	8518.97
2496.25	8522.57
2497.17	8528.9
2498.08	8538.64
2498.99	8545.93
2499.9	8535.16
2500.81	8516.38
2501.72	8500.99
2502.63	8476.7
2503.55	8463.83
2504.46	8455.97
2505.37	8452.07
2506.28	8452.08
2507.19	8452.86
2508.1	8449.77
2509.01	8445.92
2509.92	8442.67
2510.83	8440.17
2511.74	8439.28
2512.65	8449.48
2513.56	8455.46
2514.47	8455.47
2515.37	8448.3
2516.28	8431.9
2517.19	8407.82
2518.1	8386.68
2519.01	8362.74
2519.92	8347.9
2520.83	8340.81
2521.73	8338.91
2522.64	8341.86
2523.55	8349.31
2524.46	8365.17
2525.37	8374.61
2526.27	8352.43
2527.18	8335.04
2528.09	8286.78
2529	8304.37
2529.9	8316.51
2530.81	8323.63
2531.72	8326.07
2532.62	8324.33
2533.53	8318.06
2534.44	8307.58
2535.34	8289.87
2536.25	8278.53
2537.15	8283.34
2538.06	8278.83
2538.96	8269.17
2539.87	8250.1
2540.78	8229.83
2541.68	8213.2
2542.59	8199.59
2543.49	8189.6
2544.4	8183.29
2545.3	8181.06
2546.21	8185.85
2547.11	8183.46
2548.01	8178.15
2548.92	8170.76
2549.82	8160.34
2550.73	8146.53
2551.63	8129.21
2552.53	8114.35
2553.44	8110.58
2554.34	8107.7
2555.24	8101.32
2556.15	8092.06
2557.05	8081.44
2557.95	8069.84
2558.86	8055.91
2559.76	8040.88
2560.66	8025.13
2561.56	8009.83
2562.46	8006.94
2563.37	8002.2
2564.27	8000.09
2565.17	7999.83
2566.07	8001.23
2566.97	8003.34
2567.88	7990.03
2568.78	7970.99
2569.68	7954.94
2570.58	7941.12
2571.48	7926.55
2572.38	7916.15
2573.28	7909.35
2574.18	7902.57
2575.08	7896.33
2575.98	7891.58
2576.88	7887.19
2577.78	7882.46
2578.68	7877.5
2579.58	7871.54
2580.48	7861.52
2581.38	7844.96
2582.28	7833.81
2583.18	7823.12
2584.08	7812.7
2584.98	7803.28
2585.88	7795.5
2586.77	7788.76
2587.67	7783.6
2588.57	7779.46
2589.47	7779.85
2590.37	7780.37
2591.27	7784.32
2592.16	7783.8
2593.06	7780.87
2593.96	7771.18
2594.86	7752
2595.75	7742.45
2596.65	7739.97
2597.55	7733.89
2598.45	7725.07
2599.34	7715.34
2600.24	7704.69
2601.13	7691.18
2602.03	7674.3
2602.93	7659.75
2603.82	7658.5
2604.72	7662.56
2605.62	7662.59
2606.51	7660.02
2607.41	7659.42
2608.3	7658.04
2609.2	7656.58
2610.09	7654.29
2610.99	7651.67
2611.88	7646.36
2612.78	7631.02
2613.67	7616.27
2614.57	7598.54
2615.46	7579.2
2616.36	7566.93
2617.25	7557.84
2618.14	7556.75
2619.04	7557.02
2619.93	7556.76
2620.83	7554.95
2621.72	7551.84
2622.61	7548.36
2623.5	7541.01
2624.4	7533.06
2625.29	7527.06
2626.18	7525.48
2627.08	7545.8
2627.97	7521.42
2628.86	7505.05
2629.75	7488.57
2630.65	7474.37
2631.54	7462.25
2632.43	7452.28
2633.32	7444.59
2634.21	7438.48
2635.11	7433.55
2636	7428.34
2636.89	7416.05
2637.78	7400.51
2638.67	7360.56
2639.56	7332.95
2640.45	7313.07
2641.34	7301.22
2642.23	7327.3
2643.12	7306.05
2644.01	7296.66
2644.9	7286.8
2645.79	7282.83
2646.68	7279.86
2647.57	7284.84
2648.46	7276.4
2649.35	7263.3
2650.24	7253.45
2651.13	7244.96
2652.02	7237.91
2652.91	7230.73
2653.8	7221.39
2654.69	7212.13
2655.58	7215.47
2656.46	7229.23
2657.35	7228.08
2658.24	7220.14
2659.13	7204.18
2660.02	7182.14
2660.9	7155.79
2661.79	7130.42
2662.68	7167.33
2663.57	7160.27
2664.45	7151.58
2665.34	7144.14
2666.23	7138.37
2667.11	7134.17
2668	7132.92
2668.89	7138
2669.77	7142.92
2670.66	7141.92
2671.55	7134.23
2672.43	7121.61
2673.32	7107.64
2674.21	7094.07
2675.09	7084.26
2675.98	7077.53
2676.86	7073.22
2677.75	7070.83
2678.63	7063.29
2679.52	7054.32
2680.4	7045.69
2681.29	7036.45
2682.17	7028.84
2683.06	7012.91
2683.94	6986.29
2684.82	6962.54
2685.71	6930.57
2686.59	7018.79
2687.48	7009.51
2688.36	6979.41
2689.24	6949.09
2690.13	6926.44
2691.01	6912.01
2691.89	6904.95
2692.78	6904.55
2693.66	6905.54
2694.54	6903.33
2695.43	6902.5
2696.31	6872.72
2697.19	6858.25
2698.07	6850.33
2698.96	6845.89
2699.84	6844.17
2700.72	6844.96
2701.6	6841.76
2702.48	6835.84
2703.36	6830.29
2704.25	6824.88
2705.13	6819.62
2706.01	6814.56
2706.89	6809.59
2707.77	6808.58
2708.65	6806.24
2709.53	6806.11
2710.41	6799.89
2711.29	6774.78
2712.17	6753.32
2713.05	6733.58
2713.93	6717.41
2714.81	6716.53
2715.69	6735.24
2716.57	6760.76
2717.45	6769.98
2718.33	6764.38
2719.21	6742.62
2720.09	6702.15
2720.97	6683.75
2721.85	6668.5
2722.73	6681.01
2723.61	6682.91
2724.48	6684.69
2725.36	6689.87
2726.24	6678.25
2727.12	6664.77
2728	6649.63
2728.88	6634.71
2729.75	6622.75
2730.63	6612.35
2731.51	6614.44
2732.39	6614.85
2733.26	6620
2734.14	6621.71
2735.02	6611.39
2735.89	6598.97
2736.77	6583.78
2737.65	6574.6
2738.52	6573.07
2739.4	6572.28
2740.28	6568.42
2741.15	6565.38
2742.03	6562.44
2742.9	6559.84
2743.78	6556.59
2744.65	6553.2
2745.53	6546.62
2746.41	6527.93
2747.28	6511.96
2748.16	6502.67
2749.03	6512.31
2749.91	6515.67
2750.78	6513.25
2751.66	6512.21
2752.53	6506.88
2753.4	6503.44
2754.28	6499.22
2755.15	6493.54
2756.02	6486.96
2756.9	6479.11
2757.77	6469.46
2758.65	6457.42
2759.52	6446.42
2760.39	6438.52
2761.27	6443.42
2762.14	6449.91
2763.01	6450.77
2763.88	6447.11
2764.76	6431.84
2765.63	6420.77
2766.5	6402.9
2767.37	6397.2
2768.25	6388.5
2769.12	6381.97
2769.99	6380.11
2770.86	6377.22
2771.73	6371.42
2772.61	6364.85
2773.48	6357.09
2774.35	6348.29
2775.22	6337.8
2776.09	6329.96
2776.96	6326.03
2777.83	6328.74
2778.7	6330.37
2779.57	6329.43
2780.44	6327.56
2781.31	6325.31
2782.18	6320.51
2783.05	6314.74
2783.92	6307.38
2784.79	6298.79
2785.66	6289.29
2786.53	6279.75
2787.4	6271.52
2788.27	6264.84
2789.14	6259.76
2790.01	6257.12
2790.88	6255.18
2791.75	6242.05
2792.62	6226.61
2793.48	6212.91
2794.35	6201.07
2795.22	6190.65
2796.09	6186.79
2796.96	6184.84
2797.82	6182.9
2798.69	6182.05
2799.56	6180.02
2800.43	6175.77
2801.29	6170.57
2802.16	6165.3
2803.03	6159.91
2803.9	6154.59
2804.76	6151.37
2805.63	6149.85
2806.5	6153.33
2807.36	6153.6
2808.23	6152.86
2809.09	6148.77
2809.96	6138.36
2810.83	6126.37
2811.69	6114.33
2812.56	6106.99
2813.42	6098.16
2814.29	6089.91
2815.15	6082.07
2816.02	6073.95
2816.88	6066.18
2817.75	6057.23
2818.61	6049.35
2819.48	6042.63
2820.34	6037.47
2821.21	6035.45
2822.07	6033.06
2822.94	6029.63
2823.8	6025.45
2824.66	6018.64
2825.53	6006.81
2826.39	6001.12
2827.26	6006.01
2828.12	6010.32
2828.98	6012.68
2829.85	6013.08
2830.71	6011.85
2831.57	6007.4
2832.43	5996.64
2833.3	5983.06
2834.16	5966.01
2835.02	5962.46
2835.88	5953.06
2836.75	5937.09
2837.61	5915.18
2838.47	5896.56
2839.33	5880.33
2840.19	5897.16
2841.06	5910.12
2841.92	5919.58
2842.78	5925.19
2843.64	5922.92
2844.5	5903.56
2845.36	5891.45
2846.22	5883.81
2847.08	5880.32
2847.94	5879.01
2848.81	5879.68
2849.67	5884.64
2850.53	5893.07
2851.39	5898.1
2852.25	5900.7
2853.11	5894.4
2853.97	5888.16
2854.82	5878.03
2855.68	5865.41
2856.54	5853.03
2857.4	5845.52
2858.26	5844.63
2859.12	5846.54
2859.98	5838.13
2860.84	5825.1
2861.7	5811.95
2862.56	5794.16
2863.41	5783.23
2864.27	5780.96
2865.13	5778.57
2865.99	5778.1
2866.85	5781.84
2867.7	5779.47
2868.56	5773.09
2869.42	5760.7
2870.28	5750.89
2871.13	5743.09
2871.99	5737.67
2872.85	5735.21
2873.7	5734.03
2874.56	5738.46
2875.42	5739.94
2876.27	5736.5
2877.13	5734.06
2877.99	5728.34
2878.84	5730.69
2879.7	5732.17
2880.56	5734.81
2881.41	5734.8
2882.27	5730.5
2883.12	5720.65
2883.98	5706.44
2884.83	5686.62
2885.69	5669.52
2886.54	5653.6
2887.4	5642.01
2888.25	5631.33
2889.11	5623.72
2889.96	5617.87
2890.82	5615.61
2891.67	5613.96
2892.52	5612.58
2893.38	5608.51
2894.23	5597.1
2895.09	5592.33
2895.94	5608.22
2896.79	5604.93
2897.65	5596.73
2898.5	5591.39
2899.35	5577.11
2900.21	5557.03
2901.06	5548.94
2901.91	5546.52
2902.76	5549.06
2903.62	5557.96
2904.47	5565.54
2905.32	5561.42
2906.17	5527.31
2907.03	5508.14
2907.88	5489.89
2908.73	5479.19
2909.58	5476.59
2910.43	5493.1
2911.28	5491.8
2912.14	5490.63
2912.99	5487.25
2913.84	5479.72
2914.69	5472.98
2915.54	5465.21
2916.39	5457.56
2917.24	5450.11
2918.09	5442.86
2918.94	5435.82
2919.79	5428.91
2920.64	5422.12
2921.49	5415.37
2922.34	5408.52
2923.19	5401.61
2924.04	5394.55
2924.89	5387.29
2925.74	5380.13
2926.59	5374.3
2927.44	5369.28
2928.29	5366.29
2929.14	5364.65
2929.98	5363.86
2930.83	5362.98
2931.68	5363.88
2932.53	5364.89
2933.38	5364.1
2934.23	5358.25
2935.07	5342.49
2935.92	5328.53
2936.77	5317.15
2937.62	5306.79
2938.47	5294.58
2939.31	5282.98
2940.16	5283.4
2941.01	5286.44
2941.85	5298.88
2942.7	5298.69
2943.55	5279.27
2944.39	5266.42
2945.24	5260.18
2946.09	5253.82
2946.93	5247.69
2947.78	5241.4
2948.63	5234.47
2949.47	5227.53
2950.32	5220.18
2951.16	5212.58
2952.01	5204.43
2952.85	5195.82
2953.7	5186.53
2954.55	5176.85
2955.39	5166.06
2956.24	5161.6
2957.08	5172.33
2957.92	5185.24
2958.77	5198.47
2959.61	5204.03
2960.46	5205.16
2961.3	5201.96
2962.15	5195.53
2962.99	5183.92
2963.83	5168.9
2964.68	5150.71
2965.52	5131.24
2966.37	5129.08
2967.21	5125.85
2968.05	5123.51
2968.9	5123.41
2969.74	5123.58
2970.58	5122.72
2971.42	5121.07
2972.27	5116.82
2973.11	5108.62
2973.95	5100.24
2974.79	5097.94
2975.64	5120.93
2976.48	5130.62
2977.32	5122.85
2978.16	5094.51
2979	5087.06
2979.85	5083.85
2980.69	5083.9
2981.53	5071.8
2982.37	5060.07
2983.21	5049.28
2984.05	5041.4
2984.89	5035.83
2985.73	5033.29
2986.57	5031.82
2987.41	5031.91
2988.25	5033.13
2989.1	5034.73
2989.94	5035.98
2990.77	5036.1
2991.62	5034.64
2992.45	5031.54
2993.29	5024.72
2994.13	5010.34
2994.97	4977.4
2995.81	4973.91
2996.65	4978.99
2997.49	5025.46
2998.33	5064.4
2999.17	5037.75
