200.833	16162.7
202.102	16171.8
203.371	16148.4
204.639	16124.3
205.907	16147.3
207.175	16162
208.442	16176.2
209.71	16191.5
210.977	16207.7
212.244	16225.3
213.511	16243.9
214.777	16262.3
216.042	16285
217.309	16309.5
218.575	16328.1
219.84	16336.5
221.106	16336
222.371	16352.8
223.635	16380
224.9	16415.3
226.165	16456.1
227.429	16493.6
228.694	16533.1
229.956	16575.5
231.22	16618.6
232.484	16662.3
233.747	16705.9
235.011	16749.7
236.272	16792.1
237.535	16832.9
238.798	16850.3
240.06	16872
241.321	16898.1
242.583	16925.9
243.845	16947.9
245.105	16965.1
246.367	16978.5
247.628	16988.9
248.888	16996.7
250.149	17001.6
251.409	17003.4
252.67	17003.6
253.928	17007.2
255.189	17021.7
256.447	17039.2
257.707	17058.9
258.966	17071.9
260.224	17087.1
261.483	17104.7
262.742	17104.3
263.999	17100.1
265.257	17099.2
266.514	17112.3
267.772	17143.4
269.028	17180.9
270.286	17231
271.543	17255.7
272.799	17280.6
274.056	17303.1
275.311	17304.6
276.568	17304.1
277.823	17313
279.079	17334.2
280.333	17371.4
281.589	17405.2
282.843	17435.1
284.099	17461.3
285.352	17483.8
286.607	17502.8
287.86	17518.6
289.114	17530.7
290.368	17540.1
291.621	17563.7
292.875	17598.9
294.127	17630.4
295.38	17652.4
296.632	17664.3
297.884	17673.8
299.137	17685.5
300.388	17698.1
301.641	17711.9
302.891	17727.1
304.142	17743
305.394	17760.2
306.644	17768.4
307.894	17749
309.146	17740.2
310.395	17752.1
311.645	17774.9
312.895	17793.3
314.144	17814.1
315.393	17836.8
316.642	17859.1
317.892	17879.7
319.14	17898.8
320.388	17915.9
321.637	17931.1
322.885	17943.7
324.132	17954.6
325.38	17963.8
326.628	17974.9
327.875	17997.1
329.122	18015.7
330.368	18030
331.614	18042.1
332.862	18052.7
334.108	18062.3
335.353	18070.2
336.599	18077.2
337.844	18101.4
339.089	18125.2
340.335	18154.5
341.58	18174.6
342.824	18192
344.068	18207.1
345.312	18220.3
346.556	18230.9
347.8	18239.2
349.043	18243.4
350.286	18260.6
351.53	18304.7
352.774	18344
354.016	18363.7
355.259	18359.6
356.501	18341.4
357.743	18301.2
358.985	18272.7
360.227	18253.1
361.468	18252.5
362.709	18255.5
363.95	18261.7
365.191	18270.9
366.432	18284.1
367.672	18300.2
368.912	18319.2
370.152	18341.3
371.392	18363.4
372.632	18378.1
373.871	18384.5
375.11	18388.6
376.348	18393.9
377.587	18399.2
378.825	18403.5
380.064	18407.8
381.302	18411.5
382.54	18417
383.778	18425.3
385.016	18442.5
386.253	18464
387.489	18489.3
388.726	18517.8
389.963	18549
391.199	18583
392.436	18618.3
393.672	18640.1
394.907	18650.8
396.142	18650.2
397.378	18651.3
398.614	18642.7
399.849	18644.8
401.082	18648.2
402.317	18655.6
403.552	18671.8
404.786	18686.9
406.019	18698.7
407.253	18711.2
408.487	18724.2
409.721	18736.5
410.953	18746.2
412.186	18749.3
413.419	18735.9
414.651	18736.2
415.883	18739
417.116	18746.1
418.347	18756.8
419.579	18775.4
420.811	18797.1
422.041	18820.4
423.272	18843.5
424.504	18838.8
425.733	18839.9
426.964	18823.6
428.194	18816.9
429.424	18819.7
430.654	18833.4
431.883	18859.2
433.113	18897.3
434.341	18912.8
435.571	18923.9
436.799	18914.5
438.028	18913.3
439.257	18917.8
440.484	18928.5
441.713	18944.9
442.94	18965.8
444.168	18967.8
445.394	18975
446.622	18955.5
447.848	18935.8
449.076	18918.1
450.301	18919.6
451.528	18953.6
452.754	19029.5
453.979	19028.3
455.205	19012.4
456.43	19004.7
457.656	19005.6
458.88	19013.2
460.106	19027.7
461.33	19042.2
462.554	19064.5
463.779	19089
465.002	19111.5
466.225	19125.1
467.45	19118.6
468.672	19108.5
469.895	19090.7
471.119	19067.5
472.341	19053.9
473.563	19046.3
474.786	19042.5
476.008	19038.5
477.229	19034.6
478.452	19029.1
479.673	19023.5
480.894	19017.9
482.115	19013.4
483.337	19009.4
484.557	19019.8
485.777	19030
486.997	19036.7
488.218	19044.3
489.438	19051.9
490.657	19054.2
491.876	19046.5
493.096	19037.1
494.315	19027.5
495.533	19018.4
496.752	19010.5
497.97	19005.5
499.188	19017
500.407	19033.6
501.625	19048.9
502.842	19063.1
504.059	19074.9
505.276	19086.5
506.493	19091.3
507.71	19093.1
508.926	19103.2
510.142	19121.2
511.358	19135.9
512.575	19146.1
513.791	19154.5
515.006	19161.7
516.222	19168.2
517.437	19173.7
518.651	19177.7
519.866	19181
521.081	19184.2
522.295	19191.6
523.509	19212.5
524.723	19231.2
525.937	19257.5
527.15	19272.7
528.363	19278.4
529.576	19275.1
530.789	19256
532.002	19240.9
533.215	19229.8
534.426	19225.2
535.638	19225.6
536.85	19230.1
538.061	19237.4
539.273	19248.1
540.484	19262.5
541.695	19267.5
542.906	19263.2
544.117	19267.5
545.327	19281.7
546.537	19306.1
547.747	19324.4
548.957	19345.2
550.167	19354.3
551.377	19357.9
552.585	19358.9
553.794	19348.5
555.003	19335.4
556.212	19323.6
557.421	19311.4
558.628	19310.4
559.836	19311
561.044	19323.6
562.252	19334.3
563.458	19341.8
564.666	19345.5
565.873	19335.9
567.08	19328.5
568.286	19322.7
569.493	19317.2
570.699	19312.1
571.904	19306.6
573.111	19302.8
574.317	19304.6
575.521	19311.3
576.727	19332.9
577.932	19339.4
579.136	19324
580.341	19303.9
581.544	19307.5
582.749	19335.4
583.954	19359.5
585.156	19382.5
586.361	19395.3
587.563	19414.4
588.767	19432.6
589.97	19435.9
591.172	19416.3
592.375	19406
593.577	19398.9
594.78	19397.7
595.981	19398.5
597.183	19398.3
598.384	19399.4
599.586	19401
600.786	19402.9
601.988	19403.8
603.188	19403.1
604.389	19393.6
605.589	19382.8
606.79	19369.9
607.989	19354.2
609.188	19337
610.389	19359.4
611.587	19347.1
612.787	19338.3
613.986	19319.5
615.184	19294.8
616.383	19272.6
617.581	19261.4
618.78	19263.7
619.977	19274
621.174	19279.7
622.373	19267.6
623.57	19205.4
624.766	19186.6
625.964	19174.2
627.16	19202
628.356	19207
629.554	19210.8
630.749	19225.5
631.945	19228.9
633.14	19209.6
634.337	19188
635.532	19170.7
636.726	19179.2
637.921	19196.7
639.117	19176.6
640.311	19134.9
641.505	19033.1
642.699	19032.9
643.892	19137.7
645.087	19120.9
646.28	19124.6
647.473	19132.4
648.666	19142.1
649.859	19150.5
651.051	19154.2
652.245	19152.8
653.437	19148.6
654.629	19142.4
655.821	19140.4
657.012	19134.6
658.204	19143.7
659.395	19164.6
660.586	19188.2
661.777	19206.4
662.967	19218.4
664.158	19224.2
665.349	19224.6
666.539	19220.2
667.729	19210.9
668.919	19196.5
670.109	19179.6
671.298	19177.1
672.487	19193.5
673.676	19212.7
674.865	19219.1
676.053	19227.3
677.242	19234.5
678.43	19239.8
679.616	19242.6
680.804	19242
681.992	19236.9
683.179	19225.6
684.366	19206.9
685.554	19179.9
686.74	19171.6
687.927	19168.6
689.114	19173.2
690.3	19187.3
691.486	19205.1
692.671	19216.5
693.856	19192.6
695.042	19152.2
696.227	19117.4
697.413	19099.6
698.598	19103.3
699.781	19107.7
700.966	19116.2
702.15	19131.7
703.334	19139.7
704.518	19133.2
705.701	19121.2
706.885	19107.5
708.068	19091.6
709.252	19074.8
710.433	19058.8
711.616	19042.7
712.799	19027.3
713.98	19012.4
715.163	18998.9
716.345	18987.7
717.527	18980.4
718.707	18977.8
719.889	18980.6
721.071	18987.4
722.25	19004.9
723.432	19030.1
724.611	19051.2
725.792	19068.7
726.972	19069.7
728.151	19065.4
729.332	19056.2
730.512	19040.3
731.69	19022.9
732.87	19008.8
734.048	19024.7
735.227	19037.7
736.405	19059.8
737.584	19078.1
738.761	19088.9
739.94	19095.6
741.117	19100.1
742.295	19102
743.471	19101.6
744.649	19102.8
745.825	19107.2
747.003	19123.1
748.179	19134.7
749.356	19123.5
750.531	19100.3
751.708	19081.2
752.883	19071.6
754.059	19087.9
755.234	19096.1
756.409	19105.1
757.585	19107.2
758.759	19108.1
759.934	19103.8
761.108	19092.9
762.282	19081.5
763.456	19080.9
764.63	19081
765.803	19079.1
766.977	19076.3
768.15	19070.6
769.323	19059.6
770.496	19046.4
771.668	19031.2
772.841	19014.1
774.014	18996
775.185	18981.1
776.357	18968.1
777.528	18958.4
778.701	18947.9
779.872	18943.8
781.042	18941.5
782.213	18942.9
783.383	18934.9
784.555	18916.9
785.725	18895.4
786.895	18874.8
788.064	18861.2
789.234	18848.1
790.404	18837.7
791.573	18829.7
792.742	18824.1
793.911	18821.3
795.08	18821
796.248	18819.2
797.416	18816.6
798.584	18802.1
799.753	18772.8
800.921	18759.3
802.088	18746.7
803.256	18772.6
804.423	18792.6
805.59	18798.3
806.756	18794.1
807.923	18762
809.089	18762.1
810.256	18763.4
811.422	18762.3
812.587	18765.5
813.753	18784.3
814.918	18797.6
816.084	18793.8
817.249	18789.9
818.414	18777.9
819.578	18769.4
820.743	18765.1
821.907	18763.3
823.072	18762.2
824.236	18766.2
825.399	18772.4
826.562	18782.1
827.725	18794.3
828.889	18808.2
830.052	18822.6
831.215	18824.1
832.377	18828.1
833.54	18831.3
834.701	18832.8
835.863	18834.8
837.025	18840.6
838.187	18847.3
839.349	18847.9
840.51	18834.8
841.67	18819.1
842.831	18796.4
843.992	18780.9
845.153	18774.2
846.312	18767.1
847.473	18764.9
848.633	18764.2
849.793	18752.8
850.951	18732.8
852.111	18692.6
853.27	18658.8
854.428	18641
855.588	18634.7
856.747	18639.7
857.904	18652.6
859.063	18663.7
860.221	18663.5
861.378	18668.8
862.536	18642
863.694	18577.1
864.85	18539.5
866.008	18516.3
867.164	18508.5
868.321	18513.6
869.478	18539.8
870.633	18542.6
871.79	18518.4
872.945	18430.8
874.101	18543.7
875.256	18551.4
876.412	18525.9
877.566	18497.7
878.722	18479.5
879.876	18449.3
881.031	18418
882.185	18382.6
883.34	18345.3
884.493	18308.1
885.647	18273.8
886.8	18259.5
887.954	18253.3
889.107	18255.4
890.261	18266.2
891.413	18286.3
892.565	18314.3
893.718	18345.2
894.87	18363.6
896.023	18369.3
897.174	18363.1
898.326	18343.9
899.478	18314.7
900.629	18287.9
901.779	18260.5
902.931	18261.3
904.081	18281.5
905.231	18294.3
906.383	18314.3
907.532	18335.1
908.682	18362.5
909.831	18362.8
910.982	18356
912.131	18347.1
913.28	18336.9
914.429	18328.1
915.578	18321.4
916.727	18319
917.875	18316.3
919.023	18313.8
920.171	18309.5
921.32	18304.6
922.467	18298.6
923.614	18293.1
924.761	18288.2
925.908	18285
927.055	18284.8
928.203	18286.4
929.349	18289.7
930.496	18296.8
931.642	18306.4
932.787	18313.7
933.933	18317.9
935.079	18312.8
936.224	18303.7
937.369	18293.2
938.514	18280.4
939.659	18270.6
940.804	18257.4
941.948	18245.2
943.092	18232.5
944.236	18220.8
945.38	18211.2
946.524	18206.8
947.667	18213.6
948.811	18217.3
949.954	18217.1
951.097	18202.9
952.24	18172.4
953.383	18139.8
954.525	18117.5
955.667	18098.2
956.81	18082.5
957.952	18071.3
959.093	18065.4
960.235	18059.8
961.376	18047.1
962.516	18028.9
963.658	18004.8
964.798	17977.1
965.939	17972.6
967.08	17978.5
968.22	17989.7
969.359	18002.5
970.499	18016.5
971.639	18032.4
972.779	18034.5
973.918	18017.8
975.056	17994.2
976.195	17980.6
977.334	17970.6
978.473	17963.8
979.61	17960
980.749	17961.5
981.887	17967.7
983.024	17975.9
984.162	17983.4
985.3	17982.8
986.437	17979.9
987.573	17974.7
988.711	17966.3
989.848	17954.8
990.983	17940.2
992.12	17923
993.255	17912.4
994.392	17910.5
995.528	17914.9
996.662	17925.2
997.798	17941.1
998.933	17967.3
1000.07	17991.8
1001.2	17997.4
1002.34	17990.4
1003.47	17980
1004.61	17972.1
1005.74	17959.7
1006.87	17948.9
1008.01	17941.9
1009.14	17943.7
1010.27	17945.9
1011.41	17948
1012.54	17945.8
1013.67	17947.2
1014.81	17943.6
1015.94	17924.7
1017.07	17905
1018.2	17891
1019.33	17881.2
1020.47	17876.5
1021.6	17874.3
1022.73	17850.1
1023.86	17830.9
1024.99	17815.2
1026.12	17799
1027.25	17802.1
1028.38	17803.5
1029.51	17810.3
1030.64	17823.5
1031.77	17843.1
1032.9	17850.3
1034.03	17847.1
1035.16	17833.8
1036.29	17810.7
1037.42	17780
1038.55	17754.4
1039.67	17727
1040.8	17702.6
1041.93	17681.7
1043.06	17672.2
1044.19	17658.4
1045.31	17626.4
1046.44	17592.5
1047.57	17566.6
1048.69	17543.8
1049.82	17550.8
1050.95	17561.3
1052.08	17567.5
1053.2	17574.3
1054.33	17569.3
1055.45	17565
1056.58	17555.1
1057.7	17542.5
1058.83	17527
1059.95	17511.5
1061.08	17510.1
1062.2	17510.5
1063.33	17509.1
1064.45	17503.7
1065.58	17496.3
1066.7	17486.9
1067.83	17474.2
1068.95	17459.2
1070.07	17441.1
1071.2	17421.7
1072.32	17415.2
1073.44	17408.4
1074.56	17404.7
1075.69	17407.3
1076.81	17408.3
1077.93	17405.3
1079.05	17398.2
1080.17	17398
1081.3	17400.8
1082.42	17411.1
1083.54	17436.4
1084.66	17456.1
1085.78	17478
1086.9	17491.8
1088.02	17486.7
1089.14	17464.6
1090.26	17443.3
1091.38	17431.4
1092.5	17421.2
1093.62	17412.5
1094.74	17412
1095.86	17417.9
1096.98	17426.9
1098.1	17434.3
1099.22	17440.8
1100.34	17439.2
1101.45	17424.4
1102.57	17427.8
1103.69	17422
1104.81	17433.7
1105.93	17446.2
1107.04	17444.6
1108.16	17431.6
1109.28	17406
1110.4	17370
1111.51	17351.4
1112.63	17342.9
1113.75	17345.3
1114.86	17339.2
1115.98	17332.6
1117.09	17325.1
1118.21	17315.3
1119.32	17301.8
1120.44	17285.8
1121.55	17266.4
1122.67	17243.4
1123.78	17192.7
1124.9	17156.5
1126.01	17126.2
1127.13	17130.5
1128.24	17148.7
1129.35	17200.7
1130.47	17149.4
1131.58	17110.1
1132.7	17074.2
1133.81	17039.2
1134.92	17007
1136.03	16984.8
1137.15	16970.4
1138.26	16964
1139.37	16966.6
1140.48	16957.9
1141.59	16946.4
1142.71	16933.6
1143.82	16918.2
1144.93	16900.2
1146.04	16885.1
1147.15	16880.3
1148.26	16874.3
1149.37	16866.3
1150.48	16855.6
1151.59	16843.2
1152.7	16829.9
1153.81	16816.2
1154.92	16802.1
1156.03	16787.6
1157.14	16774.3
1158.25	16764.5
1159.36	16757
1160.47	16750.7
1161.58	16742.6
1162.68	16734.1
1163.79	16723.8
1164.9	16704.6
1166.01	16691
1167.12	16689
1168.22	16698.8
1169.33	16705.1
1170.44	16726.2
1171.55	16752.6
1172.65	16769.1
1173.76	16773.4
1174.87	16767.1
1175.97	16752.8
1177.08	16740.5
1178.18	16738.7
1179.29	16742.6
1180.4	16742.9
1181.5	16753
1182.61	16759.1
1183.71	16764.1
1184.82	16761.3
1185.92	16759.5
1187.02	16761.5
1188.13	16763.7
1189.23	16765.2
1190.34	16765.8
1191.44	16762.1
1192.54	16757.5
1193.65	16751.9
1194.75	16745.2
1195.85	16736.4
1196.96	16731.3
1198.06	16738.3
1199.16	16756.5
1200.26	16772.8
1201.37	16784.2
1202.47	16783.7
1203.57	16783.7
1204.67	16767.6
1205.77	16743.7
1206.87	16716.6
1207.97	16693.9
1209.08	16684.4
1210.18	16679
1211.28	16676.8
1212.38	16678
1213.48	16681.9
1214.58	16688.7
1215.68	16689.4
1216.78	16683.6
1217.88	16676
1218.98	16666.6
1220.07	16656.1
1221.17	16645.1
1222.27	16632.4
1223.37	16619.1
1224.47	16601.6
1225.57	16583.9
1226.66	16566.1
1227.76	16549.4
1228.86	16543.5
1229.96	16539.5
1231.06	16541.8
1232.15	16544.2
1233.25	16533
1234.35	16513.1
1235.44	16482
1236.54	16455.4
1237.63	16435.7
1238.73	16419
1239.83	16411.6
1240.92	16423.4
1242.02	16463
1243.11	16479
1244.21	16476.1
1245.3	16458
1246.4	16375.6
1247.49	16370.6
1248.59	16362.8
1249.68	16359.7
1250.78	16360
1251.87	16351.4
1252.96	16338.2
1254.06	16319.6
1255.15	16295.7
1256.24	16285
1257.34	16279.4
1258.43	16282
1259.52	16290.4
1260.62	16302.1
1261.71	16323.5
1262.8	16331
1263.89	16323.2
1264.98	16317.8
1266.08	16310.4
1267.17	16306.8
1268.26	16303.3
1269.35	16300.2
1270.44	16297.7
1271.53	16295.8
1272.62	16294.5
1273.71	16293.2
1274.8	16289.7
1275.89	16287.2
1276.98	16287.5
1278.07	16291.8
1279.16	16299.4
1280.25	16316.3
1281.34	16322.5
1282.43	16321.3
1283.52	16313
1284.61	16297.8
1285.69	16283
1286.78	16274.6
1287.87	16287.3
1288.96	16295.8
1290.05	16302.5
1291.13	16307.4
1292.22	16311.2
1293.31	16313.6
1294.4	16314.8
1295.48	16314.8
1296.57	16307.5
1297.66	16290.1
1298.74	16274.1
1299.83	16255.6
1300.92	16245.8
1302	16244.4
1303.09	16250.4
1304.17	16263.4
1305.26	16282.9
1306.34	16286.8
1307.43	16291.1
1308.51	16272.3
1309.6	16258.1
1310.68	16244.4
1311.76	16245
1312.85	16252.8
1313.93	16247.2
1315.02	16236.2
1316.1	16223.5
1317.18	16211.6
1318.27	16197.4
1319.35	16182.1
1320.43	16179.6
1321.52	16169.9
1322.6	16161.2
1323.68	16153.6
1324.76	16144
1325.85	16135.7
1326.93	16125.6
1328.01	16114.6
1329.09	16101.6
1330.17	16084.5
1331.25	16072.8
1332.33	16065.3
1333.41	16063
1334.49	16061.3
1335.58	16060.2
1336.65	16058.2
1337.74	16053.3
1338.82	16047.9
1339.89	16042.4
1340.97	16040.9
1342.05	16041
1343.13	16034.9
1344.21	16025.4
1345.29	16013.1
1346.37	15998.7
1347.45	15983.6
1348.53	15969
1349.6	15957.7
1350.68	15952.1
1351.76	15950.7
1352.84	15949.2
1353.92	15949.4
1354.99	15948.6
1356.07	15947.6
1357.15	15947
1358.22	15944.5
1359.3	15945.8
1360.38	15946.8
1361.45	15946.6
1362.53	15947
1363.61	15946.8
1364.68	15946.6
1365.76	15945.8
1366.83	15943.7
1367.91	15939.7
1368.98	15932.6
1370.06	15924.5
1371.13	15912.4
1372.21	15896.3
1373.28	15879.9
1374.35	15867.4
1375.43	15868.9
1376.5	15872.4
1377.58	15877.8
1378.65	15887
1379.72	15896.5
1380.8	15904.9
1381.87	15901.5
1382.94	15893.5
1384.01	15882.3
1385.09	15867.5
1386.16	15845.7
1387.23	15822.2
1388.3	15810.2
1389.38	15825.5
1390.45	15846.1
1391.52	15855.3
1392.59	15847.7
1393.66	15830.9
1393.92	15825.5
1395	15816.4
1396.07	15806.7
1397.15	15796.1
1398.22	15785.9
1399.3	15775.2
1400.38	15765
1401.45	15755.8
1402.53	15747.5
1403.6	15753.1
1404.68	15759.2
1405.75	15766.9
1406.82	15757.4
1407.9	15746.5
1408.97	15719.2
1410.05	15691.1
1411.12	15662.9
1412.19	15644.3
1413.27	15630
1414.34	15622.3
1415.41	15621.1
1416.49	15625.4
1417.56	15634.8
1418.63	15647.8
1419.7	15655.4
1420.78	15650.1
1421.85	15642.2
1422.92	15631.8
1423.99	15620.2
1425.06	15604.6
1426.14	15597.5
1427.21	15596.9
1428.28	15605
1429.35	15609.5
1430.42	15586.9
1431.49	15564.6
1432.56	15516.7
1433.63	15495.5
1434.7	15526.6
1435.77	15536.5
1436.84	15541.7
1437.91	15544
1438.98	15549
1440.05	15547.6
1441.12	15548.2
1442.18	15539.6
1443.25	15528.9
1444.32	15516.1
1445.39	15502.6
1446.46	15487.6
1447.53	15471.8
1448.59	15455
1449.66	15441.5
1450.73	15441.1
1451.8	15449.5
1452.86	15462.9
1453.93	15464.5
1455	15469.5
1456.06	15466.2
1457.13	15448.8
1458.2	15435.6
1459.26	15424.9
1460.33	15437.2
1461.39	15455.8
1462.46	15471.5
1463.52	15443.3
1464.59	15353
1465.65	15435.5
1466.72	15452.8
1467.78	15437.2
1468.85	15414.4
1469.91	15407
1470.98	15399
1472.04	15393.8
1473.1	15391.3
1474.17	15393.1
1475.23	15395
1476.3	15396.1
1477.36	15395.4
1478.42	15391.3
1479.48	15386.2
1480.55	15379.9
1481.61	15371.4
1482.67	15361.6
1483.73	15351.2
1484.8	15341
1485.86	15333.7
1486.92	15327.1
1487.98	15326.2
1489.04	15333.8
1490.1	15345.6
1491.17	15354.8
1492.23	15347.5
1493.29	15336
1494.35	15320.2
1495.41	15296.6
1496.47	15274.3
1497.53	15266.6
1498.59	15267.3
1499.65	15262.5
1500.71	15251.2
1501.77	15233.9
1502.83	15211.7
1503.88	15182.8
1504.94	15159.5
1506	15139.5
1507.06	15151.8
1508.12	15165.1
1509.18	15190.8
1510.23	15185.6
1511.29	15170.1
1512.35	15128.5
1513.41	15081.2
1514.47	15065.7
1515.52	15064.7
1516.58	15080
1517.64	15080.5
1518.69	15083.4
1519.75	15080
1520.81	15073.2
1521.86	15061.4
1522.92	15049.7
1523.97	15039.7
1525.03	15030.9
1526.08	15030.3
1527.14	15030.2
1528.2	15032.2
1529.25	15032.7
1530.31	15023.1
1531.36	15007.3
1532.42	14994.1
1533.47	14985
1534.52	14978.4
1535.58	14973.7
1536.63	14972.1
1537.69	14970.8
1538.74	14956.5
1539.79	14936.7
1540.84	14918.2
1541.9	14903.2
1542.95	14897.4
1544	14897.2
1545.06	14900
1546.11	14907.2
1547.16	14919.5
1548.21	14934
1549.27	14942.8
1550.32	14949.9
1551.37	14942.1
1552.42	14931.6
1553.47	14916.9
1554.52	14898.5
1555.57	14874.3
1556.62	14848.5
1557.67	14844.8
1558.72	14862.6
1559.77	14888
1560.82	14903.8
1561.87	14907.2
1562.92	14886.1
1563.97	14878.3
1565.02	14869.8
1566.07	14864.4
1567.12	14859.5
1568.17	14854.5
1569.22	14849.1
1570.27	14841.3
1571.32	14833.2
1572.36	14822.2
1573.41	14824.7
1574.46	14837.6
1575.51	14844
1576.56	14843.7
1577.6	14839.5
1578.65	14833.1
1579.7	14824.6
1580.74	14813.8
1581.79	14801.1
1582.84	14786.8
1583.88	14787.3
1584.93	14789.4
1585.98	14782.6
1587.02	14769.3
1588.07	14746
1589.11	14722.1
1590.16	14712.4
1591.2	14701.1
1592.25	14705.1
1593.29	14709.3
1594.34	14693.1
1595.38	14684.2
1596.43	14663.3
1597.47	14640.1
1598.52	14630
1599.56	14619
1600.6	14620.1
1601.65	14616.2
1602.69	14611.3
1603.73	14604.6
1604.78	14597.8
1605.82	14586.6
1606.86	14580.6
1607.91	14576.7
1608.95	14573.7
1609.99	14570
1611.03	14565
1612.08	14556
1613.12	14545.8
1614.16	14534.3
1615.2	14521.6
1616.24	14507.5
1617.28	14492.1
1618.32	14474.5
1619.36	14445.4
1620.41	14405.7
1621.45	14386.8
1622.49	14386.8
1623.53	14407.1
1624.57	14420.3
1625.61	14422.9
1626.65	14424.3
1627.69	14422.8
1628.73	14399.3
1629.76	14373.2
1630.8	14342
1631.84	14320.1
1632.88	14309.1
1633.92	14308.5
1634.96	14312.7
1636	14302.4
1637.03	14295
1638.07	14283.4
1639.11	14265
1640.15	14240.1
1641.19	14206
1642.22	14215.5
1643.26	14223.2
1644.3	14229.3
1645.33	14231.9
1646.37	14212.9
1647.41	14188.9
1648.44	14193.8
1649.48	14198.5
1650.52	14196.1
1651.55	14188.7
1652.59	14182.1
1653.62	14158.6
1654.66	14150.4
1655.69	14146
1656.73	14147.1
1657.76	14145.1
1658.8	14142.7
1659.83	14149.4
1660.87	14121.7
1661.9	14093.6
1662.93	14066.5
1663.97	14044.2
1665	14031.8
1666.04	14026.9
1667.07	14042.3
1668.1	14048.1
1669.14	14052.6
1670.17	14065.9
1671.2	14069.7
1672.23	14067.6
1673.27	14060.1
1674.3	14049.2
1675.33	14037.3
1676.36	14025
1677.39	14013.6
1678.43	14003.2
1679.46	13996.1
1680.49	13990.6
1681.52	13986.8
1682.55	13985.1
1683.58	13985.3
1684.61	13987.7
1685.64	13991.6
1686.67	13992.3
1687.7	13992.5
1688.73	13984.3
1689.76	13970.1
1690.79	13946.9
1691.82	13915.7
1692.85	13895.9
1693.88	13889.6
1694.91	13875.5
1695.94	13863.7
1696.97	13853.8
1698	13844.2
1699.02	13832.8
1700.05	13820.8
1701.08	13816.2
1702.11	13822.8
1703.14	13829.1
1704.16	13842.1
1705.19	13836.5
1706.22	13826.8
1707.25	13809.2
1708.27	13790.3
1709.3	13771.6
1710.33	13751.7
1711.35	13744.3
1712.38	13744.8
1713.41	13748
1714.43	13759.4
1715.46	13764.6
1716.48	13762.6
1717.51	13751
1718.53	13734.5
1719.56	13712.2
1720.58	13691.1
1721.61	13679.7
1722.63	13668.1
1723.66	13656.7
1724.68	13645.8
1725.71	13635
1726.73	13623.9
1727.75	13611.3
1728.78	13598.1
1729.8	13584.3
1730.83	13570.6
1731.85	13561.3
1732.87	13564.1
1733.89	13548.8
1734.92	13535.8
1735.94	13524.4
1736.96	13514.8
1737.98	13506.8
1739.01	13499.6
1740.03	13499.9
1741.05	13502.5
1742.07	13508.5
1743.09	13502.4
1744.12	13492
1745.14	13478.7
1746.16	13462
1747.18	13439.3
1748.2	13414.5
1749.22	13389.8
1750.24	13373.4
1751.26	13362.7
1752.28	13356
1753.3	13353.7
1754.32	13355.7
1755.34	13362
1756.36	13372.1
1757.38	13379.9
1758.4	13374.4
1759.42	13363.1
1760.44	13348.1
1761.45	13330.3
1762.47	13314.8
1763.49	13302.9
1764.51	13293.6
1765.53	13287.5
1766.55	13283.3
1767.56	13279.3
1768.58	13275.2
1769.6	13270.6
1770.61	13263.4
1771.63	13256.5
1772.65	13248.1
1773.67	13239
1774.68	13229.8
1775.7	13219.7
1776.72	13209.4
1777.73	13196
1778.75	13180.4
1779.76	13167.2
1780.78	13154.2
1781.79	13147.9
1782.81	13141.5
1783.83	13133.1
1784.84	13126.1
1785.85	13120.3
1786.87	13115.6
1787.88	13112.3
1788.9	13110.3
1789.91	13110.1
1790.93	13112.1
1791.94	13113.1
1792.95	13106.8
1793.97	13079.8
1794.98	13053
1796	13025.6
1797.01	12994.7
1798.02	12973.6
1799.03	12971.3
1800.05	12972.3
1801.06	12977.3
1802.07	12971.7
1803.08	12961.4
1804.1	12947.5
1805.11	12926.5
1806.12	12916.5
1807.13	12911.1
1808.14	12903.6
1809.15	12893
1810.17	12877.7
1811.18	12855.6
1812.19	12826.6
1813.2	12807.6
1814.21	12803.8
1815.22	12813.9
1816.23	12818.2
1817.24	12816.7
1818.25	12807.7
1819.26	12795.9
1820.27	12784.8
1821.28	12762.4
1822.29	12752.9
1823.3	12749.6
1824.3	12771.1
1825.31	12790.3
1826.32	12734.9
1827.33	12722.3
1828.34	12700
1829.35	12687.2
1830.35	12677.1
1831.36	12681.7
1832.37	12684.5
1833.38	12682.9
1834.38	12675.4
1835.39	12651.9
1836.4	12642
1837.41	12629
1838.41	12616.5
1839.42	12604.6
1840.43	12593.7
1841.43	12582.6
1842.44	12563.6
1843.44	12547.4
1844.45	12528.1
1845.46	12516.3
1846.46	12507.3
1847.47	12499.9
1848.47	12494
1849.48	12488.6
1850.48	12481.9
1851.49	12468.8
1852.49	12460.2
1853.49	12454.6
1854.5	12448.3
1855.5	12441.2
1856.51	12433.7
1857.51	12426
1858.51	12417.7
1859.52	12408.6
1860.52	12399.2
1861.52	12389.8
1862.53	12380.9
1863.53	12374
1864.53	12366.1
1865.54	12358.5
1866.54	12351.1
1867.54	12344.9
1868.54	12350.9
1869.54	12350.8
1870.55	12350.6
1871.55	12338
1872.55	12327.1
1873.55	12307.2
1874.55	12285.9
1875.55	12253.2
1876.55	12244.3
1877.55	12239.8
1878.55	12235.6
1879.55	12233.6
1880.56	12222.5
1881.55	12214.2
1882.56	12207.3
1883.55	12186.2
1884.55	12180.3
1885.55	12175.2
1886.55	12174.3
1887.55	12170.4
1888.55	12165.1
1889.55	12158.9
1890.55	12152
1891.55	12143.8
1892.55	12133.5
1893.54	12122
1894.54	12108.6
1895.54	12094.5
1896.54	12086.2
1897.54	12077.8
1898.53	12072.1
1899.53	12067.8
1900.53	12064.8
1901.52	12062.5
1902.52	12047.8
1903.52	12028.4
1904.51	12011.8
1905.51	12002.3
1906.51	11999.4
1907.5	11990.8
1908.5	11982
1909.49	11966.7
1910.49	11950
1911.49	11930.7
1912.48	11910.5
1913.48	11894
1914.47	11882.5
1915.46	11872
1916.46	11865.6
1917.45	11862.9
1918.45	11863.2
1919.44	11863.6
1920.44	11861.9
1921.43	11857.7
1922.43	11847.1
1923.42	11837.3
1924.41	11825
1925.41	11811.1
1926.4	11794.9
1927.39	11779.3
1928.38	11764.5
1929.38	11751.4
1930.37	11743.1
1931.36	11734.3
1932.35	11725.7
1933.35	11716.8
1934.34	11707.3
1935.33	11696.7
1936.32	11683.8
1937.31	11668.9
1938.3	11649.4
1939.29	11629.6
1940.29	11611.3
1941.28	11602.2
1942.27	11597.1
1943.26	11597.9
1944.25	11595.7
1945.24	11597.1
1946.23	11595.2
1947.22	11589.4
1948.21	11580.1
1949.2	11568.7
1950.19	11555.7
1951.18	11541.2
1952.17	11525.7
1953.16	11509.3
1954.14	11493.3
1955.13	11477.6
1956.12	11462.6
1957.11	11448
1958.1	11434.1
1959.09	11420.3
1960.07	11413.6
1961.06	11418
1962.05	11418.4
1963.04	11419.8
1964.02	11418.1
1965.01	11404.1
1966	11365.1
1966.99	11325.8
1967.97	11277.3
1968.96	11320.7
1969.95	11312.7
1970.93	11299.4
1971.92	11287
1972.9	11274.8
1973.89	11266.3
1974.88	11260.9
1975.86	11252.9
1976.85	11244.5
1977.83	11235.5
1978.82	11227.2
1979.8	11218.4
1980.79	11210
1981.77	11202.3
1982.76	11195.9
1983.74	11199.6
1984.72	11210.6
1985.71	11213.9
1986.69	11205.5
1987.67	11193.5
1988.66	11177.9
1989.64	11158.5
1990.62	11133.3
1991.61	11123.1
1992.59	11113
1993.57	11101.5
1994.56	11092
1995.54	11072.8
1996.52	11060.9
1997.5	11054
1998.49	11056.3
1999.47	11051.8
2000.45	11046.8
2001.43	11040.9
2002.41	11035.1
2003.39	11030.2
2004.38	11026
2005.36	11021.9
2006.34	11017.7
2007.32	10993.8
2008.3	10972.1
2009.28	10952.8
2010.26	10941.2
2011.24	10927.1
2012.22	10915.4
2013.2	10906.2
2014.18	10899.5
2015.16	10895.4
2016.14	10894.3
2017.12	10895.1
2018.1	10896.9
2019.07	10885.8
2020.05	10879.9
2021.03	10863.1
2022.01	10843.4
2022.99	10827.7
2023.97	10811.9
2024.95	10798
2025.92	10788
2026.9	10778.8
2027.88	10771.1
2028.86	10764.3
2029.83	10757.4
2030.81	10749.8
2031.79	10738
2032.76	10726.3
2033.74	10713.7
2034.72	10699.9
2035.69	10685.6
2036.67	10670.3
2037.65	10654.3
2038.62	10639.4
2039.6	10628.6
2040.57	10622.9
2041.55	10622.9
2042.52	10631.9
2043.5	10641.1
2044.47	10633.2
2045.45	10629.5
2046.42	10601.7
2047.4	10571.9
2048.37	10546.9
2049.35	10519.3
2050.32	10501.8
2051.29	10488.3
2052.27	10478.1
2053.24	10471.7
2054.21	10468.8
2055.19	10469.4
2056.16	10473.1
2057.13	10479.6
2058.11	10486.7
2059.08	10486.8
2060.05	10447.1
2061.02	10424.6
2062	10402.1
2062.97	10381.1
2063.94	10367.6
2064.91	10356.5
2065.89	10350
2066.86	10345.9
2067.83	10343.7
2068.8	10342
2069.77	10334.8
2070.74	10329.4
2071.71	10323.1
2072.68	10316.2
2073.65	10309.1
2074.62	10300.4
2075.59	10289.1
2076.56	10272.8
2077.53	10253.9
2078.5	10232.3
2079.47	10208.1
2080.44	10181.8
2081.41	10168.4
2082.38	10165.3
2083.35	10165.9
2084.32	10162
2085.29	10155.6
2086.26	10148.3
2087.23	10140.8
2088.19	10133.2
2089.16	10125.4
2090.13	10117.3
2091.1	10109.6
2092.07	10102.8
2093.03	10100.3
2094	10090.8
2094.97	10075.8
2095.94	10053.4
2096.9	10039.9
2097.87	10029.6
2098.84	10020.8
2099.8	10013.9
2100.77	10009.1
2101.74	10006.1
2102.7	10004.5
2103.67	10003.9
2104.63	10000.6
2105.6	9980.87
2106.56	9961.35
2107.53	9941.29
2108.49	9927.27
2109.46	9935.71
2110.42	9927.36
2111.39	9921.74
2112.35	9915.06
2113.32	9908.53
2114.28	9900.85
2115.25	9891.78
2116.21	9880.75
2117.17	9867.13
2118.14	9852.08
2119.1	9837.09
2120.07	9822.72
2121.03	9810.01
2121.99	9797.36
2122.96	9785.29
2123.92	9773.84
2124.88	9762.91
2125.84	9752.57
2126.81	9742.69
2127.77	9734.01
2128.73	9729.25
2129.69	9727.56
2130.65	9731
2131.62	9733.57
2132.58	9723.21
2133.54	9705.67
2134.5	9685.03
2135.46	9665.22
2136.42	9647.89
2137.38	9633.16
2138.34	9621.69
2139.3	9612.77
2140.26	9604.99
2141.22	9599.05
2142.18	9592.46
2143.14	9589.85
2144.1	9586.25
2145.06	9578.89
2146.02	9556.62
2146.98	9524.59
2147.94	9500
2148.9	9506.11
2149.86	9492.66
2150.82	9481.34
2151.78	9470.08
2152.74	9458.45
2153.69	9446.8
2154.65	9437.21
2155.61	9431.21
2156.57	9426.38
2157.53	9422.13
2158.48	9441.69
2159.44	9443.1
2160.4	9441.25
2161.36	9436.45
2162.31	9428.26
2163.27	9419.13
2164.23	9412.05
2165.18	9402.05
2166.14	9389.2
2167.1	9373.47
2168.05	9355.25
2169.01	9334.84
2169.96	9312.19
2170.92	9287.05
2171.88	9259.73
2172.83	9230.57
2173.79	9201.04
2174.74	9177.5
2175.7	9164.27
2176.65	9158.49
2177.6	9158.17
2178.56	9155.86
2179.51	9151.57
2180.47	9137.76
2181.42	9109.82
2182.38	9084.85
2183.33	9062.23
2184.28	9051.08
2185.24	9037.76
2186.19	9023.7
2187.14	9012.77
2188.1	8992.95
2189.05	8980.25
2190	8979.84
2190.96	8981.28
2191.91	8984.13
2192.86	8988.73
2193.81	8997.51
2194.76	8993.41
2195.72	8976.15
2196.67	8943.94
2197.62	8908.97
2198.57	8881.31
2199.52	8857.2
2200.47	8876.57
2201.43	8883.71
2202.38	8888.16
2203.33	8890.15
2204.28	8888.84
2205.23	8884.93
2206.18	8872.61
2207.13	8859.22
2208.08	8845.86
2209.03	8834.49
2209.98	8855.87
2210.93	8878.03
2211.88	8886.99
2212.83	8844.22
2213.78	8819.62
2214.73	8795.86
2215.67	8774.53
2216.62	8756.3
2217.57	8757.92
2218.52	8755.39
2219.47	8751.69
2220.42	8745.5
2221.37	8738.16
2222.31	8727.09
2223.26	8701.83
2224.21	8681.86
2225.16	8668.81
2226.1	8661.66
2227.05	8653.85
2228	8656.95
2228.94	8663.07
2229.89	8668.05
2230.84	8666.12
2231.78	8660.65
2232.73	8654.62
2233.68	8644.23
2234.62	8639.81
2235.57	8640.11
2236.51	8635.84
2237.46	8630.12
2238.41	8618.45
2239.35	8607.59
2240.3	8599.11
2241.24	8591.99
2242.19	8586.32
2243.13	8582
2244.07	8580.13
2245.02	8578.88
2245.96	8576.1
2246.91	8571.56
2247.85	8562.37
2248.8	8558.2
2249.74	8552.63
2250.68	8548.29
2251.63	8546.64
2252.57	8546.09
2253.51	8546.68
2254.46	8547.74
2255.4	8549.35
2256.34	8550.86
2257.28	8547.65
2258.23	8544.89
2259.17	8541.55
2260.11	8536.15
2261.05	8525.68
2262	8515.06
2262.94	8506.91
2263.88	8501.18
2264.82	8497.71
2265.76	8494.55
2266.7	8491.5
2267.64	8489.47
2268.58	8486.66
2269.53	8476.41
2270.47	8465.71
2271.41	8455.9
2272.35	8448.27
2273.29	8446.49
2274.23	8441.18
2275.17	8432.48
2276.11	8422.3
2277.05	8415.39
2277.99	8410.46
2278.93	8407.24
2279.86	8404.32
2280.8	8401.18
2281.74	8398.84
2282.68	8399.27
2283.62	8402.2
2284.56	8407.24
2285.5	8414.2
2286.44	8418.23
2287.37	8413.65
2288.31	8404.62
2289.25	8392.27
2290.19	8378.51
2291.12	8366.29
2292.06	8357.71
2293	8356.83
2293.94	8359.57
2294.87	8360.66
2295.81	8360.22
2296.75	8358.61
2297.68	8355.94
2298.62	8350.88
2299.55	8343.5
2300.49	8334.77
2301.43	8325.93
2302.36	8318.91
2303.3	8313.22
2304.23	8307.47
2305.17	8302.94
2306.1	8298.55
2307.04	8296.28
2307.98	8300.7
2308.91	8306
2309.84	8311.07
2310.78	8309.47
2311.71	8300.75
2312.65	8285.77
2313.58	8264.04
2314.52	8245.71
2315.45	8231.14
2316.38	8217.07
2317.32	8203.82
2317.72	8198.41
2318.66	8187.01
2319.6	8177.53
2320.54	8170.37
2321.48	8165.43
2322.41	8162.98
2323.35	8164.72
2324.29	8162.91
2325.23	8147.35
2326.16	8125.17
2327.1	8099.93
2328.04	8084.87
2328.97	8070.25
2329.91	8068.91
2330.85	8071.11
2331.78	8080.52
2332.72	8092.3
2333.66	8088.01
2334.59	8079.66
2335.53	8064.47
2336.46	8054.6
2337.4	8048.37
2338.33	8044.32
2339.27	8042.15
2340.2	8041.86
2341.14	8043.31
2342.07	8041.97
2343.01	8036.49
2343.94	8028.89
2344.88	8019.23
2345.81	8008.17
2346.75	7995.1
2347.68	7979.7
2348.61	7962.55
2349.55	7958.98
2350.48	7955.63
2351.41	7957.38
2352.35	7959.78
2353.28	7960.26
2354.21	7959.85
2355.15	7962.87
2356.08	7964.78
2357.01	7966.42
2357.94	7956.4
2358.88	7927.98
2359.81	7899.84
2360.74	7891.16
2361.67	7885.35
2362.6	7880.62
2363.54	7877.59
2364.47	7876.24
2365.4	7875.3
2366.33	7874.26
2367.26	7872.42
2368.19	7870.11
2369.12	7867.23
2370.05	7861.69
2370.98	7854
2371.91	7845.8
2372.84	7837.77
2373.77	7830.51
2374.7	7823.95
2375.63	7818.4
2376.56	7812.55
2377.49	7806.79
2378.42	7800.92
2379.35	7794.48
2380.28	7787.53
2381.21	7780.6
2382.14	7774.45
2383.07	7769.57
2384	7765.47
2384.92	7762.17
2385.85	7759.76
2386.78	7758.12
2387.71	7757.43
2388.64	7756.78
2389.56	7752.97
2390.49	7745.05
2391.42	7735.89
2392.35	7726.96
2393.27	7720.79
2394.2	7715.97
2395.13	7712.56
2396.05	7711
2396.98	7711.46
2397.91	7713.28
2398.83	7716.64
2399.76	7719.35
2400.69	7715.3
2401.61	7692.78
2402.54	7679.39
2403.46	7667.86
2404.39	7654.56
2405.31	7643.58
2406.24	7636.45
2407.17	7633.36
2408.09	7633.44
2409.01	7636.97
2409.94	7649.9
2410.86	7657.36
2411.79	7666.8
2412.71	7645.49
2413.64	7605.39
2414.56	7581.3
2415.49	7583.53
2416.41	7593.89
2417.33	7591.86
2418.26	7586.27
2419.18	7577.41
2420.1	7564.17
2421.03	7538.28
2421.95	7521.52
2422.87	7507.58
2423.79	7491.94
2424.72	7489.27
2425.64	7492.57
2426.56	7493.85
2427.48	7493.36
2428.41	7490.47
2429.33	7484.97
2430.25	7477.66
2431.17	7467.93
2432.09	7457.56
2433.01	7447.17
2433.93	7437.96
2434.86	7430.81
2435.78	7427
2436.7	7416.58
2437.62	7403.12
2438.54	7391.01
2439.46	7385.34
2440.38	7378.55
2441.3	7371.34
2442.22	7361.88
2443.14	7350.8
2444.06	7338.62
2444.98	7326.08
2445.9	7312.3
2446.82	7297.59
2447.73	7281.76
2448.65	7269.19
2449.57	7259.41
2450.49	7253.07
2451.41	7250.37
2452.33	7250.36
2453.25	7251.23
2454.17	7252.3
2455.08	7251.88
2456	7246.16
2456.92	7237.69
2457.84	7225.63
2458.75	7214.59
2459.67	7207.24
2460.59	7203.04
2461.51	7200.72
2462.42	7199.75
2463.34	7198.89
2464.26	7198.45
2465.17	7198.26
2466.09	7197.66
2467	7196.11
2467.92	7190.93
2468.84	7182.78
2469.75	7168.54
2470.67	7154.2
2471.58	7139.7
2472.5	7123.67
2473.42	7112.78
2474.33	7102.96
2475.25	7097.17
2476.16	7093.35
2477.08	7092.02
2477.99	7092.53
2478.9	7094.49
2479.82	7095.11
2480.73	7087.31
2481.65	7082.88
2482.56	7079.41
2483.47	7077.02
2484.39	7075.9
2485.3	7075.19
2486.22	7064.15
2487.13	7044.44
2488.04	7031.66
2488.96	7021.31
2489.87	7013.11
2490.78	7006.96
2491.69	7005.5
2492.61	7007.08
2493.52	7012.61
2494.43	7017.8
2495.34	7021.2
2496.25	7019.65
2497.17	7016.78
2498.08	7009.81
2498.99	7000.39
2499.9	6987.58
2500.81	6972.13
2501.72	6953.91
2502.63	6935.12
2503.55	6934.33
2504.46	6940.89
2505.37	6946.99
2506.28	6951.21
2507.19	6951.8
2508.1	6949.02
2509.01	6943.59
2509.92	6935.74
2510.83	6931.02
2511.74	6934.41
2512.65	6939.24
2513.56	6941.23
2514.47	6940.2
2515.37	6935.35
2516.28	6923.88
2517.19	6915.03
2518.1	6908.04
2519.01	6903.09
2519.92	6902.97
2520.83	6899.91
2521.73	6894.89
2522.64	6887.89
2523.55	6879.6
2524.46	6870.34
2525.37	6860.57
2526.27	6852.06
2527.18	6843.99
2528.09	6838.02
2529	6831.52
2529.9	6825.5
2530.81	6819.45
2531.72	6812.99
2532.62	6805.31
2533.53	6796.16
2534.44	6796.48
2535.34	6795.46
2536.25	6779.9
2537.15	6758.39
2538.06	6738.97
2538.96	6737.77
2539.87	6738.3
2540.78	6743.39
2541.68	6738.25
2542.59	6728.59
2543.49	6722.68
2544.4	6721.89
2545.3	6724.91
2546.21	6720.48
2547.11	6720.59
2548.01	6711.78
2548.92	6698.87
2549.82	6682.48
2550.73	6663.06
2551.63	6671.34
2552.53	6685.18
2553.44	6681.43
2554.34	6670.65
2555.24	6656.33
2556.15	6648.07
2557.05	6640.72
2557.95	6633.63
2558.86	6627.02
2559.76	6621.28
2560.66	6616.07
2561.56	6612.19
2562.46	6601.27
2563.37	6587.5
2564.27	6569.62
2565.17	6555.84
2566.07	6547.04
2566.97	6539.23
2567.88	6533.13
2568.78	6529.66
2569.68	6527.95
2570.58	6525.97
2571.48	6524.41
2572.38	6512.03
2573.28	6503.09
2574.18	6503.87
2575.08	6504.76
2575.98	6498.4
2576.88	6493.38
2577.78	6487.3
2578.68	6479.85
2579.58	6470.99
2580.48	6460.39
2581.38	6447.39
2582.28	6432.99
2583.18	6418.91
2584.08	6408.92
2584.98	6401.58
2585.88	6397.05
2586.77	6395.29
2587.67	6396.36
2588.57	6400.34
2589.47	6406.07
2590.37	6406.27
2591.27	6402.58
2592.16	6394.7
2593.06	6376.14
2593.96	6364.45
2594.86	6347.1
2595.75	6337.22
2596.65	6322.58
2597.55	6312.75
2598.45	6313.03
2599.34	6324.45
2600.24	6334.13
2601.13	6336.29
2602.03	6327.89
2602.93	6320.9
2603.82	6303.21
2604.72	6290.85
2605.62	6272.5
2606.51	6257.69
2607.41	6247.73
2608.3	6249.58
2609.2	6253.57
2610.09	6255.66
2610.99	6255.81
2611.88	6252.82
2612.78	6244.96
2613.67	6234.67
2614.57	6223.56
2615.46	6211.23
2616.36	6198.89
2617.25	6190.04
2618.14	6182.11
2619.04	6174.72
2619.93	6168.85
2620.83	6164.7
2621.72	6163.28
2622.61	6171.69
2623.5	6185.8
2624.4	6193.27
2625.29	6193.3
2626.18	6190.03
2627.08	6169.79
2627.97	6141.54
2628.86	6122.1
2629.75	6103.73
2630.65	6087.79
2631.54	6078.28
2632.43	6072.63
2633.32	6068.72
2634.21	6064.96
2635.11	6061.47
2636	6056.17
2636.89	6049
2637.78	6041.49
2638.67	6033.23
2639.56	6023.78
2640.45	6013.59
2641.34	6003.12
2642.23	5992.85
2643.12	5984.58
2644.01	5976.2
2644.9	5968.8
2645.79	5959.93
2646.68	5950.68
2647.57	5939.27
2648.46	5926.45
2649.35	5912.15
2650.24	5898.02
2651.13	5885.62
2652.02	5876.92
2652.91	5876.77
2653.8	5875.65
2654.69	5877.32
2655.58	5881.35
2656.46	5885.95
2657.35	5887.68
2658.24	5891.14
2659.13	5894.36
2660.02	5895.03
2660.9	5894.22
2661.79	5880.2
2662.68	5865.72
2663.57	5854.96
2664.45	5845.99
2665.34	5844.68
2666.23	5843.78
2667.11	5842.78
2668	5841.47
2668.89	5839.72
2669.77	5836.69
2670.66	5826.5
2671.55	5816.83
2672.43	5805.31
2673.32	5787.87
2674.21	5773.66
2675.09	5765.75
2675.98	5764.62
2676.86	5765.72
2677.75	5769.19
2678.63	5767.29
2679.52	5762.66
2680.4	5755.83
2681.29	5747.27
2682.17	5734.87
2683.06	5721
2683.94	5706.35
2684.82	5694.18
2685.71	5694.66
2686.59	5691.73
2687.48	5671.19
2688.36	5657
2689.24	5640.85
2690.13	5630.15
2691.01	5625.08
2691.89	5626.3
2692.78	5639.32
2693.66	5644.38
2694.54	5649
2695.43	5644.58
2696.31	5643.15
2697.19	5637.55
2698.07	5631
2698.96	5623.73
2699.84	5615.83
2700.72	5607.53
2701.6	5598.62
2702.48	5589.29
2703.36	5579.33
2704.25	5556.64
2705.13	5531.29
2706.01	5515.68
2706.89	5509.16
2707.77	5512.78
2708.65	5522.5
2709.53	5523.7
2710.41	5520.22
2711.29	5518.6
2712.17	5508.51
2713.05	5503.31
2713.93	5502.19
2714.81	5497.84
2715.69	5499.69
2716.57	5514.03
2717.45	5514.29
2718.33	5503.67
2719.21	5488.33
2720.09	5468.84
2720.97	5447.73
2721.85	5439.15
2722.73	5435.56
2723.61	5436.65
2724.48	5441.13
2725.36	5442.59
2726.24	5442.16
2727.12	5440.96
2728	5438.02
2728.88	5431.48
2729.75	5423.84
2730.63	5415.28
2731.51	5406.17
2732.39	5397.44
2733.26	5394.39
2734.14	5390.41
2735.02	5387.67
2735.89	5385.83
2736.77	5385.59
2737.65	5382.06
2738.52	5369.21
2739.4	5349.19
2740.28	5327.52
2741.15	5323.14
2742.03	5326.43
2742.9	5336.68
2743.78	5332.6
2744.65	5333.6
2745.53	5335.49
2746.41	5335.9
2747.28	5335.36
2748.16	5333.39
2749.03	5329.35
2749.91	5320.44
2750.78	5305.25
2751.66	5293.74
2752.53	5290.62
2753.4	5294.03
2754.28	5296.21
2755.15	5295.6
2756.02	5292.61
2756.9	5287.55
2757.77	5280.71
2758.65	5272.62
2759.52	5262.77
2760.39	5253.69
2761.27	5258.24
2762.14	5262
2763.01	5261.71
2763.88	5259.84
2764.76	5259.87
2765.63	5254.45
2766.5	5235.91
2767.37	5214.24
2768.25	5198.54
2769.12	5185.94
2769.99	5194.61
2770.86	5208.75
2771.73	5183.05
2772.61	5172.34
2773.48	5179.3
2774.35	5195.39
2775.22	5203.69
2776.09	5209.48
2776.96	5204.24
2777.83	5156.43
2778.7	5142.05
2779.57	5127.35
2780.44	5116.34
2781.31	5108.87
2782.18	5106.55
2783.05	5108.36
2783.92	5113.86
2784.79	5119.92
2785.66	5122.63
2786.53	5124.88
2787.4	5116.29
2788.27	5095.4
2789.14	5080.73
2790.01	5072.97
2790.88	5071.09
2791.75	5083.51
2792.62	5047.77
2793.48	5022.94
2794.35	5010.89
2795.22	5008.31
2796.09	5020.9
2796.96	5030.35
2797.82	5035.71
2798.69	5039.13
2799.56	5040.74
2800.43	5040.03
2801.29	5036.75
2802.16	5030.88
2803.03	5022.72
2803.9	5012.22
2804.76	4999.68
2805.63	4985.62
2806.5	4971.94
2807.36	4972.45
2808.23	4971.75
2809.09	4965.55
2809.96	4951.87
2810.83	4938.52
2811.69	4937.52
2812.56	4941.97
2813.42	4943.34
2814.29	4944.67
2815.15	4942.82
2816.02	4936.27
2816.88	4926.13
2817.75	4911.85
2818.61	4888.26
2819.48	4877.53
2820.34	4877.25
2821.21	4877.25
2822.07	4876.13
2822.94	4856.19
2823.8	4850.04
2824.66	4853.09
2825.53	4862.03
2826.39	4870.43
2827.26	4874.92
2828.12	4874.34
2828.98	4872.27
2829.85	4870.46
2830.71	4868.07
2831.57	4866.27
2832.43	4864.11
2833.3	4861.62
2834.16	4858.68
2835.02	4855.12
2835.88	4850.55
2836.75	4845.17
2837.61	4839.23
2838.47	4832.85
2839.33	4826.43
2840.19	4821.56
2841.06	4827.13
2841.92	4834.21
2842.78	4833.1
2843.64	4815.19
2844.5	4774.16
2845.36	4779.73
2846.22	4769.95
2847.08	4761.51
2847.94	4753.43
2848.81	4747.39
2849.67	4749.98
2850.53	4753.83
2851.39	4755.78
2852.25	4755.1
2853.11	4741.66
2853.97	4733.82
2854.82	4729.62
2855.68	4724.97
2856.54	4720.19
2857.4	4713.77
2858.26	4719.06
2859.12	4713.59
2859.98	4702.48
2860.84	4696.61
2861.7	4690.69
2862.56	4688.38
2863.41	4688.39
2864.27	4689.48
2865.13	4691.86
2865.99	4695.74
2866.85	4699.91
2867.7	4695.78
2868.56	4689.51
2869.42	4683.31
2870.28	4679.83
2871.13	4672.8
2871.99	4665.62
2872.85	4664.83
2873.7	4665.54
2874.56	4668.36
2875.42	4669.12
2876.27	4667.87
2877.13	4664.17
2877.99	4651
2878.84	4640.75
2879.7	4625.3
2880.56	4613.51
2881.41	4605.62
2882.27	4599.42
2883.12	4593.46
2883.98	4588.39
2884.83	4583.69
2885.69	4579.7
2886.54	4576.2
2887.4	4573.23
2888.25	4570.7
2889.11	4568.85
2889.96	4567.08
2890.82	4563.42
2891.67	4557.11
2892.52	4543.86
2893.38	4534.66
2894.23	4527.36
2895.09	4520.77
2895.94	4519.3
2896.79	4517.58
2897.65	4520.75
2898.5	4521.26
2899.35	4518.8
2900.21	4515.58
2901.06	4508.97
2901.91	4500.71
2902.76	4490.14
2903.62	4477.96
2904.47	4464.44
2905.32	4453.06
2906.17	4449.77
2907.03	4451.2
2907.88	4456.18
2908.73	4458.34
2909.58	4450.54
2910.43	4439.35
2911.28	4433.98
2912.14	4427.32
2912.99	4426.67
2913.84	4432.89
2914.69	4437.26
2915.54	4443.37
2916.39	4440.95
2917.24	4424
2918.09	4401.6
2918.94	4381.94
2919.79	4368.68
2920.64	4356.52
2921.49	4349.23
2922.34	4344.78
2923.19	4343.13
2924.04	4344.5
2924.89	4347.48
2925.74	4349.06
2926.59	4355.66
2927.44	4358.82
2928.29	4358.7
2929.14	4354.45
2929.98	4347.38
2930.83	4340.03
2931.68	4329.04
2932.53	4318.07
2933.38	4309.63
2934.23	4304.13
2935.07	4301.54
2935.92	4295.46
2936.77	4287.29
2937.62	4279.37
2938.47	4272.06
2939.31	4263.82
2940.16	4259.86
2941.01	4256.12
2941.85	4253.36
2942.7	4250.98
2943.55	4250.18
2944.39	4248.95
2945.24	4244.96
2946.09	4240.72
2946.93	4232.91
2947.78	4226.32
2948.63	4221.46
2949.47	4217.04
2950.32	4213
2951.16	4210.72
2952.01	4209.07
2952.85	4210.22
2953.7	4212.55
2954.55	4213.36
2955.39	4213.09
2956.24	4211.18
2957.08	4208.02
2957.92	4203.09
2958.77	4196.73
2959.61	4188.72
2960.46	4179.24
2961.3	4168.14
2962.15	4155.67
2962.99	4146.48
2963.83	4140.43
2964.68	4139.02
2965.52	4137.08
2966.37	4133.85
2967.21	4130.76
2968.05	4127.42
2968.9	4123.89
2969.74	4120.26
2970.58	4116.53
2971.42	4112.06
2972.27	4107.59
2973.11	4101.57
2973.95	4098.08
2974.79	4096.47
2975.64	4101.26
2976.48	4100.54
2977.32	4098.08
2978.16	4090.15
2979	4081.02
2979.85	4074.45
2980.69	4067.95
2981.53	4062.8
2982.37	4058.47
2983.21	4055.27
2984.05	4052.57
2984.89	4049.85
2985.73	4047.1
2986.57	4044.33
2987.41	4041.61
2988.25	4038.93
2989.1	4036.37
2989.94	4034.32
2990.77	4032.94
2991.62	4032.43
2992.45	4032.51
2993.29	4033.7
2994.13	4036.12
2994.97	4040.12
2995.81	4042.68
2996.65	4018.06
2997.49	4001.49
2998.33	3989.37
2999.17	3985.59
