200.833	13706.3
202.102	13784.7
203.371	13822.5
204.639	13795.3
205.907	13774.9
207.175	13761
208.442	13754.7
209.71	13753.3
210.977	13765.3
212.244	13783.9
213.511	13809.3
214.777	13838.4
216.042	13863.6
217.309	13873.7
218.575	13880.5
219.84	13894
221.106	13897.3
222.371	13921.3
223.635	13972.7
224.9	14019.2
226.165	14047
227.429	14067.2
228.694	14086.6
229.956	14110.5
231.22	14136.1
232.484	14163.6
233.747	14193.2
235.011	14224.8
236.272	14258.7
237.535	14294.5
238.798	14327.7
240.06	14359.6
241.321	14377.1
242.583	14388.5
243.845	14385.9
245.105	14388.4
246.367	14397.9
247.628	14415.2
248.888	14440.4
250.149	14471
251.409	14485.8
252.67	14485.8
253.928	14489
255.189	14497.2
256.447	14508.9
257.707	14519.6
258.966	14537.2
260.224	14558.7
261.483	14579.8
262.742	14599.7
263.999	14618
265.257	14634.2
266.514	14648.6
267.772	14662.6
269.028	14673.9
270.286	14681.6
271.543	14692.1
272.799	14706.5
274.056	14724.4
275.311	14745.7
276.568	14770.9
277.823	14796.7
279.079	14819
280.333	14816.4
281.589	14824.7
282.843	14847.2
284.099	14869.8
285.352	14888.4
286.607	14905.3
287.86	14920.7
289.114	14935.1
290.368	14948
291.621	14959.1
292.875	14968.6
294.127	14977.3
295.38	14992.8
296.632	15016
297.884	15039.2
299.137	15061
300.388	15072.6
301.641	15076.6
302.891	15077.4
304.142	15075.3
305.394	15070.3
306.644	15058.8
307.894	15049.6
309.146	15066.1
310.395	15094.2
311.645	15113.4
312.895	15128.6
314.144	15140
315.393	15151.5
316.642	15153.3
317.892	15155.5
319.14	15155.5
320.388	15161
321.637	15170
322.885	15181.2
324.132	15193.5
325.38	15208
326.628	15225.1
327.875	15244.4
329.122	15268.1
330.368	15307.2
331.614	15342.9
332.862	15370.6
334.108	15392.7
335.353	15406
336.599	15412.3
337.844	15418.4
339.089	15425.6
340.335	15431.3
341.58	15435.9
342.824	15437.9
344.068	15439
345.312	15439.3
346.556	15439.6
347.8	15441.7
349.043	15456
350.286	15476.5
351.53	15503.5
352.774	15521.6
354.016	15537.3
355.259	15548.4
356.501	15548.6
357.743	15547.6
358.985	15538.8
360.227	15524.5
361.468	15511.4
362.709	15506.6
363.95	15521.9
365.191	15539.7
366.432	15555.7
367.672	15570.1
368.912	15585.7
370.152	15603.2
371.392	15621.5
372.632	15639.4
373.871	15658
375.11	15676.7
376.348	15697.2
377.587	15693.5
378.825	15676
380.064	15670.2
381.302	15676.6
382.54	15694.4
383.778	15726.9
385.016	15737.4
386.253	15745.8
387.489	15756.2
388.726	15766.6
389.963	15777.3
391.199	15789.4
392.436	15801.8
393.672	15816.3
394.907	15830.8
396.142	15844.9
397.378	15857.1
398.614	15836.5
399.849	15831.9
401.082	15822.4
402.317	15834.4
403.552	15850.9
404.786	15874.4
406.019	15905.5
407.253	15928.3
408.487	15955.5
409.721	15963.8
410.953	15956
412.186	15947.7
413.419	15932.9
414.651	15929.7
415.883	15926.3
417.116	15932.8
418.347	15947.5
419.579	15965
420.811	15985.9
422.041	16007.9
423.272	16032.6
424.504	16043.2
425.733	16043.7
426.964	16021
428.194	16000.9
429.424	15979.8
430.654	16006.3
431.883	16026.5
433.113	16033
434.341	16036.9
435.571	16038.5
436.799	16037.3
438.028	16033.6
439.257	16017.4
440.484	16020.4
441.713	16034.4
442.94	16050.8
444.168	16061.2
445.394	16071.8
446.622	16082.2
447.848	16092.5
449.076	16102.4
450.301	16111.9
451.528	16122.8
452.754	16135.4
453.979	16145.6
455.205	16153.6
456.43	16159
457.656	16158.6
458.88	16151.9
460.106	16145.3
461.33	16144.9
462.554	16147
463.779	16152.3
465.002	16160.2
466.225	16169.1
467.45	16182.7
468.672	16196.9
469.895	16208.6
471.119	16210.7
472.341	16208.3
473.563	16200.9
474.786	16189.9
476.008	16178.8
477.229	16173.6
478.452	16170.8
479.673	16170.6
480.894	16173.9
482.115	16180
483.337	16188.8
484.557	16200.5
485.777	16213.5
486.997	16215.7
488.218	16198.9
489.438	16183
490.657	16162.7
491.876	16144
493.096	16140.3
494.315	16144.4
495.533	16160.4
496.752	16173.8
497.97	16190.3
499.188	16193.6
500.407	16184.4
501.625	16160.9
502.842	16137.9
504.059	16129.7
505.276	16136.3
506.493	16150.5
507.71	16158.7
508.926	16164.7
510.142	16169.6
511.358	16173.8
512.575	16177.7
513.791	16181.8
515.006	16186.6
516.222	16192.1
517.437	16199
518.651	16206.6
519.866	16215.3
521.081	16225
522.295	16237.1
523.509	16262
524.723	16302.9
525.937	16333.8
527.15	16347.4
528.363	16354.4
529.576	16361.7
530.789	16364.1
532.002	16364.8
533.215	16368
534.426	16367.4
535.638	16374.5
536.85	16383.7
538.061	16391.9
539.273	16400.4
540.484	16408.1
541.695	16415.8
542.906	16425.6
544.117	16429.5
545.327	16401.8
546.537	16391.6
547.747	16385.3
548.957	16382
550.167	16381
551.377	16373.7
552.585	16367.9
553.794	16362.4
555.003	16361.9
556.212	16415.3
557.421	16422.5
558.628	16414.4
559.836	16397.5
561.044	16368.1
562.252	16353.2
563.458	16397.4
564.666	16416.9
565.873	16443
567.08	16460.8
568.286	16496.3
569.493	16513.4
570.699	16497.4
571.904	16464.3
573.111	16425
574.317	16377.9
575.521	16430.4
576.727	16445.7
577.932	16460.7
579.136	16466.3
580.341	16451
581.544	16420.8
582.749	16394.2
583.954	16437
585.156	16464.8
586.361	16453.7
587.563	16433.9
588.767	16428.7
589.97	16423.3
591.172	16415.8
592.375	16423.1
593.577	16442.6
594.78	16489.3
595.981	16558.8
597.183	16576.6
598.384	16539.7
599.586	16520.8
600.786	16496.4
601.988	16478.4
603.188	16448.9
604.389	16423.3
605.589	16435.2
606.79	16470.1
607.989	16507.5
609.188	16550.3
610.389	16483.4
611.587	16402.6
612.787	16398.3
613.986	16388.5
615.184	16380.4
616.383	16373.5
617.581	16366.9
618.78	16361
619.977	16351.5
621.174	16341.7
622.373	16333.1
623.57	16327
624.766	16333.4
625.964	16332.9
627.16	16327.5
628.356	16299
629.554	16281.3
630.749	16273.5
631.945	16281.2
633.14	16271.1
634.337	16261.1
635.532	16252.1
636.726	16244.3
637.921	16237.9
639.117	16233.3
640.311	16230.5
641.505	16228.6
642.699	16228.1
643.892	16228.3
645.087	16229.5
646.28	16231.1
647.473	16232.5
648.666	16234.8
649.859	16238.5
651.051	16243.3
652.245	16250.3
653.437	16259
654.629	16262
655.821	16264
657.012	16265.3
658.204	16264.5
659.395	16262.5
660.586	16260.5
661.777	16261.3
662.967	16266.6
664.158	16278.5
665.349	16293.9
666.539	16301.4
667.729	16300.8
668.919	16289.3
670.109	16281.9
671.298	16278.9
672.487	16280.5
673.676	16285.9
674.865	16295.4
676.053	16308.8
677.242	16333.5
678.43	16357.7
679.616	16359.3
680.804	16344.4
681.992	16314.5
683.179	16292.4
684.366	16278.2
685.554	16271.5
686.74	16271.7
687.927	16279.4
689.114	16296.1
690.3	16318.2
691.486	16332.5
692.671	16333.9
693.856	16326
695.042	16312.9
696.227	16297.4
697.413	16279.1
698.598	16256.4
699.781	16233.2
700.966	16211.8
702.15	16193.2
703.334	16185.2
704.518	16180.3
705.701	16179.8
706.885	16184.2
708.068	16191.8
709.252	16201.4
710.433	16205.2
711.616	16202.7
712.799	16199
713.98	16194.1
715.163	16187.4
716.345	16178.7
717.527	16169
718.707	16159
719.889	16150.8
721.071	16144.5
722.25	16140.1
723.432	16138.4
724.611	16143
725.792	16151.2
726.972	16163
728.151	16176.2
729.332	16188.7
730.512	16200.8
731.69	16212.1
732.87	16223.4
734.048	16226.3
735.227	16220.6
736.405	16206.6
737.584	16195.6
738.761	16184.9
739.94	16178.7
741.117	16193
742.295	16202.7
743.471	16210.9
744.649	16218
745.825	16225
747.003	16229.6
748.179	16232.9
749.356	16235.3
750.531	16236.9
751.708	16238.4
752.883	16241.5
754.059	16243
755.234	16242.5
756.409	16240.1
757.585	16232.9
758.759	16223.8
759.934	16211.8
761.108	16196.8
762.282	16184.9
763.456	16181.6
764.63	16183.1
765.803	16185.7
766.977	16185.7
768.15	16176.7
769.323	16156.4
770.496	16127.9
771.668	16115
772.841	16103.2
774.014	16101
775.185	16099.1
776.357	16093
777.528	16087.3
778.701	16080.1
779.872	16070.8
781.042	16060.6
782.213	16050.3
783.383	16042
784.555	16034
785.725	16028.8
786.895	16031.7
788.064	16019.9
789.234	16011.1
790.404	15989.6
791.573	15976.4
792.742	15968.7
793.911	15966.9
795.08	15969
796.248	15953.6
797.416	15927.1
798.584	15890.3
799.753	15910.1
800.921	15916.8
802.088	15927.6
803.256	15931.9
804.423	15925.8
805.59	15922
806.756	15914.8
807.923	15917.1
809.089	15912.3
810.256	15920.1
811.422	15947.3
812.587	15983.3
813.753	15998.8
814.918	15987.1
816.084	15951.8
817.249	15937.8
818.414	15925.9
819.578	15932.4
820.743	15935
821.907	15947.1
823.072	15967.8
824.236	15971.2
825.399	15962.1
826.562	15949.9
827.725	15940.4
828.889	15937
830.052	15934.8
831.215	15933.4
832.377	15932.2
833.54	15932.1
834.701	15933.6
835.863	15936.5
837.025	15940.5
838.187	15947.4
839.349	15949.6
840.51	15944.7
841.67	15941.1
842.831	15931
843.992	15923.6
845.153	15920.5
846.312	15917.3
847.473	15915.1
848.633	15914.8
849.793	15915.9
850.951	15917.9
852.111	15921.1
853.27	15919.7
854.428	15917.7
855.588	15903.6
856.747	15881.9
857.904	15856.8
859.063	15833
860.221	15809.4
861.378	15786.4
862.536	15769.3
863.694	15756.2
864.85	15746.2
866.008	15739.8
867.164	15737.1
868.321	15739.1
869.478	15723.1
870.633	15706.6
871.79	15688.2
872.945	15681.5
874.101	15675.9
875.256	15665.3
876.412	15653.8
877.566	15638.3
878.722	15629
879.876	15625.5
881.031	15627.3
882.185	15626.3
883.34	15622.1
884.493	15614.3
885.647	15600.9
886.8	15573
887.954	15549.8
889.107	15533.7
890.261	15528.7
891.413	15523.1
892.565	15527.6
893.718	15530.8
894.87	15534.5
896.023	15533.3
897.174	15535.4
898.326	15537.7
899.478	15540.2
900.629	15543.1
901.779	15545.8
902.931	15535.5
904.081	15533.6
905.231	15536
906.383	15540.4
907.532	15546.7
908.682	15552.8
909.831	15558.8
910.982	15564
912.131	15568.4
913.28	15570.1
914.429	15571.3
915.578	15570.8
916.727	15568.9
917.875	15565.4
919.023	15559.2
920.171	15550
921.32	15534.8
922.467	15521.9
923.614	15524.9
924.761	15535
925.908	15547.5
927.055	15563
928.203	15578.5
929.349	15587.8
930.496	15587.3
931.642	15574.2
932.787	15557.5
933.933	15542.3
935.079	15526
936.224	15510.4
937.369	15499.9
938.514	15489.5
939.659	15474.9
940.804	15456.7
941.948	15433.9
943.092	15425.2
944.236	15423.5
945.38	15448
946.524	15448.2
947.667	15447
948.811	15443.4
949.954	15436.3
951.097	15427.2
952.24	15417.3
953.383	15405.3
954.525	15391.1
955.667	15375.2
956.81	15357.7
957.952	15340.5
959.093	15332.4
960.235	15339.5
961.376	15342.2
962.516	15349.8
963.658	15358
964.798	15365
965.939	15363.9
967.08	15347.7
968.22	15329.9
969.359	15313.6
970.499	15297.2
971.639	15281.9
972.779	15265.3
973.918	15249.1
975.056	15233.4
976.195	15218.9
977.334	15206.5
978.473	15214.2
979.61	15231.1
980.749	15258.9
981.887	15293.9
983.024	15341.1
984.162	15298.9
985.3	15229.8
986.437	15209.7
987.573	15212.8
988.711	15219.5
989.848	15218.8
990.983	15207.3
992.12	15201.3
993.255	15196.6
994.392	15195
995.528	15196.9
996.662	15201.8
997.798	15210.7
998.933	15222.7
1000.07	15237.7
1001.2	15254.8
1002.34	15266.9
1003.47	15277.5
1004.61	15284.3
1005.74	15289.3
1006.87	15292.6
1008.01	15290.9
1009.14	15286.7
1010.27	15271
1011.41	15258.6
1012.54	15245
1013.67	15232
1014.81	15223.3
1015.94	15222.3
1017.07	15209.2
1018.2	15200.9
1019.33	15183.9
1020.47	15162.4
1021.6	15147.2
1022.73	15133
1023.86	15126
1024.99	15143.8
1026.12	15151.7
1027.25	15148.2
1028.38	15133.5
1029.51	15120.9
1030.64	15109.5
1031.77	15100.2
1032.9	15093.7
1034.03	15085.6
1035.16	15070.5
1036.29	15053.9
1037.42	15037.6
1038.55	15021.9
1039.67	15006.9
1040.8	14994
1041.93	14980.9
1043.06	14968.7
1044.19	14956.9
1045.31	14946.1
1046.44	14934.6
1047.57	14923.8
1048.69	14917.3
1049.82	14914.3
1050.95	14914.6
1052.08	14915.7
1053.2	14894.6
1054.33	14869
1055.45	14856.3
1056.58	14845.4
1057.7	14834.4
1058.83	14827.1
1059.95	14822.6
1061.08	14820.4
1062.2	14819.4
1063.33	14815.9
1064.45	14800.6
1065.58	14781.3
1066.7	14779.7
1067.83	14792
1068.95	14807.1
1070.07	14810.7
1071.2	14813.1
1072.32	14814
1073.44	14811.3
1074.56	14805.6
1075.69	14795.6
1076.81	14783.2
1077.93	14771.4
1079.05	14763.9
1080.17	14764.4
1081.3	14767.2
1082.42	14773.8
1083.54	14783.8
1084.66	14797.6
1085.78	14814.2
1086.9	14822.2
1088.02	14822.8
1089.14	14817.2
1090.26	14807.1
1091.38	14800.3
1092.5	14805.2
1093.62	14815.6
1094.74	14811.8
1095.86	14804.7
1096.98	14796
1098.1	14783.3
1099.22	14768.5
1100.34	14755.5
1101.45	14741.7
1102.57	14744
1103.69	14730.6
1104.81	14789.5
1105.93	14813.3
1107.04	14803.1
1108.16	14790.5
1109.28	14776.1
1110.4	14759
1111.51	14738.6
1112.63	14715.6
1113.75	14688.5
1114.86	14660
1115.98	14656.5
1117.09	14658.5
1118.21	14651.8
1119.32	14646.4
1120.44	14642.9
1121.55	14639.3
1122.67	14616.9
1123.78	14594.4
1124.9	14562.2
1126.01	14535.2
1127.13	14523.2
1128.24	14512
1129.35	14501.5
1130.47	14491.8
1131.58	14483
1132.7	14474.6
1133.81	14466.6
1134.92	14459.1
1136.03	14451.9
1137.15	14445.5
1138.26	14438.5
1139.37	14425.5
1140.48	14405.6
1141.59	14378.1
1142.71	14358.7
1143.82	14341.3
1144.93	14326.9
1146.04	14314.4
1147.15	14303.8
1148.26	14294.3
1149.37	14285.4
1150.48	14277.4
1151.59	14269.7
1152.7	14262.7
1153.81	14257.9
1154.92	14253
1156.03	14247.8
1157.14	14241.5
1158.25	14231.4
1159.36	14217.5
1160.47	14201.8
1161.58	14187
1162.68	14173.9
1163.79	14179.7
1164.9	14188.2
1166.01	14201.4
1167.12	14221.4
1168.22	14239.9
1169.33	14254.8
1170.44	14242.1
1171.55	14224
1172.65	14205.2
1173.76	14181.5
1174.87	14164.8
1175.97	14153.8
1177.08	14147.7
1178.18	14150.9
1179.29	14157.3
1180.4	14164.8
1181.5	14171.9
1182.61	14176.8
1183.71	14180.9
1184.82	14184.5
1185.92	14187
1187.02	14188.2
1188.13	14189
1189.23	14189.1
1190.34	14189.1
1191.44	14192.1
1192.54	14198.4
1193.65	14200.1
1194.75	14201.3
1195.85	14203.2
1196.96	14205
1198.06	14207.4
1199.16	14210
1200.26	14211.9
1201.37	14213.5
1202.47	14213.6
1203.57	14212.3
1204.67	14209.4
1205.77	14204
1206.87	14202.1
1207.97	14199.8
1209.08	14197.1
1210.18	14192.8
1211.28	14185
1212.38	14175.4
1213.48	14165.8
1214.58	14151.5
1215.68	14122.1
1216.78	14084.7
1217.88	14094.9
1218.98	14117.7
1220.07	14147.9
1221.17	14168.7
1222.27	14166.1
1223.37	14156.5
1224.47	14138.2
1225.57	14113.4
1226.66	14085.8
1227.76	14065.2
1228.86	14048.2
1229.96	14034.3
1231.06	14022.4
1232.15	14013.7
1233.25	14006.6
1234.35	14000.6
1235.44	13991.4
1236.54	13972.7
1237.63	13956.1
1238.73	13942
1239.83	13930.3
1240.92	13921
1242.02	13913.6
1243.11	13908
1244.21	13904.5
1245.3	13902.5
1246.4	13901.9
1247.49	13902
1248.59	13902.8
1249.68	13902.7
1250.78	13902.8
1251.87	13885.7
1252.96	13872.7
1254.06	13865.8
1255.15	13859.5
1256.24	13855.8
1257.34	13853.7
1258.43	13854.6
1259.52	13855.2
1260.62	13853.3
1261.71	13849.9
1262.8	13845
1263.89	13838.4
1264.98	13829.8
1266.08	13819.3
1267.17	13808.1
1268.26	13798.4
1269.35	13790.7
1270.44	13785.4
1271.53	13782.8
1272.62	13783
1273.71	13785.7
1274.8	13791.4
1275.89	13797.3
1276.98	13804.2
1278.07	13811.3
1279.16	13817.8
1280.25	13823.7
1281.34	13828.3
1282.43	13832.9
1283.52	13838.2
1284.61	13844.2
1285.69	13855.8
1286.78	13858
1287.87	13856.1
1288.96	13851.8
1290.05	13844.3
1291.13	13833.3
1292.22	13823.3
1293.31	13815.3
1294.4	13809
1295.48	13811.1
1296.57	13813.4
1297.66	13816.6
1298.74	13818.6
1299.83	13821.4
1300.92	13822.9
1302	13821.8
1303.09	13817.6
1304.17	13802.9
1305.26	13788.7
1306.34	13769.9
1307.43	13755.2
1308.51	13752.2
1309.6	13760.1
1310.68	13768.2
1311.76	13774.7
1312.85	13781.1
1313.93	13788.3
1315.02	13795.1
1316.1	13781.8
1317.18	13760
1318.27	13734.7
1319.35	13717.3
1320.43	13701.8
1321.52	13690.4
1322.6	13686.5
1323.68	13698.2
1324.76	13700.5
1325.85	13697.6
1326.93	13687.8
1328.01	13670.2
1329.09	13651.8
1330.17	13659.5
1331.25	13663.9
1332.33	13663.1
1333.41	13657
1334.49	13646.3
1335.58	13635.6
1336.65	13615.4
1337.74	13580.2
1338.82	13565.6
1339.89	13557.3
1340.97	13548.6
1342.05	13553.5
1343.13	13558.4
1344.21	13562.7
1345.29	13565.1
1346.37	13566
1347.45	13564.1
1348.53	13559.9
1349.6	13552.6
1350.68	13543.9
1351.76	13535.5
1352.84	13534.6
1353.92	13536.7
1354.99	13538.7
1356.07	13532.4
1357.15	13530.1
1358.22	13531.5
1359.3	13531.8
1360.38	13533.7
1361.45	13531.5
1362.53	13526.6
1363.61	13522.6
1364.68	13518.4
1365.76	13514.2
1366.83	13509.1
1367.91	13503.9
1368.98	13502.5
1370.06	13503.1
1371.13	13506
1372.21	13507.8
1373.28	13508.1
1374.35	13502.7
1375.43	13488.3
1376.5	13480.2
1377.58	13453.8
1378.65	13453.6
1379.72	13453.3
1380.8	13457.5
1381.87	13460.9
1382.94	13464.5
1384.01	13463.1
1385.09	13455.1
1386.16	13442.3
1387.23	13424.4
1388.3	13412.1
1389.38	13404.3
1390.45	13398.6
1391.52	13399.3
1392.59	13401.9
1393.66	13406.8
1393.92	13406.8
1395	13413.3
1396.07	13416.8
1397.15	13417.7
1398.22	13414.8
1399.3	13411.4
1400.38	13401.8
1401.45	13391.1
1402.53	13375.8
1403.6	13357.8
1404.68	13345.5
1405.75	13335.1
1406.82	13339.4
1407.9	13340.7
1408.97	13343.8
1410.05	13346.7
1411.12	13349.1
1412.19	13347.6
1413.27	13341.8
1414.34	13325.1
1415.41	13263
1416.49	13255.8
1417.56	13262.6
1418.63	13284.9
1419.7	13272.1
1420.78	13257.2
1421.85	13235.2
1422.92	13233.1
1423.99	13224.4
1425.06	13229.5
1426.14	13235.4
1427.21	13241.6
1428.28	13251.7
1429.35	13243.5
1430.42	13225.3
1431.49	13210.6
1432.56	13202.9
1433.63	13206.2
1434.7	13203.1
1435.77	13194.7
1436.84	13187.1
1437.91	13178.7
1438.98	13170
1440.05	13160.8
1441.12	13151.5
1442.18	13141.9
1443.25	13132.7
1444.32	13124.6
1445.39	13118.1
1446.46	13112.7
1447.53	13110.3
1448.59	13114.1
1449.66	13124.8
1450.73	13141.7
1451.8	13162.8
1452.86	13172.5
1453.93	13171
1455	13141.1
1456.06	13078.3
1457.13	13090.3
1458.2	13093.3
1459.26	13097.6
1460.33	13100.2
1461.39	13100.4
1462.46	13098.9
1463.52	13097.9
1464.59	13097.6
1465.65	13100.4
1466.72	13100.6
1467.78	13110.8
1468.85	13118.1
1469.91	13159.1
1470.98	13173.4
1472.04	13148.9
1473.1	13081.2
1474.17	13041.6
1475.23	13042.8
1476.3	13038.2
1477.36	13044.6
1478.42	13063.1
1479.48	13074.3
1480.55	13089.4
1481.61	13084.7
1482.67	13061.2
1483.73	13042.5
1484.8	13030.7
1485.86	13022.7
1486.92	13015.7
1487.98	13009.9
1489.04	13026.7
1490.1	13013.8
1491.17	13012.3
1492.23	12967.3
1493.29	12921.4
1494.35	12928.2
1495.41	12955.7
1496.47	12974.6
1497.53	12980.7
1498.59	12979.6
1499.65	12973.9
1500.71	12957.8
1501.77	12942.7
1502.83	12932.8
1503.88	12927.4
1504.94	12929.9
1506	12936.2
1507.06	12940.5
1508.12	12935.4
1509.18	12923
1510.23	12898.4
1511.29	12856.1
1512.35	12764
1513.41	12770
1514.47	12843.1
1515.52	12850.7
1516.58	12837.1
1517.64	12810
1518.69	12795.4
1519.75	12786.8
1520.81	12785.6
1521.86	12784.2
1522.92	12789.6
1523.97	12798.5
1525.03	12807.4
1526.08	12810.8
1527.14	12798.1
1528.2	12784.5
1529.25	12770.3
1530.31	12758.4
1531.36	12746.9
1532.42	12736.9
1533.47	12727.9
1534.52	12720.1
1535.58	12713.5
1536.63	12708.4
1537.69	12704.7
1538.74	12703.5
1539.79	12704
1540.84	12701
1541.9	12694.2
1542.95	12683.6
1544	12674.6
1545.06	12668.6
1546.11	12668.7
1547.16	12675
1548.21	12682.5
1549.27	12685.7
1550.32	12680.4
1551.37	12662.8
1552.42	12654
1553.47	12640.3
1554.52	12643.9
1555.57	12651
1556.62	12656.5
1557.67	12662
1558.72	12663.1
1559.77	12658.1
1560.82	12649.5
1561.87	12642.4
1562.92	12635.8
1563.97	12630.4
1565.02	12626.2
1566.07	12625.6
1567.12	12624.4
1568.17	12623.6
1569.22	12622.7
1570.27	12621.2
1571.32	12620.1
1572.36	12619.5
1573.41	12622.7
1574.46	12623.7
1575.51	12626.5
1576.56	12620.9
1577.6	12603.3
1578.65	12589
1579.7	12576.7
1580.74	12566.5
1581.79	12559.9
1582.84	12556
1583.88	12554.9
1584.93	12555.6
1585.98	12552.9
1587.02	12549.3
1588.07	12547.1
1589.11	12543.6
1590.16	12540.2
1591.2	12535.6
1592.25	12525.6
1593.29	12512.3
1594.34	12498.3
1595.38	12487.6
1596.43	12480.8
1597.47	12476.5
1598.52	12474.1
1599.56	12471.4
1600.6	12468.3
1601.65	12462.4
1602.69	12448.2
1603.73	12433.5
1604.78	12417
1605.82	12398.2
1606.86	12377.8
1607.91	12357.3
1608.95	12339.7
1609.99	12341.3
1611.03	12342.7
1612.08	12351
1613.12	12356.1
1614.16	12348.1
1615.2	12339.6
1616.24	12323.4
1617.28	12315.1
1618.32	12299.4
1619.36	12289.9
1620.41	12284.1
1621.45	12281.3
1622.49	12280.1
1623.53	12267.7
1624.57	12231.2
1625.61	12201.5
1626.65	12177.5
1627.69	12160.2
1628.73	12146.5
1629.76	12136.2
1630.8	12129.4
1631.84	12125.6
1632.88	12123
1633.92	12119.5
1634.96	12114.8
1636	12111.3
1637.03	12107.2
1638.07	12103.5
1639.11	12099.2
1640.15	12093
1641.19	12084.4
1642.22	12075
1643.26	12067.5
1644.3	12060.5
1645.33	12055
1646.37	12055
1647.41	12054.4
1648.44	12055.4
1649.48	12056.8
1650.52	12056.6
1651.55	12046.1
1652.59	12031
1653.62	12018.1
1654.66	12008.1
1655.69	12000.9
1656.73	11995.8
1657.76	11992.4
1658.8	11990.8
1659.83	11991.6
1660.87	11992.6
1661.9	11977.6
1662.93	11959.2
1663.97	11944.7
1665	11936.3
1666.04	11924.9
1667.07	11924
1668.1	11928.7
1669.14	11933.8
1670.17	11948.8
1671.2	11948.6
1672.23	11950
1673.27	11940.9
1674.3	11930.9
1675.33	11919.9
1676.36	11911.9
1677.39	11906.7
1678.43	11903.4
1679.46	11902.4
1680.49	11903.8
1681.52	11908
1682.55	11914.5
1683.58	11924
1684.61	11935.3
1685.64	11885.6
1686.67	11819.5
1687.7	11829.5
1688.73	11852.5
1689.76	11862.6
1690.79	11846.6
1691.82	11823.9
1692.85	11811.3
1693.88	11800.9
1694.91	11791.3
1695.94	11782.9
1696.97	11777.4
1698	11773
1699.02	11770
1700.05	11768.1
1701.08	11767
1702.11	11766.4
1703.14	11764.5
1704.16	11760.7
1705.19	11754.7
1706.22	11744.4
1707.25	11734
1708.27	11723.1
1709.3	11711
1710.33	11697.9
1711.35	11685
1712.38	11672.6
1713.41	11660.6
1714.43	11648.6
1715.46	11637.1
1716.48	11625.9
1717.51	11615.2
1718.53	11604
1719.56	11592.5
1720.58	11577
1721.61	11561.5
1722.63	11552.1
1723.66	11550.3
1724.68	11569.8
1725.71	11578.9
1726.73	11586.4
1727.75	11585.1
1728.78	11560.5
1729.8	11541.4
1730.83	11522.6
1731.85	11507.2
1732.87	11498.3
1733.89	11492
1734.92	11489.1
1735.94	11488.3
1736.96	11489.3
1737.98	11489.5
1739.01	11472.7
1740.03	11457.5
1741.05	11441
1742.07	11432.6
1743.09	11425.3
1744.12	11419
1745.14	11414
1746.16	11410.2
1747.18	11407.7
1748.2	11406.5
1749.22	11406.1
1750.24	11406.5
1751.26	11399.3
1752.28	11382
1753.3	11372
1754.32	11364.2
1755.34	11356
1756.36	11353
1757.38	11351.6
1758.4	11353.2
1759.42	11356.6
1760.44	11361.3
1761.45	11365.9
1762.47	11347.8
1763.49	11325.7
1764.51	11303.9
1765.53	11284.3
1766.55	11279.6
1767.56	11282.3
1768.58	11287.9
1769.6	11290.1
1770.61	11285.9
1771.63	11270
1772.65	11249.4
1773.67	11234.8
1774.68	11230.8
1775.7	11230.8
1776.72	11233.1
1777.73	11238.3
1778.75	11249.7
1779.76	11258.8
1780.78	11248.8
1781.79	11229
1782.81	11207.9
1783.83	11184.4
1784.84	11170
1785.85	11164.1
1786.87	11161.5
1787.88	11156.6
1788.9	11147.7
1789.91	11135.7
1790.93	11120.5
1791.94	11103.3
1792.95	11084.1
1793.97	11067
1794.98	11058.3
1796	11052.8
1797.01	11048.1
1798.02	11038.8
1799.03	11032.2
1800.05	11026.9
1801.06	11023
1802.07	11019.5
1803.08	11018.3
1804.1	11020
1805.11	11024.5
1806.12	11031.9
1807.13	11036.7
1808.14	11035.9
1809.15	11022.3
1810.17	10998.4
1811.18	10968.5
1812.19	10942.7
1813.2	10921.8
1814.21	10900.8
1815.22	10886.6
1816.23	10876.2
1817.24	10869.6
1818.25	10866.9
1819.26	10867.7
1820.27	10872.3
1821.28	10879.6
1822.29	10885.9
1823.3	10884.4
1824.3	10876.4
1825.31	10860.3
1826.32	10843.1
1827.33	10824
1828.34	10808.5
1829.35	10792.9
1830.35	10778.3
1831.36	10764.5
1832.37	10752
1833.38	10740.8
1834.38	10732.1
1835.39	10732.9
1836.4	10740.3
1837.41	10746.4
1838.41	10753.9
1839.42	10747.3
1840.43	10726.9
1841.43	10705.5
1842.44	10689
1843.44	10671.2
1844.45	10658.7
1845.46	10646.3
1846.46	10638
1847.47	10628.6
1848.47	10619.3
1849.48	10610.1
1850.48	10600.9
1851.49	10593.4
1852.49	10586.9
1853.49	10581
1854.5	10576.2
1855.5	10572.1
1856.51	10570.6
1857.51	10573
1858.51	10578.8
1859.52	10584.2
1860.52	10594.9
1861.52	10592.5
1862.53	10569.6
1863.53	10541.6
1864.53	10522.5
1865.54	10510.7
1866.54	10502.4
1867.54	10497.3
1868.54	10497.3
1869.54	10500.8
1870.55	10508.1
1871.55	10516.6
1872.55	10511.7
1873.55	10493.5
1874.55	10440.5
1875.55	10407.3
1876.55	10387.7
1877.55	10390.7
1878.55	10382.4
1879.55	10375.9
1880.56	10372.7
1881.55	10370.2
1882.56	10368.9
1883.55	10368.5
1884.55	10367.3
1885.55	10363.3
1886.55	10348.6
1887.55	10338.1
1888.55	10328.4
1889.55	10320
1890.55	10312.4
1891.55	10306.5
1892.55	10301.5
1893.54	10298.2
1894.54	10296.3
1895.54	10295.3
1896.54	10294.8
1897.54	10292.8
1898.53	10288.7
1899.53	10281.1
1900.53	10270
1901.52	10257.2
1902.52	10242.7
1903.52	10229.7
1904.51	10207.6
1905.51	10180.5
1906.51	10157.3
1907.5	10138.5
1908.5	10143.1
1909.49	10154.9
1910.49	10145
1911.49	10135.1
1912.48	10125.6
1913.48	10116.5
1914.47	10108.9
1915.46	10100.1
1916.46	10089.2
1917.45	10073.5
1918.45	10054.6
1919.44	10032.1
1920.44	10009.4
1921.43	9991.94
1922.43	9980.29
1923.42	9979.52
1924.41	9987.65
1925.41	9996.67
1926.4	10015.6
1927.39	10011.3
1928.38	10002.4
1929.38	9989.95
1930.37	9975.46
1931.36	9967.69
1932.35	9964.31
1933.35	9965.66
1934.34	9970.51
1935.33	9968.61
1936.32	9960.77
1937.31	9947.96
1938.3	9931.07
1939.29	9912.14
1940.29	9890.42
1941.28	9874.64
1942.27	9861.19
1943.26	9850.04
1944.25	9840.86
1945.24	9833.71
1946.23	9828.54
1947.22	9825.21
1948.21	9823.84
1949.2	9824.58
1950.19	9820.93
1951.18	9813.76
1952.17	9799.97
1953.16	9787.15
1954.14	9775.95
1955.13	9765.31
1956.12	9755.45
1957.11	9746.41
1958.1	9738.31
1959.09	9731.57
1960.07	9726.86
1961.06	9723.62
1962.05	9721.78
1963.04	9720.38
1964.02	9717.6
1965.01	9712.93
1966	9706.13
1966.99	9698.04
1967.97	9688.12
1968.96	9676.39
1969.95	9662.86
1970.93	9647.73
1971.92	9630.04
1972.9	9610.87
1973.89	9591.28
1974.88	9575.61
1975.86	9567.81
1976.85	9559.23
1977.83	9547.97
1978.82	9539.05
1979.8	9532.23
1980.79	9533.63
1981.77	9540.25
1982.76	9544.67
1983.74	9544.99
1984.72	9536.43
1985.71	9520.79
1986.69	9510.32
1987.67	9499.19
1988.66	9488.66
1989.64	9480.01
1990.62	9472.56
1991.61	9466.94
1992.59	9462.51
1993.57	9460.55
1994.56	9458.37
1995.54	9446.28
1996.52	9440.34
1997.5	9418.27
1998.49	9398.18
1999.47	9391.33
2000.45	9397.31
2001.43	9401.05
2002.41	9405.88
2003.39	9407.94
2004.38	9404.17
2005.36	9396.09
2006.34	9382.41
2007.32	9363.39
2008.3	9339.13
2009.28	9326.37
2010.26	9316.06
2011.24	9307.28
2012.22	9299.83
2013.2	9294.24
2014.18	9290.07
2015.16	9286.49
2016.14	9282.37
2017.12	9272.75
2018.1	9258.5
2019.07	9257.86
2020.05	9263.61
2021.03	9270.38
2022.01	9261
2022.99	9246.7
2023.97	9213.49
2024.95	9190.25
2025.92	9170.44
2026.9	9148.33
2027.88	9138.07
2028.86	9143.39
2029.83	9162.25
2030.81	9160.41
2031.79	9154.3
2032.76	9139.01
2033.74	9124.19
2034.72	9109.74
2035.69	9094.82
2036.67	9078.62
2037.65	9062.47
2038.62	9045.56
2039.6	9033.33
2040.57	9033.27
2041.55	9038.68
2042.52	9037.52
2043.5	9036.38
2044.47	9035.71
2045.45	9032.96
2046.42	9026.81
2047.4	9016.21
2048.37	9001.43
2049.35	8982.96
2050.32	8959.35
2051.29	8953.47
2052.27	8950.79
2053.24	8950.78
2054.21	8943.05
2055.19	8940.93
2056.16	8940.71
2057.13	8923.15
2058.11	8900.28
2059.08	8879.69
2060.05	8862.69
2061.02	8848.91
2062	8837.74
2062.97	8830.07
2063.94	8825.28
2064.91	8823.24
2065.89	8822.49
2066.86	8804.39
2067.83	8788.91
2068.8	8775.94
2069.77	8763.46
2070.74	8752.35
2071.71	8743.15
2072.68	8736.22
2073.65	8731.56
2074.62	8728.67
2075.59	8727.42
2076.56	8728.16
2077.53	8729.4
2078.5	8717.66
2079.47	8705.63
2080.44	8691.34
2081.41	8670.4
2082.38	8652.16
2083.35	8651.74
2084.32	8654.49
2085.29	8661.27
2086.26	8669.11
2087.23	8663.7
2088.19	8647.38
2089.16	8631.16
2090.13	8612.65
2091.1	8595.41
2092.07	8583.03
2093.03	8573.06
2094	8560.77
2094.97	8558.61
2095.94	8555.75
2096.9	8549.95
2097.87	8543.04
2098.84	8537.05
2099.8	8526.29
2100.77	8519.97
2101.74	8514.87
2102.7	8509.93
2103.67	8505.42
2104.63	8501.73
2105.6	8497.6
2106.56	8490.41
2107.53	8476.14
2108.49	8455.38
2109.46	8428.86
2110.42	8416.11
2111.39	8408.19
2112.35	8402.79
2113.32	8398.66
2114.28	8394.01
2115.25	8389.89
2116.21	8386.9
2117.17	8384.06
2118.14	8381.73
2119.1	8379.65
2120.07	8377.61
2121.03	8374.87
2121.99	8373.9
2122.96	8364.5
2123.92	8344.51
2124.88	8326.81
2125.84	8316.4
2126.81	8305.7
2127.77	8297.2
2128.73	8289.71
2129.69	8284.69
2130.65	8280.33
2131.62	8275.82
2132.58	8270.64
2133.54	8264.21
2134.5	8256.12
2135.46	8247.52
2136.42	8238.16
2137.38	8227.78
2138.34	8216.65
2139.3	8204.57
2140.26	8192.12
2141.22	8179.41
2142.18	8166.44
2143.14	8154.27
2144.1	8141.72
2145.06	8130.33
2146.02	8119.11
2146.98	8109.14
2147.94	8100
2148.9	8091.61
2149.86	8081.58
2150.82	8071.21
2151.78	8063.36
2152.74	8061.67
2153.69	8061.66
2154.65	8067.51
2155.61	8063.65
2156.57	8060.08
2157.53	8053.11
2158.48	8034.88
2159.44	8025.96
2160.4	8020.33
2161.36	8015.54
2162.31	8004.86
2163.27	7995.93
2164.23	7983.17
2165.18	7970.11
2166.14	7968.27
2167.1	7964.11
2168.05	7954.94
2169.01	7941.56
2169.96	7921.1
2170.92	7901.08
2171.88	7882.56
2172.83	7857.52
2173.79	7834
2174.74	7817.1
2175.7	7811.71
2176.65	7810.75
2177.6	7805.94
2178.56	7797.5
2179.51	7793.02
2180.47	7780.77
2181.42	7757.57
2182.38	7740.44
2183.33	7727.99
2184.28	7722.27
2185.24	7721.11
2186.19	7718.18
2187.14	7714.53
2188.1	7713.74
2189.05	7703.86
2190	7683.79
2190.96	7664.74
2191.91	7652.96
2192.86	7640.87
2193.81	7630.69
2194.76	7624.69
2195.72	7619.95
2196.67	7617.57
2197.62	7610.98
2198.57	7599.72
2199.52	7577.36
2200.47	7562.28
2201.43	7556.98
2202.38	7557.37
2203.33	7558.37
2204.28	7565.72
2205.23	7581.96
2206.18	7579.92
2207.13	7558.26
2208.08	7537.99
2209.03	7517.52
2209.98	7508.33
2210.93	7506.16
2211.88	7507.5
2212.83	7504.41
2213.78	7500.33
2214.73	7495.08
2215.67	7489.05
2216.62	7481.94
2217.57	7473.19
2218.52	7463.39
2219.47	7453.13
2220.42	7443.7
2221.37	7434.76
2222.31	7426.53
2223.26	7419.74
2224.21	7413.51
2225.16	7407.27
2226.1	7401.32
2227.05	7395.58
2228	7389.58
2228.94	7384.8
2229.89	7381.29
2230.84	7373.65
2231.78	7364.09
2232.73	7357.44
2233.68	7353.24
2234.62	7353.22
2235.57	7350.33
2236.51	7343.56
2237.46	7334.96
2238.41	7326.85
2239.35	7317.08
2240.3	7305.22
2241.24	7294.46
2242.19	7285.76
2243.13	7281.52
2244.07	7279.53
2245.02	7279.12
2245.96	7280.09
2246.91	7283.21
2247.85	7288.62
2248.8	7293.47
2249.74	7296.54
2250.68	7297.56
2251.63	7296.37
2252.57	7292.1
2253.51	7288.04
2254.46	7283.09
2255.4	7276.62
2256.34	7270.08
2257.28	7262.73
2258.23	7254.25
2259.17	7244.78
2260.11	7239.01
2261.05	7232.13
2262	7224.36
2262.94	7221.53
2263.88	7222.86
2264.82	7223.19
2265.76	7224.34
2266.7	7231.55
2267.64	7233.03
2268.58	7228.21
2269.53	7219.93
2270.47	7207.43
2271.41	7196.02
2272.35	7187.33
2273.29	7183.41
2274.23	7187.16
2275.17	7189.32
2276.11	7191.89
2277.05	7189.16
2277.99	7185.62
2278.93	7179.06
2279.86	7169.63
2280.8	7160.4
2281.74	7152.8
2282.68	7148.08
2283.62	7144.87
2284.56	7143.84
2285.5	7140.7
2286.44	7137.86
2287.37	7137.01
2288.31	7136.12
2289.25	7135.75
2290.19	7135.68
2291.12	7134.77
2292.06	7133.64
2293	7132.31
2293.94	7130.41
2294.87	7126.9
2295.81	7122.28
2296.75	7117.62
2297.68	7113.42
2298.62	7107.48
2299.55	7100.76
2300.49	7095.07
2301.43	7090.43
2302.36	7086.77
2303.3	7086.85
2304.23	7093.74
2305.17	7097.5
2306.1	7091.13
2307.04	7079.63
2307.98	7063.9
2308.91	7039
2309.84	7021.84
2310.78	7017.97
2311.71	7021.51
2312.65	7030.96
2313.58	7035.79
2314.52	7030.01
2315.45	7012.08
2316.38	6991.47
2317.32	6974.85
2317.72	6968.09
2318.66	6949.96
2319.6	6946.42
2320.54	6947.91
2321.48	6948.61
2322.41	6948.97
2323.35	6946.75
2324.29	6940.96
2325.23	6925.15
2326.16	6912.57
2327.1	6899.88
2328.04	6885.12
2328.97	6885.33
2329.91	6888.81
2330.85	6888.98
2331.78	6887.12
2332.72	6884.86
2333.66	6881.35
2334.59	6876.91
2335.53	6871.58
2336.46	6865.44
2337.4	6858.86
2338.33	6852.12
2339.27	6844.37
2340.2	6835.44
2341.14	6826.16
2342.07	6816.69
2343.01	6807.4
2343.94	6798.03
2344.88	6788.8
2345.81	6779.88
2346.75	6771.31
2347.68	6762.71
2348.61	6757.22
2349.55	6754.57
2350.48	6755.71
2351.41	6756.03
2352.35	6758.07
2353.28	6748.48
2354.21	6727.68
2355.15	6711.46
2356.08	6700.7
2357.01	6695.52
2357.94	6702.55
2358.88	6708.54
2359.81	6714.25
2360.74	6718.86
2361.67	6722.08
2362.6	6723.27
2363.54	6719.66
2364.47	6715.39
2365.4	6713.87
2366.33	6711.46
2367.26	6709.86
2368.19	6714.56
2369.12	6712.82
2370.05	6704.98
2370.98	6687.89
2371.91	6657.41
2372.84	6664.86
2373.77	6682.82
2374.7	6687.52
2375.63	6673.87
2376.56	6661.37
2377.49	6659.93
2378.42	6663.3
2379.35	6663.96
2380.28	6665.77
2381.21	6641.03
2382.14	6637.84
2383.07	6631.83
2384	6625.71
2384.92	6624.03
2385.85	6621.5
2386.78	6618.48
2387.71	6615.1
2388.64	6611.58
2389.56	6609.34
2390.49	6606.96
2391.42	6605.98
2392.35	6602.85
2393.27	6596.96
2394.2	6592.9
2395.13	6589.14
2396.05	6585.76
2396.98	6583.16
2397.91	6580.88
2398.83	6579.59
2399.76	6578.66
2400.69	6577.84
2401.61	6576.13
2402.54	6570.74
2403.46	6560.72
2404.39	6547.76
2405.31	6532.72
2406.24	6518.35
2407.17	6505.02
2408.09	6502.04
2409.01	6495.39
2409.94	6490.01
2410.86	6484.69
2411.79	6481.02
2412.71	6477.57
2413.64	6473.86
2414.56	6468.9
2415.49	6462.29
2416.41	6454.02
2417.33	6443.13
2418.26	6429.23
2419.18	6411.66
2420.1	6397.36
2421.03	6398.84
2421.95	6405
2422.87	6404.61
2423.79	6399.95
2424.72	6391.4
2425.64	6382.3
2426.56	6378.74
2427.48	6375.98
2428.41	6373.42
2429.33	6372.12
2430.25	6371.21
2431.17	6370.85
2432.09	6366.36
2433.01	6351.98
2433.93	6334.16
2434.86	6322.55
2435.78	6317.83
2436.7	6317.85
2437.62	6319.71
2438.54	6320.13
2439.46	6318.49
2440.38	6306.27
2441.3	6281.91
2442.22	6266.27
2443.14	6245.69
2444.06	6233.25
2444.98	6228.38
2445.9	6229.65
2446.82	6229.72
2447.73	6231.43
2448.65	6227.81
2449.57	6217.15
2450.49	6210.32
2451.41	6204.39
2452.33	6199.32
2453.25	6197.75
2454.17	6195.32
2455.08	6191.22
2456	6180.68
2456.92	6161.95
2457.84	6143.29
2458.75	6127.05
2459.67	6115.37
2460.59	6107.7
2461.51	6103.64
2462.42	6103.21
2463.34	6106.32
2464.26	6113.42
2465.17	6123.11
2466.09	6134.46
2467	6129.51
2467.92	6116.01
2468.84	6095.88
2469.75	6079.7
2470.67	6068.17
2471.58	6068.05
2472.5	6074.15
2473.42	6086.86
2474.33	6102.15
2475.25	6125.21
2476.16	6116.68
2477.08	6096.03
2477.99	6051.67
2478.9	6023.91
2479.82	5999.01
2480.73	6008.48
2481.65	6011.83
2482.56	6029.28
2483.47	6054.5
2484.39	6055.6
2485.3	6039.06
2486.22	6005.48
2487.13	5997.25
2488.04	5999.57
2488.96	6008.39
2489.87	6010.62
2490.78	6012.89
2491.69	6017.36
2492.61	6021.2
2493.52	6018.62
2494.43	6012.53
2495.34	6002.3
2496.25	5989.98
2497.17	5974.06
2498.08	5965.01
2498.99	5957.54
2499.9	5951.9
2500.81	5946.99
2501.72	5946.88
2502.63	5946.79
2503.55	5942.5
2504.46	5931.92
2505.37	5930.95
2506.28	5927.88
2507.19	5935.34
2508.1	5938.65
2509.01	5945.65
2509.92	5943.86
2510.83	5941.98
2511.74	5935.08
2512.65	5924.28
2513.56	5914.86
2514.47	5907.45
2515.37	5899
2516.28	5891.21
2517.19	5883.83
2518.1	5877.21
2519.01	5870.94
2519.92	5866.71
2520.83	5869.4
2521.73	5883.64
2522.64	5900.1
2523.55	5890.35
2524.46	5859.18
2525.37	5843.72
2526.27	5845.85
2527.18	5842.77
2528.09	5840.83
2529	5839.14
2529.9	5837.7
2530.81	5833.43
2531.72	5821.75
2532.62	5813.1
2533.53	5796.65
2534.44	5771.48
2535.34	5749.58
2536.25	5749.98
2537.15	5754.16
2538.06	5763.27
2538.96	5775.85
2539.87	5779.28
2540.78	5762.21
2541.68	5747.64
2542.59	5731.55
2543.49	5714.64
2544.4	5695.5
2545.3	5692.91
2546.21	5709.01
2547.11	5714.31
2548.01	5716.41
2548.92	5717.98
2549.82	5718.42
2550.73	5714.01
2551.63	5704.82
2552.53	5691.08
2553.44	5669.23
2554.34	5650.63
2555.24	5636.77
2556.15	5626.44
2557.05	5619.68
2557.95	5624.86
2558.86	5629.5
2559.76	5639.81
2560.66	5636.48
2561.56	5632.82
2562.46	5621.45
2563.37	5614.47
2564.27	5609.56
2565.17	5605.19
2566.07	5599.59
2566.97	5593.34
2567.88	5586.55
2568.78	5579.69
2569.68	5570.26
2570.58	5564.02
2571.48	5559.45
2572.38	5561.78
2573.28	5561.19
2574.18	5556.15
2575.08	5549.2
2575.98	5541.01
2576.88	5532.15
2577.78	5523.38
2578.68	5514.4
2579.58	5510.22
2580.48	5505.98
2581.38	5502.73
2582.28	5499.78
2583.18	5496.87
2584.08	5493.48
2584.98	5489.6
2585.88	5485.49
2586.77	5480.65
2587.67	5474.38
2588.57	5466.12
2589.47	5452.76
2590.37	5447.32
2591.27	5444.37
2592.16	5439.16
2593.06	5434.93
2593.96	5411.25
2594.86	5403.84
2595.75	5401.39
2596.65	5401.36
2597.55	5401.01
2598.45	5394.05
2599.34	5387.44
2600.24	5381.85
2601.13	5370.13
2602.03	5358.99
2602.93	5352.77
2603.82	5354.42
2604.72	5353.86
2605.62	5349.53
2606.51	5344.83
2607.41	5340.29
2608.3	5334.82
2609.2	5328.73
2610.09	5321.51
2610.99	5314.19
2611.88	5307.24
2612.78	5300.96
2613.67	5296.76
2614.57	5292.64
2615.46	5289.36
2616.36	5287.02
2617.25	5285.58
2618.14	5285.35
2619.04	5281.63
2619.93	5267.88
2620.83	5265.17
2621.72	5267.66
2622.61	5270.71
2623.5	5271.12
2624.4	5271.71
2625.29	5271.36
2626.18	5269.35
2627.08	5265.91
2627.97	5260.98
2628.86	5254.5
2629.75	5246.07
2630.65	5234.2
2631.54	5219.4
2632.43	5204.62
2633.32	5191.64
2634.21	5180.69
2635.11	5172.17
2636	5163.32
2636.89	5154.86
2637.78	5146.27
2638.67	5137.81
2639.56	5129.18
2640.45	5121.27
2641.34	5115.23
2642.23	5110.53
2643.12	5103.87
2644.01	5098.37
2644.9	5092.43
2645.79	5088.83
2646.68	5086.35
2647.57	5085.82
2648.46	5085.53
2649.35	5080.84
2650.24	5076
2651.13	5069.83
2652.02	5063.03
2652.91	5055.55
2653.8	5047.52
2654.69	5039.18
2655.58	5030.66
2656.46	5024.03
2657.35	5019.7
2658.24	5020.46
2659.13	5024.25
2660.02	5030.88
2660.9	5040.04
2661.79	5040.8
2662.68	5034.67
2663.57	5020.36
2664.45	4994
2665.34	4971.76
2666.23	4956.32
2667.11	4947.85
2668	4966.21
2668.89	4973.82
2669.77	4979.35
2670.66	4982.89
2671.55	4978.53
2672.43	4970.82
2673.32	4959.81
2674.21	4945.4
2675.09	4928.08
2675.98	4908.48
2676.86	4893.72
2677.75	4893.72
2678.63	4906.26
2679.52	4939.23
2680.4	4921.51
2681.29	4901.2
2682.17	4882.17
2683.06	4878.64
2683.94	4875.19
2684.82	4879.2
2685.71	4880.47
2686.59	4877.08
2687.48	4870.7
2688.36	4861.98
2689.24	4854.58
2690.13	4844.99
2691.01	4834.7
2691.89	4823.79
2692.78	4812.6
2693.66	4801.9
2694.54	4792.28
2695.43	4786.06
2696.31	4782.1
2697.19	4779.79
2698.07	4779.68
2698.96	4781.6
2699.84	4785.61
2700.72	4791.37
2701.6	4781.71
2702.48	4768.98
2703.36	4753.63
2704.25	4739.01
2705.13	4729.32
2706.01	4722.59
2706.89	4738.89
2707.77	4739.42
2708.65	4742.52
2709.53	4739.75
2710.41	4726.75
2711.29	4714.87
2712.17	4701.67
2713.05	4690.36
2713.93	4683.69
2714.81	4679.71
2715.69	4680.35
2716.57	4681.72
2717.45	4679.04
2718.33	4674.57
2719.21	4669.84
2720.09	4666.56
2720.97	4665.35
2721.85	4664.71
2722.73	4661.84
2723.61	4658.51
2724.48	4654.16
2725.36	4647.84
2726.24	4639.67
2727.12	4635.09
2728	4633.61
2728.88	4628.91
2729.75	4620.26
2730.63	4611.56
2731.51	4602.84
2732.39	4597.47
2733.26	4593.35
2734.14	4590.47
2735.02	4588.87
2735.89	4588.78
2736.77	4590
2737.65	4593.13
2738.52	4592.7
2739.4	4577.67
2740.28	4570.84
2741.15	4569.33
2742.03	4569.77
2742.9	4565.44
2743.78	4561.02
2744.65	4557.19
2745.53	4553.42
2746.41	4549.75
2747.28	4546.02
2748.16	4542.48
2749.03	4539.23
2749.91	4535.87
2750.78	4530.5
2751.66	4524.27
2752.53	4518.11
2753.4	4513.36
2754.28	4508.91
2755.15	4505.2
2756.02	4502.02
2756.9	4499.83
2757.77	4498.22
2758.65	4497.11
2759.52	4495.82
2760.39	4490.94
2761.27	4479.19
2762.14	4475.7
2763.01	4473.9
2763.88	4470.39
2764.76	4466.36
2765.63	4461.91
2766.5	4455.46
2767.37	4448.48
2768.25	4441
2769.12	4433.01
2769.99	4426.92
2770.86	4429.05
2771.73	4427.14
2772.61	4425.23
2773.48	4414.94
2774.35	4409.54
2775.22	4401.36
2776.09	4397
2776.96	4390.35
2777.83	4390.93
2778.7	4397.44
2779.57	4398.99
2780.44	4390.61
2781.31	4377.29
2782.18	4359.32
2783.05	4348.62
2783.92	4346.24
2784.79	4341.84
2785.66	4345.39
2786.53	4342.86
2787.4	4343.84
2788.27	4335.76
2789.14	4327.18
2790.01	4321.85
2790.88	4319.11
2791.75	4319.43
2792.62	4321.41
2793.48	4321.7
2794.35	4321.59
2795.22	4320.76
2796.09	4319.64
2796.96	4317.81
2797.82	4315.12
2798.69	4310.67
2799.56	4304.28
2800.43	4295.66
2801.29	4285.05
2802.16	4272.44
2803.03	4258.79
2803.9	4250.62
2804.76	4245.48
2805.63	4239.03
2806.5	4232.2
2807.36	4225.14
2808.23	4218.32
2809.09	4212.11
2809.96	4215.75
2810.83	4217.85
2811.69	4217.48
2812.56	4215.82
2813.42	4213.34
2814.29	4209.9
2815.15	4203.46
2816.02	4196.24
2816.88	4188.25
2817.75	4180.78
2818.61	4183.73
2819.48	4185.84
2820.34	4190.8
2821.21	4197.97
2822.07	4207.4
2822.94	4215.76
2823.8	4205.06
2824.66	4195.58
2825.53	4182.45
2826.39	4172.65
2827.26	4163.29
2828.12	4153.63
2828.98	4148.29
2829.85	4144.48
2830.71	4141.74
2831.57	4139.01
2832.43	4136.07
2833.3	4132.96
2834.16	4128.15
2835.02	4123.07
2835.88	4117.74
2836.75	4111.42
2837.61	4106.23
2838.47	4104.73
2839.33	4105.06
2840.19	4107.34
2841.06	4109.26
2841.92	4110.32
2842.78	4107.1
2843.64	4098.59
2844.5	4082.8
2845.36	4072.71
2846.22	4068.12
2847.08	4064.51
2847.94	4062.41
2848.81	4071.54
2849.67	4073.68
2850.53	4076.79
2851.39	4072.25
2852.25	4066.32
2853.11	4057.44
2853.97	4053.77
2854.82	4050.7
2855.68	4048.12
2856.54	4045.81
2857.4	4044.27
2858.26	4043.05
2859.12	4042.05
2859.98	4040.57
2860.84	4038.73
2861.7	4036.3
2862.56	4033.65
2863.41	4030.48
2864.27	4026.69
2865.13	4022.14
2865.99	4014.57
2866.85	4007.31
2867.7	4002.61
2868.56	3997.76
2869.42	3990.13
2870.28	3990.93
2871.13	3992.21
2871.99	3994.91
2872.85	3996.93
2873.7	3988.15
2874.56	3973.51
2875.42	3960
2876.27	3954.94
2877.13	3948.46
2877.99	3948.81
2878.84	3948.64
2879.7	3948.09
2880.56	3946.66
2881.41	3943.69
2882.27	3939.83
2883.12	3933.9
2883.98	3932.48
2884.83	3929.44
2885.69	3930.88
2886.54	3932.27
2887.4	3932.21
2888.25	3931.1
2889.11	3925.92
2889.96	3923.72
2890.82	3920.71
2891.67	3917.19
2892.52	3913.03
2893.38	3908.43
2894.23	3902.74
2895.09	3895.84
2895.94	3888.12
2896.79	3881.01
2897.65	3885.64
2898.5	3889.89
2899.35	3882.05
2900.21	3860.68
2901.06	3837.17
2901.91	3816.87
2902.76	3818.87
2903.62	3821.04
2904.47	3822.47
2905.32	3823.72
2906.17	3829.23
2907.03	3827.59
2907.88	3822.01
2908.73	3812.09
2909.58	3802.92
2910.43	3790.85
2911.28	3782.71
2912.14	3778.3
2912.99	3777.75
2913.84	3781.25
2914.69	3788.4
2915.54	3787.7
2916.39	3785.5
2917.24	3780.05
2918.09	3771.53
2918.94	3769.55
2919.79	3771.42
2920.64	3776.05
2921.49	3776.2
2922.34	3782.48
2923.19	3774.33
2924.04	3760.98
2924.89	3741.16
2925.74	3723.83
2926.59	3710.51
2927.44	3708.47
2928.29	3717.91
2929.14	3710.28
2929.98	3701.12
2930.83	3690.8
2931.68	3676.75
2932.53	3669.15
2933.38	3667.81
2934.23	3672.28
2935.07	3682.2
2935.92	3693.56
2936.77	3691.83
2937.62	3679.15
2938.47	3662.83
2939.31	3645.63
2940.16	3632.71
2941.01	3621.61
2941.85	3617.04
2942.7	3617.97
2943.55	3623.1
2944.39	3627.24
2945.24	3626
2946.09	3623.93
2946.93	3620.73
2947.78	3616.29
2948.63	3611.04
2949.47	3605.25
2950.32	3599.77
2951.16	3596.65
2952.01	3596.6
2952.85	3595.39
2953.7	3593.8
2954.55	3592.14
2955.39	3589.58
2956.24	3585.21
2957.08	3581.29
2957.92	3577.48
2958.77	3573.91
2959.61	3571.02
2960.46	3570.65
2961.3	3573.41
2962.15	3574.64
2962.99	3574.09
2963.83	3566.16
2964.68	3556.49
2965.52	3544.64
2966.37	3531.91
2967.21	3524.42
2968.05	3518.51
2968.9	3520.33
2969.74	3525.61
2970.58	3526.15
2971.42	3521.11
2972.27	3516.55
2973.11	3510.04
2973.95	3502.34
2974.79	3498.23
2975.64	3493.68
2976.48	3496.42
2977.32	3498.89
2978.16	3499.85
2979	3499.49
2979.85	3496.72
2980.69	3494.05
2981.53	3488.4
2982.37	3481.81
2983.21	3474.64
2984.05	3470.25
2984.89	3469.84
2985.73	3474.27
2986.57	3485.92
2987.41	3491.94
2988.25	3486.43
2989.1	3481.68
2989.94	3474.06
2990.77	3459.19
2991.62	3450.75
2992.45	3446.73
2993.29	3440.14
2994.13	3448.81
2994.97	3464.32
2995.81	3460.35
2996.65	3447.87
2997.49	3446.98
2998.33	3430.22
2999.17	3394.8
