200.833	12236.2
202.102	12245.8
203.371	12214.3
204.639	12229.6
205.907	12268.2
207.175	12288
208.442	12301.2
209.71	12312
210.977	12321.5
212.244	12322.2
213.511	12321.9
214.777	12317.7
216.042	12314.1
217.309	12318.5
218.575	12324.8
219.84	12334.2
221.106	12352.6
222.371	12378.1
223.635	12411.8
224.9	12448.7
226.165	12483.7
227.429	12516.8
228.694	12538.5
229.956	12558.9
231.22	12588.9
232.484	12617.7
233.747	12647.3
235.011	12676.8
236.272	12707.7
237.535	12733.2
238.798	12739.1
240.06	12733.8
241.321	12729.9
242.583	12743.1
243.845	12762
245.105	12791
246.367	12825.7
247.628	12854.6
248.888	12878.3
250.149	12896.9
251.409	12913.5
252.67	12919
253.928	12922.7
255.189	12924.9
256.447	12927
257.707	12932.5
258.966	12946.4
260.224	12961.3
261.483	12979
262.742	12999
263.999	13017.8
265.257	13035.3
266.514	13044.5
267.772	13055.1
269.028	13065.9
270.286	13077.7
271.543	13094
272.799	13109.2
274.056	13124.6
275.311	13139.8
276.568	13154.9
277.823	13166.2
279.079	13178.8
280.333	13193.5
281.589	13209.2
282.843	13230.8
284.099	13254.5
285.352	13272.2
286.607	13285.5
287.86	13294.7
289.114	13300.4
290.368	13302.5
291.621	13304.9
292.875	13334.1
294.127	13342.5
295.38	13350.7
296.632	13363.8
297.884	13373.3
299.137	13387.5
300.388	13400.1
301.641	13412.4
302.891	13424.1
304.142	13419.1
305.394	13432.3
306.644	13454
307.894	13477.8
309.146	13498.1
310.395	13514.9
311.645	13527.5
312.895	13536
314.144	13541.1
315.393	13542.5
316.642	13540.1
317.892	13534.7
319.14	13545
320.388	13562
321.637	13588
322.885	13612.5
324.132	13638.4
325.38	13643.7
326.628	13636.7
327.875	13635.1
329.122	13633.9
330.368	13633.3
331.614	13650.9
332.862	13677.4
334.108	13698.8
335.353	13716.7
336.599	13732.4
337.844	13747.7
339.089	13762.9
340.335	13777.5
341.58	13792
342.824	13805
344.068	13817.4
345.312	13828.8
346.556	13839.2
347.8	13848.4
349.043	13854.2
350.286	13849.2
351.53	13848.6
352.774	13854.7
354.016	13860.4
355.259	13866.7
356.501	13874.2
357.743	13881
358.985	13883.1
360.227	13885.3
361.468	13888.2
362.709	13893.3
363.95	13900.3
365.191	13911.2
366.432	13922.5
367.672	13928.2
368.912	13930.1
370.152	13931.2
371.392	13935.1
372.632	13938.4
373.871	13939.7
375.11	13938.6
376.348	13937.4
377.587	13933.9
378.825	13940.3
380.064	13953.3
381.302	13965.9
382.54	13979.4
383.778	13993.7
385.016	14009.2
386.253	14026
387.489	14044
388.726	14063.9
389.963	14086.9
391.199	14113.7
392.436	14143.9
393.672	14173.5
394.907	14187.9
396.142	14189.9
397.378	14185.3
398.614	14183.5
399.849	14180.9
401.082	14179.9
402.317	14180.7
403.552	14182.1
404.786	14184.4
406.019	14187.7
407.253	14191.4
408.487	14196.1
409.721	14198.3
410.953	14202.3
412.186	14210.9
413.419	14228.5
414.651	14273.2
415.883	14301.2
417.116	14319.8
418.347	14320.7
419.579	14324.4
420.811	14301.1
422.041	14291.1
423.272	14281.4
424.504	14279.5
425.733	14289.8
426.964	14312.9
428.194	14320.3
429.424	14319
430.654	14308.3
431.883	14301.1
433.113	14296.5
434.341	14298.8
435.571	14305.4
436.799	14318.4
438.028	14336.5
439.257	14359.6
440.484	14387.8
441.713	14419.9
442.94	14447.6
444.168	14452.8
445.394	14438.6
446.622	14430.7
447.848	14428.9
449.076	14431.8
450.301	14438.6
451.528	14448.6
452.754	14453.6
453.979	14462.3
455.205	14477.2
456.43	14486.3
457.656	14490.8
458.88	14490.4
460.106	14484.5
461.33	14485.9
462.554	14483.3
463.779	14492
465.002	14504.3
466.225	14518.8
467.45	14535.4
468.672	14547.7
469.895	14555.9
471.119	14550.3
472.341	14548.1
473.563	14543.4
474.786	14539.4
476.008	14541.4
477.229	14541.4
478.452	14540.2
479.673	14538.8
480.894	14535.6
482.115	14527.5
483.337	14516.5
484.557	14502.8
485.777	14489.1
486.997	14478.2
488.218	14471.5
489.438	14467.4
490.657	14471.3
491.876	14476.9
493.096	14484.4
494.315	14494.6
495.533	14505.3
496.752	14512.1
497.97	14510.3
499.188	14493.7
500.407	14486.7
501.625	14513.2
502.842	14549
504.059	14559.4
505.276	14549.5
506.493	14456
507.71	14473.7
508.926	14492.4
510.142	14508.1
511.358	14520.8
512.575	14530.8
513.791	14536.9
515.006	14538.7
516.222	14533.5
517.437	14536.1
518.651	14545.1
519.866	14559.5
521.081	14579.1
522.295	14604
523.509	14635.7
524.723	14659.1
525.937	14669.9
527.15	14670.2
528.363	14662.6
529.576	14657.5
530.789	14656
532.002	14655
533.215	14655.9
534.426	14663.4
535.638	14671.5
536.85	14682.1
538.061	14694.4
539.273	14708.1
540.484	14717.8
541.695	14716.6
542.906	14714.5
544.117	14711.4
545.327	14707.7
546.537	14703.4
547.747	14696.5
548.957	14688.9
550.167	14681.4
551.377	14675.2
552.585	14676.7
553.794	14688.2
555.003	14701.7
556.212	14711
557.421	14714.9
558.628	14705.1
559.836	14689.8
561.044	14693.2
562.252	14708.7
563.458	14734.9
564.666	14750
565.873	14761.5
567.08	14761.4
568.286	14740.8
569.493	14730.4
570.699	14725.3
571.904	14727.1
573.111	14742.4
574.317	14767.1
575.521	14784.8
576.727	14789.7
577.932	14782.9
579.136	14769.5
580.341	14745.8
581.544	14733.6
582.749	14731.3
583.954	14746
585.156	14764.5
586.361	14778.1
587.563	14789.7
588.767	14802.3
589.97	14809
591.172	14812.3
592.375	14813.6
593.577	14814
594.78	14813.2
595.981	14811.9
597.183	14813
598.384	14812
599.586	14810.3
600.786	14808.4
601.988	14805
603.188	14795.1
604.389	14779.1
605.589	14764.9
606.79	14753.6
607.989	14744.3
609.188	14736.8
610.389	14731
611.587	14727.6
612.787	14726.5
613.986	14727.6
615.184	14730.5
616.383	14735.4
617.581	14732.6
618.78	14719.8
619.977	14703.7
621.174	14680.8
622.373	14657.6
623.57	14652.4
624.766	14641.5
625.964	14638
627.16	14638.5
628.356	14635.2
629.554	14631.4
630.749	14623.5
631.945	14619.5
633.14	14620.5
634.337	14624.6
635.532	14626.7
636.726	14626.6
637.921	14623.7
639.117	14618
640.311	14609.4
641.505	14600
642.699	14591.5
643.892	14584.3
645.087	14581
646.28	14578.6
647.473	14578
648.666	14579.7
649.859	14583.4
651.051	14588.5
652.245	14594
653.437	14597.3
654.629	14599.9
655.821	14600.8
657.012	14600.6
658.204	14599.3
659.395	14597.2
660.586	14617.6
661.777	14643.6
662.967	14665.6
664.158	14668.9
665.349	14673.5
666.539	14656.7
667.729	14635.4
668.919	14634.7
670.109	14646
671.298	14669.9
672.487	14705.5
673.676	14730.6
674.865	14736.5
676.053	14712.1
677.242	14699.9
678.43	14679.3
679.616	14664.5
680.804	14656
681.992	14652
683.179	14650
684.366	14659.9
685.554	14652.7
686.74	14614.5
687.927	14614
689.114	14620.3
690.3	14627.8
691.486	14637.6
692.671	14665.6
693.856	14657.6
695.042	14646.5
696.227	14617.8
697.413	14596.9
698.598	14585.4
699.781	14582.4
700.966	14583
702.15	14583.1
703.334	14583.8
704.518	14586.2
705.701	14589
706.885	14592.7
708.068	14596
709.252	14599.2
710.433	14599.4
711.616	14589.2
712.799	14573
713.98	14549.6
715.163	14536.1
716.345	14527.2
717.527	14521.5
718.707	14520
719.889	14521.9
721.071	14526.8
722.25	14533
723.432	14542.4
724.611	14543.8
725.792	14544.8
726.972	14543.5
728.151	14536.1
729.332	14541.4
730.512	14546.3
731.69	14559.5
732.87	14575.9
734.048	14594
735.227	14612.3
736.405	14587.3
737.584	14570
738.761	14560
739.94	14552.8
741.117	14574.6
742.295	14582.4
743.471	14589
744.649	14598.3
745.825	14607.1
747.003	14615.7
748.179	14623.2
749.356	14631
750.531	14638
751.708	14643.6
752.883	14647.4
754.059	14643.8
755.234	14637.5
756.409	14636.6
757.585	14633.7
758.759	14629.2
759.934	14624.8
761.108	14619.2
762.282	14610
763.456	14597.4
764.63	14581.6
765.803	14554.5
766.977	14539.3
768.15	14534.8
769.323	14532
770.496	14535.5
771.668	14541.9
772.841	14547.5
774.014	14552.5
775.185	14556.5
776.357	14567.5
777.528	14555.4
778.701	14507.1
779.872	14493.1
781.042	14488.3
782.213	14481
783.383	14474.2
784.555	14467.4
785.725	14459.8
786.895	14444.4
788.064	14429.6
789.234	14420.4
790.404	14415.5
791.573	14404.3
792.742	14394.2
793.911	14376.8
795.08	14361.4
796.248	14342.3
797.416	14334.9
798.584	14340.2
799.753	14343.6
800.921	14344.8
802.088	14347.5
803.256	14353
804.423	14348.6
805.59	14337
806.756	14315.8
807.923	14303.3
809.089	14310.3
810.256	14334.9
811.422	14360.4
812.587	14362.5
813.753	14363.5
814.918	14364.8
816.084	14354.1
817.249	14342.7
818.414	14347
819.578	14359.9
820.743	14378.9
821.907	14395.4
823.072	14393.9
824.236	14390.3
825.399	14389.5
826.562	14387.4
827.725	14386.7
828.889	14387.7
830.052	14389.7
831.215	14392.9
832.377	14396.8
833.54	14402.2
834.701	14406.9
835.863	14402.4
837.025	14389.8
838.187	14378.8
839.349	14375.5
840.51	14375.9
841.67	14383.2
842.831	14381.9
843.992	14379.7
845.153	14377.3
846.312	14374.2
847.473	14370.7
848.633	14366.9
849.793	14363
850.951	14380.7
852.111	14396.2
853.27	14372
854.428	14331.8
855.588	14272.2
856.747	14236
857.904	14255.9
859.063	14271.3
860.221	14282.1
861.378	14288.2
862.536	14289.2
863.694	14285.6
864.85	14262.7
866.008	14228.9
867.164	14201.9
868.321	14180.8
869.478	14164.4
870.633	14151.5
871.79	14145.6
872.945	14143.7
874.101	14147.7
875.256	14152.4
876.412	14148
877.566	14125.5
878.722	14099.1
879.876	14074.9
881.031	14063
882.185	14060.1
883.34	14065.2
884.493	14056.8
885.647	14045
886.8	14034.5
887.954	14022.4
889.107	14011.7
890.261	14028
891.413	14026.9
892.565	13942.3
893.718	13954.9
894.87	13966.3
896.023	13978.3
897.174	13992
898.326	14009.5
899.478	14019.6
900.629	14013.3
901.779	14005.5
902.931	13999.9
904.081	13997.9
905.231	14001
906.383	14011.2
907.532	14022.3
908.682	14028.1
909.831	14032.6
910.982	14036
912.131	14030.2
913.28	14035.8
914.429	14049.1
915.578	14063.9
916.727	14076.2
917.875	14076.6
919.023	14074.9
920.171	14067.2
921.32	14056.7
922.467	14039.6
923.614	14018.5
924.761	13995.2
925.908	13978.4
927.055	13992.7
928.203	14015.1
929.349	14034.4
930.496	14043.7
931.642	14051.3
932.787	14054.8
933.933	14037.6
935.079	14009.1
936.224	13974.3
937.369	13964.6
938.514	13960.1
939.659	13962.1
940.804	13969.3
941.948	13976
943.092	13981.5
944.236	13983.5
945.38	13982.8
946.524	13978.9
947.667	13972.7
948.811	13958.8
949.954	13940.8
951.097	13917.9
952.24	13892.6
953.383	13869.1
954.525	13849.1
955.667	13845.8
956.81	13838.7
957.952	13834.5
959.093	13817.6
960.235	13819.8
961.376	13824.9
962.516	13840.2
963.658	13854.6
964.798	13856
965.939	13835.4
967.08	13817
968.22	13803.9
969.359	13793.5
970.499	13775.9
971.639	13767.7
972.779	13766.5
973.918	13766.4
975.056	13775.5
976.195	13784.5
977.334	13793.8
978.473	13800.7
979.61	13804.3
980.749	13804.3
981.887	13794.2
983.024	13782.3
984.162	13769.2
985.3	13757.7
986.437	13755.6
987.573	13757.7
988.711	13767.2
989.848	13778.5
990.983	13786.1
992.12	13795.3
993.255	13791.8
994.392	13781.6
995.528	13773.6
996.662	13761.5
997.798	13762.6
998.933	13763.1
1000.07	13767.7
1001.2	13778.5
1002.34	13789.3
1003.47	13794.1
1004.61	13794.9
1005.74	13788.7
1006.87	13782.3
1008.01	13772.2
1009.14	13761.4
1010.27	13749.8
1011.41	13738.4
1012.54	13729.9
1013.67	13721.9
1014.81	13715.2
1015.94	13709.6
1017.07	13705.7
1018.2	13702.6
1019.33	13715.6
1020.47	13718.9
1021.6	13717.3
1022.73	13711.7
1023.86	13697.4
1024.99	13689
1026.12	13687
1027.25	13685.8
1028.38	13680.9
1029.51	13672.4
1030.64	13661.1
1031.77	13646.1
1032.9	13615.8
1034.03	13594.7
1035.16	13581
1036.29	13574.5
1037.42	13573.6
1038.55	13580.8
1039.67	13581.8
1040.8	13578.5
1041.93	13570.9
1043.06	13557.5
1044.19	13525.8
1045.31	13503.9
1046.44	13477.1
1047.57	13456.8
1048.69	13443
1049.82	13435.5
1050.95	13433
1052.08	13436.7
1053.2	13447
1054.33	13463.6
1055.45	13448.1
1056.58	13429
1057.7	13411.8
1058.83	13408.7
1059.95	13415.4
1061.08	13422.5
1062.2	13425.9
1063.33	13427.1
1064.45	13424.9
1065.58	13421.7
1066.7	13405.8
1067.83	13398.1
1068.95	13392.2
1070.07	13387.9
1071.2	13385
1072.32	13381.1
1073.44	13375.4
1074.56	13359.3
1075.69	13350.9
1076.81	13351.1
1077.93	13359.2
1079.05	13369.6
1080.17	13380.5
1081.3	13391.8
1082.42	13404.8
1083.54	13418
1084.66	13430.8
1085.78	13442.9
1086.9	13427.6
1088.02	13398.8
1089.14	13383.1
1090.26	13372
1091.38	13362.5
1092.5	13365.7
1093.62	13374.1
1094.74	13386.3
1095.86	13401.1
1096.98	13411.1
1098.1	13385.3
1099.22	13368.8
1100.34	13363.2
1101.45	13362.5
1102.57	13357
1103.69	13352.8
1104.81	13348.3
1105.93	13341.9
1107.04	13336.3
1108.16	13327.9
1109.28	13319.9
1110.4	13313.6
1111.51	13309.1
1112.63	13311
1113.75	13312.8
1114.86	13316.3
1115.98	13317.4
1117.09	13305.9
1118.21	13285.7
1119.32	13257.5
1120.44	13223.3
1121.55	13191.9
1122.67	13209.6
1123.78	13191.6
1124.9	13174.7
1126.01	13158.8
1127.13	13142
1128.24	13122.3
1129.35	13099.9
1130.47	13083.6
1131.58	13093.1
1132.7	13087.6
1133.81	13071
1134.92	13043
1136.03	13003.3
1137.15	12984
1138.26	13014.2
1139.37	13015.4
1140.48	13016.5
1141.59	13015.6
1142.71	13011.2
1143.82	13001.2
1144.93	12987.8
1146.04	12969.3
1147.15	12948.1
1148.26	12925
1149.37	12903
1150.48	12972.8
1151.59	12919.7
1152.7	12903.9
1153.81	12889.2
1154.92	12873.9
1156.03	12858.6
1157.14	12842
1158.25	12826.2
1159.36	12819.9
1160.47	12825.2
1161.58	12840.4
1162.68	12853.3
1163.79	12854.9
1164.9	12853.3
1166.01	12848.2
1167.12	12840.2
1168.22	12830.5
1169.33	12820.7
1170.44	12815.1
1171.55	12840.7
1172.65	12852.8
1173.76	12860
1174.87	12843.1
1175.97	12822.6
1177.08	12816.2
1178.18	12865.4
1179.29	12885.5
1180.4	12901.5
1181.5	12910
1182.61	12901.1
1183.71	12865.2
1184.82	12853.8
1185.92	12842.4
1187.02	12832.9
1188.13	12828.1
1189.23	12830.4
1190.34	12836.6
1191.44	12846.6
1192.54	12859.7
1193.65	12874
1194.75	12872.9
1195.85	12872.4
1196.96	12869.8
1198.06	12866.4
1199.16	12862.1
1200.26	12857.8
1201.37	12853.1
1202.47	12848.5
1203.57	12844.2
1204.67	12839.7
1205.77	12834.8
1206.87	12829.7
1207.97	12824.1
1209.08	12817.7
1210.18	12811.4
1211.28	12806.3
1212.38	12802.2
1213.48	12798.5
1214.58	12794.6
1215.68	12791.1
1216.78	12787.3
1217.88	12785.2
1218.98	12782.8
1220.07	12780
1221.17	12776.6
1222.27	12770.9
1223.37	12763
1224.47	12753.2
1225.57	12742.9
1226.66	12732.3
1227.76	12721.5
1228.86	12712.9
1229.96	12705.6
1231.06	12698.2
1232.15	12691.6
1233.25	12682.8
1234.35	12671.9
1235.44	12660.5
1236.54	12650.9
1237.63	12642.6
1238.73	12634.3
1239.83	12625.7
1240.92	12617
1242.02	12606.1
1243.11	12593.9
1244.21	12581.8
1245.3	12571.3
1246.4	12576.7
1247.49	12579.4
1248.59	12578.7
1249.68	12575.9
1250.78	12571
1251.87	12564.3
1252.96	12556.5
1254.06	12547.1
1255.15	12556.6
1256.24	12551.1
1257.34	12545.2
1258.43	12536.9
1259.52	12528.5
1260.62	12520.7
1261.71	12516.9
1262.8	12546.1
1263.89	12548.1
1264.98	12440.4
1266.08	12515.5
1267.17	12514.9
1268.26	12506.9
1269.35	12498.7
1270.44	12491.3
1271.53	12484.5
1272.62	12479.1
1273.71	12474.7
1274.8	12473.2
1275.89	12491
1276.98	12514.9
1278.07	12533.2
1279.16	12549.3
1280.25	12557.5
1281.34	12554
1282.43	12542.8
1283.52	12523.5
1284.61	12508.2
1285.69	12495
1286.78	12497.6
1287.87	12505.9
1288.96	12519.4
1290.05	12532.4
1291.13	12543.3
1292.22	12553.6
1293.31	12561.8
1294.4	12568.4
1295.48	12573.3
1296.57	12575.5
1297.66	12574.4
1298.74	12569.9
1299.83	12562.9
1300.92	12551.3
1302	12538.8
1303.09	12527.8
1304.17	12518.8
1305.26	12512.4
1306.34	12507
1307.43	12503.2
1308.51	12504.2
1309.6	12505.1
1310.68	12505.3
1311.76	12506.9
1312.85	12507.6
1313.93	12499.1
1315.02	12491.1
1316.1	12481.4
1317.18	12471.8
1318.27	12460
1319.35	12450
1320.43	12448.2
1321.52	12447.7
1322.6	12441.7
1323.68	12434.9
1324.76	12428.4
1325.85	12420.2
1326.93	12410.7
1328.01	12400.8
1329.09	12392.6
1330.17	12387
1331.25	12379.4
1332.33	12369.8
1333.41	12355
1334.49	12350.3
1335.58	12346.1
1336.65	12338.3
1337.74	12336.3
1338.82	12332.8
1339.89	12332
1340.97	12333.9
1342.05	12335
1343.13	12332.7
1344.21	12320.5
1345.29	12309.9
1346.37	12299.1
1347.45	12294.1
1348.53	12289.5
1349.6	12285.5
1350.68	12295.6
1351.76	12300.7
1352.84	12300
1353.92	12294.5
1354.99	12275.9
1356.07	12256.6
1357.15	12241.2
1358.22	12231
1359.3	12212.9
1360.38	12220.8
1361.45	12234.7
1362.53	12254.4
1363.61	12284
1364.68	12292.7
1365.76	12290.9
1366.83	12283.9
1367.91	12273.1
1368.98	12262.8
1370.06	12249
1371.13	12239.2
1372.21	12225.8
1373.28	12211.8
1374.35	12199.6
1375.43	12202.3
1376.5	12210.6
1377.58	12220.1
1378.65	12229.6
1379.72	12238.3
1380.8	12246.5
1381.87	12251.9
1382.94	12248.5
1384.01	12237.9
1385.09	12223.4
1386.16	12210.1
1387.23	12201
1388.3	12197.5
1389.38	12198.4
1390.45	12201.1
1391.52	12199.3
1392.59	12192.7
1393.66	12181.9
1393.92	12178.6
1395	12164.2
1396.07	12145
1397.15	12120.4
1398.22	12096.6
1399.3	12096.4
1400.38	12104.7
1401.45	12118
1402.53	12124.7
1403.6	12123
1404.68	12125.8
1405.75	12116.6
1406.82	12111
1407.9	12108.6
1408.97	12109.4
1410.05	12110.9
1411.12	12108.6
1412.19	12104.2
1413.27	12099.2
1414.34	12093.9
1415.41	12087.3
1416.49	12080
1417.56	12071.8
1418.63	12063
1419.7	12053.3
1420.78	12043
1421.85	12031.8
1422.92	12021.4
1423.99	12010.7
1425.06	12006.3
1426.14	12006.6
1427.21	12006
1428.28	12004.3
1429.35	12002.5
1430.42	12001.5
1431.49	12000.6
1432.56	11999.4
1433.63	11996.5
1434.7	11992.2
1435.77	11984.9
1436.84	11977.7
1437.91	11972.1
1438.98	11966.7
1440.05	11961.3
1441.12	11954.9
1442.18	11949.2
1443.25	11944.7
1444.32	11941.8
1445.39	11941
1446.46	11937.7
1447.53	11934.5
1448.59	11930.9
1449.66	11926.7
1450.73	11922.1
1451.8	11916.2
1452.86	11908.7
1453.93	11900.2
1455	11891.5
1456.06	11882.4
1457.13	11869.5
1458.2	11864.7
1459.26	11870.1
1460.33	11879.2
1461.39	11885.2
1462.46	11889.6
1463.52	11894.8
1464.59	11897.6
1465.65	11901.7
1466.72	11903.3
1467.78	11900.1
1468.85	11884.5
1469.91	11865
1470.98	11851.2
1472.04	11840.4
1473.1	11830.6
1474.17	11839.8
1475.23	11831.4
1476.3	11822
1477.36	11813
1478.42	11802.4
1479.48	11816.1
1480.55	11824.8
1481.61	11829.2
1482.67	11826.9
1483.73	11822.1
1484.8	11823.8
1485.86	11824.6
1486.92	11823.2
1487.98	11819.7
1489.04	11814.6
1490.1	11808.3
1491.17	11801.1
1492.23	11793.2
1493.29	11784.5
1494.35	11776.5
1495.41	11769.2
1496.47	11765.4
1497.53	11764.2
1498.59	11763.4
1499.65	11763
1500.71	11762.6
1501.77	11762
1502.83	11759.6
1503.88	11741.4
1504.94	11718.3
1506	11709.7
1507.06	11707.8
1508.12	11708.4
1509.18	11706.4
1510.23	11703.1
1511.29	11698.7
1512.35	11692.8
1513.41	11685.5
1514.47	11676.9
1515.52	11667
1516.58	11655.6
1517.64	11643
1518.69	11630.4
1519.75	11616
1520.81	11600.7
1521.86	11586.6
1522.92	11573.5
1523.97	11568.1
1525.03	11568.5
1526.08	11573.8
1527.14	11593.8
1528.2	11601.3
1529.25	11611
1530.31	11610.7
1531.36	11613.9
1532.42	11598.6
1533.47	11575
1534.52	11548.2
1535.58	11521.1
1536.63	11548.1
1537.69	11573.8
1538.74	11618.9
1539.79	11556.4
1540.84	11537.7
1541.9	11484.2
1542.95	11523.6
1544	11506.2
1545.06	11497.5
1546.11	11491.2
1547.16	11487.8
1548.21	11488
1549.27	11490.8
1550.32	11482.5
1551.37	11482.7
1552.42	11488.3
1553.47	11498.4
1554.52	11509.4
1555.57	11515.1
1556.62	11515.2
1557.67	11510.3
1558.72	11499
1559.77	11485.8
1560.82	11473.4
1561.87	11460.8
1562.92	11446.7
1563.97	11435.9
1565.02	11461.7
1566.07	11485.8
1567.12	11501.4
1568.17	11494.4
1569.22	11486.1
1570.27	11478.3
1571.32	11471.5
1572.36	11465.5
1573.41	11461.6
1574.46	11458.9
1575.51	11456.4
1576.56	11455
1577.6	11449.4
1578.65	11443.3
1579.7	11431.7
1580.74	11422.5
1581.79	11417.6
1582.84	11414.7
1583.88	11416.9
1584.93	11420.2
1585.98	11423.2
1587.02	11429
1588.07	11432.9
1589.11	11414.7
1590.16	11400.7
1591.2	11380.6
1592.25	11359.9
1593.29	11353.1
1594.34	11346.1
1595.38	11346.6
1596.43	11356
1597.47	11364.4
1598.52	11370.5
1599.56	11375.7
1600.6	11365.8
1601.65	11336.5
1602.69	11306
1603.73	11284.1
1604.78	11274.1
1605.82	11288.7
1606.86	11287.2
1607.91	11293.7
1608.95	11299.6
1609.99	11307.3
1611.03	11302.3
1612.08	11282.2
1613.12	11245.6
1614.16	11212.6
1615.2	11178.2
1616.24	11151.2
1617.28	11136
1618.32	11130
1619.36	11128.3
1620.41	11129.5
1621.45	11132.6
1622.49	11137
1623.53	11132.3
1624.57	11120
1625.61	11103.5
1626.65	11089.9
1627.69	11073.5
1628.73	11055.2
1629.76	11035.2
1630.8	11022.9
1631.84	11028.2
1632.88	11032.4
1633.92	11032
1634.96	11030.2
1636	11018
1637.03	11015.1
1638.07	11015.7
1639.11	11017.5
1640.15	11020.5
1641.19	11024.5
1642.22	11029.5
1643.26	11034.4
1644.3	11034.1
1645.33	11020.6
1646.37	10999.3
1647.41	10973.4
1648.44	10955.6
1649.48	10946.5
1650.52	10946
1651.55	10954.2
1652.59	10960.2
1653.62	10967
1654.66	10971.5
1655.69	10956.1
1656.73	10936.2
1657.76	10918
1658.8	10901.2
1659.83	10889.6
1660.87	10879.9
1661.9	10871.8
1662.93	10865.4
1663.97	10861.6
1665	10856.8
1666.04	10851.4
1667.07	10861.7
1668.1	10879.8
1669.14	10902.7
1670.17	10899.9
1671.2	10890.7
1672.23	10869.3
1673.27	10846.6
1674.3	10830.6
1675.33	10817.9
1676.36	10809.7
1677.39	10805
1678.43	10806.6
1679.46	10811.8
1680.49	10820.9
1681.52	10831
1682.55	10825.4
1683.58	10818
1684.61	10808.6
1685.64	10803
1686.67	10798.5
1687.7	10793.5
1688.73	10788.1
1689.76	10782
1690.79	10775
1691.82	10767.3
1692.85	10754.3
1693.88	10742.1
1694.91	10730.8
1695.94	10725.4
1696.97	10725.7
1698	10719.2
1699.02	10706.7
1700.05	10674.8
1701.08	10660.2
1702.11	10651.3
1703.14	10647.2
1704.16	10648.5
1705.19	10655
1706.22	10666.1
1707.25	10674
1708.27	10673.6
1709.3	10668.2
1710.33	10658.1
1711.35	10643.1
1712.38	10630.6
1713.41	10621.5
1714.43	10618
1715.46	10618.1
1716.48	10615.1
1717.51	10611
1718.53	10603.9
1719.56	10591.8
1720.58	10571.5
1721.61	10557.1
1722.63	10540.4
1723.66	10535.5
1724.68	10532.3
1725.71	10546.7
1726.73	10549.1
1727.75	10549.5
1728.78	10550
1729.8	10536.1
1730.83	10520.2
1731.85	10501.1
1732.87	10481.9
1733.89	10466.8
1734.92	10452.6
1735.94	10438.9
1736.96	10426.9
1737.98	10417.5
1739.01	10421.2
1740.03	10470.8
1741.05	10412.2
1742.07	10405.1
1743.09	10405.4
1744.12	10405.3
1745.14	10404.6
1746.16	10401.6
1747.18	10391.3
1748.2	10380.4
1749.22	10372.7
1750.24	10366.3
1751.26	10360.9
1752.28	10354
1753.3	10347.8
1754.32	10342.8
1755.34	10338.3
1756.36	10334.7
1757.38	10331.4
1758.4	10329
1759.42	10326
1760.44	10308.3
1761.45	10289.7
1762.47	10273.5
1763.49	10261.7
1764.51	10254.7
1765.53	10250.3
1766.55	10249.3
1767.56	10251.3
1768.58	10256.5
1769.6	10262.6
1770.61	10262.4
1771.63	10254.1
1772.65	10247.7
1773.67	10238.6
1774.68	10234.9
1775.7	10232.1
1776.72	10233
1777.73	10229.7
1778.75	10224.8
1779.76	10215.1
1780.78	10194.8
1781.79	10164.6
1782.81	10151.4
1783.83	10147.1
1784.84	10150.2
1785.85	10145.7
1786.87	10143.3
1787.88	10142.6
1788.9	10142.6
1789.91	10142.9
1790.93	10143.2
1791.94	10142.9
1792.95	10141
1793.97	10137.6
1794.98	10132.6
1796	10120.9
1797.01	10104.7
1798.02	10086.1
1799.03	10068.8
1800.05	10053.3
1801.06	10039.4
1802.07	10029.6
1803.08	10021.4
1804.1	10016
1805.11	10012.9
1806.12	10012.1
1807.13	10013.2
1808.14	10013.9
1809.15	10014.2
1810.17	10006.6
1811.18	9998.42
1812.19	9987.09
1813.2	9974.36
1814.21	9957.95
1815.22	9937.98
1816.23	9920.36
1817.24	9906.55
1818.25	9901.87
1819.26	9896.3
1820.27	9888.26
1821.28	9876.69
1822.29	9866.56
1823.3	9859.23
1824.3	9854.97
1825.31	9851.41
1826.32	9847.32
1827.33	9846.22
1828.34	9835.06
1829.35	9824.3
1830.35	9800.66
1831.36	9778.23
1832.37	9755.22
1833.38	9778.17
1834.38	9871.61
1835.39	9801.27
1836.4	9743.37
1837.41	9715.97
1838.41	9708.6
1839.42	9723.29
1840.43	9733.08
1841.43	9734.76
1842.44	9735.82
1843.44	9733.36
1844.45	9726.11
1845.46	9713.73
1846.46	9694.67
1847.47	9667.35
1848.47	9658
1849.48	9657.08
1850.48	9655.38
1851.49	9650.58
1852.49	9645.48
1853.49	9640.75
1854.5	9636.06
1855.5	9631.38
1856.51	9626.77
1857.51	9622.23
1858.51	9617.97
1859.52	9616.19
1860.52	9615.79
1861.52	9613.45
1862.53	9601.72
1863.53	9571.83
1864.53	9557.07
1865.54	9568.61
1866.54	9580.3
1867.54	9578.41
1868.54	9569.17
1869.54	9561.9
1870.55	9554.73
1871.55	9548.01
1872.55	9540.24
1873.55	9530.58
1874.55	9520.98
1875.55	9512.08
1876.55	9504.37
1877.55	9500.47
1878.55	9497.27
1879.55	9495.38
1880.56	9494.92
1881.55	9494.56
1882.56	9491.97
1883.55	9487.48
1884.55	9470.12
1885.55	9456.96
1886.55	9443.25
1887.55	9427.09
1888.55	9409.93
1889.55	9394.6
1890.55	9382.3
1891.55	9373.03
1892.55	9365.58
1893.54	9360.45
1894.54	9358.43
1895.54	9358.85
1896.54	9362.02
1897.54	9366.21
1898.53	9365.99
1899.53	9360.09
1900.53	9354.74
1901.52	9346.62
1902.52	9337.94
1903.52	9328.4
1904.51	9318.86
1905.51	9314.75
1906.51	9317.49
1907.5	9326.28
1908.5	9327.09
1909.49	9320.63
1910.49	9302.21
1911.49	9274.37
1912.48	9224.88
1913.48	9198.89
1914.47	9170.76
1915.46	9164.31
1916.46	9162.41
1917.45	9169.34
1918.45	9177.96
1919.44	9187.36
1920.44	9192.6
1921.43	9192.51
1922.43	9187.79
1923.42	9178.02
1924.41	9164.09
1925.41	9144.18
1926.4	9120.54
1927.39	9096.29
1928.38	9074
1929.38	9069
1930.37	9077.95
1931.36	9089.56
1932.35	9087.16
1933.35	9083.1
1934.34	9075.93
1935.33	9066.72
1936.32	9057.51
1937.31	9047.47
1938.3	9037.14
1939.29	9026.51
1940.29	9016.41
1941.28	9008.08
1942.27	9000.96
1943.26	8997.7
1944.25	8996.43
1945.24	8994.17
1946.23	8990.87
1947.22	8986.29
1948.21	8977.67
1949.2	8957.82
1950.19	8943.03
1951.18	8931.22
1952.17	8928.22
1953.16	8922.18
1954.14	8914.94
1955.13	8906.5
1956.12	8895.67
1957.11	8883.39
1958.1	8872.3
1959.09	8862.52
1960.07	8860.21
1961.06	8860.78
1962.05	8871.75
1963.04	8866.22
1964.02	8855.46
1965.01	8828.48
1966	8824.08
1966.99	8818.56
1967.97	8816.22
1968.96	8812.67
1969.95	8814
1970.93	8813.89
1971.92	8810.62
1972.9	8800.73
1973.89	8780.3
1974.88	8751.98
1975.86	8731.59
1976.85	8714.99
1977.83	8706.01
1978.82	8696.34
1979.8	8699.43
1980.79	8701.61
1981.77	8702.69
1982.76	8703.65
1983.74	8704.56
1984.72	8704.94
1985.71	8704.79
1986.69	8704.35
1987.67	8703.4
1988.66	8701.98
1989.64	8699.64
1990.62	8693.94
1991.61	8684.18
1992.59	8669.18
1993.57	8653.22
1994.56	8635.96
1995.54	8617.44
1996.52	8600.9
1997.5	8582.78
1998.49	8564.78
1999.47	8549.53
2000.45	8541.84
2001.43	8538.55
2002.41	8539.12
2003.39	8546.7
2004.38	8558.45
2005.36	8565.97
2006.34	8568.09
2007.32	8559.24
2008.3	8546.42
2009.28	8533.26
2010.26	8514.98
2011.24	8493.42
2012.22	8478.18
2013.2	8472.05
2014.18	8467.45
2015.16	8463.37
2016.14	8461.38
2017.12	8465.63
2018.1	8459.95
2019.07	8448.88
2020.05	8432.66
2021.03	8412.91
2022.01	8398.24
2022.99	8382.47
2023.97	8367.73
2024.95	8352.69
2025.92	8343.62
2026.9	8336.5
2027.88	8332.54
2028.86	8330.69
2029.83	8326.12
2030.81	8320.3
2031.79	8314.87
2032.76	8301.53
2033.74	8295.54
2034.72	8291.2
2035.69	8284.06
2036.67	8277.54
2037.65	8270.4
2038.62	8263.84
2039.6	8257.73
2040.57	8254.35
2041.55	8312.69
2042.52	8198.75
2043.5	8209.25
2044.47	8219.42
2045.45	8221.32
2046.42	8217.41
2047.4	8204.57
2048.37	8190.68
2049.35	8145.63
2050.32	8153.06
2051.29	8153.13
2052.27	8171.98
2053.24	8181.7
2054.21	8193.33
2055.19	8183.4
2056.16	8161.57
2057.13	8127.34
2058.11	8082.41
2059.08	8042.79
2060.05	8060.97
2061.02	8062.99
2062	8063.74
2062.97	8061.92
2063.94	8061.27
2064.91	8058.31
2065.89	8051.71
2066.86	8042.07
2067.83	8028.54
2068.8	8012.43
2069.77	8006.89
2070.74	7997.41
2071.71	7996.43
2072.68	7996.41
2073.65	7996.71
2074.62	7996.33
2075.59	7983.56
2076.56	7966.38
2077.53	7947.09
2078.5	7926.63
2079.47	7909.94
2080.44	7900.89
2081.41	7893.13
2082.38	7890.67
2083.35	7890.14
2084.32	7893.05
2085.29	7897.33
2086.26	7894.23
2087.23	7889.23
2088.19	7873.39
2089.16	7858.57
2090.13	7843.56
2091.1	7829.93
2092.07	7818.47
2093.03	7808.7
2094	7800.93
2094.97	7795.02
2095.94	7790.68
2096.9	7787.76
2097.87	7784.97
2098.84	7779.21
2099.8	7775.3
2100.77	7772.35
2101.74	7774.93
2102.7	7780.51
2103.67	7770.28
2104.63	7760.99
2105.6	7746.82
2106.56	7733.2
2107.53	7723.14
2108.49	7716.26
2109.46	7710.1
2110.42	7704.94
2111.39	7700.88
2112.35	7697.66
2113.32	7695.26
2114.28	7692.77
2115.25	7689.98
2116.21	7686.55
2117.17	7682.69
2118.14	7678.44
2119.1	7672.81
2120.07	7661.97
2121.03	7639.39
2121.99	7618.88
2122.96	7595.01
2123.92	7580.73
2124.88	7578.32
2125.84	7595.44
2126.81	7603.68
2127.77	7637.79
2128.73	7583.59
2129.69	7571.21
2130.65	7559.03
2131.62	7546.79
2132.58	7534.85
2133.54	7523.87
2134.5	7513.5
2135.46	7503.61
2136.42	7494.47
2137.38	7486.28
2138.34	7479.12
2139.3	7475.79
2140.26	7474.91
2141.22	7471.44
2142.18	7463.51
2143.14	7451.79
2144.1	7443.92
2145.06	7436.2
2146.02	7430.45
2146.98	7420.95
2147.94	7425.07
2148.9	7436.29
2149.86	7434.65
2150.82	7424.1
2151.78	7409.53
2152.74	7391.62
2153.69	7381.8
2154.65	7366.02
2155.61	7351.72
2156.57	7339.07
2157.53	7327.65
2158.48	7332.37
2159.44	7336.76
2160.4	7331.35
2161.36	7320.22
2162.31	7306.44
2163.27	7295.88
2164.23	7280.25
2165.18	7263.7
2166.14	7247.26
2167.1	7231.2
2168.05	7215.69
2169.01	7202.24
2169.96	7191.21
2170.92	7182.24
2171.88	7174.9
2172.83	7169.8
2173.79	7164.38
2174.74	7150.19
2175.7	7139.64
2176.65	7126.29
2177.6	7116.66
2178.56	7111.11
2179.51	7103.2
2180.47	7096.09
2181.42	7089.92
2182.38	7079.75
2183.33	7064.13
2184.28	7053.75
2185.24	7045.82
2186.19	7034.49
2187.14	7031.08
2188.1	7026.36
2189.05	7016
2190	7005.21
2190.96	6988.73
2191.91	6981.09
2192.86	6974.53
2193.81	6969.11
2194.76	6965.03
2195.72	6962.36
2196.67	6960.92
2197.62	6960.69
2198.57	6959.58
2199.52	6950.16
2200.47	6942.22
2201.43	6938.44
2202.38	6935.37
2203.33	6930.57
2204.28	6924.33
2205.23	6916.23
2206.18	6907.55
2207.13	6899.25
2208.08	6892.45
2209.03	6884.05
2209.98	6872.38
2210.93	6856.48
2211.88	6837.95
2212.83	6824
2213.78	6821.18
2214.73	6829.87
2215.67	6841.42
2216.62	6846.5
2217.57	6845.57
2218.52	6842.37
2219.47	6835.72
2220.42	6826.18
2221.37	6814.06
2222.31	6807.94
2223.26	6807.63
2224.21	6805.7
2225.16	6791.42
2226.1	6775.05
2227.05	6765.35
2228	6765.58
2228.94	6764.32
2229.89	6762.27
2230.84	6761.96
2231.78	6759.8
2232.73	6745.53
2233.68	6722.04
2234.62	6699.44
2235.57	6683.44
2236.51	6682.39
2237.46	6719.17
2238.41	6723.7
2239.35	6725.61
2240.3	6729.73
2241.24	6726.78
2242.19	6717.23
2243.13	6706.76
2244.07	6695.86
2245.02	6686.98
2245.96	6680.52
2246.91	6674.99
2247.85	6671.1
2248.8	6670.44
2249.74	6671.19
2250.68	6673.94
2251.63	6676.53
2252.57	6679.09
2253.51	6677.73
2254.46	6671.69
2255.4	6661.43
2256.34	6646.78
2257.28	6629.11
2258.23	6612.18
2259.17	6603.55
2260.11	6600.4
2261.05	6598.37
2262	6598.26
2262.94	6595.95
2263.88	6593.05
2264.82	6588.28
2265.76	6584.4
2266.7	6581.58
2267.64	6580.38
2268.58	6581.3
2269.53	6582.42
2270.47	6582.53
2271.41	6580.07
2272.35	6576.09
2273.29	6573.07
2274.23	6572.59
2275.17	6572.55
2276.11	6571.69
2277.05	6570.27
2277.99	6568.05
2278.93	6565.54
2279.86	6559.16
2280.8	6550.52
2281.74	6546.88
2282.68	6545.03
2283.62	6545.17
2284.56	6547.42
2285.5	6548.12
2286.44	6544.49
2287.37	6538.69
2288.31	6534.21
2289.25	6531.56
2290.19	6530.4
2291.12	6531.48
2292.06	6536.62
2293	6545.94
2293.94	6549.42
2294.87	6545.98
2295.81	6534.62
2296.75	6522.42
2297.68	6510.26
2298.62	6499.49
2299.55	6492.64
2300.49	6489.31
2301.43	6488.28
2302.36	6485.17
2303.3	6477.64
2304.23	6470.05
2305.17	6463.62
2306.1	6457.78
2307.04	6452.27
2307.98	6447.3
2308.91	6444.14
2309.84	6439.73
2310.78	6426.31
2311.71	6418.43
2312.65	6418.33
2313.58	6416.2
2314.52	6410.29
2315.45	6401.09
2316.38	6387.96
2317.32	6369.91
2317.72	6361.65
2318.66	6346.77
2319.6	6332.29
2320.54	6318.83
2321.48	6305.18
2322.41	6306.53
2323.35	6313.33
2324.29	6322.97
2325.23	6338.71
2326.16	6345.28
2327.1	6349.21
2328.04	6343.44
2328.97	6326.33
2329.91	6303.97
2330.85	6288.01
2331.78	6276.69
2332.72	6269.97
2333.66	6266.53
2334.59	6265.54
2335.53	6266.26
2336.46	6268.93
2337.4	6270.8
2338.33	6263.78
2339.27	6259.47
2340.2	6255.65
2341.14	6251.48
2342.07	6246.59
2343.01	6237.74
2343.94	6228.09
2344.88	6215.73
2345.81	6205.59
2346.75	6198.63
2347.68	6194.55
2348.61	6195.09
2349.55	6195.61
2350.48	6188.26
2351.41	6173.73
2352.35	6161.38
2353.28	6156.85
2354.21	6151.91
2355.15	6152.79
2356.08	6153.44
2357.01	6153.13
2357.94	6153.73
2358.88	6152.85
2359.81	6151.8
2360.74	6150.6
2361.67	6149.05
2362.6	6147.23
2363.54	6145.03
2364.47	6142.66
2365.4	6139.55
2366.33	6133.42
2367.26	6123.93
2368.19	6106.11
2369.12	6094.54
2370.05	6090.67
2370.98	6089.12
2371.91	6090.34
2372.84	6103.26
2373.77	6107.31
2374.7	6104.59
2375.63	6071.08
2376.56	6060.62
2377.49	6055.22
2378.42	6055.68
2379.35	6054.77
2380.28	6051.33
2381.21	6048.77
2382.14	6046.58
2383.07	6044.72
2384	6042.92
2384.92	6041.71
2385.85	6040.36
2386.78	6038.72
2387.71	6036.66
2388.64	6033.27
2389.56	6028.88
2390.49	6023.74
2391.42	6017.71
2392.35	6010.9
2393.27	6002.87
2394.2	6006.34
2395.13	6002.73
2396.05	5996.78
2396.98	5991.71
2397.91	5987.32
2398.83	5985.42
2399.76	5984.14
2400.69	5983.63
2401.61	5983.43
2402.54	5983.06
2403.46	5982.1
2404.39	5973.15
2405.31	5962.58
2406.24	5966.22
2407.17	5969.24
2408.09	5971.64
2409.01	5965.77
2409.94	5942.53
2410.86	5932.18
2411.79	5929.99
2412.71	5925.91
2413.64	5920.21
2414.56	5913.44
2415.49	5904.73
2416.41	5895.15
2417.33	5880.72
2418.26	5866.14
2419.18	5850.81
2420.1	5837.63
2421.03	5865.36
2421.95	5890.06
2422.87	5887.43
2423.79	5872.68
2424.72	5863.02
2425.64	5858.07
2426.56	5856.9
2427.48	5860.88
2428.41	5851.13
2429.33	5839.78
2430.25	5827.12
2431.17	5813.31
2432.09	5798.64
2433.01	5783.25
2433.93	5767.45
2434.86	5757.72
2435.78	5754.74
2436.7	5756.43
2437.62	5760
2438.54	5760.2
2439.46	5756.2
2440.38	5749.93
2441.3	5741.63
2442.22	5731.59
2443.14	5719.35
2444.06	5705.56
2444.98	5690.83
2445.9	5676.43
2446.82	5670.17
2447.73	5677.65
2448.65	5676.62
2449.57	5678.34
2450.49	5672.79
2451.41	5661.99
2452.33	5650.05
2453.25	5637.32
2454.17	5624.34
2455.08	5614.87
2456	5612.09
2456.92	5609.43
2457.84	5609
2458.75	5611.33
2459.67	5613.82
2460.59	5610.92
2461.51	5606.2
2462.42	5598.6
2463.34	5590.22
2464.26	5585.43
2465.17	5581.97
2466.09	5579.36
2467	5577.13
2467.92	5574.26
2468.84	5571.05
2469.75	5566.73
2470.67	5560.39
2471.58	5554.11
2472.5	5548.45
2473.42	5544.22
2474.33	5541.65
2475.25	5540.06
2476.16	5539.64
2477.08	5539.97
2477.99	5541.13
2478.9	5541.1
2479.82	5531.83
2480.73	5521.06
2481.65	5507.13
2482.56	5498.56
2483.47	5487.76
2484.39	5482.24
2485.3	5477.15
2486.22	5474.67
2487.13	5473.01
2488.04	5471.37
2488.96	5467.96
2489.87	5451.56
2490.78	5446.98
2491.69	5448.99
2492.61	5453.28
2493.52	5454.43
2494.43	5455.31
2495.34	5456.58
2496.25	5457.09
2497.17	5456.9
2498.08	5455.96
2498.99	5454.19
2499.9	5451.62
2500.81	5448.01
2501.72	5443.67
2502.63	5438.39
2503.55	5432.28
2504.46	5425.41
2505.37	5417.82
2506.28	5410.43
2507.19	5403.31
2508.1	5397.35
2509.01	5393.39
2509.92	5391.73
2510.83	5391.88
2511.74	5391.46
2512.65	5391.48
2513.56	5390.67
2514.47	5389.41
2515.37	5386.66
2516.28	5385.12
2517.19	5384.02
2518.1	5383.81
2519.01	5385.79
2519.92	5389.25
2520.83	5394.26
2521.73	5397.04
2522.64	5386.89
2523.55	5367.96
2524.46	5352.73
2525.37	5340.3
2526.27	5330.59
2527.18	5324.88
2528.09	5320.05
2529	5316.46
2529.9	5314.96
2530.81	5314.44
2531.72	5314.8
2532.62	5315.54
2533.53	5316.46
2534.44	5317.57
2535.34	5317.85
2536.25	5315.7
2537.15	5314.35
2538.06	5308.43
2538.96	5298.94
2539.87	5286.56
2540.78	5273.75
2541.68	5262.01
2542.59	5250.65
2543.49	5242.32
2544.4	5234.62
2545.3	5230.75
2546.21	5228.06
2547.11	5226.25
2548.01	5223.76
2548.92	5220.72
2549.82	5217.04
2550.73	5212.95
2551.63	5209.03
2552.53	5204.73
2553.44	5201.26
2554.34	5198.83
2555.24	5196.95
2556.15	5188.7
2557.05	5179.1
2557.95	5172.73
2558.86	5166.95
2559.76	5160.67
2560.66	5152.91
2561.56	5145.19
2562.46	5137.62
2563.37	5128.7
2564.27	5119.12
2565.17	5109.14
2566.07	5102.91
2566.97	5107.36
2567.88	5100.49
2568.78	5088.46
2569.68	5072.18
2570.58	5072.56
2571.48	5078.42
2572.38	5085.97
2573.28	5099
2574.18	5107.24
2575.08	5080.15
2575.98	5066.42
2576.88	5057.92
2577.78	5045.74
2578.68	5034.59
2579.58	5026.05
2580.48	5019.66
2581.38	5015.81
2582.28	5014.21
2583.18	5013.25
2584.08	5015.04
2584.98	5016.07
2585.88	5011.51
2586.77	5002.8
2587.67	4992.09
2588.57	4980.65
2589.47	4973.2
2590.37	4966.64
2591.27	4961.58
2592.16	4958.33
2593.06	4956.51
2593.96	4956.19
2594.86	4957.2
2595.75	4959.81
2596.65	4961.67
2597.55	4946.59
2598.45	4939.3
2599.34	4932.98
2600.24	4929.15
2601.13	4925.59
2602.03	4924.25
2602.93	4918.79
2603.82	4912.95
2604.72	4906.49
2605.62	4900.02
2606.51	4892.26
2607.41	4885.39
2608.3	4879.56
2609.2	4876.36
2610.09	4874.87
2610.99	4861.97
2611.88	4851.01
2612.78	4841.7
2613.67	4833.41
2614.57	4829.04
2615.46	4824.91
2616.36	4821.42
2617.25	4818.12
2618.14	4815.03
2619.04	4812.06
2619.93	4809.07
2620.83	4806.3
2621.72	4803.75
2622.61	4801.38
2623.5	4799.23
2624.4	4797.33
2625.29	4795.7
2626.18	4794.33
2627.08	4793.18
2627.97	4792.51
2628.86	4791.8
2629.75	4787.82
2630.65	4776.25
2631.54	4768.95
2632.43	4760.67
2633.32	4787.26
2634.21	4760.38
2635.11	4742.02
2636	4732.28
2636.89	4725.36
2637.78	4714.06
2638.67	4703.28
2639.56	4693.66
2640.45	4685.48
2641.34	4678.42
2642.23	4672.62
2643.12	4668.04
2644.01	4664.19
2644.9	4658.43
2645.79	4652.22
2646.68	4645.42
2647.57	4638.33
2648.46	4629.99
2649.35	4621.02
2650.24	4612.29
2651.13	4604.09
2652.02	4595.3
2652.91	4586.96
2653.8	4578.62
2654.69	4573.2
2655.58	4586.05
2656.46	4592.17
2657.35	4602.65
2658.24	4611.59
2659.13	4606.62
2660.02	4600.7
2660.9	4586.67
2661.79	4568.73
2662.68	4561.01
2663.57	4560.69
2664.45	4560.92
2665.34	4558.32
2666.23	4550.98
2667.11	4540.88
2668	4520.92
2668.89	4509.42
2669.77	4500.27
2670.66	4498.95
2671.55	4506.24
2672.43	4512.25
2673.32	4525.87
2674.21	4539.02
2675.09	4546.74
2675.98	4543.9
2676.86	4532.66
2677.75	4522.7
2678.63	4511.7
2679.52	4515.9
2680.4	4512.41
2681.29	4508.06
2682.17	4502.07
2683.06	4490.07
2683.94	4479.41
2684.82	4469.27
2685.71	4459.97
2686.59	4450.96
2687.48	4446.08
2688.36	4438.71
2689.24	4428.91
2690.13	4422.12
2691.01	4416.33
2691.89	4413.87
2692.78	4422.57
2693.66	4421.19
2694.54	4413.17
2695.43	4402.19
2696.31	4389.85
2697.19	4368.59
2698.07	4356.01
2698.96	4345.59
2699.84	4336.06
2700.72	4330.98
2701.6	4331.22
2702.48	4332.17
2703.36	4331.67
2704.25	4331.22
2705.13	4331.28
2706.01	4330.54
2706.89	4329.57
2707.77	4327.81
2708.65	4325.14
2709.53	4321.1
2710.41	4314.6
2711.29	4308.49
2712.17	4300.91
2713.05	4294.69
2713.93	4292.84
2714.81	4294.39
2715.69	4300.2
2716.57	4297.45
2717.45	4293.28
2718.33	4282.45
2719.21	4272.87
2720.09	4266.5
2720.97	4256.46
2721.85	4250.58
2722.73	4251.24
2723.61	4253.4
2724.48	4254.33
2725.36	4251.45
2726.24	4242.39
2727.12	4237.07
2728	4232.88
2728.88	4228.97
2729.75	4226.17
2730.63	4225.29
2731.51	4225.53
2732.39	4226.75
2733.26	4228.2
2734.14	4223.39
2735.02	4211.31
2735.89	4199.21
2736.77	4186.56
2737.65	4183.1
2738.52	4185.15
2739.4	4184.28
2740.28	4188.2
2741.15	4192.12
2742.03	4191.32
2742.9	4184.46
2743.78	4168.36
2744.65	4151.69
2745.53	4145.11
2746.41	4152.5
2747.28	4173.42
2748.16	4144.76
2749.03	4140.61
2749.91	4134.98
2750.78	4128.89
2751.66	4121.83
2752.53	4114.78
2753.4	4108.72
2754.28	4103.05
2755.15	4097.69
2756.02	4092.88
2756.9	4088.68
2757.77	4089.19
2758.65	4096.24
2759.52	4102.43
2760.39	4106.47
2761.27	4109.2
2762.14	4100.63
2763.01	4094.23
2763.88	4085.05
2764.76	4075.84
2765.63	4069.2
2766.5	4064.31
2767.37	4061.44
2768.25	4060.17
2769.12	4060.23
2769.99	4061.67
2770.86	4048.01
2771.73	4030.11
2772.61	4009.63
2773.48	4033.83
2774.35	4037.04
2775.22	4032.54
2776.09	4028.62
2776.96	4024.71
2777.83	4021.38
2778.7	4018.96
2779.57	4016.57
2780.44	4014.08
2781.31	4011.13
2782.18	4008.05
2783.05	4004.59
2783.92	3998.23
2784.79	3986.11
2785.66	3977.04
2786.53	3970.06
2787.4	3971.03
2788.27	3974.47
2789.14	3987.93
2790.01	3973.69
2790.88	3969.88
2791.75	3965.92
2792.62	3962.95
2793.48	3963.01
2794.35	3962.97
2795.22	3961.66
2796.09	3959.88
2796.96	3958.53
2797.82	3956.62
2798.69	3952.37
2799.56	3943.28
2800.43	3924.94
2801.29	3912.78
2802.16	3904.07
2803.03	3897.26
2803.9	3908.35
2804.76	3910.31
2805.63	3909.69
2806.5	3905.4
2807.36	3896.98
2808.23	3884.54
2809.09	3872.73
2809.96	3862.34
2810.83	3856.57
2811.69	3856.44
2812.56	3857.52
2813.42	3860.46
2814.29	3863.69
2815.15	3868.15
2816.02	3871.34
2816.88	3871.16
2817.75	3869.23
2818.61	3863.81
2819.48	3856.63
2820.34	3847.79
2821.21	3836.57
2822.07	3827.95
2822.94	3827.39
2823.8	3824.63
2824.66	3818.8
2825.53	3807.48
2826.39	3792.05
2827.26	3785.33
2828.12	3782.87
2828.98	3796.95
2829.85	3807.61
2830.71	3836.44
2831.57	3814.69
2832.43	3782.96
2833.3	3770.91
2834.16	3767.3
2835.02	3768.71
2835.88	3767.58
2836.75	3764.52
2837.61	3758.79
2838.47	3754.44
2839.33	3737.96
2840.19	3721.58
2841.06	3717.83
2841.92	3718.8
2842.78	3726.43
2843.64	3736.85
2844.5	3740.82
2845.36	3739.82
2846.22	3729.98
2847.08	3724.37
2847.94	3722.19
2848.81	3723.53
2849.67	3726.37
2850.53	3728.53
2851.39	3730.57
2852.25	3736.93
2853.11	3730.45
2853.97	3721.42
2854.82	3709.65
2855.68	3696.68
2856.54	3684.84
2857.4	3676.67
2858.26	3665.95
2859.12	3665.32
2859.98	3672.73
2860.84	3692.54
2861.7	3697.34
2862.56	3687.39
2863.41	3668.59
2864.27	3674.13
2865.13	3671.57
2865.99	3670.2
2866.85	3669.14
2867.7	3669.57
2868.56	3669.51
2869.42	3666.77
2870.28	3661.99
2871.13	3654.45
2871.99	3645.24
2872.85	3637.25
2873.7	3626.77
2874.56	3623.37
2875.42	3619.56
2876.27	3616.67
2877.13	3613.84
2877.99	3609.42
2878.84	3601.69
2879.7	3588.37
2880.56	3584.06
2881.41	3600.54
2882.27	3601.99
2883.12	3601.5
2883.98	3593.83
2884.83	3583.52
2885.69	3572.41
2886.54	3563.84
2887.4	3559.7
2888.25	3554.59
2889.11	3551.46
2889.96	3548.91
2890.82	3546.6
2891.67	3543.35
2892.52	3534.01
2893.38	3526.81
2894.23	3528.73
2895.09	3537.31
2895.94	3545.65
2896.79	3549.96
2897.65	3541.77
2898.5	3533.2
2899.35	3529.4
2900.21	3527.9
2901.06	3521.93
2901.91	3516.8
2902.76	3506.39
2903.62	3495.14
2904.47	3475.29
2905.32	3460.84
2906.17	3453.86
2907.03	3447.81
2907.88	3449.06
2908.73	3456.68
2909.58	3459.66
2910.43	3464.04
2911.28	3457.01
2912.14	3451.05
2912.99	3445.25
2913.84	3446.95
2914.69	3448.37
2915.54	3449.32
2916.39	3451.41
2917.24	3451.18
2918.09	3449.46
2918.94	3447.54
2919.79	3444.64
2920.64	3441.25
2921.49	3436.97
2922.34	3431.34
2923.19	3424.15
2924.04	3412.68
2924.89	3404.21
2925.74	3399.01
2926.59	3396.33
2927.44	3395.98
2928.29	3395.87
2929.14	3394.29
2929.98	3392.7
2930.83	3390.32
2931.68	3387.16
2932.53	3382.95
2933.38	3377.74
2934.23	3371.37
2935.07	3363.87
2935.92	3354.66
2936.77	3344.43
2937.62	3334.19
2938.47	3325.08
2939.31	3320.14
2940.16	3320.9
2941.01	3324.18
2941.85	3330.57
2942.7	3327.32
2943.55	3320.86
2944.39	3313.89
2945.24	3309.05
2946.09	3306.66
2946.93	3304.07
2947.78	3302.16
2948.63	3301.21
2949.47	3299.66
2950.32	3297.69
2951.16	3295.01
2952.01	3291.88
2952.85	3289.32
2953.7	3287.52
2954.55	3285.22
2955.39	3282.76
2956.24	3280.4
2957.08	3277.56
2957.92	3273.44
2958.77	3268.44
2959.61	3263.7
2960.46	3259.69
2961.3	3256.38
2962.15	3254.75
2962.99	3253.08
2963.83	3252.02
2964.68	3248.47
2965.52	3243.93
2966.37	3233.68
2967.21	3224.97
2968.05	3217.52
2968.9	3210.8
2969.74	3205.09
2970.58	3200.39
2971.42	3197.83
2972.27	3198.17
2973.11	3205.26
2973.95	3214.63
2974.79	3224.17
2975.64	3230.44
2976.48	3234.89
2977.32	3233.07
2978.16	3221.58
2979	3205.71
2979.85	3193.26
2980.69	3187.06
2981.53	3182.93
2982.37	3178.87
2983.21	3179.96
2984.05	3177.77
2984.89	3172.91
2985.73	3167.19
2986.57	3162.06
2987.41	3157.38
2988.25	3153.31
2989.1	3149.86
2989.94	3146.29
2990.77	3145.28
2991.62	3144.56
2992.45	3146.15
2993.29	3148.42
2994.13	3151.95
2994.97	3156.31
2995.81	3148.9
2996.65	3140.25
2997.49	3131.82
2998.33	3117.38
2999.17	3118.92
