200.833	13181.2
202.102	13190.2
203.371	13155.4
204.639	13194.4
205.907	13202.3
207.175	13209.9
208.442	13215.6
209.71	13220.6
210.977	13226.5
212.244	13233.8
213.511	13243
214.777	13255.7
216.042	13270.6
217.309	13287
218.575	13305.2
219.84	13324.7
221.106	13345.3
222.371	13365.4
223.635	13386.8
224.9	13409.9
226.165	13435.3
227.429	13468.5
228.694	13503.6
229.956	13535.6
231.22	13567.2
232.484	13597.9
233.747	13627.9
235.011	13657.9
236.272	13686.5
237.535	13712.5
238.798	13730.2
240.06	13741.5
241.321	13754.7
242.583	13752.7
243.845	13746
245.105	13761.3
246.367	13790.3
247.628	13821.1
248.888	13843.7
250.149	13854.7
251.409	13856.6
252.67	13852.1
253.928	13854.4
255.189	13860.8
256.447	13871.4
257.707	13885.1
258.966	13902.4
260.224	13922.2
261.483	13945.1
262.742	13967.1
263.999	13979.2
265.257	13991.2
266.514	14002.6
267.772	14013.3
269.028	14023.2
270.286	14031.2
271.543	14038.5
272.799	14046.3
274.056	14061.5
275.311	14089.3
276.568	14118.8
277.823	14148.1
279.079	14170.4
280.333	14189.8
281.589	14205.9
282.843	14219.2
284.099	14229.1
285.352	14239.8
286.607	14253.5
287.86	14271
289.114	14292
290.368	14315
291.621	14340
292.875	14366.7
294.127	14393.8
295.38	14418.5
296.632	14427.5
297.884	14421.7
299.137	14428.4
300.388	14432.6
301.641	14437.1
302.891	14444.9
304.142	14443.3
305.394	14436
306.644	14421
307.894	14399.3
309.146	14435.5
310.395	14507.9
311.645	14502.7
312.895	14498.2
314.144	14489.2
315.393	14480
316.642	14497.7
317.892	14532.4
319.14	14574.1
320.388	14554.9
321.637	14547.3
322.885	14545.9
324.132	14552.8
325.38	14566.6
326.628	14590.4
327.875	14627.5
329.122	14667.9
330.368	14709.3
331.614	14749.7
332.862	14750.1
334.108	14727.9
335.353	14715.1
336.599	14730.7
337.844	14748.2
339.089	14764.2
340.335	14783.2
341.58	14805
342.824	14825.6
344.068	14843.6
345.312	14857.4
346.556	14868.7
347.8	14877.5
349.043	14883.2
350.286	14886.2
351.53	14886.4
352.774	14884.7
354.016	14883.6
355.259	14885.4
356.501	14889.3
357.743	14896.2
358.985	14902.2
360.227	14910.1
361.468	14912.2
362.709	14888.8
363.95	14876.9
365.191	14865.1
366.432	14861.5
367.672	14874.1
368.912	14898.1
370.152	14918.6
371.392	14935.6
372.632	14957.6
373.871	14961.3
375.11	14968.1
376.348	14975.3
377.587	14980.7
378.825	14998.9
380.064	15013.1
381.302	15025.6
382.54	15035.6
383.778	15045.8
385.016	15055.2
386.253	15064.4
387.489	15073.1
388.726	15081.1
389.963	15088.3
391.199	15095
392.436	15101.5
393.672	15108.6
394.907	15117.9
396.142	15127.9
397.378	15139.1
398.614	15151
399.849	15165.7
401.082	15181.1
402.317	15197.2
403.552	15212.7
404.786	15220.3
406.019	15229.2
407.253	15233.5
408.487	15235.9
409.721	15237.5
410.953	15238
412.186	15259.7
413.419	15282.7
414.651	15294.9
415.883	15301.9
417.116	15283.8
418.347	15271
419.579	15306.9
420.811	15318.9
422.041	15324.2
423.272	15331.9
424.504	15340.7
425.733	15332.8
426.964	15336
428.194	15341
429.424	15347.6
430.654	15357.6
431.883	15353.3
433.113	15344.4
434.341	15336.7
435.571	15345.1
436.799	15361.5
438.028	15364.8
439.257	15376.8
440.484	15372
441.713	15367.4
442.94	15362.5
444.168	15352.4
445.394	15362.2
446.622	15380.6
447.848	15401.5
449.076	15421.3
450.301	15437.8
451.528	15448.5
452.754	15459.9
453.979	15470.7
455.205	15480.9
456.43	15489.7
457.656	15497
458.88	15502.7
460.106	15505.6
461.33	15507.3
462.554	15504.6
463.779	15505.3
465.002	15516.3
466.225	15532.4
467.45	15553.3
468.672	15570.5
469.895	15580.6
471.119	15581.7
472.341	15573.9
473.563	15544.4
474.786	15517.6
476.008	15498.8
477.229	15488.1
478.452	15490.2
479.673	15497.9
480.894	15502.6
482.115	15501.8
483.337	15476.9
484.557	15470.4
485.777	15462.6
486.997	15458.6
488.218	15463.7
489.438	15472.5
490.657	15483.2
491.876	15495.7
493.096	15509.4
494.315	15516.3
495.533	15519.8
496.752	15510.4
497.97	15498.3
499.188	15488.3
500.407	15480.3
501.625	15474.9
502.842	15477.3
504.059	15481.7
505.276	15491
506.493	15502.7
507.71	15517.8
508.926	15535.3
510.142	15555.7
511.358	15574.1
512.575	15588
513.791	15595.9
515.006	15598.1
516.222	15599.1
517.437	15601.9
518.651	15606.7
519.866	15612.9
521.081	15620.4
522.295	15630.3
523.509	15641.9
524.723	15654.8
525.937	15669.6
527.15	15683.8
528.363	15687.5
529.576	15679.8
530.789	15674.2
532.002	15670.4
533.215	15662.8
534.426	15664.6
535.638	15674.1
536.85	15689.7
538.061	15707.7
539.273	15728.1
540.484	15724.4
541.695	15722.2
542.906	15712
544.117	15717.3
545.327	15713.8
546.537	15724.6
547.747	15738.1
548.957	15749.3
550.167	15761.3
551.377	15752.8
552.585	15741.7
553.794	15732
555.003	15722.5
556.212	15713.4
557.421	15715.1
558.628	15734.1
559.836	15753.3
561.044	15757.4
562.252	15750.3
563.458	15726.4
564.666	15709
565.873	15697.3
567.08	15690
568.286	15687.8
569.493	15717.6
570.699	15733
571.904	15753.3
573.111	15741.2
574.317	15740.1
575.521	15741
576.727	15743
577.932	15746
579.136	15751.2
580.341	15766.5
581.544	15784
582.749	15784.6
583.954	15785.7
585.156	15785.5
586.361	15775.2
587.563	15765.7
588.767	15769.3
589.97	15779.2
591.172	15791.6
592.375	15800.4
593.577	15805.5
594.78	15806.9
595.981	15804.9
597.183	15800.1
598.384	15792.4
599.586	15781.5
600.786	15768.9
601.988	15761.8
603.188	15771.6
604.389	15787.5
605.589	15805.3
606.79	15811.8
607.989	15815.4
609.188	15814.1
610.389	15806.1
611.587	15793.8
612.787	15777.2
613.986	15757
615.184	15736
616.383	15715.1
617.581	15704.8
618.78	15687.5
619.977	15666.8
621.174	15646.7
622.373	15614.5
623.57	15601
624.766	15587.8
625.964	15585.2
627.16	15594.9
628.356	15613.1
629.554	15620.4
630.749	15616.7
631.945	15596.7
633.14	15569.7
634.337	15558.6
635.532	15549.7
636.726	15541.8
637.921	15542.2
639.117	15556.8
640.311	15568.5
641.505	15577.9
642.699	15584.4
643.892	15582.1
645.087	15579.9
646.28	15577.4
647.473	15571.8
648.666	15565.4
649.859	15568.5
651.051	15576.3
652.245	15631.8
653.437	15631.5
654.629	15625.8
655.821	15620
657.012	15615.4
658.204	15612.2
659.395	15610
660.586	15606.9
661.777	15605
662.967	15604.6
664.158	15606
665.349	15620.9
666.539	15635
667.729	15650.9
668.919	15671.8
670.109	15685.7
671.298	15694.2
672.487	15703
673.676	15705.8
674.865	15701.3
676.053	15692.1
677.242	15679
678.43	15663
679.616	15657.2
680.804	15665.9
681.992	15672.5
683.179	15677.8
684.366	15680.9
685.554	15681.1
686.74	15677
687.927	15669.4
689.114	15662.5
690.3	15655.4
691.486	15654
692.671	15648.5
693.856	15635.1
695.042	15620.4
696.227	15604.9
697.413	15589.7
698.598	15575.9
699.781	15563.8
700.966	15556
702.15	15547
703.334	15538.2
704.518	15530.8
705.701	15518.8
706.885	15505.2
708.068	15494.6
709.252	15487.3
710.433	15491.8
711.616	15498.4
712.799	15512.6
713.98	15524.4
715.163	15536.7
716.345	15545.3
717.527	15546.6
718.707	15541.9
719.889	15530.4
721.071	15512.9
722.25	15504.1
723.432	15504.8
724.611	15501.3
725.792	15511.7
726.972	15527.7
728.151	15540.9
729.332	15530.6
730.512	15517.1
731.69	15507.4
732.87	15500.2
734.048	15495.7
735.227	15494.1
736.405	15494.7
737.584	15511.5
738.761	15544.9
739.94	15571.3
741.117	15590.1
742.295	15603.3
743.471	15601.5
744.649	15594.2
745.825	15579.1
747.003	15562.6
748.179	15548.2
749.356	15544.4
750.531	15547.2
751.708	15553.4
752.883	15563.1
754.059	15577.8
755.234	15589.9
756.409	15592.3
757.585	15581.3
758.759	15568.1
759.934	15544.5
761.108	15534.7
762.282	15524.4
763.456	15519.3
764.63	15517.1
765.803	15518.3
766.977	15521.9
768.15	15527.6
769.323	15535.4
770.496	15520.4
771.668	15501.9
772.841	15490.1
774.014	15474.1
775.185	15479.9
776.357	15486.8
777.528	15492.7
778.701	15499.5
779.872	15491.8
781.042	15464.2
782.213	15425.2
783.383	15389
784.555	15370.8
785.725	15360.9
786.895	15367.8
788.064	15372.6
789.234	15377.9
790.404	15388.8
791.573	15376.5
792.742	15345.3
793.911	15321.4
795.08	15298.1
796.248	15285.7
797.416	15286.9
798.584	15289.7
799.753	15295.6
800.921	15304.9
802.088	15309.6
803.256	15317.9
804.423	15285.8
805.59	15245.3
806.756	15235.6
807.923	15249.9
809.089	15277.6
810.256	15293.2
811.422	15322.1
812.587	15335.3
813.753	15318.8
814.918	15301.2
816.084	15288.1
817.249	15281.7
818.414	15284.3
819.578	15293.6
820.743	15301.5
821.907	15310.5
823.072	15315.2
824.236	15314.5
825.399	15304.7
826.562	15292.2
827.725	15286
828.889	15282.4
830.052	15289.5
831.215	15313.5
832.377	15330.5
833.54	15338.9
834.701	15339.7
835.863	15334.1
837.025	15319.9
838.187	15310.8
839.349	15308.3
840.51	15311.8
841.67	15320.2
842.831	15335.6
843.992	15344.9
845.153	15345.9
846.312	15339.5
847.473	15324.5
848.633	15302.7
849.793	15282.5
850.951	15259.7
852.111	15253.6
853.27	15250.5
854.428	15254.8
855.588	15255.7
856.747	15251.2
857.904	15242.5
859.063	15228
860.221	15209.9
861.378	15178.6
862.536	15153.3
863.694	15133.5
864.85	15115.3
866.008	15101.7
867.164	15093.6
868.321	15089.3
869.478	15088.5
870.633	15089
871.79	15089.4
872.945	15082.2
874.101	15071.7
875.256	15058.3
876.412	15042.7
877.566	15025.7
878.722	15007.3
879.876	14987
881.031	14965.4
882.185	14943.8
883.34	14924.1
884.493	14909
885.647	14899.2
886.8	14904
887.954	14912.5
889.107	14924.8
890.261	14941.1
891.413	14942
892.565	14942.9
893.718	14940
894.87	14934.2
896.023	14928.5
897.174	14918.9
898.326	14920.5
899.478	14921.4
900.629	14924
901.779	14928.7
902.931	14936.4
904.081	14944.5
905.231	14952.4
906.383	14958.2
907.532	14962
908.682	14965.4
909.831	14967.3
910.982	14967.8
912.131	14967
913.28	14964.2
914.429	14959.7
915.578	14952.6
916.727	14945.9
917.875	14937.4
919.023	14929.4
920.171	14921.7
921.32	14914.7
922.467	14913.7
923.614	14918.4
924.761	14928.5
925.908	14941.1
927.055	14945
928.203	14956.6
929.349	14956.9
930.496	14935.7
931.642	14913.6
932.787	14897.8
933.933	14881.6
935.079	14871.3
936.224	14866.5
937.369	14862.9
938.514	14860.9
939.659	14860.2
940.804	14861.2
941.948	14862.5
943.092	14861.9
944.236	14860.9
945.38	14854.8
946.524	14845.6
947.667	14827.6
948.811	14816.5
949.954	14804.4
951.097	14795.9
952.24	14788.8
953.383	14783.9
954.525	14779.1
955.667	14772.7
956.81	14765.4
957.952	14750.7
959.093	14736.6
960.235	14722.4
961.376	14704.2
962.516	14698.6
963.658	14705.6
964.798	14708.2
965.939	14707.4
967.08	14712.4
968.22	14710.6
969.359	14704.8
970.499	14684.2
971.639	14663.1
972.779	14642.6
973.918	14623.4
975.056	14623.1
976.195	14645.6
977.334	14638.5
978.473	14625.4
979.61	14617.8
980.749	14609.4
981.887	14602.9
983.024	14603.8
984.162	14609.5
985.3	14612.3
986.437	14615.8
987.573	14622.2
988.711	14629
989.848	14637.1
990.983	14646
992.12	14655.1
993.255	14662.4
994.392	14662.8
995.528	14659.8
996.662	14651.3
997.798	14640.8
998.933	14643.6
1000.07	14650.4
1001.2	14654.4
1002.34	14659.9
1003.47	14642.9
1004.61	14625.5
1005.74	14614.9
1006.87	14610
1008.01	14610.9
1009.14	14612.1
1010.27	14623.9
1011.41	14637.1
1012.54	14650.4
1013.67	14657.6
1014.81	14643.8
1015.94	14637.6
1017.07	14630.2
1018.2	14621.2
1019.33	14610.4
1020.47	14597.4
1021.6	14583.4
1022.73	14569.7
1023.86	14557.6
1024.99	14547.3
1026.12	14541.3
1027.25	14546.1
1028.38	14536.5
1029.51	14525.8
1030.64	14515.9
1031.77	14500.6
1032.9	14471.6
1034.03	14446.9
1035.16	14431.1
1036.29	14424
1037.42	14425.6
1038.55	14442.5
1039.67	14441.1
1040.8	14434
1041.93	14426
1043.06	14413.4
1044.19	14399
1045.31	14384.7
1046.44	14378.8
1047.57	14370.1
1048.69	14358
1049.82	14342.4
1050.95	14323.1
1052.08	14300.7
1053.2	14275.7
1054.33	14260.7
1055.45	14206.7
1056.58	14269.6
1057.7	14331.9
1058.83	14315.1
1059.95	14286.6
1061.08	14300.1
1062.2	14292.2
1063.33	14280.6
1064.45	14262.9
1065.58	14247
1066.7	14235.1
1067.83	14225.9
1068.95	14217.4
1070.07	14213.5
1071.2	14211.8
1072.32	14213.5
1073.44	14211.7
1074.56	14209
1075.69	14185.3
1076.81	14170.1
1077.93	14169.6
1079.05	14176.7
1080.17	14181.9
1081.3	14185.8
1082.42	14188.3
1083.54	14189.8
1084.66	14190.3
1085.78	14190
1086.9	14188.7
1088.02	14185.7
1089.14	14192.9
1090.26	14199.4
1091.38	14209.8
1092.5	14218.4
1093.62	14226.5
1094.74	14234.4
1095.86	14237.8
1096.98	14238.5
1098.1	14235.4
1099.22	14229.9
1100.34	14214.5
1101.45	14199.5
1102.57	14184.5
1103.69	14178.2
1104.81	14191.9
1105.93	14203.6
1107.04	14212.9
1108.16	14220.3
1109.28	14226.7
1110.4	14204.1
1111.51	14171.5
1112.63	14137.6
1113.75	14114.1
1114.86	14107.7
1115.98	14092.2
1117.09	14143.9
1118.21	14130.8
1119.32	14117.2
1120.44	14096
1121.55	14071.1
1122.67	14042.5
1123.78	14017.7
1124.9	14005.1
1126.01	14011.2
1127.13	14007.4
1128.24	14002.1
1129.35	13993
1130.47	13971.7
1131.58	13949.5
1132.7	13927.8
1133.81	13907.3
1134.92	13888.8
1136.03	13871.4
1137.15	13855.4
1138.26	13840.8
1139.37	13827.6
1140.48	13816
1141.59	13805.9
1142.71	13796.9
1143.82	13790.2
1144.93	13785.6
1146.04	13783.8
1147.15	13773.9
1148.26	13758.4
1149.37	13740.5
1150.48	13732.3
1151.59	13720.3
1152.7	13708.9
1153.81	13699.6
1154.92	13693.4
1156.03	13691.7
1157.14	13692.1
1158.25	13693
1159.36	13693.2
1160.47	13688.7
1161.58	13683.8
1162.68	13679.3
1163.79	13675.1
1164.9	13671.6
1166.01	13674
1167.12	13679
1168.22	13687.5
1169.33	13696.3
1170.44	13699.4
1171.55	13694.5
1172.65	13678.7
1173.76	13653
1174.87	13632.4
1175.97	13621.2
1177.08	13632.6
1178.18	13640.1
1179.29	13652
1180.4	13661.7
1181.5	13668.1
1182.61	13670
1183.71	13668.2
1184.82	13664.1
1185.92	13657.7
1187.02	13649.3
1188.13	13640.2
1189.23	13629.4
1190.34	13618.8
1191.44	13609.9
1192.54	13610.5
1193.65	13634.2
1194.75	13661.1
1195.85	13694.2
1196.96	13658.4
1198.06	13627.9
1199.16	13612.8
1200.26	13605.7
1201.37	13604.2
1202.47	13604.6
1203.57	13607.4
1204.67	13613.4
1205.77	13622.8
1206.87	13634.4
1207.97	13637.9
1209.08	13614
1210.18	13584
1211.28	13588.8
1212.38	13591.7
1213.48	13594.1
1214.58	13596
1215.68	13597.9
1216.78	13599.5
1217.88	13601.2
1218.98	13602.5
1220.07	13604.5
1221.17	13606.4
1222.27	13609.3
1223.37	13609.3
1224.47	13587.3
1225.57	13554.2
1226.66	13525.2
1227.76	13506.8
1228.86	13496.8
1229.96	13493.5
1231.06	13497
1232.15	13501
1233.25	13496.8
1234.35	13479.4
1235.44	13454.4
1236.54	13425.5
1237.63	13398.1
1238.73	13384.3
1239.83	13373.1
1240.92	13365.4
1242.02	13359.4
1243.11	13355.1
1244.21	13351.7
1245.3	13351.1
1246.4	13351.9
1247.49	13354.1
1248.59	13356.7
1249.68	13354.3
1250.78	13340.6
1251.87	13322.8
1252.96	13311.7
1254.06	13303.2
1255.15	13297.4
1256.24	13296
1257.34	13298.4
1258.43	13304.2
1259.52	13313.5
1260.62	13311.7
1261.71	13301.4
1262.8	13290.8
1263.89	13266.9
1264.98	13243.6
1266.08	13228.8
1267.17	13221.3
1268.26	13221.7
1269.35	13238.3
1270.44	13255
1271.53	13260.3
1272.62	13270.8
1273.71	13269.2
1274.8	13253.5
1275.89	13247.4
1276.98	13244.3
1278.07	13243.6
1279.16	13245.2
1280.25	13249.2
1281.34	13255.9
1282.43	13265.4
1283.52	13281.1
1284.61	13292.7
1285.69	13291.3
1286.78	13294.1
1287.87	13295.6
1288.96	13296.3
1290.05	13298.4
1291.13	13301.5
1292.22	13304.9
1293.31	13308.5
1294.4	13311.6
1295.48	13314.5
1296.57	13310.6
1297.66	13301.7
1298.74	13294.2
1299.83	13287
1300.92	13280
1302	13274
1303.09	13267.9
1304.17	13264.1
1305.26	13260.7
1306.34	13254.2
1307.43	13250.7
1308.51	13242.6
1309.6	13234.5
1310.68	13226.6
1311.76	13217.7
1312.85	13209.7
1313.93	13202.8
1315.02	13199.5
1316.1	13206.2
1317.18	13218.1
1318.27	13206
1319.35	13188.5
1320.43	13171
1321.52	13160.9
1322.6	13156.5
1323.68	13156.9
1324.76	13159.3
1325.85	13151.5
1326.93	13143.1
1328.01	13129.5
1329.09	13108.8
1330.17	13090.1
1331.25	13077
1332.33	13070.6
1333.41	13071.8
1334.49	13080.5
1335.58	13087.1
1336.65	13087.5
1337.74	13081.6
1338.82	13068.8
1339.89	13060.7
1340.97	13047
1342.05	13033.6
1343.13	13024.1
1344.21	13018.3
1345.29	13012.5
1346.37	13007.5
1347.45	13007.2
1348.53	13005.3
1349.6	13004.6
1350.68	13002.8
1351.76	13000.9
1352.84	12999.5
1353.92	12999.9
1354.99	12999.7
1356.07	13001.4
1357.15	13005.7
1358.22	13010.4
1359.3	13012.7
1360.38	13010.8
1361.45	13010.7
1362.53	13007
1363.61	13007.9
1364.68	13006.4
1365.76	13001.3
1366.83	12990.4
1367.91	12977.3
1368.98	12968.1
1370.06	12960.3
1371.13	12953.6
1372.21	12948
1373.28	12944
1374.35	12942.7
1375.43	12944.9
1376.5	12946.5
1377.58	12942.6
1378.65	12926
1379.72	12905
1380.8	12891.1
1381.87	12890.9
1382.94	12890.5
1384.01	12897.1
1385.09	12910.1
1386.16	12918.5
1387.23	12913.1
1388.3	12897.8
1389.38	12878.1
1390.45	12860.3
1391.52	12842.2
1392.59	12838.8
1393.66	12837.4
1393.92	12836.1
1395	12847.1
1396.07	12871.8
1397.15	12880.5
1398.22	12874.8
1399.3	12858.8
1400.38	12835.9
1401.45	12819.5
1402.53	12808.9
1403.6	12804.3
1404.68	12799.9
1405.75	12800.1
1406.82	12804.9
1407.9	12808.6
1408.97	12808.7
1410.05	12801.8
1411.12	12796.1
1412.19	12788.6
1413.27	12782.6
1414.34	12774.5
1415.41	12764.5
1416.49	12753.2
1417.56	12740.9
1418.63	12726.8
1419.7	12722.2
1420.78	12733.7
1421.85	12733.6
1422.92	12726
1423.99	12711.5
1425.06	12686.1
1426.14	12668.4
1427.21	12685.6
1428.28	12714.1
1429.35	12720.9
1430.42	12712.8
1431.49	12697
1432.56	12671
1433.63	12657.6
1434.7	12641.7
1435.77	12626.5
1436.84	12612.2
1437.91	12599.3
1438.98	12587.3
1440.05	12572.8
1441.12	12561.7
1442.18	12584.6
1443.25	12610
1444.32	12630.9
1445.39	12635.9
1446.46	12636
1447.53	12635.2
1448.59	12632.8
1449.66	12628.6
1450.73	12622.5
1451.8	12618.5
1452.86	12612.2
1453.93	12607.5
1455	12601
1456.06	12590.5
1457.13	12573
1458.2	12553.6
1459.26	12556.6
1460.33	12567
1461.39	12570.6
1462.46	12578.6
1463.52	12587.6
1464.59	12598.3
1465.65	12609.5
1466.72	12614.9
1467.78	12613.6
1468.85	12582.9
1469.91	12547.4
1470.98	12532.5
1472.04	12531.4
1473.1	12545.6
1474.17	12552.6
1475.23	12554
1476.3	12552.5
1477.36	12548.9
1478.42	12539.1
1479.48	12532
1480.55	12523.6
1481.61	12515.6
1482.67	12507.8
1483.73	12501.7
1484.8	12497.3
1485.86	12494.5
1486.92	12493
1487.98	12493.2
1489.04	12494.6
1490.1	12498.5
1491.17	12494
1492.23	12458.8
1493.29	12432.5
1494.35	12415.5
1495.41	12480.5
1496.47	12475.6
1497.53	12455.8
1498.59	12445.6
1499.65	12439
1500.71	12435.4
1501.77	12431
1502.83	12430.7
1503.88	12428
1504.94	12421.5
1506	12412.3
1507.06	12398.9
1508.12	12383.8
1509.18	12368.2
1510.23	12352.3
1511.29	12338.7
1512.35	12326.2
1513.41	12315
1514.47	12305.4
1515.52	12297.7
1516.58	12291.6
1517.64	12287.1
1518.69	12283.7
1519.75	12281.8
1520.81	12280
1521.86	12278.9
1522.92	12277.1
1523.97	12275.1
1525.03	12273.1
1526.08	12268.2
1527.14	12256.5
1528.2	12231.8
1529.25	12214.6
1530.31	12197.9
1531.36	12186.3
1532.42	12185.1
1533.47	12191.6
1534.52	12208
1535.58	12216.6
1536.63	12211.7
1537.69	12202.4
1538.74	12194.4
1539.79	12186.4
1540.84	12179.8
1541.9	12175.7
1542.95	12171.3
1544	12166
1545.06	12158.5
1546.11	12150.7
1547.16	12140.5
1548.21	12132
1549.27	12130.6
1550.32	12129.8
1551.37	12132
1552.42	12135.1
1553.47	12141.6
1554.52	12150.2
1555.57	12154.9
1556.62	12155.7
1557.67	12140.3
1558.72	12131.2
1559.77	12120
1560.82	12109.7
1561.87	12101.5
1562.92	12100.7
1563.97	12116.1
1565.02	12161.7
1566.07	12180.3
1567.12	12183.6
1568.17	12141.8
1569.22	12112.2
1570.27	12084.6
1571.32	12069.2
1572.36	12092.3
1573.41	12097.3
1574.46	12102.2
1575.51	12102.4
1576.56	12073.2
1577.6	12065.5
1578.65	12062.8
1579.7	12056.1
1580.74	12049.9
1581.79	12045.3
1582.84	12045.4
1583.88	12049.4
1584.93	12054.6
1585.98	12056.9
1587.02	12045.8
1588.07	12033.4
1589.11	12021.7
1590.16	12010.7
1591.2	11996.4
1592.25	11991.4
1593.29	11991.7
1594.34	11990
1595.38	11988.6
1596.43	11985.8
1597.47	11981.2
1598.52	11975.8
1599.56	11969.2
1600.6	11961.3
1601.65	11951.8
1602.69	11940.1
1603.73	11920.8
1604.78	11895.2
1605.82	11876.5
1606.86	11859.9
1607.91	11852.2
1608.95	11843
1609.99	11835.6
1611.03	11829.7
1612.08	11820.1
1613.12	11812.3
1614.16	11806.2
1615.2	11801.4
1616.24	11798.4
1617.28	11798.4
1618.32	11802.7
1619.36	11792.4
1620.41	11780.9
1621.45	11758.9
1622.49	11738.9
1623.53	11724.7
1624.57	11716.7
1625.61	11709.7
1626.65	11700.4
1627.69	11687.1
1628.73	11669.2
1629.76	11652.1
1630.8	11641.3
1631.84	11634
1632.88	11634.3
1633.92	11635.2
1634.96	11635.5
1636	11633.1
1637.03	11629.8
1638.07	11626.3
1639.11	11621.9
1640.15	11616.4
1641.19	11612.5
1642.22	11606.9
1643.26	11600.1
1644.3	11591.1
1645.33	11578
1646.37	11556
1647.41	11532
1648.44	11502.8
1649.48	11610.5
1650.52	11572.1
1651.55	11558.5
1652.59	11551.3
1653.62	11525.3
1654.66	11526.2
1655.69	11525.8
1656.73	11528.6
1657.76	11520.7
1658.8	11511.6
1659.83	11502
1660.87	11488.8
1661.9	11482.7
1662.93	11477.2
1663.97	11474.3
1665	11473
1666.04	11475.1
1667.07	11476.6
1668.1	11476.7
1669.14	11472.4
1670.17	11460.2
1671.2	11442.4
1672.23	11420.5
1673.27	11400
1674.3	11388.5
1675.33	11383.7
1676.36	11383.1
1677.39	11388
1678.43	11396.2
1679.46	11408
1680.49	11413.7
1681.52	11409.1
1682.55	11402.3
1683.58	11395.8
1684.61	11390.8
1685.64	11384.8
1686.67	11377.1
1687.7	11367.1
1688.73	11354.8
1689.76	11337.2
1690.79	11311.2
1691.82	11297.1
1692.85	11289.2
1693.88	11294.5
1694.91	11297.5
1695.94	11298.3
1696.97	11296.5
1698	11291.7
1699.02	11284.3
1700.05	11273.1
1701.08	11259.8
1702.11	11250.4
1703.14	11243.6
1704.16	11237.6
1705.19	11233
1706.22	11230.7
1707.25	11229.8
1708.27	11230.9
1709.3	11233.5
1710.33	11236.9
1711.35	11240.8
1712.38	11239.5
1713.41	11240.2
1714.43	11238.3
1715.46	11233.4
1716.48	11223.5
1717.51	11208.4
1718.53	11187.5
1719.56	11163
1720.58	11142.8
1721.61	11124.8
1722.63	11108.3
1723.66	11095.6
1724.68	11085.3
1725.71	11077.6
1726.73	11072.4
1727.75	11069.6
1728.78	11069.3
1729.8	11069.3
1730.83	11066.8
1731.85	11067.2
1732.87	11053.8
1733.89	11035
1734.92	11018.4
1735.94	11004.1
1736.96	10992.1
1737.98	10982.1
1739.01	10973.6
1740.03	10966.6
1741.05	10961
1742.07	10956.8
1743.09	10953.1
1744.12	10951.2
1745.14	10950.1
1746.16	10949.7
1747.18	10950.3
1748.2	10947.2
1749.22	10939.7
1750.24	10919.4
1751.26	10908.6
1752.28	10898.7
1753.3	10887.5
1754.32	10877.2
1755.34	10867.6
1756.36	10858.7
1757.38	10850.8
1758.4	10844.9
1759.42	10839.7
1760.44	10833.9
1761.45	10828
1762.47	10821.8
1763.49	10815.8
1764.51	10809.9
1765.53	10804.3
1766.55	10798.9
1767.56	10794.6
1768.58	10790.6
1769.6	10788
1770.61	10786.4
1771.63	10784.2
1772.65	10781
1773.67	10776.1
1774.68	10770
1775.7	10762.4
1776.72	10751.7
1777.73	10740.7
1778.75	10729.7
1779.76	10718.7
1780.78	10707.5
1781.79	10696.3
1782.81	10685
1783.83	10673.8
1784.84	10662.8
1785.85	10652.3
1786.87	10647.6
1787.88	10660
1788.9	10671.4
1789.91	10675.9
1790.93	10673.3
1791.94	10667.7
1792.95	10650.5
1793.97	10640.8
1794.98	10632.1
1796	10623.8
1797.01	10617.3
1798.02	10612.4
1799.03	10609.2
1800.05	10606.5
1801.06	10588.4
1802.07	10568.6
1803.08	10550.1
1804.1	10530.3
1805.11	10511
1806.12	10507
1807.13	10506.3
1808.14	10503.1
1809.15	10497.9
1810.17	10489.3
1811.18	10477.5
1812.19	10462.5
1813.2	10433.5
1814.21	10413.9
1815.22	10401.8
1816.23	10401
1817.24	10424
1818.25	10443.4
1819.26	10428.3
1820.27	10409.9
1821.28	10389.6
1822.29	10369
1823.3	10347.9
1824.3	10363.3
1825.31	10356.5
1826.32	10341.5
1827.33	10331.1
1828.34	10313.6
1829.35	10306.6
1830.35	10306.3
1831.36	10305.3
1832.37	10303.8
1833.38	10302
1834.38	10301.2
1835.39	10298.2
1836.4	10285
1837.41	10276.7
1838.41	10268.3
1839.42	10258.3
1840.43	10249.5
1841.43	10239
1842.44	10231.1
1843.44	10227.7
1844.45	10232
1845.46	10246.5
1846.46	10244.1
1847.47	10231.3
1848.47	10196.9
1849.48	10176.7
1850.48	10161
1851.49	10156.8
1852.49	10155.5
1853.49	10154.4
1854.5	10152.4
1855.5	10148.8
1856.51	10141.9
1857.51	10134.3
1858.51	10125.2
1859.52	10115.5
1860.52	10105.6
1861.52	10096.6
1862.53	10087.9
1863.53	10079.5
1864.53	10071.3
1865.54	10063.3
1866.54	10055.5
1867.54	10048.1
1868.54	10039.9
1869.54	10028.4
1870.55	10013
1871.55	9999.68
1872.55	9987.77
1873.55	9977.14
1874.55	9968.27
1875.55	9961.71
1876.55	9957.06
1877.55	9953.13
1878.55	9949.53
1879.55	9943.22
1880.56	9935.17
1881.55	9926.28
1882.56	9917.8
1883.55	9906.27
1884.55	9902.07
1885.55	9897.2
1886.55	9893.26
1887.55	9890.42
1888.55	9888.08
1889.55	9886.81
1890.55	9885.87
1891.55	9884.87
1892.55	9883.65
1893.54	9882.11
1894.54	9879.74
1895.54	9874.37
1896.54	9865.59
1897.54	9847.21
1898.53	9822.47
1899.53	9796.78
1900.53	9777.33
1901.52	9773.74
1902.52	9771.96
1903.52	9782.36
1904.51	9804.21
1905.51	9805.23
1906.51	9811.99
1907.5	9765.39
1908.5	9724.98
1909.49	9700.81
1910.49	9689.39
1911.49	9711.18
1912.48	9724.16
1913.48	9720
1914.47	9714.3
1915.46	9704.13
1916.46	9690.74
1917.45	9674.67
1918.45	9655.04
1919.44	9639.82
1920.44	9622.24
1921.43	9604.51
1922.43	9584.55
1923.42	9563.05
1924.41	9564.44
1925.41	9562.59
1926.4	9641.61
1927.39	9591.32
1928.38	9561.24
1929.38	9546.64
1930.37	9539.57
1931.36	9537.23
1932.35	9535.65
1933.35	9539.03
1934.34	9532.07
1935.33	9521.62
1936.32	9507.66
1937.31	9490.34
1938.3	9470.04
1939.29	9446.43
1940.29	9427.56
1941.28	9423.02
1942.27	9428.27
1943.26	9436.13
1944.25	9440.75
1945.24	9450.07
1946.23	9440.47
1947.22	9426.68
1948.21	9410.32
1949.2	9393.53
1950.19	9375.78
1951.18	9359.85
1952.17	9344.3
1953.16	9328.86
1954.14	9314.18
1955.13	9300.21
1956.12	9286.94
1957.11	9274.71
1958.1	9263.51
1959.09	9274.58
1960.07	9294.18
1961.06	9302.91
1962.05	9301.57
1963.04	9270.52
1964.02	9240.14
1965.01	9282.6
1966	9269.7
1966.99	9250.15
1967.97	9237.93
1968.96	9225.64
1969.95	9219.77
1970.93	9212.86
1971.92	9205.38
1972.9	9197.45
1973.89	9189.2
1974.88	9180.56
1975.86	9170.76
1976.85	9161.44
1977.83	9152.46
1978.82	9145.03
1979.8	9139.74
1980.79	9135.89
1981.77	9133.66
1982.76	9132.77
1983.74	9132.72
1984.72	9134.61
1985.71	9122.27
1986.69	9104.6
1987.67	9083.07
1988.66	9063.02
1989.64	9051.88
1990.62	9048.98
1991.61	9048.24
1992.59	9045.28
1993.57	9039.99
1994.56	9033.8
1995.54	9025.43
1996.52	9015.43
1997.5	9003.76
1998.49	8990.11
1999.47	8975.25
2000.45	8965.3
2001.43	8965.84
2002.41	8970.4
2003.39	8978.74
2004.38	8988.14
2005.36	8988.67
2006.34	8982.5
2007.32	8975.21
2008.3	8966.48
2009.28	8955.39
2010.26	8942.81
2011.24	8928.47
2012.22	8913.38
2013.2	8892.12
2014.18	8865.63
2015.16	8832.72
2016.14	8794.53
2017.12	8843.63
2018.1	8828.48
2019.07	8823.26
2020.05	8821.12
2021.03	8822.2
2022.01	8828.96
2022.99	8833.1
2023.97	8842.81
2024.95	8842.73
2025.92	8834.97
2026.9	8823.86
2027.88	8807.99
2028.86	8792.14
2029.83	8769.28
2030.81	8753.85
2031.79	8750.21
2032.76	8740.98
2033.74	8727.2
2034.72	8697.54
2035.69	8675.5
2036.67	8660.64
2037.65	8660.07
2038.62	8664
2039.6	8662.15
2040.57	8659.45
2041.55	8655.16
2042.52	8648.86
2043.5	8640.06
2044.47	8630.01
2045.45	8618.87
2046.42	8609.4
2047.4	8605.36
2048.37	8587.99
2049.35	8563.54
2050.32	8541.75
2051.29	8529.5
2052.27	8529.69
2053.24	8527.92
2054.21	8534.65
2055.19	8536.03
2056.16	8543.77
2057.13	8533.62
2058.11	8509.1
2059.08	8485.03
2060.05	8462.21
2061.02	8477.79
2062	8488.47
2062.97	8483.66
2063.94	8475.52
2064.91	8473.2
2065.89	8459.64
2066.86	8445.37
2067.83	8427.08
2068.8	8409.87
2069.77	8372.22
2070.74	8335.11
2071.71	8332.67
2072.68	8347.94
2073.65	8364.17
2074.62	8383.18
2075.59	8383.49
2076.56	8359.03
2077.53	8332.58
2078.5	8305.83
2079.47	8284.2
2080.44	8268.37
2081.41	8257.99
2082.38	8249.74
2083.35	8249.57
2084.32	8252.13
2085.29	8256.05
2086.26	8260.74
2087.23	8253.19
2088.19	8244.42
2089.16	8233.56
2090.13	8220.64
2091.1	8203.75
2092.07	8188.01
2093.03	8184.21
2094	8186.94
2094.97	8184.67
2095.94	8189.02
2096.9	8185.38
2097.87	8176.75
2098.84	8160.74
2099.8	8145.89
2100.77	8135.34
2101.74	8126.13
2102.7	8117.51
2103.67	8108
2104.63	8097.85
2105.6	8087.06
2106.56	8075.61
2107.53	8062.48
2108.49	8044.35
2109.46	8031.61
2110.42	8022.89
2111.39	8029.08
2112.35	8040.48
2113.32	8048.88
2114.28	8060.97
2115.25	8006.29
2116.21	7989.93
2117.17	7980.51
2118.14	7975.68
2119.1	7974.06
2120.07	7967.47
2121.03	7961.63
2121.99	7956.56
2122.96	7952.74
2123.92	7949.5
2124.88	7946.99
2125.84	7945.33
2126.81	7944.36
2127.77	7944.08
2128.73	7943.92
2129.69	7933.59
2130.65	7915.13
2131.62	7901.66
2132.58	7892.22
2133.54	7885.54
2134.5	7877.76
2135.46	7867.9
2136.42	7857.9
2137.38	7847.03
2138.34	7835.32
2139.3	7822.91
2140.26	7809.64
2141.22	7796.71
2142.18	7789.03
2143.14	7786.85
2144.1	7790.17
2145.06	7787.46
2146.02	7787.78
2146.98	7792.63
2147.94	7784.63
2148.9	7769.78
2149.86	7747.69
2150.82	7722.06
2151.78	7704.01
2152.74	7688.48
2153.69	7686.93
2154.65	7688.35
2155.61	7704.81
2156.57	7715.47
2157.53	7710.92
2158.48	7703.63
2159.44	7694.12
2160.4	7683.79
2161.36	7672.73
2162.31	7661.13
2163.27	7648.65
2164.23	7635.02
2165.18	7620.29
2166.14	7603.94
2167.1	7586.94
2168.05	7571.92
2169.01	7558.46
2169.96	7548.01
2170.92	7534.39
2171.88	7521.65
2172.83	7509.36
2173.79	7497.79
2174.74	7486.86
2175.7	7476.6
2176.65	7467.83
2177.6	7458.65
2178.56	7444.79
2179.51	7427.01
2180.47	7404.64
2181.42	7393.53
2182.38	7390.84
2183.33	7385.4
2184.28	7386.94
2185.24	7386.64
2186.19	7383.29
2187.14	7376.36
2188.1	7355.84
2189.05	7327.96
2190	7308.13
2190.96	7304.02
2191.91	7351.29
2192.86	7331.45
2193.81	7321.33
2194.76	7306.4
2195.72	7293.26
2196.67	7272.23
2197.62	7262.43
2198.57	7256.47
2199.52	7253.11
2200.47	7251.33
2201.43	7239.12
2202.38	7227.05
2203.33	7213.75
2204.28	7198.71
2205.23	7182.64
2206.18	7164.52
2207.13	7165.91
2208.08	7168.11
2209.03	7185.93
2209.98	7193.17
2210.93	7183.04
2211.88	7160.88
2212.83	7137.13
2213.78	7120.43
2214.73	7104.39
2215.67	7090.47
2216.62	7080.66
2217.57	7073.12
2218.52	7068.57
2219.47	7066.54
2220.42	7066.75
2221.37	7067.76
2222.31	7066.95
2223.26	7067.63
2224.21	7070.54
2225.16	7074.86
2226.1	7080.66
2227.05	7066.4
2228	7055.38
2228.94	7044
2229.89	7031.15
2230.84	7020.54
2231.78	7015.23
2232.73	7011.41
2233.68	7005.95
2234.62	7000.99
2235.57	6995.82
2236.51	6990.96
2237.46	6986.58
2238.41	6982.94
2239.35	6978.57
2240.3	6973.92
2241.24	6971.15
2242.19	6968.93
2243.13	6968.73
2244.07	6968.92
2245.02	6968.88
2245.96	6969.63
2246.91	6967.2
2247.85	6966.58
2248.8	6966.34
2249.74	6966.18
2250.68	6963.39
2251.63	6959.35
2252.57	6962.19
2253.51	6966.91
2254.46	6963.7
2255.4	6956.68
2256.34	6948.84
2257.28	6941.62
2258.23	6931.95
2259.17	6921.11
2260.11	6909.1
2261.05	6899.28
2262	6897.68
2262.94	6897.83
2263.88	6892.55
2264.82	6887.42
2265.76	6882.52
2266.7	6876.91
2267.64	6870.89
2268.58	6867.85
2269.53	6868.63
2270.47	6873.25
2271.41	6878.52
2272.35	6881.02
2273.29	6882.37
2274.23	6875.58
2275.17	6865.77
2276.11	6855.99
2277.05	6846.54
2277.99	6834.66
2278.93	6839.96
2279.86	6842.67
2280.8	6848.4
2281.74	6850.37
2282.68	6853.36
2283.62	6849.73
2284.56	6843.79
2285.5	6836.89
2286.44	6830.61
2287.37	6825.27
2288.31	6820.9
2289.25	6817.49
2290.19	6815.06
2291.12	6813.64
2292.06	6813.15
2293	6813.69
2293.94	6815.32
2294.87	6818.44
2295.81	6820.68
2296.75	6820.37
2297.68	6814.03
2298.62	6798.49
2299.55	6782.17
2300.49	6769.19
2301.43	6758.6
2302.36	6752.92
2303.3	6747.05
2304.23	6740.73
2305.17	6734.39
2306.1	6727.74
2307.04	6721.57
2307.98	6716.22
2308.91	6711.16
2309.84	6707.03
2310.78	6704.08
2311.71	6704.31
2312.65	6705.57
2313.58	6706.64
2314.52	6706.43
2315.45	6702.26
2316.38	6695.28
2317.32	6683.6
2317.72	6677.12
2318.66	6665.78
2319.6	6659.41
2320.54	6653.1
2321.48	6646.72
2322.41	6640.39
2323.35	6634.32
2324.29	6628.23
2325.23	6623.8
2326.16	6622.5
2327.1	6619.4
2328.04	6616.08
2328.97	6612.28
2329.91	6607.34
2330.85	6601.64
2331.78	6595.5
2332.72	6588.39
2333.66	6580.75
2334.59	6572.15
2335.53	6562.24
2336.46	6550.32
2337.4	6537.14
2338.33	6523.71
2339.27	6509.38
2340.2	6500.97
2341.14	6497.84
2342.07	6498.32
2343.01	6495.43
2343.94	6490.87
2344.88	6486.22
2345.81	6477.48
2346.75	6467.69
2347.68	6457.81
2348.61	6448.78
2349.55	6442.53
2350.48	6437.97
2351.41	6437.99
2352.35	6439.36
2353.28	6442.61
2354.21	6447.29
2355.15	6450.88
2356.08	6452.61
2357.01	6453.05
2357.94	6451.08
2358.88	6445.68
2359.81	6437.9
2360.74	6422.91
2361.67	6404.48
2362.6	6391.52
2363.54	6382.01
2364.47	6405.68
2365.4	6413.29
2366.33	6422.05
2367.26	6418.47
2368.19	6411.38
2369.12	6400.18
2370.05	6385.35
2370.98	6364.34
2371.91	6346.93
2372.84	6330.88
2373.77	6337.24
2374.7	6345.93
2375.63	6338.63
2376.56	6330.36
2377.49	6319.52
2378.42	6325.95
2379.35	6337.12
2380.28	6347.82
2381.21	6354.37
2382.14	6349.24
2383.07	6346.41
2384	6342.35
2384.92	6334.54
2385.85	6326.83
2386.78	6315.63
2387.71	6303.98
2388.64	6292.26
2389.56	6287.94
2390.49	6289.44
2391.42	6290.96
2392.35	6289.88
2393.27	6283.61
2394.2	6266.62
2395.13	6252.81
2396.05	6239.53
2396.98	6229
2397.91	6223.7
2398.83	6220.88
2399.76	6221.52
2400.69	6225.39
2401.61	6231.92
2402.54	6241.93
2403.46	6243.94
2404.39	6246.25
2405.31	6234.2
2406.24	6214.66
2407.17	6192.25
2408.09	6169.14
2409.01	6154.61
2409.94	6153.72
2410.86	6154.61
2411.79	6158.22
2412.71	6167.62
2413.64	6177.07
2414.56	6175.06
2415.49	6170.03
2416.41	6164.86
2417.33	6158.64
2418.26	6150.28
2419.18	6141.76
2420.1	6138.73
2421.03	6135.28
2421.95	6132.67
2422.87	6124.4
2423.79	6115
2424.72	6100.62
2425.64	6090.23
2426.56	6085.34
2427.48	6100.73
2428.41	6101.95
2429.33	6098.24
2430.25	6084.51
2431.17	6069.99
2432.09	6057.68
2433.01	6043.37
2433.93	6027.62
2434.86	6014.13
2435.78	6006.62
2436.7	6006.9
2437.62	6007.09
2438.54	6006.5
2439.46	6001.64
2440.38	5993.3
2441.3	5981.53
2442.22	5970.08
2443.14	5963.61
2444.06	5958.18
2444.98	5954.16
2445.9	5951.78
2446.82	5950.44
2447.73	5949.94
2448.65	5947.33
2449.57	5939.93
2450.49	5935.73
2451.41	5931.6
2452.33	5927.76
2453.25	5924.06
2454.17	5921.52
2455.08	5918.99
2456	5918.05
2456.92	5914.49
2457.84	5899.1
2458.75	5888.24
2459.67	5877
2460.59	5863.84
2461.51	5849.92
2462.42	5840.18
2463.34	5831.09
2464.26	5833.27
2465.17	5834.54
2466.09	5837.28
2467	5836.61
2467.92	5831.11
2468.84	5821.16
2469.75	5803.17
2470.67	5786.21
2471.58	5781.37
2472.5	5775.65
2473.42	5775.59
2474.33	5777.56
2475.25	5782.32
2476.16	5776.19
2477.08	5768.05
2477.99	5755.95
2478.9	5763.76
2479.82	5773.59
2480.73	5781.25
2481.65	5779.74
2482.56	5782.06
2483.47	5777.37
2484.39	5742.03
2485.3	5714.65
2486.22	5686.57
2487.13	5679.68
2488.04	5689.66
2488.96	5693.59
2489.87	5697.83
2490.78	5701.15
2491.69	5704.56
2492.61	5696.14
2493.52	5682.83
2494.43	5679.89
2495.34	5679.68
2496.25	5685.71
2497.17	5687.56
2498.08	5684.85
2498.99	5680.91
2499.9	5676.97
2500.81	5672.6
2501.72	5668.58
2502.63	5665.51
2503.55	5663.71
2504.46	5663.94
2505.37	5665.01
2506.28	5667.07
2507.19	5669.32
2508.1	5671.2
2509.01	5667.81
2509.92	5639.58
2510.83	5618.79
2511.74	5604.67
2512.65	5599.29
2513.56	5611.62
2514.47	5604.82
2515.37	5602.49
2516.28	5599.63
2517.19	5598.17
2518.1	5597.9
2519.01	5599.59
2519.92	5602.39
2520.83	5608.7
2521.73	5609.44
2522.64	5604.17
2523.55	5592.91
2524.46	5575.44
2525.37	5551.95
2526.27	5532.95
2527.18	5520.62
2528.09	5521.28
2529	5522
2529.9	5528.71
2530.81	5540.4
2531.72	5554.74
2532.62	5561.13
2533.53	5556.58
2534.44	5543.62
2535.34	5529.7
2536.25	5516.23
2537.15	5502.52
2538.06	5494.91
2538.96	5489.58
2539.87	5493.59
2540.78	5507.1
2541.68	5515.06
2542.59	5516.4
2543.49	5515.69
2544.4	5510.93
2545.3	5503.28
2546.21	5493.47
2547.11	5481.76
2548.01	5469.68
2548.92	5460.54
2549.82	5450.38
2550.73	5439.34
2551.63	5427.92
2552.53	5416.75
2553.44	5406.32
2554.34	5396.87
2555.24	5390.4
2556.15	5385.89
2557.05	5388.47
2557.95	5390.11
2558.86	5389.66
2559.76	5393.75
2560.66	5385.07
2561.56	5373.59
2562.46	5359.28
2563.37	5348.76
2564.27	5340.06
2565.17	5332.73
2566.07	5326.35
2566.97	5320.96
2567.88	5316.79
2568.78	5313.84
2569.68	5311.85
2570.58	5310.01
2571.48	5306.52
2572.38	5300.4
2573.28	5286.7
2574.18	5274.39
2575.08	5260.9
2575.98	5247.07
2576.88	5233.88
2577.78	5232.62
2578.68	5231.63
2579.58	5233.91
2580.48	5239.44
2581.38	5241.24
2582.28	5248.64
2583.18	5249.88
2584.08	5243.87
2584.98	5230.28
2585.88	5210.28
2586.77	5197.56
2587.67	5181.18
2588.57	5176.26
2589.47	5175.82
2590.37	5180.07
2591.27	5188.12
2592.16	5208.48
2593.06	5220.83
2593.96	5212.87
2594.86	5191.53
2595.75	5160.26
2596.65	5130.27
2597.55	5135.97
2598.45	5136.2
2599.34	5135.84
2600.24	5134.5
2601.13	5131.69
2602.03	5127.69
2602.93	5121.39
2603.82	5114.41
2604.72	5106.92
2605.62	5099.77
2606.51	5097.72
2607.41	5100.49
2608.3	5104.37
2609.2	5102.88
2610.09	5102.79
2610.99	5094.13
2611.88	5077.99
2612.78	5062.01
2613.67	5050.13
2614.57	5039.83
2615.46	5032.72
2616.36	5028.22
2617.25	5026.4
2618.14	5026.86
2619.04	5029.65
2619.93	5033.73
2620.83	5030.3
2621.72	5031.34
2622.61	5027.93
2623.5	5014.43
2624.4	4997.89
2625.29	4983.51
2626.18	4977.15
2627.08	4972.47
2627.97	4976.96
2628.86	4974.51
2629.75	4969.8
2630.65	4966.25
2631.54	4958.51
2632.43	4952.73
2633.32	4946.58
2634.21	4942.84
2635.11	4940.19
2636	4936.73
2636.89	4932.66
2637.78	4928.07
2638.67	4923.26
2639.56	4918.11
2640.45	4913.97
2641.34	4909.56
2642.23	4906.96
2643.12	4906.52
2644.01	4907.69
2644.9	4908.3
2645.79	4907.17
2646.68	4903.1
2647.57	4895
2648.46	4886.5
2649.35	4874.68
2650.24	4860.43
2651.13	4845.63
2652.02	4833.1
2652.91	4821.09
2653.8	4811.55
2654.69	4803.2
2655.58	4796.48
2656.46	4791.31
2657.35	4787.76
2658.24	4785.98
2659.13	4785.92
2660.02	4773.05
2660.9	4761.13
2661.79	4750.79
2662.68	4743.69
2663.57	4742.31
2664.45	4746.57
2665.34	4758.8
2666.23	4761.82
2667.11	4762.73
2668	4763.8
2668.89	4761.22
2669.77	4760.64
2670.66	4758
2671.55	4753.44
2672.43	4746.86
2673.32	4739.19
2674.21	4727.27
2675.09	4708.38
2675.98	4694.68
2676.86	4683.72
2677.75	4684.23
2678.63	4691.79
2679.52	4704.61
2680.4	4692.95
2681.29	4673.19
2682.17	4651.53
2683.06	4644.93
2683.94	4653.92
2684.82	4644.73
2685.71	4633.37
2686.59	4619.42
2687.48	4606.7
2688.36	4594.87
2689.24	4585.45
2690.13	4579.99
2691.01	4576.54
2691.89	4575.65
2692.78	4577.25
2693.66	4580.85
2694.54	4587.19
2695.43	4588.47
2696.31	4575.22
2697.19	4560.08
2698.07	4543.48
2698.96	4524.41
2699.84	4514.35
2700.72	4507.69
2701.6	4515.52
2702.48	4516.55
2703.36	4513.31
2704.25	4502.36
2705.13	4495.56
2706.01	4493.45
2706.89	4492.67
2707.77	4490.88
2708.65	4492.66
2709.53	4494.38
2710.41	4490.34
2711.29	4483.67
2712.17	4473.95
2713.05	4463.07
2713.93	4459.41
2714.81	4454.43
2715.69	4451.71
2716.57	4449.37
2717.45	4448.29
2718.33	4447.2
2719.21	4443.44
2720.09	4437.83
2720.97	4424.56
2721.85	4419.51
2722.73	4421.31
2723.61	4420.76
2724.48	4423.59
2725.36	4424.26
2726.24	4424.06
2727.12	4423.39
2728	4421.67
2728.88	4418.74
2729.75	4414.68
2730.63	4409.05
2731.51	4402.53
2732.39	4395.23
2733.26	4387.81
2734.14	4380.08
2735.02	4371.97
2735.89	4365.39
2736.77	4360.54
2737.65	4376.05
2738.52	4386.08
2739.4	4407.48
2740.28	4349.45
2741.15	4341.79
2742.03	4339.48
2742.9	4350.37
2743.78	4359.58
2744.65	4364.58
2745.53	4344.52
2746.41	4331.58
2747.28	4322.23
2748.16	4314.14
2749.03	4307.88
2749.91	4303.73
2750.78	4302.03
2751.66	4302.43
2752.53	4303.71
2753.4	4305.3
2754.28	4305.97
2755.15	4302.68
2756.02	4299.87
2756.9	4291.46
2757.77	4283.86
2758.65	4281.79
2759.52	4276.55
2760.39	4276.45
2761.27	4267.29
2762.14	4258.48
2763.01	4253.02
2763.88	4248.15
2764.76	4244.86
2765.63	4240.61
2766.5	4235.2
2767.37	4228.67
2768.25	4222.01
2769.12	4214.32
2769.99	4205.52
2770.86	4199.46
2771.73	4197.98
2772.61	4201.41
2773.48	4199.64
2774.35	4198.03
2775.22	4195.38
2776.09	4192.06
2776.96	4187.93
2777.83	4182.84
2778.7	4177.05
2779.57	4170.96
2780.44	4165.29
2781.31	4160.53
2782.18	4158.99
2783.05	4153.27
2783.92	4156.9
2784.79	4161.77
2785.66	4174.78
2786.53	4161.63
2787.4	4138.94
2788.27	4103.24
2789.14	4094.34
2790.01	4080.94
2790.88	4122.47
2791.75	4111.17
2792.62	4107.65
2793.48	4104.88
2794.35	4106.31
2795.22	4108.62
2796.09	4108.64
2796.96	4106.34
2797.82	4102.7
2798.69	4097.23
2799.56	4089.7
2800.43	4080.41
2801.29	4069.22
2802.16	4056.71
2803.03	4052.83
2803.9	4053.14
2804.76	4054.16
2805.63	4054.42
2806.5	4055.12
2807.36	4056.99
2808.23	4054.4
2809.09	4046.13
2809.96	4032.59
2810.83	4009.65
2811.69	3993.02
2812.56	3979.56
2813.42	3975.75
2814.29	3993.67
2815.15	4000.12
2816.02	4005.35
2816.88	4002.05
2817.75	4001.87
2818.61	4002.31
2819.48	4000.67
2820.34	3997.77
2821.21	3994.25
2822.07	3990.34
2822.94	3986.05
2823.8	3981.43
2824.66	3976.61
2825.53	3971.53
2826.39	3966.33
2827.26	3960.79
2828.12	3955.06
2828.98	3948.74
2829.85	3941.8
2830.71	3935.77
2831.57	3931.15
2832.43	3928.97
2833.3	3926.01
2834.16	3924.09
2835.02	3920.63
2835.88	3915.07
2836.75	3909.47
2837.61	3903.96
2838.47	3899.23
2839.33	3895.32
2840.19	3893.42
2841.06	3891.3
2841.92	3889.83
2842.78	3888.83
2843.64	3888.23
2844.5	3887.89
2845.36	3888
2846.22	3888.46
2847.08	3889.3
2847.94	3890.39
2848.81	3890.38
2849.67	3891.35
2850.53	3880.4
2851.39	3865.69
2852.25	3853.31
2853.11	3844.74
2853.97	3855.76
2854.82	3883.55
2855.68	3861.58
2856.54	3842.46
2857.4	3832.04
2858.26	3825.87
2859.12	3830.63
2859.98	3836.39
2860.84	3842.92
2861.7	3846.2
2862.56	3847.89
2863.41	3843.43
2864.27	3837.24
2865.13	3828.82
2865.99	3818.42
2866.85	3805.94
2867.7	3794.7
2868.56	3782.1
2869.42	3771.86
2870.28	3770.54
2871.13	3772.73
2871.99	3777.53
2872.85	3773.22
2873.7	3768.86
2874.56	3762.83
2875.42	3756.37
2876.27	3751.16
2877.13	3746.58
2877.99	3752.23
2878.84	3759.46
2879.7	3754.87
2880.56	3743.28
2881.41	3734.17
2882.27	3727
2883.12	3722.77
2883.98	3718.84
2884.83	3719.11
2885.69	3719.36
2886.54	3720.43
2887.4	3720.06
2888.25	3717.79
2889.11	3714.96
2889.96	3711.27
2890.82	3706.87
2891.67	3701.58
2892.52	3695.62
2893.38	3688.58
2894.23	3681.03
2895.09	3673.04
2895.94	3665.34
2896.79	3661.39
2897.65	3658.97
2898.5	3657.72
2899.35	3657.12
2900.21	3657.94
2901.06	3657.7
2901.91	3652.99
2902.76	3642.51
2903.62	3637.04
2904.47	3630.99
2905.32	3625.69
2906.17	3625.86
2907.03	3622.17
2907.88	3618.55
2908.73	3615.06
2909.58	3611.25
2910.43	3606.58
2911.28	3601.12
2912.14	3599.27
2912.99	3596.89
2913.84	3594.41
2914.69	3591.78
2915.54	3588.82
2916.39	3585.29
2917.24	3580.8
2918.09	3575.72
2918.94	3569.6
2919.79	3564.49
2920.64	3562.91
2921.49	3567.58
2922.34	3567.24
2923.19	3564.6
2924.04	3561.25
2924.89	3552.47
2925.74	3542.86
2926.59	3532.51
2927.44	3525.94
2928.29	3522.3
2929.14	3522.34
2929.98	3517.95
2930.83	3512.68
2931.68	3507.35
2932.53	3498.85
2933.38	3490.11
2934.23	3480.25
2935.07	3469.66
2935.92	3462.93
2936.77	3459.06
2937.62	3458.29
2938.47	3460.03
2939.31	3463.4
2940.16	3469.54
2941.01	3470.61
2941.85	3465.74
2942.7	3458.82
2943.55	3454.51
2944.39	3451.59
2945.24	3449.9
2946.09	3449.07
2946.93	3449.14
2947.78	3450.26
2948.63	3452.36
2949.47	3455.02
2950.32	3453.24
2951.16	3438.3
2952.01	3419.05
2952.85	3403.25
2953.7	3396.31
2954.55	3390.76
2955.39	3394.99
2956.24	3403.19
2957.08	3406.94
2957.92	3413.66
2958.77	3414.77
2959.61	3406.76
2960.46	3396.41
2961.3	3386.25
2962.15	3376.52
2962.99	3368.1
2963.83	3361.45
2964.68	3355.85
2965.52	3354.25
2966.37	3358.92
2967.21	3358.5
2968.05	3357.63
2968.9	3357.52
2969.74	3358.96
2970.58	3347.84
2971.42	3327.49
2972.27	3319.48
2973.11	3313.53
2973.95	3331.37
2974.79	3338.8
2975.64	3334.26
2976.48	3329.76
2977.32	3325.33
2978.16	3320.47
2979	3315.92
2979.85	3311.93
2980.69	3311.15
2981.53	3301.52
2982.37	3290.22
2983.21	3283.19
2984.05	3277.19
2984.89	3276.2
2985.73	3274.69
2986.57	3274.18
2987.41	3276.77
2988.25	3279.02
2989.1	3275.26
2989.94	3265.79
2990.77	3258.73
2991.62	3256.88
2992.45	3256.41
2993.29	3257.24
2994.13	3259.64
2994.97	3263.9
2995.81	3269.84
2996.65	3277.96
2997.49	3277.97
2998.33	3270.12
2999.17	3237.14
