200.833	11648.5
202.102	11725.9
203.371	11658.2
204.639	11644.9
205.907	11643
207.175	11653
208.442	11681.6
209.71	11710.1
210.977	11692.4
212.244	11700.9
213.511	11651.2
214.777	11670.1
216.042	11687.4
217.309	11722.3
218.575	11753.5
219.84	11784.1
221.106	11812.1
222.371	11838
223.635	11855.5
224.9	11875.8
226.165	11894.1
227.429	11915.1
228.694	11939.9
229.956	11970
231.22	12004
232.484	12040.5
233.747	12077.6
235.011	12115.1
236.272	12136.1
237.535	12155
238.798	12157
240.06	12166.1
241.321	12181.6
242.583	12199.4
243.845	12227.5
245.105	12255.2
246.367	12288.2
247.628	12302.3
248.888	12308.3
250.149	12304.4
251.409	12299.1
252.67	12298.8
253.928	12298.6
255.189	12301.7
256.447	12311.1
257.707	12327.1
258.966	12342.7
260.224	12357.7
261.483	12371.6
262.742	12384.1
263.999	12387.7
265.257	12391.6
266.514	12379.9
267.772	12381.8
269.028	12390.8
270.286	12411.3
271.543	12437.6
272.799	12466.4
274.056	12500.9
275.311	12528.5
276.568	12529.8
277.823	12535.6
279.079	12545.5
280.333	12558.9
281.589	12575.2
282.843	12594.1
284.099	12610.2
285.352	12629.9
286.607	12650.6
287.86	12673.5
289.114	12695.9
290.368	12735.6
291.621	12726
292.875	12737.6
294.127	12757.2
295.38	12770.6
296.632	12779.4
297.884	12788.6
299.137	12797.7
300.388	12807.8
301.641	12817.2
302.891	12825.1
304.142	12831.7
305.394	12836.9
306.644	12841
307.894	12842.9
309.146	12842.4
310.395	12841.9
311.645	12842.9
312.895	12847.8
314.144	12858.1
315.393	12870.7
316.642	12885.8
317.892	12902.7
319.14	12921.1
320.388	12940.7
321.637	12961.9
322.885	12981.2
324.132	12993.8
325.38	13003.1
326.628	13009.2
327.875	13013
329.122	13029.8
330.368	13045.2
331.614	13073.8
332.862	13093.6
334.108	13103.2
335.353	13100.7
336.599	13087.8
337.844	13086.7
339.089	13096.1
340.335	13109.5
341.58	13132.3
342.824	13151.7
344.068	13161.7
345.312	13172.9
346.556	13181.7
347.8	13194.5
349.043	13210.5
350.286	13223.5
351.53	13237.3
352.774	13233.1
354.016	13233.4
355.259	13226.9
356.501	13213.8
357.743	13215.2
358.985	13223
360.227	13228.9
361.468	13224.1
362.709	13219.2
363.95	13218.4
365.191	13219.3
366.432	13221.8
367.672	13229.3
368.912	13250.7
370.152	13272.6
371.392	13289.8
372.632	13299.6
373.871	13302.4
375.11	13298.4
376.348	13288.3
377.587	13272.1
378.825	13294.5
380.064	13342.9
381.302	13395.2
382.54	13410.8
383.778	13408.4
385.016	13418.9
386.253	13429.9
387.489	13442.6
388.726	13453.4
389.963	13468
391.199	13480.1
392.436	13489
393.672	13494.4
394.907	13490.2
396.142	13490.6
397.378	13491.4
398.614	13490.7
399.849	13490.2
401.082	13491.9
402.317	13499.7
403.552	13513
404.786	13532
406.019	13562.8
407.253	13587.9
408.487	13602.5
409.721	13604.4
410.953	13608.5
412.186	13612.1
413.419	13620.9
414.651	13627.2
415.883	13628.8
417.116	13627.6
418.347	13624.6
419.579	13619.1
420.811	13611.3
422.041	13605.8
423.272	13609.6
424.504	13618.1
425.733	13644.5
426.964	13669.7
428.194	13693.6
429.424	13721.1
430.654	13763.3
431.883	13697.1
433.113	13694.1
434.341	13696.1
435.571	13699.1
436.799	13703.3
438.028	13708.5
439.257	13714.4
440.484	13721.9
441.713	13730.4
442.94	13741.4
444.168	13750.7
445.394	13746.2
446.622	13740.1
447.848	13731
449.076	13730.9
450.301	13734
451.528	13739.1
452.754	13746.1
453.979	13755.2
455.205	13765.9
456.43	13778.4
457.656	13787.5
458.88	13795.6
460.106	13796.5
461.33	13802.8
462.554	13811.6
463.779	13819.3
465.002	13828.2
466.225	13834.7
467.45	13837.1
468.672	13830.7
469.895	13829.1
471.119	13829.2
472.341	13827
473.563	13837.7
474.786	13837.1
476.008	13824
477.229	13813.2
478.452	13796.4
479.673	13783.7
480.894	13782
482.115	13788.6
483.337	13800.3
484.557	13819.2
485.777	13834.5
486.997	13828.4
488.218	13816.6
489.438	13803.8
490.657	13789.6
491.876	13775.7
493.096	13761.4
494.315	13752.7
495.533	13765.2
496.752	13774.3
497.97	13787.4
499.188	13800.4
500.407	13811.8
501.625	13819.9
502.842	13816.6
504.059	13810.5
505.276	13802.7
506.493	13786.1
507.71	13874.5
508.926	13862.6
510.142	13850.8
511.358	13839
512.575	13827.2
513.791	13836.7
515.006	13850.3
516.222	13871.4
517.437	13907.3
518.651	13892.3
519.866	13905
521.081	13916.9
522.295	13929.5
523.509	13941.2
524.723	13953.2
525.937	13958
527.15	13959.9
528.363	13963.2
529.576	13967.9
530.789	13973.6
532.002	13980.2
533.215	13987.8
534.426	13996.5
535.638	14006.1
536.85	14016.7
538.061	14026.9
539.273	14027.8
540.484	14018.7
541.695	14009.8
542.906	14000.8
544.117	13993.1
545.327	13986.6
546.537	13981.5
547.747	13978.3
548.957	13977.2
550.167	13977.9
551.377	13980.6
552.585	13989.2
553.794	14002.4
555.003	14021.3
556.212	14041.1
557.421	14053.4
558.628	14053.1
559.836	14051.5
561.044	14046.9
562.252	14038.3
563.458	14030.3
564.666	14025.3
565.873	14037.9
567.08	14052.8
568.286	14069.3
569.493	14084.4
570.699	14094.3
571.904	14101.8
573.111	14099.1
574.317	14083.5
575.521	14055.8
576.727	14016.6
577.932	14002.9
579.136	13999.9
580.341	14009.5
581.544	14059.7
582.749	14113.1
583.954	14122.7
585.156	14111.5
586.361	14087.4
587.563	14070.1
588.767	14074.7
589.97	14080.8
591.172	14088
592.375	14098
593.577	14107.9
594.78	14115.6
595.981	14117.8
597.183	14114.6
598.384	14104.9
599.586	14088.5
600.786	14078.6
601.988	14071.7
603.188	14066.4
604.389	14061
605.589	14057.4
606.79	14054.9
607.989	14054.4
609.188	14055.2
610.389	14058
611.587	14058.6
612.787	14052.1
613.986	14041.6
615.184	14033.2
616.383	14024
617.581	14015.4
618.78	14022.2
619.977	14014.5
621.174	14000.1
622.373	13971.3
623.57	13956.6
624.766	13946.8
625.964	13944.5
627.16	13945.4
628.356	13944.7
629.554	13944.6
630.749	13944.2
631.945	13942.5
633.14	13939.7
634.337	13934.7
635.532	13926.4
636.726	13915.7
637.921	13913.2
639.117	13920.7
640.311	13922.9
641.505	13915.1
642.699	13914.3
643.892	13917.1
645.087	13922.6
646.28	13930.3
647.473	13947.3
648.666	13958.1
649.859	13967.4
651.051	13974.8
652.245	13975.5
653.437	13968.7
654.629	13960.9
655.821	13950.9
657.012	13943.6
658.204	13939.8
659.395	13956
660.586	13977.2
661.777	13993.9
662.967	14004.2
664.158	14009.5
665.349	14009.4
666.539	14005.6
667.729	13993
668.919	13995.2
670.109	14004.1
671.298	14012.1
672.487	14011.9
673.676	14010.3
674.865	14007.7
676.053	14004.1
677.242	13998.7
678.43	13990.8
679.616	13979.9
680.804	13964.6
681.992	13941.9
683.179	14011.4
684.366	14014.8
685.554	14017.7
686.74	14016.4
687.927	14013
689.114	14006.4
690.3	13996.6
691.486	13983.4
692.671	13967.8
693.856	13950.4
695.042	13932.4
696.227	13923.7
697.413	13921.6
698.598	13922.6
699.781	13924.2
700.966	13927.5
702.15	13929
703.334	13929.6
704.518	13931
705.701	13931.5
706.885	13932.5
708.068	13933
709.252	13932.2
710.433	13929.4
711.616	13914.9
712.799	13903.5
713.98	13893.9
715.163	13885.2
716.345	13875.3
717.527	13866.2
718.707	13858.2
719.889	13852.6
721.071	13848.6
722.25	13847.4
723.432	13852.5
724.611	13866.5
725.792	13882.6
726.972	13894.6
728.151	13903.9
729.332	13909.7
730.512	13912.3
731.69	13912.1
732.87	13909.2
734.048	13903
735.227	13894.6
736.405	13899.3
737.584	13899.8
738.761	13903.4
739.94	13910.7
741.117	13920.9
742.295	13913.6
743.471	13901.7
744.649	13888
745.825	13899.8
747.003	13908.2
748.179	13979
749.356	14007.3
750.531	13990.3
751.708	13964.7
752.883	13936.9
754.059	13925
755.234	13923.9
756.409	13933.2
757.585	13934.4
758.759	13935.9
759.934	13934.2
761.108	13928.9
762.282	13912.2
763.456	13895.8
764.63	13890.7
765.803	13888.9
766.977	13890.1
768.15	13893.8
769.323	13894.5
770.496	13900
771.668	13894.4
772.841	13880.8
774.014	13862.2
775.185	13846.6
776.357	13837
777.528	13828.8
778.701	13821
779.872	13814.8
781.042	13809.6
782.213	13805.5
783.383	13802.6
784.555	13799.5
785.725	13794.1
786.895	13781.2
788.064	13756.9
789.234	13726.8
790.404	13697
791.573	13694.1
792.742	13708.8
793.911	13713.4
795.08	13716.9
796.248	13729.1
797.416	13733.3
798.584	13733.5
799.753	13724
800.921	13695.5
802.088	13691.1
803.256	13690.2
804.423	13687
805.59	13683.5
806.756	13680.5
807.923	13679.4
809.089	13680.1
810.256	13682.4
811.422	13686.4
812.587	13692
813.753	13699.7
814.918	13709
816.084	13719.7
817.249	13731.9
818.414	13739.3
819.578	13735.3
820.743	13725.1
821.907	13708.2
823.072	13681.9
824.236	13660.9
825.399	13660.3
826.562	13671.4
827.725	13686.8
828.889	13694.3
830.052	13700.6
831.215	13705.9
832.377	13709.9
833.54	13712.5
834.701	13713.8
835.863	13714.2
837.025	13723
838.187	13741.4
839.349	13750
840.51	13755.7
841.67	13762
842.831	13765
843.992	13751.4
845.153	13731.3
846.312	13707.6
847.473	13674
848.633	13644.8
849.793	13651.9
850.951	13669.9
852.111	13672.7
853.27	13673.3
854.428	13672.7
855.588	13665.4
856.747	13655.4
857.904	13642
859.063	13626.1
860.221	13610.9
861.378	13603.9
862.536	13598.4
863.694	13594.9
864.85	13592.4
866.008	13593.4
867.164	13588.8
868.321	13572.4
869.478	13553.5
870.633	13535.9
871.79	13520.1
872.945	13506.9
874.101	13496.4
875.256	13488
876.412	13481.1
877.566	13477.1
878.722	13470.1
879.876	13451.3
881.031	13424.7
882.185	13394.9
883.34	13373
884.493	13362.6
885.647	13364.8
886.8	13391.1
887.954	13412.8
889.107	13432.8
890.261	13448.9
891.413	13444.6
892.565	13431.9
893.718	13408.1
894.87	13380.5
896.023	13352.3
897.174	13337
898.326	13330.5
899.478	13326.3
900.629	13327.9
901.779	13334.5
902.931	13346.2
904.081	13364.9
905.231	13387.5
906.383	13430.3
907.532	13384
908.682	13348.1
909.831	13362.3
910.982	13390.3
912.131	13389.4
913.28	13392.7
914.429	13391.9
915.578	13388
916.727	13384.1
917.875	13380.7
919.023	13377.9
920.171	13375.5
921.32	13373.1
922.467	13369.7
923.614	13366
924.761	13360.9
925.908	13352.4
927.055	13348.9
928.203	13344.6
929.349	13352.1
930.496	13355.3
931.642	13357
932.787	13357.5
933.933	13356.2
935.079	13353.1
936.224	13346.4
937.369	13338.1
938.514	13327.9
939.659	13316.1
940.804	13309.4
941.948	13306.5
943.092	13305.7
944.236	13311.2
945.38	13326.8
946.524	13332.8
947.667	13327.5
948.811	13324.1
949.954	13312.8
951.097	13293.9
952.24	13271.5
953.383	13250.6
954.525	13231.1
955.667	13218.1
956.81	13208.1
957.952	13201.5
959.093	13204.2
960.235	13209.7
961.376	13211.7
962.516	13216.4
963.658	13206.4
964.798	13189.6
965.939	13174.4
967.08	13158.8
968.22	13152.7
969.359	13147.8
970.499	13149.5
971.639	13155
972.779	13162.4
973.918	13163.4
975.056	13161.5
976.195	13159.9
977.334	13154.7
978.473	13147.9
979.61	13140.2
980.749	13132
981.887	13123.8
983.024	13117.6
984.162	13112.6
985.3	13108
986.437	13103
987.573	13096.3
988.711	13084.8
989.848	13070.4
990.983	13072.3
992.12	13084
993.255	13098.9
994.392	13108.7
995.528	13117.2
996.662	13124.5
997.798	13130.4
998.933	13134.9
1000.07	13138.1
1001.2	13139.6
1002.34	13139.7
1003.47	13137.9
1004.61	13134.3
1005.74	13128.1
1006.87	13126.4
1008.01	13140.5
1009.14	13146.7
1010.27	13161.6
1011.41	13161
1012.54	13150.1
1013.67	13138.8
1014.81	13128.7
1015.94	13120.4
1017.07	13113.3
1018.2	13107.2
1019.33	13102.3
1020.47	13098.5
1021.6	13095.7
1022.73	13090
1023.86	13081.8
1024.99	13071.5
1026.12	13059.3
1027.25	13046.6
1028.38	13034.4
1029.51	13022.4
1030.64	13011
1031.77	13002.1
1032.9	12992.5
1034.03	12982.1
1035.16	12969.9
1036.29	12955.2
1037.42	12937.4
1038.55	12936.5
1039.67	12935.8
1040.8	12932.4
1041.93	12924.6
1043.06	12913.5
1044.19	12903.4
1045.31	12886.6
1046.44	12876.9
1047.57	12869.9
1048.69	12864.9
1049.82	12861.1
1050.95	12859
1052.08	12858.2
1053.2	12858.8
1054.33	12856.8
1055.45	12849.2
1056.58	12834.6
1057.7	12819.7
1058.83	12811.9
1059.95	12795.8
1061.08	12792
1062.2	12793.2
1063.33	12806.9
1064.45	12806.7
1065.58	12794.8
1066.7	12773.5
1067.83	12760.1
1068.95	12759.4
1070.07	12757.4
1071.2	12759.8
1072.32	12762.4
1073.44	12763.3
1074.56	12759.9
1075.69	12753.9
1076.81	12752.6
1077.93	12754.8
1079.05	12764.6
1080.17	12776.8
1081.3	12781.8
1082.42	12774.5
1083.54	12759.5
1084.66	12747.3
1085.78	12736
1086.9	12724
1088.02	12726.9
1089.14	12731.6
1090.26	12745.2
1091.38	12781.7
1092.5	12776.6
1093.62	12771.7
1094.74	12769.5
1095.86	12769.8
1096.98	12771.1
1098.1	12771.7
1099.22	12767.5
1100.34	12757.2
1101.45	12742.5
1102.57	12733
1103.69	12721.6
1104.81	12724
1105.93	12745.6
1107.04	12753.8
1108.16	12748.9
1109.28	12731.7
1110.4	12708.9
1111.51	12688.8
1112.63	12666.3
1113.75	12645.4
1114.86	12638.2
1115.98	12646.6
1117.09	12655.1
1118.21	12660.7
1119.32	12662.3
1120.44	12643
1121.55	12624.9
1122.67	12595.8
1123.78	12559.1
1124.9	12536.5
1126.01	12525.8
1127.13	12547.6
1128.24	12564.8
1129.35	12581.3
1130.47	12586.8
1131.58	12568.2
1132.7	12543.8
1133.81	12517.4
1134.92	12487.7
1136.03	12461.8
1137.15	12448.7
1138.26	12441
1139.37	12429.8
1140.48	12439.3
1141.59	12424.3
1142.71	12411.6
1143.82	12394.1
1144.93	12389.4
1146.04	12388.7
1147.15	12391.4
1148.26	12394
1149.37	12383.6
1150.48	12353.2
1151.59	12320.8
1152.7	12269.2
1153.81	12244.6
1154.92	12249.3
1156.03	12278
1157.14	12351.2
1158.25	12292
1159.36	12271.7
1160.47	12267
1161.58	12272.2
1162.68	12272.7
1163.79	12272
1164.9	12270.6
1166.01	12268.1
1167.12	12265.1
1168.22	12260
1169.33	12254.2
1170.44	12247.5
1171.55	12241.3
1172.65	12264.4
1173.76	12279.2
1174.87	12300
1175.97	12290.5
1177.08	12233
1178.18	12260
1179.29	12267.3
1180.4	12265.2
1181.5	12263.7
1182.61	12262.7
1183.71	12261.9
1184.82	12260.9
1185.92	12256.6
1187.02	12254.8
1188.13	12258.2
1189.23	12263.2
1190.34	12268.2
1191.44	12271.5
1192.54	12276.8
1193.65	12281.3
1194.75	12286.4
1195.85	12290.9
1196.96	12294.4
1198.06	12293.8
1199.16	12278.4
1200.26	12259.9
1201.37	12234.2
1202.47	12211.3
1203.57	12190.4
1204.67	12192.4
1205.77	12205.3
1206.87	12213.9
1207.97	12217.9
1209.08	12218.1
1210.18	12220
1211.28	12214.6
1212.38	12208.2
1213.48	12198.8
1214.58	12197.2
1215.68	12206.6
1216.78	12214.4
1217.88	12226.3
1218.98	12227.6
1220.07	12222.1
1221.17	12209.1
1222.27	12196
1223.37	12190
1224.47	12186.5
1225.57	12192
1226.66	12193.8
1227.76	12195
1228.86	12176.9
1229.96	12146.8
1231.06	12138.3
1232.15	12130.3
1233.25	12122.5
1234.35	12127.3
1235.44	12115
1236.54	12100
1237.63	12066.7
1238.73	12038.9
1239.83	12019.4
1240.92	12014.2
1242.02	12031.1
1243.11	12033.6
1244.21	12036.7
1245.3	12034.3
1246.4	12017.1
1247.49	12007.1
1248.59	11995.8
1249.68	11988.8
1250.78	11982.8
1251.87	11977
1252.96	11970.2
1254.06	11963.5
1255.15	11956.9
1256.24	11950.7
1257.34	11944.9
1258.43	11939.6
1259.52	11938.1
1260.62	11939.7
1261.71	11948.6
1262.8	11954.1
1263.89	11959.2
1264.98	11961.9
1266.08	11957.4
1267.17	11939.4
1268.26	11913.5
1269.35	11895.4
1270.44	11875.3
1271.53	11871.5
1272.62	11877.3
1273.71	11898.6
1274.8	11919.6
1275.89	11937.9
1276.98	11954.8
1278.07	11955.4
1279.16	11960.9
1280.25	11959.8
1281.34	11955.5
1282.43	11948.8
1283.52	11941.6
1284.61	11936.9
1285.69	11933
1286.78	11932.9
1287.87	11949.7
1288.96	11954.7
1290.05	11959.8
1291.13	11963.7
1292.22	11965.3
1293.31	11966.7
1294.4	11968.3
1295.48	11969.1
1296.57	11968.9
1297.66	11967.2
1298.74	11960.8
1299.83	11949.3
1300.92	11943.6
1302	11937.7
1303.09	11932.7
1304.17	11930
1305.26	11927.6
1306.34	11923.6
1307.43	11919.3
1308.51	11916.2
1309.6	11914
1310.68	11913.5
1311.76	11912.7
1312.85	11911.4
1313.93	11907.6
1315.02	11899.6
1316.1	11891.7
1317.18	11889.8
1318.27	11886.1
1319.35	11882.9
1320.43	11879
1321.52	11874.9
1322.6	11870.6
1323.68	11863.1
1324.76	11852.4
1325.85	11838.3
1326.93	11822.9
1328.01	11811.3
1329.09	11801.3
1330.17	11789.1
1331.25	11784.1
1332.33	11779.7
1333.41	11768.7
1334.49	11758.1
1335.58	11747.3
1336.65	11741.2
1337.74	11734.2
1338.82	11721.2
1339.89	11715.7
1340.97	11713.7
1342.05	11723.2
1343.13	11731.1
1344.21	11747.4
1345.29	11756.3
1346.37	11752.2
1347.45	11742.7
1348.53	11726.3
1349.6	11720.1
1350.68	11713.8
1351.76	11709.9
1352.84	11708.9
1353.92	11709.7
1354.99	11719
1356.07	11722.1
1357.15	11721.7
1358.22	11716.9
1359.3	11709.1
1360.38	11696.5
1361.45	11686
1362.53	11683.8
1363.61	11686.8
1364.68	11692.6
1365.76	11695.1
1366.83	11697.1
1367.91	11696.9
1368.98	11694.8
1370.06	11692.1
1371.13	11689.7
1372.21	11687.4
1373.28	11685.4
1374.35	11683.6
1375.43	11683.5
1376.5	11684.8
1377.58	11687.1
1378.65	11688.2
1379.72	11684.3
1380.8	11676.8
1381.87	11645.5
1382.94	11629.8
1384.01	11627.3
1385.09	11629.2
1386.16	11634.3
1387.23	11642.4
1388.3	11645.8
1389.38	11642.3
1390.45	11635.8
1391.52	11624.5
1392.59	11613
1393.66	11603.8
1393.92	11600.8
1395	11595.2
1396.07	11596.1
1397.15	11598
1398.22	11600.2
1399.3	11603.4
1400.38	11600.6
1401.45	11598.9
1402.53	11594.5
1403.6	11589.6
1404.68	11584.6
1405.75	11579.4
1406.82	11575.1
1407.9	11573.6
1408.97	11572.3
1410.05	11569.7
1411.12	11562.3
1412.19	11551.5
1413.27	11537.9
1414.34	11520.4
1415.41	11507.2
1416.49	11497.1
1417.56	11489.5
1418.63	11483
1419.7	11477.1
1420.78	11472.7
1421.85	11469.7
1422.92	11468.1
1423.99	11466.5
1425.06	11464.4
1426.14	11459.2
1427.21	11453.1
1428.28	11446
1429.35	11437.8
1430.42	11428.7
1431.49	11421.5
1432.56	11415.7
1433.63	11411.5
1434.7	11409.7
1435.77	11405.5
1436.84	11401
1437.91	11393.6
1438.98	11387.5
1440.05	11383.6
1441.12	11381.3
1442.18	11382.4
1443.25	11382.3
1444.32	11381
1445.39	11378.6
1446.46	11380.9
1447.53	11387.8
1448.59	11401.1
1449.66	11404
1450.73	11403.5
1451.8	11398.8
1452.86	11392.1
1453.93	11384
1455	11379
1456.06	11371.1
1457.13	11363
1458.2	11354.3
1459.26	11345.2
1460.33	11338.1
1461.39	11334.1
1462.46	11335.1
1463.52	11333.4
1464.59	11332
1465.65	11330.8
1466.72	11330.8
1467.78	11332
1468.85	11333.3
1469.91	11334.7
1470.98	11334.8
1472.04	11333.2
1473.1	11326.7
1474.17	11328.4
1475.23	11329.4
1476.3	11329.7
1477.36	11328.9
1478.42	11327.1
1479.48	11322.5
1480.55	11312.3
1481.61	11302.5
1482.67	11292.7
1483.73	11283.3
1484.8	11275.7
1485.86	11274.3
1486.92	11273.2
1487.98	11250.9
1489.04	11228.3
1490.1	11206
1491.17	11187.8
1492.23	11180.8
1493.29	11195.4
1494.35	11211.6
1495.41	11217.7
1496.47	11222.7
1497.53	11224.3
1498.59	11221
1499.65	11214.3
1500.71	11204.2
1501.77	11191.2
1502.83	11176.7
1503.88	11171.8
1504.94	11184.4
1506	11174.3
1507.06	11160.1
1508.12	11135.4
1509.18	11133.9
1510.23	11137.6
1511.29	11142
1512.35	11139.9
1513.41	11135.9
1514.47	11129
1515.52	11119.2
1516.58	11106.8
1517.64	11092.3
1518.69	11076.5
1519.75	11059.5
1520.81	11042.3
1521.86	11044.9
1522.92	11051.1
1523.97	11064.3
1525.03	11061.1
1526.08	11057.3
1527.14	11051.9
1528.2	11045.2
1529.25	11038
1530.31	11034.7
1531.36	11034.2
1532.42	11047.3
1533.47	11049.5
1534.52	11044.7
1535.58	11030.9
1536.63	11009.2
1537.69	10989.1
1538.74	10976.6
1539.79	10956.1
1540.84	10951
1541.9	10956.4
1542.95	10967.5
1544	10975.8
1545.06	10981.3
1546.11	10981.3
1547.16	10979.4
1548.21	10974.8
1549.27	10968.3
1550.32	10958.7
1551.37	10947.1
1552.42	10933.6
1553.47	10919.4
1554.52	10911
1555.57	10909.1
1556.62	10923.3
1557.67	10935.8
1558.72	10961.8
1559.77	10972.5
1560.82	10990
1561.87	10984.5
1562.92	10968.9
1563.97	10949.3
1565.02	10937
1566.07	10938.8
1567.12	10933.6
1568.17	10923.8
1569.22	10909.2
1570.27	10890.4
1571.32	10885.8
1572.36	10888.2
1573.41	10892.4
1574.46	10905.6
1575.51	10917.7
1576.56	10927.3
1577.6	10934
1578.65	10936.1
1579.7	10936.6
1580.74	10933.3
1581.79	10926.8
1582.84	10916.7
1583.88	10902.2
1584.93	10883.1
1585.98	10859.2
1587.02	10896.9
1588.07	10870.6
1589.11	10839.2
1590.16	10798.9
1591.2	10766.5
1592.25	10793.3
1593.29	10822.2
1594.34	10841
1595.38	10849.4
1596.43	10847.3
1597.47	10834.1
1598.52	10810.4
1599.56	10792.8
1600.6	10780.1
1601.65	10770.8
1602.69	10763.4
1603.73	10769.9
1604.78	10770.9
1605.82	10763.2
1606.86	10747.6
1607.91	10730.7
1608.95	10710.8
1609.99	10695.8
1611.03	10682.5
1612.08	10670.7
1613.12	10660
1614.16	10651
1615.2	10646.5
1616.24	10647.4
1617.28	10679.7
1618.32	10683
1619.36	10661.6
1620.41	10640.8
1621.45	10623.2
1622.49	10608.9
1623.53	10592.8
1624.57	10583.2
1625.61	10579
1626.65	10581.1
1627.69	10587.1
1628.73	10587.4
1629.76	10575
1630.8	10565
1631.84	10553.3
1632.88	10543.1
1633.92	10534.7
1634.96	10527.1
1636	10520.4
1637.03	10514.3
1638.07	10508.6
1639.11	10503.5
1640.15	10500
1641.19	10497
1642.22	10494.9
1643.26	10492
1644.3	10478.7
1645.33	10467
1646.37	10460.4
1647.41	10452.2
1648.44	10444.5
1649.48	10437.3
1650.52	10430.8
1651.55	10425.5
1652.59	10421.3
1653.62	10417.9
1654.66	10416.5
1655.69	10419.1
1656.73	10429
1657.76	10441.6
1658.8	10448
1659.83	10449.5
1660.87	10446.1
1661.9	10439.8
1662.93	10424
1663.97	10405.7
1665	10381.8
1666.04	10356.9
1667.07	10332.2
1668.1	10328.1
1669.14	10323.4
1670.17	10323.6
1671.2	10326.6
1672.23	10334.7
1673.27	10340.3
1674.3	10344.2
1675.33	10345
1676.36	10334.5
1677.39	10322.3
1678.43	10306.7
1679.46	10286.7
1680.49	10269.2
1681.52	10267.2
1682.55	10269.7
1683.58	10270.6
1684.61	10273.9
1685.64	10282.3
1686.67	10291.3
1687.7	10289.7
1688.73	10281.6
1689.76	10258.5
1690.79	10240.6
1691.82	10225.9
1692.85	10215.3
1693.88	10210.7
1694.91	10216.5
1695.94	10232.1
1696.97	10242
1698	10247.2
1699.02	10246.9
1700.05	10241.3
1701.08	10231.3
1702.11	10217.2
1703.14	10198.9
1704.16	10177.8
1705.19	10170.1
1706.22	10170.1
1707.25	10176.2
1708.27	10180.3
1709.3	10170.1
1710.33	10158.5
1711.35	10147.9
1712.38	10138.5
1713.41	10130.8
1714.43	10123.9
1715.46	10117.8
1716.48	10112.6
1717.51	10107.8
1718.53	10103.2
1719.56	10096.3
1720.58	10071.4
1721.61	10031.5
1722.63	10022.9
1723.66	10033.4
1724.68	10045.5
1725.71	10057.2
1726.73	10050.6
1727.75	10043.7
1728.78	10033.9
1729.8	10021.9
1730.83	10005.2
1731.85	9986.64
1732.87	9972.94
1733.89	9963.96
1734.92	9965.67
1735.94	9964.02
1736.96	9962.85
1737.98	9963.11
1739.01	9963.2
1740.03	9954.18
1741.05	9943.66
1742.07	9932.15
1743.09	9919.52
1744.12	9905.02
1745.14	9897.69
1746.16	9902.16
1747.18	9910.6
1748.2	9909.45
1749.22	9901.17
1750.24	9887.39
1751.26	9868.87
1752.28	9845.61
1753.3	9819.98
1754.32	9791.24
1755.34	9808.09
1756.36	9830.57
1757.38	9835.28
1758.4	9847.84
1759.42	9806.13
1760.44	9801.19
1761.45	9795.16
1762.47	9791.43
1763.49	9788.17
1764.51	9793.01
1765.53	9831.21
1766.55	9818.83
1767.56	9791.83
1768.58	9747.67
1769.6	9730.88
1770.61	9764.44
1771.63	9769.97
1772.65	9761.41
1773.67	9749.54
1774.68	9741.94
1775.7	9736.87
1776.72	9733.01
1777.73	9728.95
1778.75	9728.48
1779.76	9727.81
1780.78	9724.85
1781.79	9718.33
1782.81	9704.15
1783.83	9695.06
1784.84	9686.16
1785.85	9677.73
1786.87	9670.15
1787.88	9663.34
1788.9	9658.15
1789.91	9653.48
1790.93	9649.39
1791.94	9644.65
1792.95	9633.1
1793.97	9621.68
1794.98	9622.14
1796	9623.7
1797.01	9625.09
1798.02	9624.98
1799.03	9624.65
1800.05	9613.05
1801.06	9597.85
1802.07	9588.16
1803.08	9582.11
1804.1	9578.98
1805.11	9573.44
1806.12	9559.99
1807.13	9546.14
1808.14	9532.62
1809.15	9519.89
1810.17	9510.82
1811.18	9504.92
1812.19	9504.43
1813.2	9506.5
1814.21	9490.56
1815.22	9472.17
1816.23	9451.96
1817.24	9438.72
1818.25	9428.23
1819.26	9419.58
1820.27	9412.51
1821.28	9406.18
1822.29	9400.31
1823.3	9395.1
1824.3	9385.9
1825.31	9378.94
1826.32	9377.16
1827.33	9404.7
1828.34	9391.92
1829.35	9373.16
1830.35	9343.85
1831.36	9316.4
1832.37	9290.48
1833.38	9318.97
1834.38	9347.4
1835.39	9411.28
1836.4	9284.43
1837.41	9243.53
1838.41	9245.04
1839.42	9271.67
1840.43	9310.19
1841.43	9288.95
1842.44	9293.23
1843.44	9294.48
1844.45	9294.53
1845.46	9294.88
1846.46	9284.46
1847.47	9261.88
1848.47	9239.2
1849.48	9217.56
1850.48	9204.84
1851.49	9191.92
1852.49	9188.21
1853.49	9188.27
1854.5	9191.59
1855.5	9192.97
1856.51	9194.28
1857.51	9190.58
1858.51	9177.39
1859.52	9162.53
1860.52	9145.61
1861.52	9130.37
1862.53	9119.79
1863.53	9122.66
1864.53	9125.91
1865.54	9129.34
1866.54	9133.03
1867.54	9128.71
1868.54	9118.68
1869.54	9102.91
1870.55	9085.06
1871.55	9065.18
1872.55	9046.77
1873.55	9038.17
1874.55	9036.42
1875.55	9046.52
1876.55	9068.54
1877.55	9064.16
1878.55	9041.22
1879.55	8994.1
1880.56	8991.06
1881.55	9018.63
1882.56	9074.59
1883.55	9026.8
1884.55	8975.26
1885.55	8981.74
1886.55	8982.12
1887.55	8976.52
1888.55	8966.3
1889.55	8954.24
1890.55	8935.97
1891.55	8917.58
1892.55	8900.1
1893.54	8893.03
1894.54	8890.87
1895.54	8893.48
1896.54	8901.41
1897.54	8915.23
1898.53	8927.4
1899.53	8925.95
1900.53	8916
1901.52	8899.85
1902.52	8875.89
1903.52	8851.83
1904.51	8831.94
1905.51	8824.29
1906.51	8820.68
1907.5	8818.88
1908.5	8816.9
1909.49	8815.64
1910.49	8817.61
1911.49	8806.93
1912.48	8792
1913.48	8774.93
1914.47	8759.45
1915.46	8750.38
1916.46	8743.76
1917.45	8734.2
1918.45	8724.88
1919.44	8715.69
1920.44	8702.59
1921.43	8693.16
1922.43	8687.33
1923.42	8682.52
1924.41	8679.05
1925.41	8678.11
1926.4	8675.46
1927.39	8665.57
1928.38	8657.17
1929.38	8649.71
1930.37	8643.74
1931.36	8639.86
1932.35	8637.67
1933.35	8636.33
1934.34	8636.94
1935.33	8635.05
1936.32	8621.35
1937.31	8607.33
1938.3	8592.45
1939.29	8576.64
1940.29	8560.59
1941.28	8549.64
1942.27	8543.33
1943.26	8540.24
1944.25	8539.18
1945.24	8539.08
1946.23	8547.49
1947.22	8543.85
1948.21	8539.82
1949.2	8533.38
1950.19	8525.08
1951.18	8513.11
1952.17	8503.72
1953.16	8495.66
1954.14	8492.79
1955.13	8484.31
1956.12	8474.69
1957.11	8453.59
1958.1	8442.58
1959.09	8435.09
1960.07	8426.89
1961.06	8427.65
1962.05	8429.84
1963.04	8433.28
1964.02	8437.25
1965.01	8433.42
1966	8424.25
1966.99	8413.37
1967.97	8399.45
1968.96	8382.47
1969.95	8362.3
1970.93	8353.3
1971.92	8346.21
1972.9	8340.84
1973.89	8336.51
1974.88	8332.8
1975.86	8318.65
1976.85	8308.22
1977.83	8297.98
1978.82	8288.09
1979.8	8279.85
1980.79	8280.03
1981.77	8281.22
1982.76	8282.64
1983.74	8282.87
1984.72	8277.69
1985.71	8269.22
1986.69	8258.93
1987.67	8245.75
1988.66	8229.83
1989.64	8210.31
1990.62	8196.73
1991.61	8195.02
1992.59	8205.42
1993.57	8210.9
1994.56	8216.79
1995.54	8201.44
1996.52	8128.5
1997.5	8120.78
1998.49	8121.22
1999.47	8133.45
2000.45	8150.78
2001.43	8138.57
2002.41	8130.24
2003.39	8124.67
2004.38	8122.26
2005.36	8122.47
2006.34	8125.37
2007.32	8130.14
2008.3	8121.9
2009.28	8112.4
2010.26	8096.7
2011.24	8077.39
2012.22	8063.82
2013.2	8051.69
2014.18	8045.51
2015.16	8048.01
2016.14	8049.42
2017.12	8049.85
2018.1	8043.79
2019.07	8031.43
2020.05	8013.98
2021.03	8005.83
2022.01	7999.44
2022.99	7994.66
2023.97	7991.42
2024.95	7988.79
2025.92	7981.25
2026.9	7971.38
2027.88	7954.62
2028.86	7932.49
2029.83	7912.39
2030.81	7905.47
2031.79	7904.77
2032.76	7902.77
2033.74	7904.68
2034.72	7906.42
2035.69	7906.7
2036.67	7905.31
2037.65	7901.84
2038.62	7896.08
2039.6	7888.47
2040.57	7878.56
2041.55	7866.69
2042.52	7851.34
2043.5	7831.75
2044.47	7812.08
2045.45	7794.02
2046.42	7791.05
2047.4	7784.13
2048.37	7782.39
2049.35	7769.11
2050.32	7757.11
2051.29	7745.68
2052.27	7735.2
2053.24	7725.82
2054.21	7728.58
2055.19	7735.39
2056.16	7740.91
2057.13	7737.99
2058.11	7732.16
2059.08	7710.73
2060.05	7688.08
2061.02	7664.39
2062	7642.41
2062.97	7639.65
2063.94	7648.81
2064.91	7657.22
2065.89	7662.2
2066.86	7664.6
2067.83	7661.26
2068.8	7654.42
2069.77	7644.13
2070.74	7630.34
2071.71	7613.06
2072.68	7593.3
2073.65	7575.56
2074.62	7560.4
2075.59	7551.4
2076.56	7543.6
2077.53	7538.78
2078.5	7536.63
2079.47	7540.27
2080.44	7541.45
2081.41	7531.27
2082.38	7520.39
2083.35	7503.74
2084.32	7495
2085.29	7486.57
2086.26	7480.45
2087.23	7477.32
2088.19	7476.72
2089.16	7478.81
2090.13	7479.75
2091.1	7462.6
2092.07	7451.85
2093.03	7440.9
2094	7430.61
2094.97	7427.87
2095.94	7429.09
2096.9	7429.85
2097.87	7429.81
2098.84	7428.74
2099.8	7425.79
2100.77	7413.85
2101.74	7402.16
2102.7	7387.67
2103.67	7370.78
2104.63	7352.84
2105.6	7332.53
2106.56	7318.97
2107.53	7313.4
2108.49	7309.77
2109.46	7304.88
2110.42	7299.64
2111.39	7293.94
2112.35	7288.27
2113.32	7282.95
2114.28	7278.02
2115.25	7274.96
2116.21	7272.55
2117.17	7275.67
2118.14	7275.79
2119.1	7274.72
2120.07	7269.47
2121.03	7253.65
2121.99	7238.81
2122.96	7220.73
2123.92	7204.08
2124.88	7192.1
2125.84	7184.08
2126.81	7180.25
2127.77	7183.08
2128.73	7182.85
2129.69	7180.12
2130.65	7174.45
2131.62	7165.87
2132.58	7153.93
2133.54	7149.1
2134.5	7147.15
2135.46	7144.29
2136.42	7142.08
2137.38	7136.75
2138.34	7128.36
2139.3	7121.33
2140.26	7101.54
2141.22	7078.84
2142.18	7058.6
2143.14	7042.39
2144.1	7030.08
2145.06	7031.56
2146.02	7035.93
2146.98	7034.85
2147.94	7037.22
2148.9	7042.86
2149.86	7033.63
2150.82	7012.05
2151.78	6999.03
2152.74	6978.43
2153.69	6969.3
2154.65	6969.83
2155.61	6967.95
2156.57	6962.78
2157.53	6955.09
2158.48	6945.97
2159.44	6934.88
2160.4	6925.47
2161.36	6917.72
2162.31	6910.86
2163.27	6904.4
2164.23	6898.78
2165.18	6893.53
2166.14	6888.69
2167.1	6883.87
2168.05	6877.39
2169.01	6870.83
2169.96	6864.44
2170.92	6857.47
2171.88	6850.78
2172.83	6841.85
2173.79	6826.77
2174.74	6810.41
2175.7	6792.04
2176.65	6771.83
2177.6	6749.87
2178.56	6726.27
2179.51	6706.61
2180.47	6692.58
2181.42	6687.47
2182.38	6690.92
2183.33	6705.71
2184.28	6721.23
2185.24	6719
2186.19	6720.63
2187.14	6710.44
2188.1	6685.71
2189.05	6667.85
2190	6650.83
2190.96	6647.14
2191.91	6637.76
2192.86	6628.38
2193.81	6621.96
2194.76	6609.32
2195.72	6599.58
2196.67	6589.76
2197.62	6584.07
2198.57	6583.67
2199.52	6583.46
2200.47	6583.56
2201.43	6584.28
2202.38	6589.02
2203.33	6588.91
2204.28	6570.86
2205.23	6555.08
2206.18	6541.04
2207.13	6535.24
2208.08	6530.1
2209.03	6526.01
2209.98	6523.04
2210.93	6521.54
2211.88	6521.15
2212.83	6520.31
2213.78	6521.09
2214.73	6521.78
2215.67	6519.2
2216.62	6510.21
2217.57	6484.46
2218.52	6453.92
2219.47	6439.28
2220.42	6420.71
2221.37	6451.25
2222.31	6451.43
2223.26	6442.91
2224.21	6434.98
2225.16	6424.69
2226.1	6412.14
2227.05	6396.08
2228	6381.73
2228.94	6363.77
2229.89	6361.61
2230.84	6361.94
2231.78	6364.56
2232.73	6366.91
2233.68	6367.67
2234.62	6368.09
2235.57	6368.6
2236.51	6368.58
2237.46	6369.22
2238.41	6367.37
2239.35	6362.91
2240.3	6354.04
2241.24	6347.41
2242.19	6337.78
2243.13	6327.62
2244.07	6319.61
2245.02	6313.65
2245.96	6317.77
2246.91	6324.31
2247.85	6331.03
2248.8	6337.04
2249.74	6340.12
2250.68	6338.88
2251.63	6332.1
2252.57	6321.7
2253.51	6310.51
2254.46	6297.01
2255.4	6280.38
2256.34	6273
2257.28	6269.38
2258.23	6276.28
2259.17	6280.93
2260.11	6284.25
2261.05	6284.46
2262	6282.04
2262.94	6277.09
2263.88	6269.67
2264.82	6259.84
2265.76	6248.33
2266.7	6242.84
2267.64	6248.58
2268.58	6248.77
2269.53	6245.21
2270.47	6241.85
2271.41	6236.1
2272.35	6230.47
2273.29	6226.89
2274.23	6229.81
2275.17	6231.61
2276.11	6232.87
2277.05	6232.95
2277.99	6230.75
2278.93	6227.19
2279.86	6222.58
2280.8	6217.68
2281.74	6213.15
2282.68	6209.35
2283.62	6206.23
2284.56	6204.27
2285.5	6202.91
2286.44	6201.94
2287.37	6201.25
2288.31	6200.99
2289.25	6200.88
2290.19	6199.01
2291.12	6197.25
2292.06	6195.04
2293	6192.46
2293.94	6191.52
2294.87	6192.49
2295.81	6193.78
2296.75	6193.64
2297.68	6192.25
2298.62	6185.03
2299.55	6171.03
2300.49	6155.86
2301.43	6144.78
2302.36	6140.3
2303.3	6137.74
2304.23	6135.94
2305.17	6131.65
2306.1	6126.55
2307.04	6118.85
2307.98	6108.81
2308.91	6098.36
2309.84	6089.55
2310.78	6082.83
2311.71	6079.92
2312.65	6078.86
2313.58	6076.27
2314.52	6073.73
2315.45	6073.59
2316.38	6073.93
2317.32	6070.93
2317.72	6069.11
2318.66	6061.56
2319.6	6051.36
2320.54	6040.7
2321.48	6028.47
2322.41	6015.16
2323.35	5999.73
2324.29	5983.4
2325.23	5972.29
2326.16	5968.5
2327.1	5974.02
2328.04	5979.31
2328.97	5979.42
2329.91	5978.2
2330.85	5978.92
2331.78	5981.27
2332.72	5982.86
2333.66	5983.53
2334.59	5983.28
2335.53	5980.04
2336.46	5975.65
2337.4	5969.6
2338.33	5961.53
2339.27	5952.47
2340.2	5942.95
2341.14	5934.74
2342.07	5926.77
2343.01	5919.43
2343.94	5912.88
2344.88	5907.23
2345.81	5903.04
2346.75	5900.43
2347.68	5898.15
2348.61	5896.2
2349.55	5893.55
2350.48	5889.76
2351.41	5884.17
2352.35	5874.62
2353.28	5866.73
2354.21	5865.73
2355.15	5863.28
2356.08	5860.7
2357.01	5848.58
2357.94	5834.16
2358.88	5822.9
2359.81	5814.97
2360.74	5810.12
2361.67	5808.67
2362.6	5810.72
2363.54	5815.66
2364.47	5823.16
2365.4	5830.63
2366.33	5831.32
2367.26	5824.74
2368.19	5820.89
2369.12	5818.41
2370.05	5816.26
2370.98	5831.32
2371.91	5823.16
2372.84	5810.34
2373.77	5799.47
2374.7	5782.9
2375.63	5762.55
2376.56	5747.49
2377.49	5738.69
2378.42	5730.6
2379.35	5730.53
2380.28	5737.72
2381.21	5745.08
2382.14	5753.5
2383.07	5760.7
2384	5764.65
2384.92	5766.59
2385.85	5759.46
2386.78	5744.27
2387.71	5732.34
2388.64	5723.05
2389.56	5715.92
2390.49	5710.66
2391.42	5707.22
2392.35	5704.87
2393.27	5703.55
2394.2	5697.68
2395.13	5686.83
2396.05	5681.54
2396.98	5680.87
2397.91	5686.06
2398.83	5684.06
2399.76	5679.38
2400.69	5670.34
2401.61	5669.83
2402.54	5667.22
2403.46	5665.41
2404.39	5665.95
2405.31	5667.61
2406.24	5669.88
2407.17	5667.51
2408.09	5652.12
2409.01	5637.13
2409.94	5626.31
2410.86	5617.52
2411.79	5609.99
2412.71	5604.57
2413.64	5601.24
2414.56	5599.63
2415.49	5599.79
2416.41	5600.21
2417.33	5595.07
2418.26	5586.13
2419.18	5581.03
2420.1	5575.37
2421.03	5569.2
2421.95	5562.49
2422.87	5555.57
2423.79	5548.1
2424.72	5540.67
2425.64	5530.97
2426.56	5516.41
2427.48	5497.95
2428.41	5480.26
2429.33	5482.98
2430.25	5488.95
2431.17	5497.45
2432.09	5502.94
2433.01	5504.15
2433.93	5501.08
2434.86	5493.75
2435.78	5482.93
2436.7	5469.31
2437.62	5452.93
2438.54	5433.38
2439.46	5413.34
2440.38	5414.38
2441.3	5413.2
2442.22	5408.11
2443.14	5400.05
2444.06	5397.39
2444.98	5400.79
2445.9	5406.58
2446.82	5415.13
2447.73	5421.51
2448.65	5402.9
2449.57	5381.89
2450.49	5373.38
2451.41	5365.94
2452.33	5359.67
2453.25	5354.59
2454.17	5351.36
2455.08	5349.72
2456	5347.86
2456.92	5342.21
2457.84	5330.51
2458.75	5323.41
2459.67	5324.88
2460.59	5329.61
2461.51	5335.19
2462.42	5339.31
2463.34	5340.27
2464.26	5336.08
2465.17	5327.02
2466.09	5313.94
2467	5297.34
2467.92	5291.48
2468.84	5287.78
2469.75	5286
2470.67	5286.11
2471.58	5288.64
2472.5	5292.25
2473.42	5282.43
2474.33	5263.44
2475.25	5244.52
2476.16	5227.35
2477.08	5222.34
2477.99	5218.82
2478.9	5219.21
2479.82	5222.83
2480.73	5232.27
2481.65	5239.82
2482.56	5237.64
2483.47	5235.27
2484.39	5232.7
2485.3	5230.64
2486.22	5228.56
2487.13	5225.85
2488.04	5222.06
2488.96	5216.05
2489.87	5208.55
2490.78	5196.97
2491.69	5185.39
2492.61	5174.69
2493.52	5165.53
2494.43	5158.97
2495.34	5153.54
2496.25	5149.55
2497.17	5147.28
2498.08	5146.42
2498.99	5147.16
2499.9	5149.24
2500.81	5152.54
2501.72	5156.48
2502.63	5158.22
2503.55	5157.68
2504.46	5143.5
2505.37	5144.35
2506.28	5153.21
2507.19	5156.97
2508.1	5149.39
2509.01	5138.53
2509.92	5122.02
2510.83	5099.92
2511.74	5089.02
2512.65	5085.88
2513.56	5101.27
2514.47	5111.76
2515.37	5118.88
2516.28	5123.03
2517.19	5122.84
2518.1	5111.5
2519.01	5100.18
2519.92	5088.26
2520.83	5077.45
2521.73	5080.54
2522.64	5076.33
2523.55	5073.81
2524.46	5070.99
2525.37	5066.91
2526.27	5060.74
2527.18	5045.16
2528.09	5024.78
2529	5009.6
2529.9	4999.63
2530.81	5014.88
2531.72	5042.4
2532.62	5055.35
2533.53	5062.29
2534.44	5027.11
2535.34	5016.2
2536.25	5010.61
2537.15	5002.94
2538.06	4997.95
2538.96	4995.99
2539.87	4994.82
2540.78	4994.41
2541.68	4992.41
2542.59	4989.62
2543.49	4984.5
2544.4	4975.36
2545.3	4969.82
2546.21	4962.67
2547.11	4958.79
2548.01	4954.65
2548.92	4951.57
2549.82	4948.79
2550.73	4945.86
2551.63	4942.23
2552.53	4923.29
2553.44	4916.02
2554.34	4917.5
2555.24	4918.35
2556.15	4926.5
2557.05	4934.68
2557.95	4933.63
2558.86	4928.01
2559.76	4909.26
2560.66	4883.25
2561.56	4865.53
2562.46	4850.23
2563.37	4842.09
2564.27	4835.6
2565.17	4835.43
2566.07	4838.79
2566.97	4845.15
2567.88	4853.87
2568.78	4850.33
2569.68	4843.5
2570.58	4832.73
2571.48	4822.12
2572.38	4812.66
2573.28	4801.57
2574.18	4792.87
2575.08	4785.63
2575.98	4781.29
2576.88	4779.9
2577.78	4778
2578.68	4776.04
2579.58	4773.22
2580.48	4767.7
2581.38	4767.78
2582.28	4767.69
2583.18	4767.48
2584.08	4771.19
2584.98	4775.55
2585.88	4768.54
2586.77	4756.52
2587.67	4744.65
2588.57	4734.38
2589.47	4722.84
2590.37	4713.55
2591.27	4705.66
2592.16	4698.09
2593.06	4692.03
2593.96	4687.33
2594.86	4688.55
2595.75	4699.42
2596.65	4705.1
2597.55	4704.78
2598.45	4691.84
2599.34	4681.53
2600.24	4670.88
2601.13	4657.69
2602.03	4642.52
2602.93	4632.15
2603.82	4628.56
2604.72	4624.85
2605.62	4622.73
2606.51	4617.29
2607.41	4612.44
2608.3	4608.53
2609.2	4605.1
2610.09	4602.55
2610.99	4600.98
2611.88	4600.61
2612.78	4602.2
2613.67	4604.73
2614.57	4607.31
2615.46	4609.79
2616.36	4611.73
2617.25	4610.38
2618.14	4611.54
2619.04	4608.04
2619.93	4589.34
2620.83	4569.94
2621.72	4551.16
2622.61	4540.13
2623.5	4531.91
2624.4	4525.49
2625.29	4521.41
2626.18	4519.64
2627.08	4520.48
2627.97	4524.18
2628.86	4526.3
2629.75	4525.77
2630.65	4516.43
2631.54	4510.81
2632.43	4501.77
2633.32	4492.63
2634.21	4481.75
2635.11	4477.22
2636	4480.11
2636.89	4478.42
2637.78	4475.65
2638.67	4459.44
2639.56	4447.38
2640.45	4439.87
2641.34	4433.45
2642.23	4441.23
2643.12	4439.29
2644.01	4435.44
2644.9	4429.06
2645.79	4412.59
2646.68	4406.67
2647.57	4398.87
2648.46	4396.39
2649.35	4397.69
2650.24	4401.88
2651.13	4407.54
2652.02	4409.33
2652.91	4392.5
2653.8	4373.41
2654.69	4368.67
2655.58	4377.81
2656.46	4376.33
2657.35	4371.43
2658.24	4364.36
2659.13	4355.14
2660.02	4343.37
2660.9	4330.68
2661.79	4341.44
2662.68	4337.96
2663.57	4332.74
2664.45	4325.9
2665.34	4317.7
2666.23	4308.32
2667.11	4297.91
2668	4287.12
2668.89	4276.07
2669.77	4284.73
2670.66	4292.95
2671.55	4299.93
2672.43	4304.89
2673.32	4303.08
2674.21	4297.49
2675.09	4288.57
2675.98	4279.04
2676.86	4266.33
2677.75	4256.69
2678.63	4248.9
2679.52	4241.65
2680.4	4236.98
2681.29	4227.69
2682.17	4218.31
2683.06	4209.7
2683.94	4206.02
2684.82	4200.36
2685.71	4199.45
2686.59	4200.79
2687.48	4207.77
2688.36	4201.8
2689.24	4193.06
2690.13	4180.83
2691.01	4172.23
2691.89	4167.27
2692.78	4165.93
2693.66	4161.59
2694.54	4167.59
2695.43	4172.26
2696.31	4168.9
2697.19	4156.54
2698.07	4146.85
2698.96	4139.27
2699.84	4132.85
2700.72	4126.02
2701.6	4125.06
2702.48	4126.74
2703.36	4132.98
2704.25	4134.51
2705.13	4132.79
2706.01	4129.45
2706.89	4125.5
2707.77	4121.68
2708.65	4117.04
2709.53	4111.72
2710.41	4100.6
2711.29	4085.13
2712.17	4073.73
2713.05	4063.79
2713.93	4055.52
2714.81	4049.6
2715.69	4045.77
2716.57	4043.77
2717.45	4043.65
2718.33	4045.27
2719.21	4048.41
2720.09	4051.34
2720.97	4054.78
2721.85	4057.21
2722.73	4058.03
2723.61	4056.64
2724.48	4047.93
2725.36	4038.56
2726.24	4029.28
2727.12	4020.67
2728	4012.7
2728.88	4007.23
2729.75	4002.58
2730.63	3999.22
2731.51	3997.13
2732.39	3996.33
2733.26	3997.03
2734.14	3998.73
2735.02	3996.81
2735.89	3988.62
2736.77	3978.85
2737.65	3968.53
2738.52	3962.06
2739.4	3951.82
2740.28	3948.92
2741.15	3957.88
2742.03	3964.16
2742.9	3965.2
2743.78	3962.38
2744.65	3955.81
2745.53	3946.21
2746.41	3938.87
2747.28	3930.98
2748.16	3926.81
2749.03	3931.11
2749.91	3938.75
2750.78	3947.39
2751.66	3942.11
2752.53	3928.53
2753.4	3917.18
2754.28	3909.66
2755.15	3903.91
2756.02	3899.94
2756.9	3900.06
2757.77	3902.35
2758.65	3906.58
2759.52	3911.09
2760.39	3915.19
2761.27	3911.63
2762.14	3904.84
2763.01	3896.84
2763.88	3888.16
2764.76	3879.27
2765.63	3870.91
2766.5	3863.52
2767.37	3856.36
2768.25	3850.53
2769.12	3846.5
2769.99	3846.08
2770.86	3846.8
2771.73	3866.5
2772.61	3862.36
2773.48	3854.07
2774.35	3842.03
2775.22	3826.37
2776.09	3808.65
2776.96	3795.49
2777.83	3786.47
2778.7	3782.54
2779.57	3782.97
2780.44	3787.54
2781.31	3793.77
2782.18	3794.33
2783.05	3789.96
2783.92	3784.33
2784.79	3777.7
2785.66	3770.4
2786.53	3763.78
2787.4	3764.24
2788.27	3765.27
2789.14	3766.14
2790.01	3767.46
2790.88	3769.37
2791.75	3766.07
2792.62	3761.3
2793.48	3755.5
2794.35	3749.73
2795.22	3745.27
2796.09	3742.75
2796.96	3742.92
2797.82	3744.59
2798.69	3741.57
2799.56	3734.72
2800.43	3724.49
2801.29	3717.38
2802.16	3707.65
2803.03	3698.32
2803.9	3692.1
2804.76	3690.27
2805.63	3692.57
2806.5	3696.98
2807.36	3705.26
2808.23	3703.47
2809.09	3696.74
2809.96	3689.84
2810.83	3683.35
2811.69	3679.02
2812.56	3675.14
2813.42	3671.38
2814.29	3667.46
2815.15	3663.68
2816.02	3659.83
2816.88	3655.7
2817.75	3651.82
2818.61	3648.33
2819.48	3646.4
2820.34	3645.84
2821.21	3643.32
2822.07	3637.27
2822.94	3627.7
2823.8	3619.62
2824.66	3612.97
2825.53	3608.16
2826.39	3603.08
2827.26	3598.28
2828.12	3593.66
2828.98	3589.09
2829.85	3584.23
2830.71	3578.12
2831.57	3574.87
2832.43	3575.27
2833.3	3579.26
2834.16	3580.43
2835.02	3579.37
2835.88	3577.31
2836.75	3573.94
2837.61	3569.57
2838.47	3563.97
2839.33	3558.04
2840.19	3553.18
2841.06	3549.1
2841.92	3546.04
2842.78	3543.89
2843.64	3542.73
2844.5	3542.76
2845.36	3543.59
2846.22	3543.55
2847.08	3539.66
2847.94	3535.86
2848.81	3504.16
2849.67	3523.1
2850.53	3525.95
2851.39	3525.42
2852.25	3522.36
2853.11	3521.15
2853.97	3520.9
2854.82	3519.75
2855.68	3517.8
2856.54	3515.19
2857.4	3512
2858.26	3508.24
2859.12	3503.61
2859.98	3498.4
2860.84	3492.4
2861.7	3486.87
2862.56	3490.65
2863.41	3500.8
2864.27	3503.51
2865.13	3495.72
2865.99	3473.28
2866.85	3465.2
2867.7	3459.15
2868.56	3455.11
2869.42	3451.95
2870.28	3450.39
2871.13	3447.52
2871.99	3444.73
2872.85	3442.46
2873.7	3440.12
2874.56	3438.14
2875.42	3436.21
2876.27	3434.21
2877.13	3431.69
2877.99	3425.91
2878.84	3417.82
2879.7	3405.61
2880.56	3403.27
2881.41	3401.12
2882.27	3398.17
2883.12	3392
2883.98	3383.91
2884.83	3378.71
2885.69	3375.63
2886.54	3375.14
2887.4	3376.33
2888.25	3381.14
2889.11	3385.58
2889.96	3385.29
2890.82	3382.43
2891.67	3377.1
2892.52	3369.23
2893.38	3359.24
2894.23	3346.48
2895.09	3334.85
2895.94	3331.33
2896.79	3334.56
2897.65	3354.14
2898.5	3336.5
2899.35	3328.56
2900.21	3319.39
2901.06	3314.17
2901.91	3312.29
2902.76	3313.54
2903.62	3318.93
2904.47	3319.38
2905.32	3317.57
2906.17	3314.19
2907.03	3309.57
2907.88	3303.97
2908.73	3297.9
2909.58	3291.21
2910.43	3286
2911.28	3286.84
2912.14	3296.96
2912.99	3298.79
2913.84	3288.77
2914.69	3277.83
2915.54	3266.55
2916.39	3255.71
2917.24	3246.24
2918.09	3238
2918.94	3237.06
2919.79	3237.64
2920.64	3237.59
2921.49	3237.19
2922.34	3235.83
2923.19	3233.34
2924.04	3229.39
2924.89	3220.3
2925.74	3201.45
2926.59	3188.1
2927.44	3186.34
2928.29	3193.21
2929.14	3199.94
2929.98	3203.54
2930.83	3204.89
2931.68	3205.51
2932.53	3202.61
2933.38	3195.22
2934.23	3186.4
2935.07	3175.97
2935.92	3164.99
2936.77	3154.66
2937.62	3152.75
2938.47	3150.33
2939.31	3149.16
2940.16	3149.58
2941.01	3152.25
2941.85	3155.28
2942.7	3157.76
2943.55	3159.33
2944.39	3159.2
2945.24	3157.27
2946.09	3151.49
2946.93	3144.37
2947.78	3136.73
2948.63	3127.91
2949.47	3122.61
2950.32	3119.11
2951.16	3115.96
2952.01	3112.97
2952.85	3109.88
2953.7	3106.42
2954.55	3102.68
2955.39	3098.5
2956.24	3100.5
2957.08	3098.48
2957.92	3096.18
2958.77	3092.59
2959.61	3088.02
2960.46	3082.41
2961.3	3076.1
2962.15	3069.08
2962.99	3063.99
2963.83	3068.9
2964.68	3076.8
2965.52	3079.4
2966.37	3078.23
2967.21	3072.87
2968.05	3066.94
2968.9	3059.16
2969.74	3049.59
2970.58	3044.34
2971.42	3042.44
2972.27	3043.19
2973.11	3042.49
2973.95	3040.07
2974.79	3036.2
2975.64	3030.4
2976.48	3023.99
2977.32	3025.33
2978.16	3025.73
2979	3026.97
2979.85	3026.1
2980.69	3024.69
2981.53	3022.38
2982.37	3019.24
2983.21	3015.32
2984.05	3010.63
2984.89	3005.93
2985.73	3003.51
2986.57	3002.29
2987.41	3001.04
2988.25	2999.41
2989.1	2997.41
2989.94	2994.02
2990.77	2990.32
2991.62	2985.74
2992.45	2980.25
2993.29	2973.87
2994.13	2966.43
2994.97	2958.09
2995.81	2953.31
2996.65	2988.14
2997.49	3001.18
2998.33	2968.46
2999.17	2962.23
