200.833	14955.7
202.102	14955.1
203.371	14971.5
204.639	14975.7
205.907	14985.4
207.175	14991.8
208.442	14995
209.71	15000.1
210.977	15008.5
212.244	15016.9
213.511	15027.2
214.777	15039.7
216.042	15054.1
217.309	15070.7
218.575	15091.7
219.84	15118.5
221.106	15157.7
222.371	15188.7
223.635	15214.8
224.9	15238.3
226.165	15259.3
227.429	15285
228.694	15313.6
229.956	15348.3
231.22	15382.6
232.484	15415.9
233.747	15448.1
235.011	15472.1
236.272	15496.5
237.535	15520
238.798	15543.3
240.06	15566.5
241.321	15590.6
242.583	15615.3
243.845	15642.3
245.105	15669.8
246.367	15695.2
247.628	15713.1
248.888	15719.2
250.149	15728.7
251.409	15742.5
252.67	15757.3
253.928	15775.4
255.189	15803.3
256.447	15820.5
257.707	15829.8
258.966	15832.9
260.224	15836.8
261.483	15843.9
262.742	15848.6
263.999	15857
265.257	15867
266.514	15881.8
267.772	15899.1
269.028	15922.7
270.286	15949.6
271.543	15979.5
272.799	16012.2
274.056	16047.7
275.311	16072.6
276.568	16062.1
277.823	16063
279.079	16066.4
280.333	16076.1
281.589	16100.3
282.843	16146.7
284.099	16184.5
285.352	16215.6
286.607	16239.1
287.86	16256.7
289.114	16265
290.368	16268.2
291.621	16276.5
292.875	16294.8
294.127	16312.7
295.38	16334.5
296.632	16345
297.884	16352
299.137	16358.7
300.388	16364.4
301.641	16368.6
302.891	16371.6
304.142	16374.4
305.394	16378.3
306.644	16383.6
307.894	16390.8
309.146	16396.9
310.395	16406.9
311.645	16445.9
312.895	16472.7
314.144	16478
315.393	16482
316.642	16487.8
317.892	16494.9
319.14	16501.4
320.388	16509.2
321.637	16518.4
322.885	16529.1
324.132	16542
325.38	16556.9
326.628	16575.9
327.875	16597.8
329.122	16623.2
330.368	16650.5
331.614	16677.1
332.862	16703.4
334.108	16729.2
335.353	16755.2
336.599	16776
337.844	16792
339.089	16804.2
340.335	16811.6
341.58	16820.3
342.824	16833.8
344.068	16845.5
345.312	16854.7
346.556	16861.8
347.8	16866.8
349.043	16869.3
350.286	16870.5
351.53	16871.3
352.774	16871.9
354.016	16873
355.259	16874.8
356.501	16877.8
357.743	16882.3
358.985	16888.2
360.227	16895.4
361.468	16903.8
362.709	16912.4
363.95	16916.6
365.191	16919
366.432	16931
367.672	16947.7
368.912	16970.7
370.152	16997.7
371.392	17002.1
372.632	17012.6
373.871	17023.5
375.11	17036
376.348	17048.1
377.587	17070.3
378.825	17094
380.064	17105.3
381.302	17101.8
382.54	17060.3
383.778	17039
385.016	17020.7
386.253	17008.4
387.489	17098.7
388.726	17141.6
389.963	17177.5
391.199	17206.4
392.436	17228.6
393.672	17244.9
394.907	17254
396.142	17244.7
397.378	17229
398.614	17216
399.849	17213.3
401.082	17213.4
402.317	17219.4
403.552	17230.5
404.786	17247.1
406.019	17268.9
407.253	17296.2
408.487	17327.3
409.721	17351.2
410.953	17355.2
412.186	17356.9
413.419	17343.8
414.651	17337.2
415.883	17339
417.116	17347.9
418.347	17363.3
419.579	17384.7
420.811	17390.5
422.041	17392.8
423.272	17382
424.504	17374
425.733	17372
426.964	17385.9
428.194	17402.1
429.424	17419.8
430.654	17439.5
431.883	17463.5
433.113	17468.2
434.341	17468.4
435.571	17470.1
436.799	17472.4
438.028	17476
439.257	17478.6
440.484	17482.1
441.713	17486.1
442.94	17491
444.168	17496.7
445.394	17504.8
446.622	17513.6
447.848	17524
449.076	17535.9
450.301	17549.8
451.528	17560.5
452.754	17569.9
453.979	17572.9
455.205	17573.5
456.43	17570.3
457.656	17573.3
458.88	17582.1
460.106	17594.1
461.33	17616.5
462.554	17624.4
463.779	17635.3
465.002	17642.4
466.225	17615.5
467.45	17628.7
468.672	17652
469.895	17675
471.119	17680
472.341	17678.1
473.563	17674.6
474.786	17651.7
476.008	17634.7
477.229	17617
478.452	17603.6
479.673	17593.8
480.894	17585.6
482.115	17579.7
483.337	17575.9
484.557	17573.8
485.777	17573
486.997	17571.3
488.218	17569.7
489.438	17568.1
490.657	17566.3
491.876	17564
493.096	17560.9
494.315	17557.4
495.533	17553.7
496.752	17551.1
497.97	17551.2
499.188	17563
500.407	17574.2
501.625	17585.3
502.842	17596.8
504.059	17607.4
505.276	17616.1
506.493	17622.5
507.71	17622.7
508.926	17622.4
510.142	17626.5
511.358	17633.1
512.575	17638.7
513.791	17659.5
515.006	17679
516.222	17690.4
517.437	17699.1
518.651	17702.1
519.866	17690.3
521.081	17686.4
522.295	17697
523.509	17718.5
524.723	17745.5
525.937	17774
527.15	17795.9
528.363	17808.9
529.576	17812.4
530.789	17805.5
532.002	17790
533.215	17772.6
534.426	17768.1
535.638	17766.6
536.85	17779.9
538.061	17800.1
539.273	17822.2
540.484	17841.5
541.695	17849.7
542.906	17855.4
544.117	17858.1
545.327	17859.1
546.537	17860.1
547.747	17860.1
548.957	17860.8
550.167	17864.5
551.377	17868.6
552.585	17873.5
553.794	17879
555.003	17885.7
556.212	17893.1
557.421	17900.7
558.628	17907.6
559.836	17900.7
561.044	17889.3
562.252	17872.9
563.458	17859.3
564.666	17841.5
565.873	17829.9
567.08	17836.6
568.286	17856.9
569.493	17892.8
570.699	17832.3
571.904	17828.8
573.111	17837.4
574.317	17853.3
575.521	17866.4
576.727	17881.4
577.932	17890
579.136	17893
580.341	17892.4
581.544	17892.4
582.749	17887.5
583.954	17892.8
585.156	17905.2
586.361	17928.7
587.563	17936.2
588.767	17943.7
589.97	17945.1
591.172	17946.5
592.375	17949.6
593.577	17952.6
594.78	17955.6
595.981	17958.5
597.183	17960
598.384	17961.8
599.586	17939.1
600.786	17904.9
601.988	17880.7
603.188	17866
604.389	17860.1
605.589	17863.7
606.79	17869.3
607.989	17868.4
609.188	17868.7
610.389	17869.3
611.587	17864.2
612.787	17865.8
613.986	17865.5
615.184	17865.4
616.383	17863.7
617.581	17860.8
618.78	17851.7
619.977	17802.5
621.174	17790.9
622.373	17788.7
623.57	17791
624.766	17817.1
625.964	17778.2
627.16	17754.8
628.356	17732.2
629.554	17712.1
630.749	17696.5
631.945	17687.5
633.14	17684.9
634.337	17686.9
635.532	17691.3
636.726	17698
637.921	17697.2
639.117	17699.1
640.311	17699
641.505	17698.3
642.699	17695.7
643.892	17691.3
645.087	17680
646.28	17665.6
647.473	17662.5
648.666	17674.8
649.859	17685.3
651.051	17695.3
652.245	17708.3
653.437	17720
654.629	17728.9
655.821	17735.8
657.012	17740.8
658.204	17743.6
659.395	17744.8
660.586	17743.5
661.777	17739.3
662.967	17728.2
664.158	17713
665.349	17708.7
666.539	17714.2
667.729	17749.9
668.919	17784.6
670.109	17822.1
671.298	17800.1
672.487	17796.8
673.676	17789.6
674.865	17782.7
676.053	17778.3
677.242	17780.3
678.43	17791.1
679.616	17805.5
680.804	17825.6
681.992	17838.8
683.179	17838.9
684.366	17838.8
685.554	17825.2
686.74	17805.1
687.927	17784
689.114	17774.8
690.3	17766.8
691.486	17759.7
692.671	17751.4
693.856	17742.9
695.042	17734.2
696.227	17725.5
697.413	17717.5
698.598	17710.2
699.781	17703.7
700.966	17699.2
702.15	17696.1
703.334	17694.3
704.518	17695.7
705.701	17697.8
706.885	17699.5
708.068	17694
709.252	17679.7
710.433	17662.6
711.616	17644.8
712.799	17625
713.98	17602.7
715.163	17577.2
716.345	17551.4
717.527	17548.1
718.707	17555.1
719.889	17565.7
721.071	17575.8
722.25	17587.7
723.432	17601.1
724.611	17613.9
725.792	17625.8
726.972	17636.8
728.151	17646
729.332	17652.7
730.512	17657.3
731.69	17658.2
732.87	17658.2
734.048	17658.2
735.227	17660.8
736.405	17665.7
737.584	17673.4
738.761	17682
739.94	17691.8
741.117	17696.6
742.295	17678.5
743.471	17658.1
744.649	17645.4
745.825	17641.1
747.003	17645.8
748.179	17652.5
749.356	17664.4
750.531	17680.1
751.708	17700.5
752.883	17702.6
754.059	17698.3
755.234	17684.6
756.409	17676.5
757.585	17672.3
758.759	17670.3
759.934	17664.9
761.108	17676.6
762.282	17679
763.456	17674.4
764.63	17664.8
765.803	17647.6
766.977	17631
768.15	17619.1
769.323	17608.1
770.496	17597.9
771.668	17588.4
772.841	17577.6
774.014	17564.7
775.185	17547
776.357	17527
777.528	17506.2
778.701	17487.5
779.872	17472.5
781.042	17477.9
782.213	17494.1
783.383	17501.3
784.555	17501.9
785.725	17496.1
786.895	17484.6
788.064	17467.4
789.234	17443.8
790.404	17431.1
791.573	17429.9
792.742	17414.5
793.911	17400.9
795.08	17388.6
796.248	17377.6
797.416	17368.7
798.584	17373.9
799.753	17378.9
800.921	17393.8
802.088	17404.2
803.256	17399.4
804.423	17393.8
805.59	17389.4
806.756	17385.1
807.923	17380.9
809.089	17377.6
810.256	17377
811.422	17383.5
812.587	17396.7
813.753	17419.5
814.918	17421.2
816.084	17412.6
817.249	17406.9
818.414	17403.2
819.578	17402
820.743	17403.3
821.907	17407.3
823.072	17414.3
824.236	17423.5
825.399	17425.1
826.562	17407.9
827.725	17406.9
828.889	17404.8
830.052	17406.4
831.215	17417.7
832.377	17432
833.54	17446.5
834.701	17460.5
835.863	17472.6
837.025	17465.1
838.187	17456.3
839.349	17443.4
840.51	17427.5
841.67	17406.7
842.831	17384.7
843.992	17368.5
845.153	17361.8
846.312	17363.1
847.473	17369.1
848.633	17373.5
849.793	17381.6
850.951	17376.2
852.111	17361
853.27	17331.9
854.428	17308.1
855.588	17291.5
856.747	17278.6
857.904	17268.7
859.063	17261.3
860.221	17257.6
861.378	17256.9
862.536	17260.9
863.694	17255.5
864.85	17245.5
866.008	17231.8
867.164	17215
868.321	17195.3
869.478	17173.5
870.633	17150
871.79	17124.8
872.945	17100.6
874.101	17076.9
875.256	17062.1
876.412	17058.9
877.566	17067.9
878.722	17071.4
879.876	17067.1
881.031	17049.2
882.185	17025.4
883.34	17004
884.493	16979.5
885.647	16964.2
886.8	16945
887.954	16966.1
889.107	17019.6
890.261	17014.2
891.413	17002.1
892.565	16979
893.718	16961
894.87	16967.8
896.023	16965.6
897.174	16959.4
898.326	16953.1
899.478	16952.1
900.629	16944.5
901.779	16946.6
902.931	16956.2
904.081	16966.2
905.231	16976.3
906.383	16978.2
907.532	16980
908.682	16984.1
909.831	16988.5
910.982	16996
912.131	16996.4
913.28	16986.1
914.429	16977.4
915.578	16976.1
916.727	16980.5
917.875	16987.3
919.023	16988.4
920.171	16987.1
921.32	16982.4
922.467	16973.3
923.614	16961.3
924.761	16959.8
925.908	16966.2
927.055	16972.4
928.203	16978.8
929.349	16984.9
930.496	16980.8
931.642	16970.3
932.787	16951.4
933.933	16932.8
935.079	16916
936.224	16900.1
937.369	16885.7
938.514	16872.3
939.659	16861.8
940.804	16863
941.948	16872.1
943.092	16884.8
944.236	16887
945.38	16887.9
946.524	16880
947.667	16869.9
948.811	16854
949.954	16835.2
951.097	16814.5
952.24	16795.1
953.383	16805.1
954.525	16833
955.667	16841.1
956.81	16798.5
957.952	16717.4
959.093	16699.5
960.235	16717.5
961.376	16738
962.516	16753.4
963.658	16739.7
964.798	16724.3
965.939	16708.9
967.08	16694.1
968.22	16679.8
969.359	16671.6
970.499	16666
971.639	16662.5
972.779	16661.6
973.918	16662.7
975.056	16666.6
976.195	16664.8
977.334	16654
978.473	16643.3
979.61	16640.3
980.749	16650.2
981.887	16668.1
983.024	16705.1
984.162	16704.9
985.3	16653
986.437	16634
987.573	16623.5
988.711	16620.6
989.848	16620.7
990.983	16626.8
992.12	16633.5
993.255	16641
994.392	16648.4
995.528	16655.6
996.662	16662.6
997.798	16668.7
998.933	16674.5
1000.07	16680.2
1001.2	16685
1002.34	16687.8
1003.47	16687.5
1004.61	16684.7
1005.74	16672.8
1006.87	16660.9
1008.01	16645.4
1009.14	16628.1
1010.27	16610.6
1011.41	16592.2
1012.54	16582.9
1013.67	16586.3
1014.81	16586.4
1015.94	16592.6
1017.07	16600
1018.2	16609.5
1019.33	16616.8
1020.47	16617.6
1021.6	16608.3
1022.73	16592.2
1023.86	16559.3
1024.99	16546.3
1026.12	16533.8
1027.25	16530.4
1028.38	16525
1029.51	16521.6
1030.64	16514.1
1031.77	16501.8
1032.9	16488.2
1034.03	16471.9
1035.16	16453.3
1036.29	16432.2
1037.42	16409
1038.55	16383.3
1039.67	16362
1040.8	16361.5
1041.93	16363.8
1043.06	16369.1
1044.19	16377.2
1045.31	16374.6
1046.44	16352.7
1047.57	16332.4
1048.69	16312.3
1049.82	16292.9
1050.95	16280.2
1052.08	16288
1053.2	16286.1
1054.33	16263.1
1055.45	16232.5
1056.58	16198.6
1057.7	16186
1058.83	16183
1059.95	16190.4
1061.08	16236.6
1062.2	16245.6
1063.33	16249.2
1064.45	16209.2
1065.58	16207.8
1066.7	16204.8
1067.83	16199.1
1068.95	16205.3
1070.07	16213.4
1071.2	16207.6
1072.32	16195.2
1073.44	16183.7
1074.56	16159.7
1075.69	16147.4
1076.81	16149.2
1077.93	16156
1079.05	16162.3
1080.17	16167.6
1081.3	16172.2
1082.42	16176.5
1083.54	16180
1084.66	16183.4
1085.78	16187
1086.9	16192.8
1088.02	16201.4
1089.14	16213.4
1090.26	16214.8
1091.38	16199.7
1092.5	16184.4
1093.62	16169.2
1094.74	16152.7
1095.86	16150.5
1096.98	16147.6
1098.1	16161.8
1099.22	16165.6
1100.34	16161.1
1101.45	16154.5
1102.57	16148.2
1103.69	16142
1104.81	16143.2
1105.93	16143
1107.04	16142.8
1108.16	16141.8
1109.28	16140.8
1110.4	16138.3
1111.51	16123.9
1112.63	16105.9
1113.75	16079.9
1114.86	16060.2
1115.98	16046.7
1117.09	16033.9
1118.21	16022.6
1119.32	16012.8
1120.44	16005.2
1121.55	15999.7
1122.67	15990.5
1123.78	15975.1
1124.9	15954.2
1126.01	15936.9
1127.13	15920
1128.24	15901.6
1129.35	15884.2
1130.47	15865.9
1131.58	15848.4
1132.7	15833.1
1133.81	15823
1134.92	15824.1
1136.03	15812.2
1137.15	15786.2
1138.26	15757.7
1139.37	15708.5
1140.48	15738.6
1141.59	15717.6
1142.71	15696.1
1143.82	15669.8
1144.93	15650.2
1146.04	15627.1
1147.15	15602.5
1148.26	15594.3
1149.37	15595.1
1150.48	15603.2
1151.59	15610.3
1152.7	15609.2
1153.81	15603.2
1154.92	15592.8
1156.03	15577
1157.14	15557.6
1158.25	15546.6
1159.36	15538
1160.47	15532.5
1161.58	15528.7
1162.68	15528.5
1163.79	15530.5
1164.9	15535.6
1166.01	15540.3
1167.12	15533.5
1168.22	15518.7
1169.33	15510.7
1170.44	15512
1171.55	15513.9
1172.65	15522.1
1173.76	15534
1174.87	15547.6
1175.97	15560.6
1177.08	15569.6
1178.18	15565.7
1179.29	15561.8
1180.4	15554.6
1181.5	15545.3
1182.61	15533.8
1183.71	15530.2
1184.82	15527
1185.92	15528.9
1187.02	15532.4
1188.13	15538.7
1189.23	15544.9
1190.34	15549.2
1191.44	15551.6
1192.54	15549.5
1193.65	15545.4
1194.75	15539.7
1195.85	15533.2
1196.96	15526.3
1198.06	15521.1
1199.16	15519.6
1200.26	15521.2
1201.37	15529.3
1202.47	15538.4
1203.57	15550.4
1204.67	15562.6
1205.77	15564
1206.87	15560.4
1207.97	15551.6
1209.08	15536.9
1210.18	15516.5
1211.28	15498
1212.38	15482
1213.48	15474.8
1214.58	15470.4
1215.68	15471.2
1216.78	15477.2
1217.88	15488.5
1218.98	15506.3
1220.07	15528.2
1221.17	15519.2
1222.27	15494.1
1223.37	15476.2
1224.47	15461.7
1225.57	15445.9
1226.66	15430.4
1227.76	15417.4
1228.86	15404.7
1229.96	15391.2
1231.06	15376.5
1232.15	15360.4
1233.25	15342.8
1234.35	15323.3
1235.44	15302.8
1236.54	15280.9
1237.63	15262
1238.73	15258.4
1239.83	15252
1240.92	15244.7
1242.02	15236.4
1243.11	15228.1
1244.21	15220.5
1245.3	15215.3
1246.4	15216.4
1247.49	15211.4
1248.59	15199
1249.68	15179.4
1250.78	15164.9
1251.87	15159
1252.96	15162.3
1254.06	15162.3
1255.15	15160.9
1256.24	15157.2
1257.34	15151.5
1258.43	15143.4
1259.52	15131.8
1260.62	15119.1
1261.71	15109.2
1262.8	15100.9
1263.89	15100.7
1264.98	15101.2
1266.08	15104.6
1267.17	15109.7
1268.26	15118
1269.35	15126.7
1270.44	15132.6
1271.53	15136.1
1272.62	15136.7
1273.71	15132
1274.8	15125.6
1275.89	15118.8
1276.98	15111.9
1278.07	15106
1279.16	15101.7
1280.25	15101.4
1281.34	15103.9
1282.43	15114
1283.52	15137
1284.61	15153.5
1285.69	15154.9
1286.78	15150.2
1287.87	15145.8
1288.96	15140.1
1290.05	15129.2
1291.13	15117.5
1292.22	15101.7
1293.31	15085.1
1294.4	15068.3
1295.48	15053.2
1296.57	15163.2
1297.66	15135.5
1298.74	15134.6
1299.83	15126
1300.92	15111.5
1302	15099
1303.09	15087.4
1304.17	15081.4
1305.26	15076.4
1306.34	15073.3
1307.43	15071.9
1308.51	15071.9
1309.6	15073.2
1310.68	15074.6
1311.76	15065
1312.85	15058.9
1313.93	15046.6
1315.02	15047.4
1316.1	15046.8
1317.18	15051.5
1318.27	15049.8
1319.35	15051.8
1320.43	15046.9
1321.52	15037.7
1322.6	15035.4
1323.68	15037.8
1324.76	15029.5
1325.85	15013.7
1326.93	14993.5
1328.01	14975.8
1329.09	14958.4
1330.17	14944.5
1331.25	14932.8
1332.33	14924.4
1333.41	14926.5
1334.49	14932
1335.58	14928.8
1336.65	14920.2
1337.74	14907.5
1338.82	14891.6
1339.89	14873.2
1340.97	14860
1342.05	14850.5
1343.13	14845.2
1344.21	14840.6
1345.29	14835.4
1346.37	14832.6
1347.45	14827.3
1348.53	14821.1
1349.6	14813.9
1350.68	14805.9
1351.76	14800.4
1352.84	14797.9
1353.92	14797
1354.99	14798.4
1356.07	14805.1
1357.15	14812.7
1358.22	14812.4
1359.3	14816.2
1360.38	14809.9
1361.45	14803.6
1362.53	14797.3
1363.61	14794.2
1364.68	14799.5
1365.76	14811.7
1366.83	14820.6
1367.91	14825.2
1368.98	14824.7
1370.06	14822.7
1371.13	14819.1
1372.21	14812.5
1373.28	14803
1374.35	14788.8
1375.43	14771.1
1376.5	14759.4
1377.58	14743.8
1378.65	14734.9
1379.72	14729
1380.8	14729.1
1381.87	14735.7
1382.94	14746.7
1384.01	14755.3
1385.09	14758.5
1386.16	14756.7
1387.23	14747
1388.3	14731.3
1389.38	14715.9
1390.45	14697.4
1391.52	14681.1
1392.59	14668
1393.66	14662
1393.92	14660.3
1395	14658.9
1396.07	14657.4
1397.15	14656
1398.22	14657.6
1399.3	14660.2
1400.38	14661.2
1401.45	14656
1402.53	14634.8
1403.6	14618.2
1404.68	14588.2
1405.75	14574.7
1406.82	14573.1
1407.9	14575.7
1408.97	14575.8
1410.05	14566
1411.12	14553.5
1412.19	14547.9
1413.27	14545
1414.34	14542
1415.41	14542.1
1416.49	14545.6
1417.56	14551.8
1418.63	14556.2
1419.7	14559.7
1420.78	14556.5
1421.85	14539.1
1422.92	14524.6
1423.99	14507.3
1425.06	14486.8
1426.14	14464.9
1427.21	14453
1428.28	14453.5
1429.35	14475
1430.42	14492.3
1431.49	14476.7
1432.56	14416.4
1433.63	14417.3
1434.7	14434.1
1435.77	14441.4
1436.84	14439.7
1437.91	14442
1438.98	14444.6
1440.05	14464.8
1441.12	14304.3
1442.18	14475.4
1443.25	14448
1444.32	14418.1
1445.39	14425.4
1446.46	14371.1
1447.53	14326.9
1448.59	14362.3
1449.66	14390
1450.73	14405.1
1451.8	14408.3
1452.86	14398.6
1453.93	14383.6
1455	14354.7
1456.06	14345.8
1457.13	14335.4
1458.2	14340.8
1459.26	14348.3
1460.33	14348.8
1461.39	14344.8
1462.46	14337.4
1463.52	14325.1
1464.59	14324.1
1465.65	14322.4
1466.72	14321.1
1467.78	14319.5
1468.85	14317.1
1469.91	14314.3
1470.98	14303.5
1472.04	14294.6
1473.1	14285.4
1474.17	14281.5
1475.23	14295.5
1476.3	14296.6
1477.36	14297.8
1478.42	14294.4
1479.48	14277.3
1480.55	14266.9
1481.61	14259.1
1482.67	14260.2
1483.73	14260.3
1484.8	14264.8
1485.86	14270
1486.92	14276.3
1487.98	14278.6
1489.04	14268.2
1490.1	14244.6
1491.17	14224.4
1492.23	14208.6
1493.29	14196.9
1494.35	14189
1495.41	14185.2
1496.47	14185.9
1497.53	14191.2
1498.59	14188.1
1499.65	14183.9
1500.71	14177.1
1501.77	14166.7
1502.83	14151.2
1503.88	14093.9
1504.94	14071.8
1506	14067.2
1507.06	14074.5
1508.12	14095.4
1509.18	14092
1510.23	14080.3
1511.29	14042.7
1512.35	14017.8
1513.41	14003.3
1514.47	13994.5
1515.52	14004.2
1516.58	14017.6
1517.64	14027.4
1518.69	14036.8
1519.75	14040.4
1520.81	14034.5
1521.86	14019.8
1522.92	13994.4
1523.97	13996.3
1525.03	13998.1
1526.08	13991
1527.14	13969.6
1528.2	13934.8
1529.25	13907
1530.31	13972.6
1531.36	13967.4
1532.42	13955.4
1533.47	13946.6
1534.52	13941.1
1535.58	13936.2
1536.63	13930.7
1537.69	13924.5
1538.74	13918.4
1539.79	13911.3
1540.84	13902.9
1541.9	13890.9
1542.95	13870.2
1544	13850.5
1545.06	13835.6
1546.11	13834
1547.16	13837.3
1548.21	13847.8
1549.27	13862.5
1550.32	13859
1551.37	13854.1
1552.42	13848.2
1553.47	13841.7
1554.52	13834.3
1555.57	13828.1
1556.62	13827.1
1557.67	13828
1558.72	13832.5
1559.77	13832.3
1560.82	13825.2
1561.87	13821.6
1562.92	13813.1
1563.97	13824.5
1565.02	13840
1566.07	13837
1567.12	13799.1
1568.17	13749
1569.22	13718
1570.27	13752.9
1571.32	13819.4
1572.36	13798.4
1573.41	13784
1574.46	13773.5
1575.51	13766
1576.56	13761
1577.6	13758.7
1578.65	13760
1579.7	13764.4
1580.74	13771.7
1581.79	13779
1582.84	13768.1
1583.88	13749.5
1584.93	13733
1585.98	13713.2
1587.02	13694.3
1588.07	13687.8
1589.11	13692.9
1590.16	13709
1591.2	13722.5
1592.25	13733.2
1593.29	13743.6
1594.34	13733
1595.38	13708.6
1596.43	13694.3
1597.47	13676.7
1598.52	13664.6
1599.56	13653
1600.6	13642.6
1601.65	13632.8
1602.69	13622.9
1603.73	13612.4
1604.78	13581.1
1605.82	13565.7
1606.86	13570.6
1607.91	13560.6
1608.95	13550.2
1609.99	13541.8
1611.03	13534.1
1612.08	13526.8
1613.12	13520.9
1614.16	13515.8
1615.2	13511.2
1616.24	13504.1
1617.28	13489
1618.32	13470.2
1619.36	13447.8
1620.41	13425.4
1621.45	13405.2
1622.49	13384.1
1623.53	13369.3
1624.57	13358.3
1625.61	13350.8
1626.65	13346.5
1627.69	13345
1628.73	13346
1629.76	13349.1
1630.8	13354.1
1631.84	13358.5
1632.88	13344.2
1633.92	13326.1
1634.96	13307.8
1636	13292.1
1637.03	13278.4
1638.07	13266.6
1639.11	13256.6
1640.15	13249.9
1641.19	13244.7
1642.22	13236.5
1643.26	13226.4
1644.3	13205.1
1645.33	13183.9
1646.37	13176.7
1647.41	13178.8
1648.44	13177.9
1649.48	13194.7
1650.52	13208.5
1651.55	13217
1652.59	13223.8
1653.62	13236.4
1654.66	13218
1655.69	13183.6
1656.73	13147.5
1657.76	13115.4
1658.8	13100.9
1659.83	13099
1660.87	13098.9
1661.9	13103
1662.93	13107
1663.97	13110
1665	13111.5
1666.04	13111.8
1667.07	13110.2
1668.1	13106.1
1669.14	13101.5
1670.17	13096
1671.2	13089.9
1672.23	13084.4
1673.27	13079
1674.3	13073.8
1675.33	13070.3
1676.36	13066.2
1677.39	13061.6
1678.43	13052.5
1679.46	13042.2
1680.49	13031
1681.52	13019.7
1682.55	13010.1
1683.58	13001.1
1684.61	13001.6
1685.64	12999.9
1686.67	12997.4
1687.7	12992.1
1688.73	12964.9
1689.76	12942.8
1690.79	12923.5
1691.82	12911
1692.85	12910.6
1693.88	12918.6
1694.91	12924
1695.94	12927
1696.97	12929.4
1698	12914.7
1699.02	12890.4
1700.05	12860.8
1701.08	12834.6
1702.11	12819.8
1703.14	12801.7
1704.16	12801.5
1705.19	12808.2
1706.22	12812.1
1707.25	12812.4
1708.27	12810.4
1709.3	12801.1
1710.33	12789.2
1711.35	12774.5
1712.38	12758
1713.41	12745.3
1714.43	12740
1715.46	12734.5
1716.48	12730.9
1717.51	12729.9
1718.53	12730.9
1719.56	12733.3
1720.58	12732.8
1721.61	12725.3
1722.63	12711.9
1723.66	12689.2
1724.68	12670.3
1725.71	12649.4
1726.73	12642.3
1727.75	12628.2
1728.78	12637.5
1729.8	12649.2
1730.83	12650.8
1731.85	12639.2
1732.87	12618.5
1733.89	12592.2
1734.92	12571.7
1735.94	12559.3
1736.96	12551.4
1737.98	12546.6
1739.01	12544.3
1740.03	12544.9
1741.05	12546.8
1742.07	12547.3
1743.09	12544.3
1744.12	12530.2
1745.14	12515.2
1746.16	12496.9
1747.18	12475
1748.2	12466.5
1749.22	12458.5
1750.24	12453.7
1751.26	12450.6
1752.28	12449.6
1753.3	12447.4
1754.32	12436.9
1755.34	12437
1756.36	12439.6
1757.38	12442.3
1758.4	12449.2
1759.42	12444.6
1760.44	12436.8
1761.45	12427.4
1762.47	12415.4
1763.49	12399.8
1764.51	12382.5
1765.53	12372.3
1766.55	12367
1767.56	12367.2
1768.58	12376.7
1769.6	12381.2
1770.61	12381.2
1771.63	12379.4
1772.65	12357.2
1773.67	12328.5
1774.68	12309
1775.7	12290
1776.72	12279.2
1777.73	12271.6
1778.75	12267.6
1779.76	12266.6
1780.78	12267.7
1781.79	12270.6
1782.81	12270.8
1783.83	12271.1
1784.84	12270.1
1785.85	12266.9
1786.87	12261.3
1787.88	12251.3
1788.9	12238
1789.91	12222.4
1790.93	12205
1791.94	12189.1
1792.95	12175.2
1793.97	12163.5
1794.98	12155
1796	12149
1797.01	12144.5
1798.02	12141
1799.03	12134.5
1800.05	12130.7
1801.06	12128.4
1802.07	12126
1803.08	12123.1
1804.1	12118.4
1805.11	12108.1
1806.12	12064.8
1807.13	12045
1808.14	12030.6
1809.15	12061
1810.17	12055.7
1811.18	12048
1812.19	12034.9
1813.2	12018.4
1814.21	11991.9
1815.22	11955.8
1816.23	11918.8
1817.24	11890.6
1818.25	11897.7
1819.26	11898
1820.27	11881.5
1821.28	11865.4
1822.29	11861.7
1823.3	11861.4
1824.3	11861.8
1825.31	11862.2
1826.32	11860.7
1827.33	11859
1828.34	11848.2
1829.35	11830.9
1830.35	11806.5
1831.36	11791.4
1832.37	11785.6
1833.38	11786.8
1834.38	11783.5
1835.39	11780.9
1836.4	11769.4
1837.41	11748.7
1838.41	11719.2
1839.42	11703.7
1840.43	11691.8
1841.43	11689.5
1842.44	11690.2
1843.44	11690
1844.45	11689.6
1845.46	11688.9
1846.46	11686.8
1847.47	11683.4
1848.47	11678.4
1849.48	11671.8
1850.48	11661.9
1851.49	11648.4
1852.49	11636.3
1853.49	11627.5
1854.5	11631.6
1855.5	11625.2
1856.51	11616
1857.51	11599.8
1858.51	11582.7
1859.52	11562.1
1860.52	11539.5
1861.52	11516.2
1862.53	11497.6
1863.53	11498.5
1864.53	11509.8
1865.54	11519.6
1866.54	11523.4
1867.54	11522.6
1868.54	11517.6
1869.54	11509.8
1870.55	11499.9
1871.55	11487.8
1872.55	11473.3
1873.55	11457
1874.55	11438.5
1875.55	11419.2
1876.55	11429.6
1877.55	11434.5
1878.55	11435.1
1879.55	11434.9
1880.56	11428.8
1881.55	11418.6
1882.56	11404.4
1883.55	11386.6
1884.55	11366
1885.55	11342.8
1886.55	11335.9
1887.55	11338.3
1888.55	11329.2
1889.55	11320
1890.55	11309.2
1891.55	11298.6
1892.55	11300.5
1893.54	11309.4
1894.54	11329.5
1895.54	11304
1896.54	11286.8
1897.54	11271.2
1898.53	11257.2
1899.53	11244.5
1900.53	11233.9
1901.52	11225.3
1902.52	11218.1
1903.52	11212.2
1904.51	11207.2
1905.51	11200.8
1906.51	11192.7
1907.5	11180.9
1908.5	11169
1909.49	11153.7
1910.49	11136.1
1911.49	11112.1
1912.48	11087.2
1913.48	11064
1914.47	11045.4
1915.46	11031.1
1916.46	11026.7
1917.45	11027.3
1918.45	11031.2
1919.44	11035.9
1920.44	11039.9
1921.43	11035.1
1922.43	11029.6
1923.42	11022.8
1924.41	11014.8
1925.41	11004.7
1926.4	11002.8
1927.39	10994.5
1928.38	10982.7
1929.38	10968.1
1930.37	10951.3
1931.36	10933.3
1932.35	10911.8
1933.35	10897.3
1934.34	10891.3
1935.33	10892.1
1936.32	10893.7
1937.31	10895.9
1938.3	10895.9
1939.29	10895
1940.29	10890.1
1941.28	10877.1
1942.27	10862.5
1943.26	10846
1944.25	10828
1945.24	10810.7
1946.23	10798.2
1947.22	10785.7
1948.21	10779.9
1949.2	10773.5
1950.19	10766.1
1951.18	10750.9
1952.17	10734.1
1953.16	10715.9
1954.14	10695.2
1955.13	10678.2
1956.12	10671.4
1957.11	10666.4
1958.1	10662.9
1959.09	10663.6
1960.07	10664
1961.06	10663.8
1962.05	10661.3
1963.04	10654.9
1964.02	10646.6
1965.01	10636.8
1966	10625.5
1966.99	10613.6
1967.97	10599.6
1968.96	10582.2
1969.95	10578.9
1970.93	10565.9
1971.92	10552.5
1972.9	10539.1
1973.89	10525.5
1974.88	10511.8
1975.86	10497.7
1976.85	10483.5
1977.83	10478
1978.82	10479.4
1979.8	10487.2
1980.79	10470.3
1981.77	10452
1982.76	10438.1
1983.74	10432.6
1984.72	10432.8
1985.71	10444
1986.69	10452.7
1987.67	10438.8
1988.66	10425.3
1989.64	10415.6
1990.62	10403.3
1991.61	10388.2
1992.59	10372.9
1993.57	10358.3
1994.56	10344.2
1995.54	10336.7
1996.52	10337
1997.5	10344.6
1998.49	10336.7
1999.47	10331.5
2000.45	10323.7
2001.43	10310.7
2002.41	10294
2003.39	10276.8
2004.38	10272.3
2005.36	10264.8
2006.34	10258.1
2007.32	10252.6
2008.3	10247.9
2009.28	10236.2
2010.26	10223.1
2011.24	10211
2012.22	10201
2013.2	10192.8
2014.18	10186.9
2015.16	10185.4
2016.14	10173
2017.12	10159.5
2018.1	10144.2
2019.07	10130.4
2020.05	10122.4
2021.03	10116.7
2022.01	10113.5
2022.99	10113
2023.97	10115.6
2024.95	10118.2
2025.92	10101.7
2026.9	10086.9
2027.88	10075.4
2028.86	10062.8
2029.83	10048.1
2030.81	10034.9
2031.79	10023.4
2032.76	10014.2
2033.74	10007
2034.72	10003.9
2035.69	10000.6
2036.67	10002.3
2037.65	9996.44
2038.62	9981.5
2039.6	9964.12
2040.57	9944.67
2041.55	9923.01
2042.52	9900.16
2043.5	9890.1
2044.47	9888.08
2045.45	9875.8
2046.42	9866.5
2047.4	9850.82
2048.37	9836.45
2049.35	9801.16
2050.32	9804.16
2051.29	9808.76
2052.27	9810.27
2053.24	9808.73
2054.21	9803.93
2055.19	9793.64
2056.16	9780.57
2057.13	9763.78
2058.11	9743.58
2059.08	9719.85
2060.05	9698.89
2061.02	9699.14
2062	9707.88
2062.97	9716.13
2063.94	9727.39
2064.91	9701.99
2065.89	9686.94
2066.86	9671.26
2067.83	9661.37
2068.8	9655.83
2069.77	9653.07
2070.74	9645.41
2071.71	9639.35
2072.68	9632.27
2073.65	9624.23
2074.62	9615.19
2075.59	9601.31
2076.56	9584.73
2077.53	9566.65
2078.5	9546
2079.47	9529.21
2080.44	9510.68
2081.41	9493.54
2082.38	9483.42
2083.35	9483.3
2084.32	9481
2085.29	9479.73
2086.26	9473.48
2087.23	9463.35
2088.19	9455.45
2089.16	9443.91
2090.13	9437.17
2091.1	9430.5
2092.07	9424.69
2093.03	9421.43
2094	9419.3
2094.97	9417.7
2095.94	9414.49
2096.9	9398.66
2097.87	9385.64
2098.84	9365.96
2099.8	9345.67
2100.77	9322.68
2101.74	9314.91
2102.7	9317.12
2103.67	9317.54
2104.63	9320.81
2105.6	9317.23
2106.56	9305.15
2107.53	9293.54
2108.49	9280.08
2109.46	9257.31
2110.42	9248.39
2111.39	9245.75
2112.35	9242.64
2113.32	9239.94
2114.28	9235.62
2115.25	9229.29
2116.21	9223.22
2117.17	9215.44
2118.14	9206.84
2119.1	9196.6
2120.07	9184.43
2121.03	9169.05
2121.99	9148.5
2122.96	9136.41
2123.92	9129.27
2124.88	9128.53
2125.84	9133.08
2126.81	9140.12
2127.77	9147.46
2128.73	9150.92
2129.69	9139.22
2130.65	9122.65
2131.62	9107.48
2132.58	9090.82
2133.54	9073.34
2134.5	9055.61
2135.46	9041.09
2136.42	9025.75
2137.38	9012.29
2138.34	8998.06
2139.3	8984.66
2140.26	8972.52
2141.22	8962.87
2142.18	8967.56
2143.14	8976.65
2144.1	8981.06
2145.06	8991.87
2146.02	8906.16
2146.98	8896.23
2147.94	8884.73
2148.9	8875.68
2149.86	8864.99
2150.82	8859.12
2151.78	8857.69
2152.74	8860.87
2153.69	8868.54
2154.65	8885.61
2155.61	8883.95
2156.57	8874.06
2157.53	8857.74
2158.48	8842.04
2159.44	8826.01
2160.4	8809.54
2161.36	8792.58
2162.31	8774.89
2163.27	8756.9
2164.23	8739.13
2165.18	8721.85
2166.14	8708.71
2167.1	8697.09
2168.05	8688.7
2169.01	8680.36
2169.96	8676.92
2170.92	8672.28
2171.88	8663.72
2172.83	8649.11
2173.79	8629.65
2174.74	8614.44
2175.7	8598.64
2176.65	8582.62
2177.6	8566.61
2178.56	8550.79
2179.51	8535.19
2180.47	8519.85
2181.42	8504.58
2182.38	8490.1
2183.33	8478.01
2184.28	8469.14
2185.24	8466.27
2186.19	8463.51
2187.14	8461.43
2188.1	8459.72
2189.05	8455.98
2190	8445.77
2190.96	8431.81
2191.91	8414.65
2192.86	8394.33
2193.81	8370.37
2194.76	8348.94
2195.72	8344.63
2196.67	8343.43
2197.62	8349.41
2198.57	8360.43
2199.52	8359.31
2200.47	8346.55
2201.43	8336.2
2202.38	8320.44
2203.33	8306.5
2204.28	8301.48
2205.23	8299.78
2206.18	8301.71
2207.13	8304.02
2208.08	8295.49
2209.03	8281.95
2209.98	8271.07
2210.93	8261.99
2211.88	8249.83
2212.83	8238.47
2213.78	8229.52
2214.73	8221.96
2215.67	8217.06
2216.62	8215.98
2217.57	8213.22
2218.52	8209.87
2219.47	8206.69
2220.42	8203.02
2221.37	8198.73
2222.31	8189.64
2223.26	8172.6
2224.21	8155.54
2225.16	8142.09
2226.1	8127.95
2227.05	8117.62
2228	8109.01
2228.94	8103.04
2229.89	8098.56
2230.84	8096.49
2231.78	8093.91
2232.73	8087.23
2233.68	8078.23
2234.62	8070.73
2235.57	8063.45
2236.51	8060.33
2237.46	8053.47
2238.41	8047.02
2239.35	8041.22
2240.3	8035.84
2241.24	8030.68
2242.19	8025.88
2243.13	8020.66
2244.07	8016.22
2245.02	8024.11
2245.96	8027.07
2246.91	8023.54
2247.85	8028.19
2248.8	7987.87
2249.74	7992.52
2250.68	7995.49
2251.63	7995.55
2252.57	7993.62
2253.51	7991.04
2254.46	7985.91
2255.4	7979.99
2256.34	7979.92
2257.28	7981.15
2258.23	7979.92
2259.17	7975.85
2260.11	7966.38
2261.05	7957.66
2262	7947.31
2262.94	7939.36
2263.88	7933.5
2264.82	7929.85
2265.76	7928.24
2266.7	7929.13
2267.64	7931.23
2268.58	7932.11
2269.53	7930.98
2270.47	7929.19
2271.41	7927.55
2272.35	7926.12
2273.29	7918.89
2274.23	7905.02
2275.17	7892.74
2276.11	7882.7
2277.05	7876.1
2277.99	7871.5
2278.93	7872.06
2279.86	7875.96
2280.8	7882.94
2281.74	7893.22
2282.68	7898.51
2283.62	7897.73
2284.56	7889.16
2285.5	7881.1
2286.44	7875.37
2287.37	7867.78
2288.31	7866.41
2289.25	7862.11
2290.19	7858.56
2291.12	7855.52
2292.06	7848.67
2293	7841.49
2293.94	7835.69
2294.87	7832.2
2295.81	7828.79
2296.75	7828.37
2297.68	7827.06
2298.62	7825.06
2299.55	7821.03
2300.49	7816.33
2301.43	7808.96
2302.36	7799.92
2303.3	7790.76
2304.23	7783.13
2305.17	7778.59
2306.1	7775.88
2307.04	7774.24
2307.98	7772.18
2308.91	7768.89
2309.84	7759.43
2310.78	7747.23
2311.71	7734.25
2312.65	7718.52
2313.58	7700.98
2314.52	7679.98
2315.45	7671.2
2316.38	7677.86
2317.32	7686.15
2317.72	7689.31
2318.66	7698.15
2319.6	7684.99
2320.54	7673.26
2321.48	7661.86
2322.41	7650.83
2323.35	7639.95
2324.29	7628.33
2325.23	7610.98
2326.16	7598.08
2327.1	7589.14
2328.04	7583.63
2328.97	7581.32
2329.91	7582.64
2330.85	7587.78
2331.78	7594.25
2332.72	7598.81
2333.66	7600.66
2334.59	7587.25
2335.53	7575.8
2336.46	7560.41
2337.4	7541.88
2338.33	7520.55
2339.27	7499.74
2340.2	7489.19
2341.14	7477.81
2342.07	7469.02
2343.01	7462.45
2343.94	7458.77
2344.88	7457.66
2345.81	7456.18
2346.75	7454.12
2347.68	7441.76
2348.61	7442.64
2349.55	7454.29
2350.48	7458.78
2351.41	7456.67
2352.35	7454.22
2353.28	7446.98
2354.21	7433.99
2355.15	7417.76
2356.08	7407.65
2357.01	7403.82
2357.94	7400.09
2358.88	7398.82
2359.81	7397.65
2360.74	7396.78
2361.67	7396.61
2362.6	7394.29
2363.54	7391.6
2364.47	7388.52
2365.4	7384.59
2366.33	7379.86
2367.26	7373.34
2368.19	7377.02
2369.12	7377.84
2370.05	7377.18
2370.98	7368.04
2371.91	7357.59
2372.84	7349.76
2373.77	7341.2
2374.7	7330.73
2375.63	7326.18
2376.56	7321.44
2377.49	7316.43
2378.42	7311.15
2379.35	7305.83
2380.28	7299.88
2381.21	7298.03
2382.14	7296.29
2383.07	7295.57
2384	7295.17
2384.92	7295.92
2385.85	7294.65
2386.78	7289.88
2387.71	7280.57
2388.64	7264.07
2389.56	7251.94
2390.49	7247.33
2391.42	7245.44
2392.35	7241.88
2393.27	7241.23
2394.2	7241.91
2395.13	7240.59
2396.05	7238.93
2396.98	7233.9
2397.91	7227.57
2398.83	7219.77
2399.76	7210.56
2400.69	7199.65
2401.61	7187.86
2402.54	7176.93
2403.46	7168.67
2404.39	7162.34
2405.31	7160.5
2406.24	7162.39
2407.17	7163.6
2408.09	7162.19
2409.01	7160.99
2409.94	7159.41
2410.86	7157.31
2411.79	7154.37
2412.71	7151.18
2413.64	7145.8
2414.56	7127.36
2415.49	7115.12
2416.41	7106.12
2417.33	7097.86
2418.26	7094.6
2419.18	7094.87
2420.1	7096.74
2421.03	7099.06
2421.95	7098.52
2422.87	7079.71
2423.79	7055.58
2424.72	7034.7
2425.64	7017.32
2426.56	7003.14
2427.48	6990.25
2428.41	6990.72
2429.33	6994.57
2430.25	7006.27
2431.17	7011.42
2432.09	6999.69
2433.01	6965.35
2433.93	6936.31
2434.86	6942.83
2435.78	6945.69
2436.7	6944.07
2437.62	6938.89
2438.54	6931.82
2439.46	6895.14
2440.38	6884.87
2441.3	6881.75
2442.22	6880.72
2443.14	6879.49
2444.06	6878.63
2444.98	6878.95
2445.9	6874.52
2446.82	6867.39
2447.73	6857.56
2448.65	6851.77
2449.57	6846.88
2450.49	6841.6
2451.41	6836.08
2452.33	6830.52
2453.25	6824.91
2454.17	6819.65
2455.08	6811.9
2456	6800
2456.92	6788.23
2457.84	6776.6
2458.75	6765.11
2459.67	6754.55
2460.59	6745.68
2461.51	6737.98
2462.42	6731.41
2463.34	6726.14
2464.26	6722.58
2465.17	6720.35
2466.09	6719.64
2467	6720.15
2467.92	6722.13
2468.84	6723.87
2469.75	6717.55
2470.67	6712.67
2471.58	6694.04
2472.5	6676.44
2473.42	6661.1
2474.33	6648.83
2475.25	6638.27
2476.16	6628.9
2477.08	6621.51
2477.99	6615.91
2478.9	6612.16
2479.82	6610.18
2480.73	6609.99
2481.65	6611.91
2482.56	6615.86
2483.47	6623.02
2484.39	6630.52
2485.3	6635.61
2486.22	6635.41
2487.13	6623.11
2488.04	6602.71
2488.96	6585.39
2489.87	6574.04
2490.78	6572.81
2491.69	6579.84
2492.61	6589.36
2493.52	6592.74
2494.43	6593.33
2495.34	6591.91
2496.25	6587.98
2497.17	6581.24
2498.08	6571.73
2498.99	6559.14
2499.9	6545.29
2500.81	6533.97
2501.72	6523.8
2502.63	6515.85
2503.55	6512.16
2504.46	6510.26
2505.37	6508.96
2506.28	6507.81
2507.19	6504.75
2508.1	6488.71
2509.01	6485.71
2509.92	6478.45
2510.83	6482.65
2511.74	6486.02
2512.65	6491.83
2513.56	6494.43
2514.47	6490.94
2515.37	6485.96
2516.28	6476.96
2517.19	6465.03
2518.1	6450.17
2519.01	6433.38
2519.92	6427.07
2520.83	6423.69
2521.73	6439.29
2522.64	6452.55
2523.55	6463.62
2524.46	6470.76
2525.37	6468.7
2526.27	6444.27
2527.18	6427.13
2528.09	6466.21
2529	6441.66
2529.9	6433.78
2530.81	6427.01
2531.72	6416.55
2532.62	6405.45
2533.53	6394.41
2534.44	6383.54
2535.34	6373.15
2536.25	6362.79
2537.15	6352.62
2538.06	6345.23
2538.96	6344.8
2539.87	6343.84
2540.78	6339.98
2541.68	6336.06
2542.59	6331.12
2543.49	6324.95
2544.4	6317.78
2545.3	6309.98
2546.21	6301.16
2547.11	6293.32
2548.01	6291.01
2548.92	6288.67
2549.82	6281.21
2550.73	6270.71
2551.63	6254.76
2552.53	6225.8
2553.44	6229.85
2554.34	6222.3
2555.24	6215.39
2556.15	6212.21
2557.05	6209.13
2557.95	6203.99
2558.86	6198.1
2559.76	6190.75
2560.66	6180.59
2561.56	6171.61
2562.46	6163.46
2563.37	6155.94
2564.27	6147.07
2565.17	6140.53
2566.07	6145.53
2566.97	6154.82
2567.88	6159.77
2568.78	6159.92
2569.68	6155.56
2570.58	6145.92
2571.48	6134.09
2572.38	6124.07
2573.28	6108.54
2574.18	6095.42
2575.08	6085.97
2575.98	6087.24
2576.88	6087.59
2577.78	6084.77
2578.68	6075.34
2579.58	6063.02
2580.48	6050.97
2581.38	6034.31
2582.28	6026.96
2583.18	6025.58
2584.08	6024.83
2584.98	6025.53
2585.88	6026.66
2586.77	6026.68
2587.67	6020.75
2588.57	6013.9
2589.47	6005.39
2590.37	5995.82
2591.27	5985.62
2592.16	5975.57
2593.06	5966.05
2593.96	5957.47
2594.86	5948.37
2595.75	5942.16
2596.65	5936.72
2597.55	5929.4
2598.45	5915.21
2599.34	5901.52
2600.24	5900.99
2601.13	5899.3
2602.03	5898.46
2602.93	5907.28
2603.82	5915
2604.72	5920.52
2605.62	5923.28
2606.51	5909.41
2607.41	5896.41
2608.3	5882.99
2609.2	5868.57
2610.09	5854.24
2610.99	5840.91
2611.88	5832.69
2612.78	5833.03
2613.67	5833.9
2614.57	5836.17
2615.46	5837.22
2616.36	5834.46
2617.25	5824.71
2618.14	5810.77
2619.04	5802.54
2619.93	5789.15
2620.83	5783.35
2621.72	5791.78
2622.61	5798.84
2623.5	5800.62
2624.4	5796.7
2625.29	5790.28
2626.18	5783.32
2627.08	5777.66
2627.97	5772.44
2628.86	5766.93
2629.75	5761.38
2630.65	5755.86
2631.54	5750.46
2632.43	5745.26
2633.32	5735.13
2634.21	5720.57
2635.11	5697.84
2636	5672.25
2636.89	5656.64
2637.78	5666.4
2638.67	5660.74
2639.56	5652.01
2640.45	5644.22
2641.34	5636.25
2642.23	5629.93
2643.12	5623.25
2644.01	5616.71
2644.9	5610.19
2645.79	5604.08
2646.68	5598.57
2647.57	5594.22
2648.46	5589.79
2649.35	5585.2
2650.24	5577.67
2651.13	5569.79
2652.02	5561.61
2652.91	5552.6
2653.8	5551.5
2654.69	5554.07
2655.58	5554.52
2656.46	5552.34
2657.35	5549.19
2658.24	5543.26
2659.13	5535.58
2660.02	5526.09
2660.9	5514.88
2661.79	5502.42
2662.68	5493.04
2663.57	5485.11
2664.45	5486.48
2665.34	5487.22
2666.23	5486.15
2667.11	5484.13
2668	5480.4
2668.89	5469.1
2669.77	5454.97
2670.66	5445.46
2671.55	5441.07
2672.43	5438.12
2673.32	5437.77
2674.21	5439.04
2675.09	5441.98
2675.98	5445.61
2676.86	5451.09
2677.75	5454.42
2678.63	5450.92
2679.52	5439.8
2680.4	5420.31
2681.29	5403.92
2682.17	5388.45
2683.06	5371.12
2683.94	5372.34
2684.82	5374.43
2685.71	5378.05
2686.59	5378.96
2687.48	5365.97
2688.36	5346.76
2689.24	5330.21
2690.13	5315.28
2691.01	5303.6
2691.89	5295.18
2692.78	5290.4
2693.66	5285.78
2694.54	5281.8
2695.43	5277.87
2696.31	5273.79
2697.19	5267.43
2698.07	5258.62
2698.96	5251.92
2699.84	5245.01
2700.72	5240.78
2701.6	5241.71
2702.48	5235.86
2703.36	5229.82
2704.25	5224.08
2705.13	5218.24
2706.01	5213.68
2706.89	5212
2707.77	5211.37
2708.65	5210.79
2709.53	5210.11
2710.41	5208.51
2711.29	5197.08
2712.17	5187.64
2713.05	5178.24
2713.93	5176.77
2714.81	5176.7
2715.69	5177.58
2716.57	5176.05
2717.45	5175.05
2718.33	5161.85
2719.21	5147.77
2720.09	5135.29
2720.97	5117.32
2721.85	5114.04
2722.73	5111.69
2723.61	5118.5
2724.48	5130.28
2725.36	5147.72
2726.24	5152.8
2727.12	5148.12
2728	5133.3
2728.88	5116.99
2729.75	5102.71
2730.63	5091.36
2731.51	5080.81
2732.39	5071.93
2733.26	5064.94
2734.14	5059.81
2735.02	5056.64
2735.89	5055.68
2736.77	5058.97
2737.65	5062.92
2738.52	5070.4
2739.4	5072.36
2740.28	5077.29
2741.15	5065.25
2742.03	5052.9
2742.9	5035.32
2743.78	5024.36
2744.65	5014.15
2745.53	5006.19
2746.41	5000.16
2747.28	4994.64
2748.16	4994.7
2749.03	5000.23
2749.91	4978.64
2750.78	4966.36
2751.66	4956.02
2752.53	4952.09
2753.4	4953.55
2754.28	4955.29
2755.15	4955.37
2756.02	4954.95
2756.9	4954.65
2757.77	4954.23
2758.65	4953.68
2759.52	4952.94
2760.39	4951.79
2761.27	4947.35
2762.14	4944.41
2763.01	4941.77
2763.88	4938.94
2764.76	4936.37
2765.63	4933.3
2766.5	4926.49
2767.37	4919.49
2768.25	4911.56
2769.12	4907.58
2769.99	4904.07
2770.86	4900.98
2771.73	4896.67
2772.61	4891.74
2773.48	4885.64
2774.35	4873.93
2775.22	4858.09
2776.09	4852.11
2776.96	4848.46
2777.83	4847.11
2778.7	4845.87
2779.57	4842.75
2780.44	4839.16
2781.31	4834.47
2782.18	4828.62
2783.05	4821.59
2783.92	4813.79
2784.79	4804.85
2785.66	4796.63
2786.53	4793.45
2787.4	4794.9
2788.27	4795.12
2789.14	4793.11
2790.01	4790.47
2790.88	4787.41
2791.75	4783.75
2792.62	4779.42
2793.48	4775.33
2794.35	4770.66
2795.22	4764.86
2796.09	4756.16
2796.96	4745.68
2797.82	4734.48
2798.69	4727.48
2799.56	4721.67
2800.43	4716.79
2801.29	4713.21
2802.16	4710.82
2803.03	4709.93
2803.9	4709.54
2804.76	4707.77
2805.63	4705.57
2806.5	4701.94
2807.36	4691.47
2808.23	4681.28
2809.09	4671.29
2809.96	4664.04
2810.83	4659.22
2811.69	4656.21
2812.56	4658.66
2813.42	4670.39
2814.29	4668.82
2815.15	4660.78
2816.02	4650.17
2816.88	4642.75
2817.75	4634.93
2818.61	4631.26
2819.48	4627.28
2820.34	4623.32
2821.21	4619.65
2822.07	4616.79
2822.94	4614.97
2823.8	4608.97
2824.66	4601.8
2825.53	4594.6
2826.39	4588.24
2827.26	4582.35
2828.12	4580.27
2828.98	4578.35
2829.85	4576.41
2830.71	4574.29
2831.57	4571.62
2832.43	4568.39
2833.3	4563.87
2834.16	4560.1
2835.02	4556.87
2835.88	4553.81
2836.75	4554.15
2837.61	4553.96
2838.47	4552.11
2839.33	4549.06
2840.19	4540.74
2841.06	4530.73
2841.92	4515.23
2842.78	4507.01
2843.64	4505.94
2844.5	4512.63
2845.36	4529.89
2846.22	4534.88
2847.08	4516.6
2847.94	4507.96
2848.81	4500.66
2849.67	4493.76
2850.53	4486.9
2851.39	4480.46
2852.25	4474.6
2853.11	4468.51
2853.97	4463.02
2854.82	4456.07
2855.68	4449.98
2856.54	4444.34
2857.4	4439.42
2858.26	4434.59
2859.12	4430.49
2859.98	4426.93
2860.84	4425.01
2861.7	4426.22
2862.56	4428.18
2863.41	4429.85
2864.27	4432.16
2865.13	4435.02
2865.99	4433.94
2866.85	4428.36
2867.7	4420.88
2868.56	4412.09
2869.42	4405.73
2870.28	4376.9
2871.13	4358.86
2871.99	4361.19
2872.85	4369.14
2873.7	4376.37
2874.56	4375.9
2875.42	4375.53
2876.27	4373.21
2877.13	4369.08
2877.99	4362.73
2878.84	4353.83
2879.7	4341.72
2880.56	4330.52
2881.41	4328.56
2882.27	4329.83
2883.12	4329.2
2883.98	4327.88
2884.83	4327.66
2885.69	4326.8
2886.54	4325.59
2887.4	4323.91
2888.25	4321.65
2889.11	4318.58
2889.96	4312.98
2890.82	4304.58
2891.67	4294.48
2892.52	4287.12
2893.38	4279.91
2894.23	4274.18
2895.09	4267.72
2895.94	4262.02
2896.79	4257.04
2897.65	4252.95
2898.5	4249.71
2899.35	4247.43
2900.21	4245.76
2901.06	4247.38
2901.91	4250.88
2902.76	4252.13
2903.62	4245.22
2904.47	4224.91
2905.32	4208.79
2906.17	4199.09
2907.03	4191.1
2907.88	4186.09
2908.73	4184.69
2909.58	4186.59
2910.43	4192.87
2911.28	4200.17
2912.14	4204.92
2912.99	4210.22
2913.84	4215.06
2914.69	4208.13
2915.54	4195.07
2916.39	4179.94
2917.24	4161.51
2918.09	4149.66
2918.94	4141.56
2919.79	4136.45
2920.64	4134.61
2921.49	4136.42
2922.34	4141.52
2923.19	4139.19
2924.04	4131.58
2924.89	4121.18
2925.74	4110.46
2926.59	4104.44
2927.44	4099
2928.29	4093.69
2929.14	4088.68
2929.98	4083.85
2930.83	4079.11
2931.68	4074.33
2932.53	4069.33
2933.38	4064.2
2934.23	4059.15
2935.07	4054.41
2935.92	4050.29
2936.77	4046.31
2937.62	4042.29
2938.47	4038.08
2939.31	4033.14
2940.16	4027.65
2941.01	4021.73
2941.85	4015.14
2942.7	4009.25
2943.55	4005.85
2944.39	4004.41
2945.24	4006.59
2946.09	4005.42
2946.93	4003.45
2947.78	4002.24
2948.63	4000.26
2949.47	3998.36
2950.32	3995.68
2951.16	3992.41
2952.01	3985.44
2952.85	3977.76
2953.7	3971.23
2954.55	3964.96
2955.39	3958.68
2956.24	3952.39
2957.08	3946.54
2957.92	3932.64
2958.77	3944.54
2959.61	3954.58
2960.46	3944.78
2961.3	3926.8
2962.15	3925.24
2962.99	3923.81
2963.83	3922.35
2964.68	3919.89
2965.52	3914.97
2966.37	3908.45
2967.21	3903.41
2968.05	3897.29
2968.9	3891
2969.74	3884.16
2970.58	3876.78
2971.42	3870.98
2972.27	3869.05
2973.11	3870.15
2973.95	3868.9
2974.79	3867.99
2975.64	3866.85
2976.48	3865.05
2977.32	3862.54
2978.16	3859.3
2979	3855.58
2979.85	3851.46
2980.69	3847.31
2981.53	3846.73
2982.37	3845.48
2983.21	3845.41
2984.05	3846.02
2984.89	3846.61
2985.73	3845.78
2986.57	3844.91
2987.41	3839.63
2988.25	3829.48
2989.1	3814.58
2989.94	3801.11
2990.77	3799.65
2991.62	3802.2
2992.45	3807.38
2993.29	3807.57
2994.13	3804.98
2994.97	3801.08
2995.81	3795.6
2996.65	3791.97
2997.49	3789.9
2998.33	3813.1
2999.17	3792.28
