200.833	11795.1
202.102	11904.6
203.371	11859.9
204.639	11846.2
205.907	11840.8
207.175	11835.7
208.442	11833.5
209.71	11835.7
210.977	11842.5
212.244	11848.4
213.511	11855.9
214.777	11865.5
216.042	11874.9
217.309	11882.5
218.575	11891.8
219.84	11900.1
221.106	11917
222.371	11949.7
223.635	11977.5
224.9	12002.1
226.165	12022.1
227.429	12042.5
228.694	12065.1
229.956	12089.4
231.22	12116.1
232.484	12143.9
233.747	12174.2
235.011	12206.9
236.272	12241.5
237.535	12275.8
238.798	12301.9
240.06	12319
241.321	12314.9
242.583	12306.9
243.845	12315.1
245.105	12322.5
246.367	12331.6
247.628	12346.5
248.888	12364.7
250.149	12381.7
251.409	12397.7
252.67	12412.4
253.928	12426.7
255.189	12440
256.447	12451.5
257.707	12461.5
258.966	12469.5
260.224	12474.9
261.483	12485.6
262.742	12501.6
263.999	12517.4
265.257	12534.1
266.514	12551.4
267.772	12569.2
269.028	12587.2
270.286	12606.3
271.543	12625.9
272.799	12646.1
274.056	12666.1
275.311	12676.9
276.568	12675.8
277.823	12671.7
279.079	12669.4
280.333	12669.7
281.589	12683.3
282.843	12706
284.099	12729.8
285.352	12751.8
286.607	12773
287.86	12795.5
289.114	12816.4
290.368	12836.5
291.621	12855.4
292.875	12872.4
294.127	12887.3
295.38	12898.3
296.632	12907.8
297.884	12915.1
299.137	12919.9
300.388	12936.4
301.641	12955.7
302.891	12965.7
304.142	12976.1
305.394	12959
306.644	12947.5
307.894	12957.3
309.146	12972.2
310.395	12988.7
311.645	13001.5
312.895	13012.3
314.144	13023.7
315.393	13031.5
316.642	13038
317.892	13042.8
319.14	13047
320.388	13074.2
321.637	13096.5
322.885	13109.5
324.132	13117
325.38	13118.9
326.628	13116
327.875	13116.3
329.122	13132.7
330.368	13163
331.614	13181.5
332.862	13208.1
334.108	13231.7
335.353	13250.9
336.599	13269.4
337.844	13279.7
339.089	13284.1
340.335	13288.8
341.58	13293.6
342.824	13298.7
344.068	13304.3
345.312	13313.3
346.556	13324.2
347.8	13352.5
349.043	13379.7
350.286	13364.6
351.53	13332.9
352.774	13334.8
354.016	13340.4
355.259	13348.9
356.501	13360.1
357.743	13367.3
358.985	13368.9
360.227	13375.1
361.468	13373.2
362.709	13374.3
363.95	13392.4
365.191	13412.5
366.432	13428.1
367.672	13441.7
368.912	13454.8
370.152	13465.1
371.392	13473.8
372.632	13481
373.871	13487
375.11	13491.8
376.348	13495.9
377.587	13499.2
378.825	13501.8
380.064	13503.7
381.302	13505.9
382.54	13517
383.778	13541
385.016	13544.2
386.253	13548.9
387.489	13553.8
388.726	13566.3
389.963	13586.3
391.199	13599.9
392.436	13611.8
393.672	13623
394.907	13633.5
396.142	13641.2
397.378	13648.2
398.614	13654.1
399.849	13659.8
401.082	13667.1
402.317	13673.8
403.552	13678
404.786	13682.5
406.019	13687.7
407.253	13694.2
408.487	13703.3
409.721	13720.8
410.953	13725.4
412.186	13723.6
413.419	13713.2
414.651	13721.2
415.883	13728.6
417.116	13736.9
418.347	13743.2
419.579	13744.3
420.811	13737.8
422.041	13726.7
423.272	13722.1
424.504	13728.8
425.733	13748.5
426.964	13777.1
428.194	13796.4
429.424	13812.2
430.654	13822.5
431.883	13826.5
433.113	13825.9
434.341	13821.1
435.571	13813
436.799	13805.6
438.028	13807.2
439.257	13811.9
440.484	13823
441.713	13840
442.94	13862.6
444.168	13892.8
445.394	13922.6
446.622	13945.5
447.848	13945.1
449.076	13941.6
450.301	13935.8
451.528	13927.7
452.754	13922.8
453.979	13946.9
455.205	13950.7
456.43	13958.7
457.656	13962
458.88	13959.6
460.106	13965.4
461.33	13978.1
462.554	13997.4
463.779	14007.6
465.002	14014.2
466.225	14015.5
467.45	14011.4
468.672	14001.1
469.895	13985.3
471.119	13963
472.341	13942.7
473.563	13937.4
474.786	13942.9
476.008	13955.7
477.229	13968.5
478.452	13979.4
479.673	13991.5
480.894	13997.6
482.115	13988.5
483.337	13976.8
484.557	13966.6
485.777	13963.3
486.997	13961.3
488.218	13959
489.438	13956.9
490.657	13954.5
491.876	13952.5
493.096	13949.7
494.315	13942.3
495.533	13932
496.752	13918
497.97	13903.9
499.188	13901.1
500.407	13935.4
501.625	13949.7
502.842	13959.8
504.059	13964
505.276	13963.8
506.493	13958
507.71	13955.9
508.926	13959.8
510.142	13969.1
511.358	13984
512.575	14005.2
513.791	14031.1
515.006	14058.1
516.222	14078.6
517.437	14089.6
518.651	14076.8
519.866	14064.7
521.081	14068.4
522.295	14079.9
523.509	14099.3
524.723	14119.3
525.937	14135.8
527.15	14146.9
528.363	14152.5
529.576	14152
530.789	14144.9
532.002	14135.9
533.215	14128.6
534.426	14145.6
535.638	14164.1
536.85	14178.7
538.061	14174.2
539.273	14163.7
540.484	14150.6
541.695	14140.7
542.906	14149.4
544.117	14161.2
545.327	14177.4
546.537	14206.3
547.747	14229.3
548.957	14244.7
550.167	14254.8
551.377	14259.5
552.585	14258.2
553.794	14250.5
555.003	14237.4
556.212	14219.6
557.421	14198.7
558.628	14187.6
559.836	14197.6
561.044	14238.5
562.252	14253
563.458	14256.3
564.666	14257.5
565.873	14254.6
567.08	14252.3
568.286	14245.8
569.493	14237.6
570.699	14227.1
571.904	14215.2
573.111	14199.5
574.317	14236.9
575.521	14338
576.727	14280.2
577.932	14241.3
579.136	14226.5
580.341	14236.3
581.544	14251.6
582.749	14261.5
583.954	14271.1
585.156	14280.6
586.361	14286.9
587.563	14292.2
588.767	14296.3
589.97	14299.4
591.172	14301.6
592.375	14302.9
593.577	14303.7
594.78	14303.3
595.981	14301.7
597.183	14299
598.384	14295
599.586	14289.3
600.786	14281.6
601.988	14273.2
603.188	14268.4
604.389	14269.5
605.589	14256.4
606.79	14249.6
607.989	14234.7
609.188	14222.9
610.389	14213.6
611.587	14204.5
612.787	14207
613.986	14216.9
615.184	14222.1
616.383	14224.5
617.581	14222.4
618.78	14215
619.977	14190.8
621.174	14171.1
622.373	14157.9
623.57	14148.2
624.766	14147.1
625.964	14155.8
627.16	14166.9
628.356	14169.8
629.554	14161.2
630.749	14149.9
631.945	14138.4
633.14	14129.6
634.337	14131.8
635.532	14136.8
636.726	14142.6
637.921	14147.4
639.117	14143.3
640.311	14132.4
641.505	14119.5
642.699	14102.6
643.892	14082.6
645.087	14069.3
646.28	14078
647.473	14087.9
648.666	14098.2
649.859	14108.1
651.051	14118.1
652.245	14128.2
653.437	14138.5
654.629	14148.8
655.821	14159.2
657.012	14168.2
658.204	14173.3
659.395	14172.7
660.586	14168.4
661.777	14158.1
662.967	14149
664.158	14140.9
665.349	14135.7
666.539	14140.5
667.729	14144.8
668.919	14150.2
670.109	14161.1
671.298	14173.5
672.487	14184.4
673.676	14192.7
674.865	14195.6
676.053	14194.2
677.242	14189.2
678.43	14181.2
679.616	14170.9
680.804	14156.9
681.992	14167.8
683.179	14183.9
684.366	14180.6
685.554	14175.3
686.74	14172.4
687.927	14165.8
689.114	14160.5
690.3	14167.4
691.486	14196.4
692.671	14211.9
693.856	14223.6
695.042	14218.2
696.227	14176.3
697.413	14134.4
698.598	14099.2
699.781	14083.4
700.966	14080.6
702.15	14087.9
703.334	14096.8
704.518	14113.9
705.701	14117.5
706.885	14113.3
708.068	14099.8
709.252	14077.7
710.433	14073.7
711.616	14078.7
712.799	14085.2
713.98	14088.2
715.163	14087
716.345	14082.5
717.527	14073.7
718.707	14057
719.889	14035.8
721.071	14013.5
722.25	14009.9
723.432	14005.7
724.611	14042.1
725.792	14094.7
726.972	14100.7
728.151	14106.3
729.332	14099.3
730.512	14090.3
731.69	14077.3
732.87	14062.6
734.048	14051.4
735.227	14044.5
736.405	14045.9
737.584	14053.6
738.761	14084.2
739.94	14114.7
741.117	14140.8
742.295	14155.6
743.471	14162.7
744.649	14160.6
745.825	14147.8
747.003	14126.7
748.179	14100.3
749.356	14075
750.531	14159.6
751.708	14187.4
752.883	14189.8
754.059	14145.2
755.234	14099.2
756.409	14104.5
757.585	14111.7
758.759	14102.7
759.934	14095.4
761.108	14088.1
762.282	14083.5
763.456	14087.5
764.63	14093.8
765.803	14138.7
766.977	14121.3
768.15	14097.9
769.323	14083.3
770.496	14073.8
771.668	14066.2
772.841	14059.6
774.014	14052.5
775.185	14046.3
776.357	14039.6
777.528	14033.1
778.701	14027.9
779.872	14023.4
781.042	14020.3
782.213	14019.4
783.383	14019.2
784.555	14018.2
785.725	13965.3
786.895	13949.5
788.064	13930.2
789.234	13920.5
790.404	13924.9
791.573	13924.2
792.742	13921.2
793.911	13917.1
795.08	13912.9
796.248	13908.1
797.416	13903.3
798.584	13898.4
799.753	13893.4
800.921	13888.9
802.088	13884.9
803.256	13881.7
804.423	13879.4
805.59	13878.5
806.756	13879
807.923	13881.8
809.089	13885.2
810.256	13889.1
811.422	13893
812.587	13896.2
813.753	13896.6
814.918	13896
816.084	13893.5
817.249	13890.3
818.414	13887.4
819.578	13890.5
820.743	13911.1
821.907	13938.3
823.072	13969.2
824.236	13980.9
825.399	13989.4
826.562	13932.5
827.725	13934.2
828.889	13936.2
830.052	13938.4
831.215	13940.6
832.377	13943
833.54	13945.3
834.701	13947.7
835.863	13950.3
837.025	13953.7
838.187	13957.2
839.349	13962.1
840.51	13967.7
841.67	13974.2
842.831	13981.2
843.992	13986.4
845.153	13986
846.312	13974.2
847.473	13956.4
848.633	13936.4
849.793	13918.6
850.951	13905.4
852.111	13894.8
853.27	13894.4
854.428	13875.5
855.588	13859.2
856.747	13846.8
857.904	13835.1
859.063	13823.4
860.221	13811.3
861.378	13799
862.536	13786.7
863.694	13771.4
864.85	13755.8
866.008	13739.8
867.164	13724
868.321	13709.3
869.478	13695.6
870.633	13684.3
871.79	13676.8
872.945	13671.6
874.101	13670.3
875.256	13677.8
876.412	13704.9
877.566	13709
878.722	13697.7
879.876	13672.2
881.031	13627.4
882.185	13611.8
883.34	13606.3
884.493	13612.3
885.647	13630.7
886.8	13621.8
887.954	13608.1
889.107	13598.6
890.261	13590.9
891.413	13586.3
892.565	13586.8
893.718	13593.4
894.87	13608.9
896.023	13623.2
897.174	13619.3
898.326	13607.9
899.478	13585.7
900.629	13589
901.779	13595.6
902.931	13598.5
904.081	13600.5
905.231	13601.7
906.383	13602.7
907.532	13602.6
908.682	13602.2
909.831	13636.5
910.982	13656.8
912.131	13660.5
913.28	13655.5
914.429	13637.3
915.578	13591.2
916.727	13567.2
917.875	13568.1
919.023	13598.3
920.171	13611.5
921.32	13625.8
922.467	13625.2
923.614	13589.4
924.761	13573.6
925.908	13576.9
927.055	13597.1
928.203	13603.1
929.349	13606.8
930.496	13607.7
931.642	13607
932.787	13603
933.933	13594.7
935.079	13585
936.224	13574
937.369	13566.1
938.514	13564.1
939.659	13562.2
940.804	13558.9
941.948	13554.9
943.092	13545.5
944.236	13533.8
945.38	13520
946.524	13501.3
947.667	13483
948.811	13467.6
949.954	13469
951.097	13476.3
952.24	13486.6
953.383	13493.3
954.525	13493.3
955.667	13486.5
956.81	13473.9
957.952	13446.6
959.093	13418.5
960.235	13404.4
961.376	13398.8
962.516	13400.7
963.658	13407.6
964.798	13416.1
965.939	13421.7
967.08	13422.3
968.22	13416
969.359	13394.7
970.499	13370.6
971.639	13347.4
972.779	13332.6
973.918	13322.4
975.056	13318.8
976.195	13324.8
977.334	13338.2
978.473	13375
979.61	13405.9
980.749	13415.2
981.887	13415.9
983.024	13404.2
984.162	13387.2
985.3	13371.8
986.437	13361.1
987.573	13355.3
988.711	13349.4
989.848	13346.1
990.983	13345
992.12	13346.1
993.255	13349.2
994.392	13350.6
995.528	13350.3
996.662	13347.7
997.798	13343.3
998.933	13337.8
1000.07	13331.6
1001.2	13325
1002.34	13320.1
1003.47	13344.4
1004.61	13375.7
1005.74	13389.8
1006.87	13385.4
1008.01	13359.2
1009.14	13330
1010.27	13335.7
1011.41	13333.5
1012.54	13324
1013.67	13310.6
1014.81	13299.2
1015.94	13292.7
1017.07	13292.3
1018.2	13298.8
1019.33	13298.7
1020.47	13293.1
1021.6	13278.9
1022.73	13278.8
1023.86	13271.3
1024.99	13277
1026.12	13287.4
1027.25	13292
1028.38	13289.8
1029.51	13281.9
1030.64	13269.9
1031.77	13253
1032.9	13229.6
1034.03	13199.8
1035.16	13169
1036.29	13147.9
1037.42	13136
1038.55	13127.4
1039.67	13121.6
1040.8	13115.8
1041.93	13110.4
1043.06	13104.6
1044.19	13098.9
1045.31	13091.7
1046.44	13083.4
1047.57	13073
1048.69	13059.2
1049.82	13045.9
1050.95	13046.6
1052.08	13066.2
1053.2	13070.6
1054.33	13081.2
1055.45	13000.6
1056.58	12981.7
1057.7	12976
1058.83	12978.6
1059.95	12986.1
1061.08	12996.7
1062.2	13009.8
1063.33	13022.8
1064.45	13032.4
1065.58	13025.5
1066.7	13013.4
1067.83	12999.7
1068.95	12988.7
1070.07	12980.5
1071.2	12974.7
1072.32	12979.1
1073.44	12976.1
1074.56	12970.9
1075.69	12963.6
1076.81	12958.3
1077.93	12965.5
1079.05	12977
1080.17	12988.4
1081.3	12997.3
1082.42	13002.9
1083.54	13006
1084.66	13004.4
1085.78	12997.4
1086.9	12987.6
1088.02	12978
1089.14	12980
1090.26	12986.6
1091.38	12992.8
1092.5	12994
1093.62	12967.5
1094.74	12952
1095.86	12944.1
1096.98	12951.8
1098.1	12962.9
1099.22	12975.7
1100.34	12988.9
1101.45	13000.3
1102.57	13008.3
1103.69	13011.6
1104.81	13010.2
1105.93	13000.2
1107.04	12985.3
1108.16	12964.7
1109.28	12938.8
1110.4	12907.7
1111.51	12881.5
1112.63	12896.6
1113.75	12896
1114.86	12894.2
1115.98	12897.9
1117.09	12861.5
1118.21	12839.4
1119.32	12821.5
1120.44	12805.5
1121.55	12789.3
1122.67	12774.3
1123.78	12762
1124.9	12762.9
1126.01	12764.9
1127.13	12767.6
1128.24	12771
1129.35	12770
1130.47	12755.6
1131.58	12734.4
1132.7	12708.8
1133.81	12678.4
1134.92	12649
1136.03	12636.3
1137.15	12625.4
1138.26	12615.7
1139.37	12607.9
1140.48	12602.1
1141.59	12598.3
1142.71	12597.2
1143.82	12598.6
1144.93	12585.9
1146.04	12576.8
1147.15	12568.8
1148.26	12561.9
1149.37	12554.8
1150.48	12549.5
1151.59	12547
1152.7	12546
1153.81	12546.4
1154.92	12547.3
1156.03	12543.4
1157.14	12534.3
1158.25	12522.8
1159.36	12510.3
1160.47	12497.2
1161.58	12485.1
1162.68	12475.5
1163.79	12465.6
1164.9	12456.8
1166.01	12448.7
1167.12	12441.5
1168.22	12435.4
1169.33	12432.3
1170.44	12433.2
1171.55	12435.3
1172.65	12438.5
1173.76	12442
1174.87	12444.7
1175.97	12449
1177.08	12453.4
1178.18	12458.9
1179.29	12464.4
1180.4	12470.3
1181.5	12473.5
1182.61	12470.7
1183.71	12466.4
1184.82	12464.2
1185.92	12464.4
1187.02	12466.3
1188.13	12470.5
1189.23	12476.7
1190.34	12486
1191.44	12492.3
1192.54	12494.4
1193.65	12494.2
1194.75	12492.3
1195.85	12488.4
1196.96	12483
1198.06	12476.2
1199.16	12469.2
1200.26	12471.5
1201.37	12477.9
1202.47	12489.1
1203.57	12492.7
1204.67	12488.7
1205.77	12476.1
1206.87	12472
1207.97	12466
1209.08	12459.5
1210.18	12452.8
1211.28	12446.2
1212.38	12439.7
1213.48	12433.6
1214.58	12427.9
1215.68	12422.2
1216.78	12418.5
1217.88	12428.2
1218.98	12443.7
1220.07	12451.3
1221.17	12454.4
1222.27	12449.9
1223.37	12437
1224.47	12409.6
1225.57	12391.4
1226.66	12358.8
1227.76	12347.9
1228.86	12343.3
1229.96	12338.5
1231.06	12334.3
1232.15	12323.8
1233.25	12276.5
1234.35	12267.8
1235.44	12278
1236.54	12303.6
1237.63	12301.9
1238.73	12298.4
1239.83	12293.6
1240.92	12285
1242.02	12272.3
1243.11	12257.2
1244.21	12235.6
1245.3	12215.7
1246.4	12201.5
1247.49	12191.7
1248.59	12185.4
1249.68	12184.1
1250.78	12187.1
1251.87	12195.3
1252.96	12204.3
1254.06	12207.7
1255.15	12204.4
1256.24	12196.1
1257.34	12187.3
1258.43	12181.3
1259.52	12176.8
1260.62	12173.5
1261.71	12171.3
1262.8	12169.8
1263.89	12168.6
1264.98	12168
1266.08	12170.9
1267.17	12185.7
1268.26	12216
1269.35	12196.7
1270.44	12173.4
1271.53	12141.4
1272.62	12107.8
1273.71	12099.7
1274.8	12117.7
1275.89	12143.8
1276.98	12162.1
1278.07	12175.9
1279.16	12176.9
1280.25	12151.8
1281.34	12141.3
1282.43	12136
1283.52	12136
1284.61	12140.1
1285.69	12147.1
1286.78	12156.9
1287.87	12165.6
1288.96	12168.9
1290.05	12163.5
1291.13	12156.3
1292.22	12149.7
1293.31	12140
1294.4	12134.3
1295.48	12140.6
1296.57	12149.1
1297.66	12154.2
1298.74	12150.8
1299.83	12144.7
1300.92	12139.5
1302	12136.6
1303.09	12134.8
1304.17	12133
1305.26	12133.5
1306.34	12133.2
1307.43	12132.6
1308.51	12131.8
1309.6	12131.1
1310.68	12131.2
1311.76	12130.3
1312.85	12129.8
1313.93	12122.2
1315.02	12110.6
1316.1	12102.1
1317.18	12090.5
1318.27	12079.6
1319.35	12068.6
1320.43	12058.7
1321.52	12051.3
1322.6	12044.8
1323.68	12039.5
1324.76	12034.9
1325.85	12030.5
1326.93	12026.3
1328.01	12019.9
1329.09	12013.9
1330.17	12007.6
1331.25	12016.7
1332.33	12006.6
1333.41	11996.3
1334.49	11982.7
1335.58	11970.2
1336.65	11954.4
1337.74	11941.3
1338.82	11935.3
1339.89	11934.8
1340.97	11939.6
1342.05	11950.7
1343.13	11957.2
1344.21	11960.6
1345.29	11964.1
1346.37	11962.5
1347.45	11950.9
1348.53	11935.9
1349.6	11923.7
1350.68	11904
1351.76	11899.2
1352.84	11910
1353.92	11921
1354.99	11928.2
1356.07	11930.2
1357.15	11923.6
1358.22	11909
1359.3	11894.7
1360.38	11899.9
1361.45	11905.2
1362.53	11907.9
1363.61	11907.4
1364.68	11907.5
1365.76	11902.9
1366.83	11901.3
1367.91	11899.5
1368.98	11900.7
1370.06	11902.5
1371.13	11904.1
1372.21	11905.2
1373.28	11904.8
1374.35	11896.8
1375.43	11886
1376.5	11873.2
1377.58	11857.2
1378.65	11840.8
1379.72	11835.7
1380.8	11835.9
1381.87	11837.2
1382.94	11850.3
1384.01	11859.7
1385.09	11871
1386.16	11868.6
1387.23	11859.9
1388.3	11852.5
1389.38	11854.9
1390.45	11855.9
1391.52	11853.5
1392.59	11851.7
1393.66	11844.5
1393.92	11841.6
1395	11830.9
1396.07	11819.6
1397.15	11807
1398.22	11794.9
1399.3	11783.9
1400.38	11789.6
1401.45	11789
1402.53	11801.4
1403.6	11812.6
1404.68	11798.9
1405.75	11783.3
1406.82	11771.3
1407.9	11762.7
1408.97	11757.2
1410.05	11753.9
1411.12	11754.3
1412.19	11751.9
1413.27	11744.4
1414.34	11728.2
1415.41	11680.5
1416.49	11685.9
1417.56	11701.5
1418.63	11707.1
1419.7	11718.8
1420.78	11702.4
1421.85	11686.7
1422.92	11673.7
1423.99	11664
1425.06	11652.8
1426.14	11643.4
1427.21	11637
1428.28	11632.3
1429.35	11630.3
1430.42	11630.2
1431.49	11632.7
1432.56	11637.3
1433.63	11644.7
1434.7	11653.2
1435.77	11657.6
1436.84	11656.5
1437.91	11643.6
1438.98	11628.6
1440.05	11610.5
1441.12	11594.8
1442.18	11590.3
1443.25	11584.6
1444.32	11580.9
1445.39	11580.1
1446.46	11581
1447.53	11573.5
1448.59	11576.2
1449.66	11580
1450.73	11598.7
1451.8	11609.9
1452.86	11603
1453.93	11584.3
1455	11571
1456.06	11561.3
1457.13	11554.7
1458.2	11550.8
1459.26	11548.7
1460.33	11552.7
1461.39	11558.9
1462.46	11566.1
1463.52	11568.5
1464.59	11556.2
1465.65	11552.8
1466.72	11548.9
1467.78	11545.9
1468.85	11543.9
1469.91	11543.6
1470.98	11544.5
1472.04	11546.6
1473.1	11550
1474.17	11554.7
1475.23	11560.6
1476.3	11563.9
1477.36	11565.9
1478.42	11566.5
1479.48	11567.1
1480.55	11565.8
1481.61	11544.6
1482.67	11512.6
1483.73	11484.6
1484.8	11463.4
1485.86	11458.8
1486.92	11454.1
1487.98	11451.6
1489.04	11453.6
1490.1	11459
1491.17	11468.7
1492.23	11468.9
1493.29	11463
1494.35	11454.4
1495.41	11445
1496.47	11435
1497.53	11430
1498.59	11435.6
1499.65	11442.2
1500.71	11444.4
1501.77	11444.3
1502.83	11442.8
1503.88	11436.3
1504.94	11427.9
1506	11417.5
1507.06	11405.6
1508.12	11393.5
1509.18	11393.9
1510.23	11393.5
1511.29	11375.1
1512.35	11354.9
1513.41	11338.4
1514.47	11322.5
1515.52	11309.3
1516.58	11300.8
1517.64	11300.9
1518.69	11311.1
1519.75	11311
1520.81	11295.9
1521.86	11274.6
1522.92	11259.5
1523.97	11247.4
1525.03	11236
1526.08	11232.2
1527.14	11232
1528.2	11232.9
1529.25	11234.6
1530.31	11236.1
1531.36	11235
1532.42	11234.8
1533.47	11234.4
1534.52	11233.2
1535.58	11231.2
1536.63	11227.4
1537.69	11222.6
1538.74	11215.5
1539.79	11207.6
1540.84	11200.8
1541.9	11200
1542.95	11213.7
1544	11219.3
1545.06	11223.8
1546.11	11224.3
1547.16	11221.2
1548.21	11213.5
1549.27	11203.3
1550.32	11193.4
1551.37	11183.3
1552.42	11172.4
1553.47	11168.4
1554.52	11171.4
1555.57	11181.5
1556.62	11190.5
1557.67	11187.4
1558.72	11182.7
1559.77	11176.6
1560.82	11167.7
1561.87	11156.2
1562.92	11142.8
1563.97	11129.9
1565.02	11120.4
1566.07	11113.5
1567.12	11111.7
1568.17	11110.7
1569.22	11111.2
1570.27	11112.9
1571.32	11113.7
1572.36	11118.7
1573.41	11123.7
1574.46	11129.4
1575.51	11133.7
1576.56	11132.1
1577.6	11128
1578.65	11121.5
1579.7	11112
1580.74	11099.5
1581.79	11085.2
1582.84	11083.4
1583.88	11099.5
1584.93	11109.4
1585.98	11115.1
1587.02	11116.3
1588.07	11113.5
1589.11	11107.5
1590.16	11097.1
1591.2	11083
1592.25	11065.9
1593.29	11046.3
1594.34	11028.4
1595.38	11010.2
1596.43	11010.2
1597.47	11005.3
1598.52	11015.4
1599.56	11039.1
1600.6	11041.7
1601.65	11034.6
1602.69	10992.4
1603.73	10966.8
1604.78	10956.4
1605.82	10957
1606.86	10957.9
1607.91	10957.3
1608.95	10952.8
1609.99	10942.5
1611.03	10928.7
1612.08	10902.1
1613.12	10890
1614.16	10879.4
1615.2	10872
1616.24	10867.1
1617.28	10866.2
1618.32	10882.7
1619.36	10876.6
1620.41	10857
1621.45	10839.5
1622.49	10824.3
1623.53	10827.6
1624.57	10819.6
1625.61	10812.6
1626.65	10806
1627.69	10799.8
1628.73	10794
1629.76	10788.4
1630.8	10783.2
1631.84	10778.1
1632.88	10773
1633.92	10766.8
1634.96	10744.2
1636	10726.8
1637.03	10710.9
1638.07	10699.1
1639.11	10693.3
1640.15	10689
1641.19	10686.8
1642.22	10686.8
1643.26	10688.2
1644.3	10689.7
1645.33	10676.4
1646.37	10666.3
1647.41	10656.9
1648.44	10647.9
1649.48	10638.4
1650.52	10629.4
1651.55	10620.7
1652.59	10613
1653.62	10605.8
1654.66	10600.3
1655.69	10595.8
1656.73	10591.6
1657.76	10587.1
1658.8	10579.4
1659.83	10555.2
1660.87	10545.7
1661.9	10549.8
1662.93	10568.7
1663.97	10588.9
1665	10605.3
1666.04	10609.9
1667.07	10606.1
1668.1	10598.1
1669.14	10584.6
1670.17	10571.4
1671.2	10560.4
1672.23	10552.7
1673.27	10546.6
1674.3	10541.5
1675.33	10536.7
1676.36	10532.9
1677.39	10530.4
1678.43	10528.9
1679.46	10528.8
1680.49	10529.9
1681.52	10532.3
1682.55	10533.6
1683.58	10520.1
1684.61	10507.1
1685.64	10492.6
1686.67	10474.4
1687.7	10469.5
1688.73	10472.7
1689.76	10482.4
1690.79	10481.7
1691.82	10477
1692.85	10449.7
1693.88	10431.5
1694.91	10426.5
1695.94	10430.6
1696.97	10434.1
1698	10439
1699.02	10444.3
1700.05	10444
1701.08	10433.4
1702.11	10419.8
1703.14	10407
1704.16	10394.1
1705.19	10382.8
1706.22	10373.1
1707.25	10367.2
1708.27	10354.2
1709.3	10340.6
1710.33	10330.6
1711.35	10322.2
1712.38	10316.5
1713.41	10312.9
1714.43	10311.4
1715.46	10311.2
1716.48	10310.9
1717.51	10309.6
1718.53	10304.9
1719.56	10297.9
1720.58	10288.1
1721.61	10276.8
1722.63	10263
1723.66	10248.8
1724.68	10237.4
1725.71	10230.7
1726.73	10226.8
1727.75	10223.1
1728.78	10216.2
1729.8	10208.9
1730.83	10201.2
1731.85	10189.3
1732.87	10175.9
1733.89	10157.9
1734.92	10147.4
1735.94	10175
1736.96	10203.6
1737.98	10196.3
1739.01	10138.5
1740.03	10140.9
1741.05	10141.9
1742.07	10142.8
1743.09	10141.9
1744.12	10138.7
1745.14	10133.1
1746.16	10121
1747.18	10108.9
1748.2	10098.3
1749.22	10089.7
1750.24	10083.9
1751.26	10079.5
1752.28	10076
1753.3	10072.8
1754.32	10068
1755.34	10048.8
1756.36	10031.9
1757.38	10010.9
1758.4	9995.59
1759.42	9987.66
1760.44	10002.3
1761.45	10017
1762.47	10023.9
1763.49	10037.3
1764.51	10048.5
1765.53	10054.5
1766.55	10050.3
1767.56	10040.3
1768.58	10028.9
1769.6	10020.9
1770.61	10012.1
1771.63	10002.6
1772.65	9992.85
1773.67	9982.91
1774.68	9972.71
1775.7	9962.27
1776.72	9951.21
1777.73	9940.72
1778.75	9934.62
1779.76	9934.1
1780.78	9939.77
1781.79	9932.29
1782.81	9914.41
1783.83	9901.06
1784.84	9893.23
1785.85	9888.88
1786.87	9884.45
1787.88	9886.08
1788.9	9880.52
1789.91	9873.7
1790.93	9867.87
1791.94	9858.9
1792.95	9848.99
1793.97	9841.8
1794.98	9837.93
1796	9837.55
1797.01	9837.56
1798.02	9835.43
1799.03	9818.33
1800.05	9793.62
1801.06	9774.95
1802.07	9751.97
1803.08	9739.03
1804.1	9738.12
1805.11	9747.05
1806.12	9751.93
1807.13	9751.78
1808.14	9746.53
1809.15	9739.68
1810.17	9715.24
1811.18	9703.22
1812.19	9691.54
1813.2	9689.5
1814.21	9708.95
1815.22	9711.82
1816.23	9710.66
1817.24	9683
1818.25	9658.05
1819.26	9640.14
1820.27	9625.88
1821.28	9637.29
1822.29	9640.25
1823.3	9642.59
1824.3	9643.4
1825.31	9641.86
1826.32	9638.65
1827.33	9629.33
1828.34	9617.92
1829.35	9605.17
1830.35	9591.48
1831.36	9579.32
1832.37	9565.48
1833.38	9551.39
1834.38	9537.01
1835.39	9522.52
1836.4	9508.17
1837.41	9495.33
1838.41	9483.34
1839.42	9472.58
1840.43	9463.06
1841.43	9454.85
1842.44	9448.1
1843.44	9442.91
1844.45	9441.23
1845.46	9441.05
1846.46	9485.98
1847.47	9478.31
1848.47	9461.24
1849.48	9447.16
1850.48	9436.46
1851.49	9428.63
1852.49	9422.07
1853.49	9415.95
1854.5	9410.78
1855.5	9407.49
1856.51	9405.14
1857.51	9403.65
1858.51	9401.67
1859.52	9398.4
1860.52	9390.1
1861.52	9359.42
1862.53	9353.22
1863.53	9348.05
1864.53	9352.93
1865.54	9355.67
1866.54	9355.14
1867.54	9344.92
1868.54	9315.71
1869.54	9295.91
1870.55	9295.91
1871.55	9296.94
1872.55	9294.22
1873.55	9290.34
1874.55	9286.72
1875.55	9282.51
1876.55	9279.03
1877.55	9270.54
1878.55	9256.88
1879.55	9238.32
1880.56	9216.29
1881.55	9199.51
1882.56	9181.71
1883.55	9165.75
1884.55	9153.88
1885.55	9144.52
1886.55	9142
1887.55	9147.26
1888.55	9152.25
1889.55	9154.13
1890.55	9155.24
1891.55	9157.53
1892.55	9160.65
1893.54	9163.41
1894.54	9166.16
1895.54	9166.11
1896.54	9119.67
1897.54	8996.21
1898.53	9117.18
1899.53	9117.4
1900.53	9112.56
1901.52	9106.89
1902.52	9082.81
1903.52	9030.8
1904.51	9049.72
1905.51	9043.34
1906.51	9041.04
1907.5	9041.72
1908.5	9042.41
1909.49	9042.11
1910.49	9039.39
1911.49	9034.47
1912.48	9028.11
1913.48	9020.02
1914.47	9010.39
1915.46	8998.95
1916.46	8985.98
1917.45	8971.5
1918.45	8956.51
1919.44	8945.42
1920.44	8936.37
1921.43	8932.42
1922.43	8928.89
1923.42	8932.65
1924.41	8938.22
1925.41	8944.84
1926.4	8950.38
1927.39	8943.56
1928.38	8934.82
1929.38	8926.36
1930.37	8900.49
1931.36	8887.82
1932.35	8879.52
1933.35	8883.03
1934.34	8875.47
1935.33	8860.06
1936.32	8844.81
1937.31	8825.82
1938.3	8803.55
1939.29	8778.01
1940.29	8762.3
1941.28	8781.79
1942.27	8803.39
1943.26	8825.69
1944.25	8829.94
1945.24	8820.35
1946.23	8810.68
1947.22	8800.12
1948.21	8788.52
1949.2	8775.89
1950.19	8763.21
1951.18	8749.83
1952.17	8736.25
1953.16	8720.05
1954.14	8702.46
1955.13	8682.74
1956.12	8664.9
1957.11	8646.37
1958.1	8636.17
1959.09	8629.25
1960.07	8624.25
1961.06	8620.62
1962.05	8618.98
1963.04	8613.1
1964.02	8608.14
1965.01	8602.49
1966	8596.29
1966.99	8589.75
1967.97	8582.99
1968.96	8575.92
1969.95	8568.87
1970.93	8562.08
1971.92	8556.27
1972.9	8550.22
1973.89	8543.89
1974.88	8537.42
1975.86	8530.93
1976.85	8524.46
1977.83	8518.03
1978.82	8511.73
1979.8	8505.24
1980.79	8500.67
1981.77	8497.05
1982.76	8492.69
1983.74	8487.7
1984.72	8475.75
1985.71	8463.86
1986.69	8451.69
1987.67	8437.21
1988.66	8428.18
1989.64	8429.96
1990.62	8428.19
1991.61	8417.6
1992.59	8411.85
1993.57	8401.88
1994.56	8400.08
1995.54	8412.75
1996.52	8417.6
1997.5	8417.05
1998.49	8393.74
1999.47	8370.86
2000.45	8357.39
2001.43	8351.69
2002.41	8364.35
2003.39	8361.33
2004.38	8358.5
2005.36	8357.02
2006.34	8353.88
2007.32	8349.32
2008.3	8342.88
2009.28	8334.13
2010.26	8323.58
2011.24	8308.88
2012.22	8289.99
2013.2	8269.75
2014.18	8250.42
2015.16	8247.3
2016.14	8244.05
2017.12	8240.34
2018.1	8236.14
2019.07	8231.14
2020.05	8223.87
2021.03	8217.74
2022.01	8211.4
2022.99	8205.63
2023.97	8206.96
2024.95	8204.35
2025.92	8198.66
2026.9	8188.91
2027.88	8176.47
2028.86	8163.02
2029.83	8146.67
2030.81	8141.07
2031.79	8146.14
2032.76	8142.01
2033.74	8138.66
2034.72	8127.75
2035.69	8110.32
2036.67	8090.87
2037.65	8077.83
2038.62	8061.41
2039.6	8054.01
2040.57	8053.9
2041.55	8059.46
2042.52	8059.08
2043.5	8058.03
2044.47	8051.57
2045.45	8044.67
2046.42	8036.21
2047.4	8026.91
2048.37	8016.29
2049.35	8005.35
2050.32	7995.4
2051.29	7985.8
2052.27	7976.09
2053.24	7967.51
2054.21	7962.03
2055.19	7959.19
2056.16	7965.85
2057.13	7976.51
2058.11	7966.81
2059.08	7949.94
2060.05	7810.06
2061.02	7829.19
2062	7890.5
2062.97	7896.53
2063.94	7872.31
2064.91	7850.07
2065.89	7839.2
2066.86	7835.88
2067.83	7834.35
2068.8	7831.56
2069.77	7825.83
2070.74	7820.01
2071.71	7812.96
2072.68	7805.16
2073.65	7795.96
2074.62	7785.65
2075.59	7774.93
2076.56	7766.1
2077.53	7761.31
2078.5	7756.27
2079.47	7750.95
2080.44	7745.92
2081.41	7741.58
2082.38	7737.96
2083.35	7735.33
2084.32	7733.68
2085.29	7733.02
2086.26	7733.01
2087.23	7732.55
2088.19	7723.26
2089.16	7682.54
2090.13	7643.09
2091.1	7631.41
2092.07	7670.05
2093.03	7661.75
2094	7655.78
2094.97	7651.29
2095.94	7648.12
2096.9	7644.53
2097.87	7639.46
2098.84	7633.87
2099.8	7628
2100.77	7621.65
2101.74	7615.05
2102.7	7604.65
2103.67	7591.1
2104.63	7574.33
2105.6	7555.9
2106.56	7542.98
2107.53	7532.67
2108.49	7524.69
2109.46	7519.05
2110.42	7515.75
2111.39	7514.7
2112.35	7516.48
2113.32	7519.33
2114.28	7506.15
2115.25	7486.17
2116.21	7468
2117.17	7452.84
2118.14	7443.08
2119.1	7440.54
2120.07	7446.28
2121.03	7446.82
2121.99	7448.87
2122.96	7439.3
2123.92	7418.94
2124.88	7402.2
2125.84	7392.72
2126.81	7389.59
2127.77	7394.78
2128.73	7403.6
2129.69	7404.15
2130.65	7398.96
2131.62	7388.65
2132.58	7377.09
2133.54	7363.41
2134.5	7348.49
2135.46	7338.68
2136.42	7335.16
2137.38	7331.38
2138.34	7325.1
2139.3	7318.37
2140.26	7312.03
2141.22	7304.35
2142.18	7295.36
2143.14	7284.44
2144.1	7270.7
2145.06	7248.6
2146.02	7235.18
2146.98	7231.47
2147.94	7226.36
2148.9	7233.77
2149.86	7241.08
2150.82	7242.31
2151.78	7241.24
2152.74	7238.64
2153.69	7233.32
2154.65	7224.73
2155.61	7207.3
2156.57	7179.18
2157.53	7140.47
2158.48	7107.68
2159.44	7124.48
2160.4	7130.27
2161.36	7134.69
2162.31	7136.52
2163.27	7133.71
2164.23	7127
2165.18	7111.69
2166.14	7093.19
2167.1	7071.12
2168.05	7048.4
2169.01	7067.75
2169.96	7076.85
2170.92	7062.35
2171.88	7052.78
2172.83	7039.5
2173.79	7024.06
2174.74	7005.19
2175.7	6986.6
2176.65	6969.99
2177.6	6954.56
2178.56	6939.98
2179.51	6926.88
2180.47	6915.2
2181.42	6905.5
2182.38	6901.56
2183.33	6905.89
2184.28	6905.92
2185.24	6906.06
2186.19	6905.77
2187.14	6906.63
2188.1	6896.21
2189.05	6884.53
2190	6869.81
2190.96	6851.65
2191.91	6829.61
2192.86	6812.65
2193.81	6801.17
2194.76	6794.33
2195.72	6792.7
2196.67	6787.92
2197.62	6781.69
2198.57	6777.77
2199.52	6773.89
2200.47	6770.61
2201.43	6767.48
2202.38	6764.42
2203.33	6760.71
2204.28	6744.43
2205.23	6733.21
2206.18	6726.93
2207.13	6724.83
2208.08	6722.09
2209.03	6724.28
2209.98	6719.7
2210.93	6714.83
2211.88	6709.52
2212.83	6704.14
2213.78	6698.98
2214.73	6694.21
2215.67	6690.42
2216.62	6686.79
2217.57	6683.41
2218.52	6675.69
2219.47	6660.62
2220.42	6645.46
2221.37	6630.1
2222.31	6615.22
2223.26	6603.12
2224.21	6596.99
2225.16	6592.74
2226.1	6590.02
2227.05	6590.65
2228	6593.63
2228.94	6598.89
2229.89	6604.94
2230.84	6608.25
2231.78	6604.55
2232.73	6590.92
2233.68	6577.02
2234.62	6568.66
2235.57	6564.86
2236.51	6566.12
2237.46	6567.83
2238.41	6562.27
2239.35	6562.46
2240.3	6544.67
2241.24	6540.36
2242.19	6524.1
2243.13	6513.13
2244.07	6509.88
2245.02	6511.79
2245.96	6514.23
2246.91	6516.86
2247.85	6518.41
2248.8	6521.09
2249.74	6523.29
2250.68	6525.13
2251.63	6526.39
2252.57	6526.14
2253.51	6524.42
2254.46	6512.22
2255.4	6497.23
2256.34	6483.64
2257.28	6471.79
2258.23	6461.38
2259.17	6453.08
2260.11	6452.98
2261.05	6458.42
2262	6464.91
2262.94	6468.98
2263.88	6470.75
2264.82	6469.73
2265.76	6465.78
2266.7	6458.43
2267.64	6450.4
2268.58	6442.15
2269.53	6434.71
2270.47	6429.35
2271.41	6424.88
2272.35	6415.69
2273.29	6411.05
2274.23	6407.11
2275.17	6406.62
2276.11	6409.1
2277.05	6409.96
2277.99	6414.09
2278.93	6416
2279.86	6413.34
2280.8	6410.78
2281.74	6406.36
2282.68	6415.3
2283.62	6419.87
2284.56	6415.19
2285.5	6408.31
2286.44	6400.91
2287.37	6395.13
2288.31	6389.88
2289.25	6388.32
2290.19	6390.34
2291.12	6391.12
2292.06	6390.51
2293	6391.29
2293.94	6391.38
2294.87	6386.91
2295.81	6375.47
2296.75	6356.76
2297.68	6344.88
2298.62	6342.01
2299.55	6347.69
2300.49	6354.19
2301.43	6353.29
2302.36	6350.58
2303.3	6348.7
2304.23	6345.95
2305.17	6341.95
2306.1	6336.31
2307.04	6328.88
2307.98	6319.12
2308.91	6306.72
2309.84	6292.87
2310.78	6280.44
2311.71	6277.22
2312.65	6285.3
2313.58	6294.13
2314.52	6296.91
2315.45	6294.94
2316.38	6287.39
2317.32	6276.77
2317.72	6271.03
2318.66	6255.61
2319.6	6240.35
2320.54	6235.39
2321.48	6234.25
2322.41	6237.12
2323.35	6240.55
2324.29	6243.08
2325.23	6231.78
2326.16	6216.78
2327.1	6195.58
2328.04	6173.96
2328.97	6166.19
2329.91	6168.43
2330.85	6202.06
2331.78	6205.1
2332.72	6200.37
2333.66	6175.12
2334.59	6133.25
2335.53	6138.29
2336.46	6137.89
2337.4	6138.87
2338.33	6140.21
2339.27	6138.41
2340.2	6134.59
2341.14	6129.19
2342.07	6123.1
2343.01	6116.65
2343.94	6109.78
2344.88	6104.06
2345.81	6097.59
2346.75	6091.16
2347.68	6084.62
2348.61	6077.8
2349.55	6070.61
2350.48	6060.22
2351.41	6053.18
2352.35	6049.43
2353.28	6049.22
2354.21	6051.23
2355.15	6052.37
2356.08	6051.76
2357.01	6051.61
2357.94	6049.93
2358.88	6042.95
2359.81	6034.29
2360.74	6021.26
2361.67	6009.22
2362.6	5996.49
2363.54	5998.12
2364.47	5994.02
2365.4	5989.2
2366.33	5987.06
2367.26	5985.65
2368.19	5985.39
2369.12	5984.48
2370.05	5983.12
2370.98	5982.57
2371.91	5981.97
2372.84	5981.44
2373.77	5980.07
2374.7	5977.93
2375.63	5972.57
2376.56	5966.98
2377.49	5960.4
2378.42	5953.01
2379.35	5944.55
2380.28	5935.97
2381.21	5926.66
2382.14	5917.87
2383.07	5914.93
2384	5910.88
2384.92	5910.66
2385.85	5914.04
2386.78	5916.96
2387.71	5920.09
2388.64	5921.32
2389.56	5918.73
2390.49	5914.85
2391.42	5906.96
2392.35	5896.92
2393.27	5882.16
2394.2	5869.72
2395.13	5866.44
2396.05	5862.01
2396.98	5860.26
2397.91	5858.38
2398.83	5857.79
2399.76	5857.99
2400.69	5858.95
2401.61	5860.67
2402.54	5862.4
2403.46	5861.24
2404.39	5854.85
2405.31	5846.33
2406.24	5837.59
2407.17	5820.76
2408.09	5807.64
2409.01	5805.6
2409.94	5805.47
2410.86	5806.07
2411.79	5805.16
2412.71	5802.69
2413.64	5798.81
2414.56	5793.74
2415.49	5787.31
2416.41	5779.5
2417.33	5767.71
2418.26	5749.95
2419.18	5752.33
2420.1	5755.75
2421.03	5796.46
2421.95	5786.25
2422.87	5775.81
2423.79	5758.62
2424.72	5743.32
2425.64	5727.07
2426.56	5714.93
2427.48	5706.77
2428.41	5707.12
2429.33	5708.6
2430.25	5714.86
2431.17	5717.01
2432.09	5712.66
2433.01	5703.69
2433.93	5694.61
2434.86	5685.89
2435.78	5677.73
2436.7	5669
2437.62	5659.52
2438.54	5648.38
2439.46	5636.5
2440.38	5623.5
2441.3	5609.1
2442.22	5593.46
2443.14	5573.04
2444.06	5557.92
2444.98	5557.74
2445.9	5562.86
2446.82	5576
2447.73	5584.11
2448.65	5583.88
2449.57	5584.9
2450.49	5573.23
2451.41	5561.15
2452.33	5545.07
2453.25	5538.6
2454.17	5535.77
2455.08	5534.14
2456	5531.92
2456.92	5527.36
2457.84	5520.75
2458.75	5503.55
2459.67	5489.93
2460.59	5480.8
2461.51	5476.63
2462.42	5479.42
2463.34	5485.37
2464.26	5490.74
2465.17	5492.6
2466.09	5491.96
2467	5491.14
2467.92	5487.79
2468.84	5483.09
2469.75	5476.24
2470.67	5465.65
2471.58	5451.06
2472.5	5438.51
2473.42	5429.32
2474.33	5422.6
2475.25	5418.61
2476.16	5417.58
2477.08	5420.13
2477.99	5422.56
2478.9	5414.31
2479.82	5397.62
2480.73	5384.56
2481.65	5380.37
2482.56	5378.05
2483.47	5377.53
2484.39	5379.57
2485.3	5383.85
2486.22	5389.82
2487.13	5397.11
2488.04	5397.13
2488.96	5390.23
2489.87	5380.9
2490.78	5372.64
2491.69	5363.04
2492.61	5353.15
2493.52	5343.9
2494.43	5336.14
2495.34	5330.37
2496.25	5326.47
2497.17	5324.14
2498.08	5322.96
2498.99	5321.45
2499.9	5319.7
2500.81	5316.33
2501.72	5313.76
2502.63	5312.48
2503.55	5312.17
2504.46	5312.83
2505.37	5314.41
2506.28	5317.37
2507.19	5320.37
2508.1	5320.36
2509.01	5318.58
2509.92	5314.41
2510.83	5299.43
2511.74	5286.13
2512.65	5273.77
2513.56	5264.72
2514.47	5260.54
2515.37	5256.88
2516.28	5255.26
2517.19	5254.87
2518.1	5252.99
2519.01	5249.72
2519.92	5246.08
2520.83	5244.39
2521.73	5241.67
2522.64	5246.36
2523.55	5255.53
2524.46	5257.94
2525.37	5253.2
2526.27	5241.41
2527.18	5223.54
2528.09	5207.68
2529	5195.34
2529.9	5232.91
2530.81	5231.49
2531.72	5226.99
2532.62	5220.81
2533.53	5218.75
2534.44	5213.34
2535.34	5210.04
2536.25	5201.6
2537.15	5193.1
2538.06	5184.3
2538.96	5175.6
2539.87	5167.58
2540.78	5159.58
2541.68	5155.82
2542.59	5161.38
2543.49	5161.35
2544.4	5156.75
2545.3	5155.48
2546.21	5145.57
2547.11	5129.92
2548.01	5122.16
2548.92	5117.6
2549.82	5115.64
2550.73	5115.36
2551.63	5116.02
2552.53	5117.09
2553.44	5118.37
2554.34	5120.06
2555.24	5121.84
2556.15	5123.36
2557.05	5123.96
2557.95	5122.59
2558.86	5107.52
2559.76	5091.28
2560.66	5074.82
2561.56	5057.08
2562.46	5043.72
2563.37	5036.64
2564.27	5029.35
2565.17	5024.51
2566.07	5026.06
2566.97	5024.23
2567.88	5016.79
2568.78	5010.42
2569.68	5001.81
2570.58	4984.94
2571.48	4974.75
2572.38	4972.53
2573.28	4974.83
2574.18	4978.58
2575.08	4979.96
2575.98	4972.23
2576.88	4961.62
2577.78	4952.81
2578.68	4944.51
2579.58	4936.98
2580.48	4929.04
2581.38	4931.01
2582.28	4941.84
2583.18	4958.12
2584.08	4961.25
2584.98	4957.86
2585.88	4945.87
2586.77	4932.59
2587.67	4919.42
2588.57	4906.08
2589.47	4893.31
2590.37	4881.84
2591.27	4871.51
2592.16	4861.53
2593.06	4851.94
2593.96	4846.22
2594.86	4844.62
2595.75	4848.29
2596.65	4845.75
2597.55	4842.02
2598.45	4837.57
2599.34	4832.31
2600.24	4825.77
2601.13	4818.57
2602.03	4810.85
2602.93	4803.9
2603.82	4798.85
2604.72	4798.54
2605.62	4810.84
2606.51	4816.76
2607.41	4817.12
2608.3	4812.39
2609.2	4810.81
2610.09	4805.43
2610.99	4804.29
2611.88	4800.62
2612.78	4793.07
2613.67	4784.91
2614.57	4776.85
2615.46	4763.93
2616.36	4756.05
2617.25	4755.76
2618.14	4762.19
2619.04	4764.84
2619.93	4765.94
2620.83	4757.9
2621.72	4749.76
2622.61	4742.63
2623.5	4733.22
2624.4	4723.93
2625.29	4715.33
2626.18	4712.55
2627.08	4709.73
2627.97	4709.52
2628.86	4695.4
2629.75	4671.36
2630.65	4664.95
2631.54	4671.07
2632.43	4677.7
2633.32	4678.6
2634.21	4677.32
2635.11	4673.93
2636	4668.42
2636.89	4659.75
2637.78	4649.01
2638.67	4635.9
2639.56	4621.6
2640.45	4617.1
2641.34	4613.15
2642.23	4610.22
2643.12	4609.54
2644.01	4610.38
2644.9	4611.93
2645.79	4607.21
2646.68	4597.43
2647.57	4586.34
2648.46	4576.38
2649.35	4567.85
2650.24	4560.5
2651.13	4554.09
2652.02	4548.63
2652.91	4543.78
2653.8	4539.7
2654.69	4535.85
2655.58	4531.24
2656.46	4526.46
2657.35	4521.35
2658.24	4516.1
2659.13	4510.77
2660.02	4505.34
2660.9	4500.14
2661.79	4494.86
2662.68	4491.5
2663.57	4488.52
2664.45	4487.96
2665.34	4489.89
2666.23	4493.61
2667.11	4489.87
2668	4486.12
2668.89	4478.53
2669.77	4467.02
2670.66	4452.98
2671.55	4445.1
2672.43	4436.91
2673.32	4432.29
2674.21	4428.68
2675.09	4426.01
2675.98	4424.25
2676.86	4423.58
2677.75	4423.98
2678.63	4425.76
2679.52	4425.8
2680.4	4413.24
2681.29	4397.85
2682.17	4390.14
2683.06	4389.88
2683.94	4387.75
2684.82	4383.71
2685.71	4379.55
2686.59	4374.55
2687.48	4367.67
2688.36	4359.66
2689.24	4351.29
2690.13	4342.92
2691.01	4335.08
2691.89	4330.84
2692.78	4326.57
2693.66	4323.38
2694.54	4320.66
2695.43	4318.89
2696.31	4317.99
2697.19	4316.56
2698.07	4314.93
2698.96	4312
2699.84	4307.69
2700.72	4301.1
2701.6	4293.88
2702.48	4285.79
2703.36	4277
2704.25	4268.46
2705.13	4260.63
2706.01	4253.96
2706.89	4248.79
2707.77	4245.11
2708.65	4244.22
2709.53	4244.7
2710.41	4244.48
2711.29	4238.82
2712.17	4229.18
2713.05	4226.53
2713.93	4227.42
2714.81	4239.58
2715.69	4245.61
2716.57	4245.52
2717.45	4243.23
2718.33	4240.17
2719.21	4232.1
2720.09	4226.63
2720.97	4223.38
2721.85	4219.4
2722.73	4213.54
2723.61	4206.67
2724.48	4199.9
2725.36	4194.05
2726.24	4191.79
2727.12	4197.72
2728	4191.57
2728.88	4180.58
2729.75	4169.92
2730.63	4161.34
2731.51	4151.95
2732.39	4139.54
2733.26	4131.16
2734.14	4126.54
2735.02	4125.68
2735.89	4129.26
2736.77	4119.54
2737.65	4110.08
2738.52	4096.55
2739.4	4097.03
2740.28	4108.03
2741.15	4110.08
2742.03	4108.65
2742.9	4105.35
2743.78	4102.2
2744.65	4099.37
2745.53	4097
2746.41	4095.15
2747.28	4093.72
2748.16	4092.94
2749.03	4093.01
2749.91	4094.05
2750.78	4086.17
2751.66	4068.46
2752.53	4057.92
2753.4	4052.16
2754.28	4052.45
2755.15	4048.8
2756.02	4054.62
2756.9	4055.74
2757.77	4059.63
2758.65	4049.29
2759.52	4036.27
2760.39	4019.06
2761.27	3997.49
2762.14	3980.47
2763.01	3983.86
2763.88	3985.63
2764.76	3990.98
2765.63	3997.01
2766.5	4000.98
2767.37	4000.78
2768.25	3997.78
2769.12	3992.22
2769.99	3985.04
2770.86	3975.09
2771.73	3971.61
2772.61	3969.86
2773.48	3970.06
2774.35	3969.43
2775.22	3963.91
2776.09	3961.89
2776.96	3952.68
2777.83	3943.07
2778.7	3935.95
2779.57	3931.78
2780.44	3941.22
2781.31	3941.99
2782.18	3941.19
2783.05	3939.28
2783.92	3936.1
2784.79	3931.72
2785.66	3926.23
2786.53	3920.82
2787.4	3917.5
2788.27	3915.17
2789.14	3913.55
2790.01	3912.68
2790.88	3910.42
2791.75	3905.19
2792.62	3896.21
2793.48	3895.94
2794.35	3897.84
2795.22	3897.58
2796.09	3894.52
2796.96	3890.49
2797.82	3884.85
2798.69	3876.96
2799.56	3867.82
2800.43	3856.03
2801.29	3842.64
2802.16	3828.04
2803.03	3814.61
2803.9	3823.61
2804.76	3840.23
2805.63	3841.19
2806.5	3840.94
2807.36	3839.95
2808.23	3828.09
2809.09	3801.79
2809.96	3796.57
2810.83	3798.37
2811.69	3801.66
2812.56	3801.94
2813.42	3800.84
2814.29	3798.72
2815.15	3794.53
2816.02	3789.01
2816.88	3781.4
2817.75	3772.43
2818.61	3761.53
2819.48	3751.13
2820.34	3751.25
2821.21	3756.17
2822.07	3763.85
2822.94	3773.23
2823.8	3782.39
2824.66	3781.67
2825.53	3778.96
2826.39	3777.6
2827.26	3762.74
2828.12	3751.63
2828.98	3741.81
2829.85	3733.52
2830.71	3726.73
2831.57	3721.96
2832.43	3718.36
2833.3	3721.24
2834.16	3719.99
2835.02	3717.46
2835.88	3712.71
2836.75	3708.8
2837.61	3699.06
2838.47	3685.13
2839.33	3668.01
2840.19	3657.72
2841.06	3659.83
2841.92	3671.13
2842.78	3694.56
2843.64	3700.63
2844.5	3700.94
2845.36	3695.63
2846.22	3685.34
2847.08	3675.36
2847.94	3667.19
2848.81	3670.77
2849.67	3671.27
2850.53	3671.29
2851.39	3671.38
2852.25	3671.67
2853.11	3670.53
2853.97	3666.01
2854.82	3659.45
2855.68	3654.71
2856.54	3650.16
2857.4	3645.25
2858.26	3639.59
2859.12	3633.62
2859.98	3627.53
2860.84	3621.43
2861.7	3615.79
2862.56	3609.87
2863.41	3604.01
2864.27	3598.2
2865.13	3592.39
2865.99	3586.65
2866.85	3580.69
2867.7	3573.52
2868.56	3576.73
2869.42	3583.85
2870.28	3596.8
2871.13	3607.47
2871.99	3612.4
2872.85	3610.5
2873.7	3598.55
2874.56	3585.31
2875.42	3574.21
2876.27	3558.02
2877.13	3547.73
2877.99	3541.03
2878.84	3538.28
2879.7	3540
2880.56	3544.28
2881.41	3547.2
2882.27	3541.31
2883.12	3534.6
2883.98	3527.44
2884.83	3523.35
2885.69	3520.65
2886.54	3529.14
2887.4	3546.62
2888.25	3539.17
2889.11	3524.98
2889.96	3498.96
2890.82	3482.25
2891.67	3480.83
2892.52	3482.72
2893.38	3488.72
2894.23	3492.97
2895.09	3493.36
2895.94	3491.93
2896.79	3482.68
2897.65	3467.77
2898.5	3457.9
2899.35	3454.15
2900.21	3453.05
2901.06	3453.46
2901.91	3457.32
2902.76	3457.77
2903.62	3457.35
2904.47	3449.8
2905.32	3442.22
2906.17	3429.42
2907.03	3421.78
2907.88	3417.92
2908.73	3420.18
2909.58	3421.93
2910.43	3421.63
2911.28	3421.27
2912.14	3425.56
2912.99	3420.12
2913.84	3411.09
2914.69	3398.42
2915.54	3388.39
2916.39	3379.7
2917.24	3373.46
2918.09	3363.64
2918.94	3357.94
2919.79	3361.71
2920.64	3367.95
2921.49	3372.23
2922.34	3375.48
2923.19	3375.11
2924.04	3370.27
2924.89	3354.9
2925.74	3336.88
2926.59	3346.43
2927.44	3350.94
2928.29	3351.12
2929.14	3353.33
2929.98	3356.36
2930.83	3341.83
2931.68	3330.18
2932.53	3317.47
2933.38	3327.79
2934.23	3341.24
2935.07	3330.62
2935.92	3321.34
2936.77	3312.21
2937.62	3303.29
2938.47	3295.4
2939.31	3285.54
2940.16	3280.5
2941.01	3277.22
2941.85	3275.9
2942.7	3273.59
2943.55	3272.08
2944.39	3270.88
2945.24	3269.18
2946.09	3267.54
2946.93	3265.88
2947.78	3264.12
2948.63	3261.87
2949.47	3259.37
2950.32	3256.7
2951.16	3253.96
2952.01	3250.98
2952.85	3247.85
2953.7	3244.36
2954.55	3240.99
2955.39	3240.79
2956.24	3243.82
2957.08	3241.8
2957.92	3237.65
2958.77	3232.01
2959.61	3224.11
2960.46	3212.52
2961.3	3204.2
2962.15	3198.04
2962.99	3194.77
2963.83	3196.58
2964.68	3197.76
2965.52	3197.66
2966.37	3194.78
2967.21	3189.45
2968.05	3183.77
2968.9	3176.42
2969.74	3170.39
2970.58	3166.51
2971.42	3163.38
2972.27	3161.65
2973.11	3160.69
2973.95	3161.51
2974.79	3162.68
2975.64	3162.3
2976.48	3159.85
2977.32	3156.39
2978.16	3152.61
2979	3148.04
2979.85	3146.37
2980.69	3144.16
2981.53	3142.56
2982.37	3141.56
2983.21	3139.5
2984.05	3137.61
2984.89	3133.27
2985.73	3130.89
2986.57	3129.78
2987.41	3131.3
2988.25	3135.8
2989.1	3132.36
2989.94	3123.14
2990.77	3118.4
2991.62	3111.8
2992.45	3107.96
2993.29	3106.17
2994.13	3106.63
2994.97	3103.26
2995.81	3114.93
2996.65	3115.1
2997.49	3101.62
2998.33	3045.67
2999.17	3067.37
