200.833	11072.5
202.102	11163.3
203.371	11226.2
204.639	11160.9
205.907	11161.5
207.175	11153.8
208.442	11169.3
209.71	11185.2
210.977	11207.9
212.244	11223.2
213.511	11231.5
214.777	11200.7
216.042	11188.1
217.309	11195.8
218.575	11210
219.84	11231.6
221.106	11259.6
222.371	11289.2
223.635	11326
224.9	11348.9
226.165	11370.4
227.429	11393.5
228.694	11417.1
229.956	11442.2
231.22	11467.6
232.484	11495.1
233.747	11522.1
235.011	11551.3
236.272	11579.7
237.535	11604.1
238.798	11623.9
240.06	11631.4
241.321	11637.7
242.583	11641.4
243.845	11638.4
245.105	11651.2
246.367	11685.3
247.628	11725.6
248.888	11749
250.149	11751.5
251.409	11739.7
252.67	11732.7
253.928	11733.3
255.189	11738
256.447	11752.6
257.707	11783.1
258.966	11803.6
260.224	11823.3
261.483	11839
262.742	11854.2
263.999	11868.1
265.257	11881
266.514	11893.3
267.772	11905
269.028	11916.8
270.286	11924.9
271.543	11930.8
272.799	11935.4
274.056	11942.4
275.311	11951
276.568	11959.8
277.823	11971.7
279.079	11988.8
280.333	12007.7
281.589	12028.1
282.843	12045.6
284.099	12060.2
285.352	12066.5
286.607	12071.8
287.86	12075.3
289.114	12080.3
290.368	12102.5
291.621	12121.9
292.875	12145.9
294.127	12181.8
295.38	12206.7
296.632	12219.1
297.884	12220
299.137	12210.2
300.388	12194.1
301.641	12189.1
302.891	12189.4
304.142	12195.3
305.394	12206.9
306.644	12220.4
307.894	12233.8
309.146	12245
310.395	12254.6
311.645	12257.1
312.895	12259.9
314.144	12275.4
315.393	12291.8
316.642	12312.1
317.892	12334.8
319.14	12361.3
320.388	12382.2
321.637	12398.1
322.885	12398.8
324.132	12390.9
325.38	12380
326.628	12371.7
327.875	12370.5
329.122	12384.9
330.368	12402.1
331.614	12426.3
332.862	12454.9
334.108	12492.8
335.353	12495.2
336.599	12480.6
337.844	12461.6
339.089	12445.3
340.335	12464
341.58	12533.9
342.824	12552.6
344.068	12535.3
345.312	12532.5
346.556	12537.1
347.8	12558.4
349.043	12572.5
350.286	12583.5
351.53	12591.9
352.774	12595.2
354.016	12595.4
355.259	12594.3
356.501	12592.5
357.743	12592.6
358.985	12593.3
360.227	12593.1
361.468	12592.4
362.709	12591.8
363.95	12591.4
365.191	12591.9
366.432	12593.4
367.672	12599.3
368.912	12608
370.152	12621.4
371.392	12634.7
372.632	12647.2
373.871	12657.3
375.11	12663.8
376.348	12668.7
377.587	12670.9
378.825	12670.7
380.064	12667.8
381.302	12663.8
382.54	12664.6
383.778	12696.9
385.016	12721.1
386.253	12748.3
387.489	12773.6
388.726	12795.8
389.963	12812.1
391.199	12821.4
392.436	12827.2
393.672	12832.4
394.907	12834.6
396.142	12845.3
397.378	12852.4
398.614	12858.9
399.849	12863.7
401.082	12867.5
402.317	12870.4
403.552	12871.9
404.786	12872.2
406.019	12871.5
407.253	12869.8
408.487	12870.7
409.721	12869.4
410.953	12877.1
412.186	12896.9
413.419	12913
414.651	12951.6
415.883	12967.2
417.116	12971.9
418.347	12970.1
419.579	12974.2
420.811	12968.9
422.041	12959.6
423.272	12952.8
424.504	12944.9
425.733	12937.9
426.964	12939.5
428.194	12936.8
429.424	12950.7
430.654	12976.4
431.883	13005.3
433.113	13032.8
434.341	13051.1
435.571	13061.2
436.799	13062.7
438.028	13058.9
439.257	13056.7
440.484	13059.6
441.713	13060.2
442.94	13059.4
444.168	13057.4
445.394	13054.7
446.622	13045.3
447.848	13035.1
449.076	13038
450.301	13046.6
451.528	13064.2
452.754	13087.7
453.979	13102.7
455.205	13113.2
456.43	13122.4
457.656	13129.4
458.88	13134.1
460.106	13137.3
461.33	13140.4
462.554	13146.3
463.779	13136.3
465.002	13119.8
466.225	13095.8
467.45	13102.8
468.672	13137.1
469.895	13172.3
471.119	13178.7
472.341	13173
473.563	13172.5
474.786	13170.4
476.008	13167
477.229	13162.6
478.452	13157.1
479.673	13150.5
480.894	13143.2
482.115	13135.5
483.337	13127.9
484.557	13123
485.777	13125.4
486.997	13125.9
488.218	13127.3
489.438	13131.9
490.657	13133.1
491.876	13125.5
493.096	13117.4
494.315	13108.7
495.533	13100.2
496.752	13093.8
497.97	13087.9
499.188	13083
500.407	13079.5
501.625	13077.6
502.842	13077.8
504.059	13081.9
505.276	13086
506.493	13091.1
507.71	13097.4
508.926	13104.5
510.142	13117.8
511.358	13130.6
512.575	13143.3
513.791	13155
515.006	13159.6
516.222	13161.3
517.437	13164.2
518.651	13164.1
519.866	13172.8
521.081	13187
522.295	13223.9
523.509	13264.3
524.723	13261.4
525.937	13249.6
527.15	13241.5
528.363	13239.9
529.576	13242.3
530.789	13241.4
532.002	13242.2
533.215	13243.9
534.426	13247.2
535.638	13251.6
536.85	13258.4
538.061	13271.2
539.273	13304.8
540.484	13278.8
541.695	13286
542.906	13303.6
544.117	13312.5
545.327	13317.3
546.537	13317.9
547.747	13314
548.957	13306.3
550.167	13294.6
551.377	13282.2
552.585	13275.8
553.794	13270.1
555.003	13269.9
556.212	13279.2
557.421	13295.5
558.628	13312.4
559.836	13325.6
561.044	13325
562.252	13307.4
563.458	13304
564.666	13297.6
565.873	13289.9
567.08	13297.8
568.286	13309.4
569.493	13316.2
570.699	13318
571.904	13315.6
573.111	13309.1
574.317	13299.5
575.521	13305.5
576.727	13318.5
577.932	13326.6
579.136	13334.7
580.341	13343.3
581.544	13353.1
582.749	13363.7
583.954	13356.3
585.156	13357.1
586.361	13359.8
587.563	13366.1
588.767	13373.5
589.97	13375.4
591.172	13348.3
592.375	13242.7
593.577	13276.6
594.78	13284.3
595.981	13297.3
597.183	13339.7
598.384	13369.3
599.586	13364.3
600.786	13363.2
601.988	13354.3
603.188	13345
604.389	13335.6
605.589	13326.5
606.79	13318.7
607.989	13311.6
609.188	13305.5
610.389	13303.6
611.587	13304.3
612.787	13307
613.986	13306.5
615.184	13302.3
616.383	13294.7
617.581	13285.2
618.78	13273.6
619.977	13259
621.174	13242
622.373	13222.9
623.57	13203.5
624.766	13188
625.964	13178.3
627.16	13181.5
628.356	13182.5
629.554	13187.1
630.749	13188.5
631.945	13183.8
633.14	13179.8
634.337	13175
635.532	13169.8
636.726	13164.4
637.921	13159.2
639.117	13154.6
640.311	13151
641.505	13147.9
642.699	13146.4
643.892	13148.1
645.087	13153.8
646.28	13161.2
647.473	13176.9
648.666	13196.1
649.859	13232.3
651.051	13265.2
652.245	13249.6
653.437	13197.7
654.629	13204.9
655.821	13230.6
657.012	13230.1
658.204	13228.2
659.395	13224.7
660.586	13220.3
661.777	13216
662.967	13211.4
664.158	13210.1
665.349	13222.4
666.539	13237
667.729	13246.8
668.919	13252.5
670.109	13252.2
671.298	13236.2
672.487	13227.6
673.676	13224.5
674.865	13228.1
676.053	13238.6
677.242	13256.1
678.43	13260.9
679.616	13258.6
680.804	13247.9
681.992	13234
683.179	13210
684.366	13205.3
685.554	13209
686.74	13218.2
687.927	13234.6
689.114	13231.7
690.3	13224.8
691.486	13215.3
692.671	13203
693.856	13187.4
695.042	13169.4
696.227	13154.1
697.413	13143.6
698.598	13137.7
699.781	13135.2
700.966	13134.1
702.15	13133.6
703.334	13132.7
704.518	13127.6
705.701	13121.6
706.885	13114.6
708.068	13105.3
709.252	13098.7
710.433	13091.6
711.616	13101.3
712.799	13109.9
713.98	13111.5
715.163	13108.8
716.345	13101
717.527	13094.8
718.707	13089
719.889	13085.1
721.071	13084.3
722.25	13087.8
723.432	13093.1
724.611	13098.2
725.792	13103.7
726.972	13107.9
728.151	13107.2
729.332	13100.3
730.512	13094.6
731.69	13087.6
732.87	13082.8
734.048	13082.1
735.227	13084.3
736.405	13090.5
737.584	13098.2
738.761	13104.5
739.94	13111
741.117	13116.7
742.295	13119.3
743.471	13119.5
744.649	13118.7
745.825	13117.6
747.003	13116.8
748.179	13116
749.356	13115.3
750.531	13114.7
751.708	13114.6
752.883	13115.4
754.059	13118.8
755.234	13127.8
756.409	13140.6
757.585	13154.5
758.759	13162
759.934	13165.8
761.108	13165.7
762.282	13162.3
763.456	13155.6
764.63	13145.3
765.803	13132.1
766.977	13116.4
768.15	13101.1
769.323	13094.3
770.496	13091.8
771.668	13083.6
772.841	13074.4
774.014	13043.7
775.185	13041
776.357	13035.5
777.528	13028.9
778.701	13021.7
779.872	13015.8
781.042	13008.8
782.213	12997.4
783.383	12984.1
784.555	12968.3
785.725	12953
786.895	12944.8
788.064	12937.5
789.234	12935.1
790.404	12938
791.573	12942.4
792.742	12947.9
793.911	12947
795.08	12944.6
796.248	12930.8
797.416	12920.3
798.584	12905.4
799.753	12883.8
800.921	12869.7
802.088	12863
803.256	12864.5
804.423	12875.4
805.59	12876.7
806.756	12880.9
807.923	12882.4
809.089	12877.3
810.256	12866
811.422	12866.2
812.587	12877
813.753	12886.1
814.918	12906.8
816.084	12919.9
817.249	12924.8
818.414	12923
819.578	12910
820.743	12895.1
821.907	12880.7
823.072	12875.5
824.236	12873.6
825.399	12877.4
826.562	12889.2
827.725	12894.2
828.889	12899.7
830.052	12907.3
831.215	12916
832.377	12926.1
833.54	12937.2
834.701	12948.9
835.863	12961.2
837.025	12970.8
838.187	12972.2
839.349	12956.1
840.51	12936.7
841.67	12910
842.831	12913.2
843.992	12924.9
845.153	12931.5
846.312	12934.2
847.473	12922.4
848.633	12882.7
849.793	12853.6
850.951	12833.8
852.111	12811.1
853.27	12799.2
854.428	12808.7
855.588	12825
856.747	12839.9
857.904	12819.8
859.063	12794.8
860.221	12755.6
861.378	12751.6
862.536	12775
863.694	12787.5
864.85	12804.1
866.008	12700.5
867.164	12674.3
868.321	12669.2
869.478	12717.7
870.633	12731.3
871.79	12725.2
872.945	12688.9
874.101	12667.2
875.256	12648.5
876.412	12629.1
877.566	12613.4
878.722	12605.3
879.876	12597.6
881.031	12590.4
882.185	12583.5
883.34	12577
884.493	12570.4
885.647	12564.5
886.8	12558.8
887.954	12553.7
889.107	12548.9
890.261	12545.6
891.413	12545.7
892.565	12549.7
893.718	12560.5
894.87	12557.7
896.023	12559.6
897.174	12563.5
898.326	12567.9
899.478	12572.2
900.629	12576.1
901.779	12579.2
902.931	12581.4
904.081	12583.3
905.231	12584.8
906.383	12586.2
907.532	12587.8
908.682	12588.5
909.831	12586
910.982	12581.4
912.131	12574.3
913.28	12567.9
914.429	12561.7
915.578	12556.3
916.727	12552.9
917.875	12549.2
919.023	12545.8
920.171	12543.5
921.32	12541.6
922.467	12543.4
923.614	12552
924.761	12563.7
925.908	12574
927.055	12584
928.203	12590.5
929.349	12594.7
930.496	12598.4
931.642	12602.9
932.787	12599.7
933.933	12585.9
935.079	12560.2
936.224	12541
937.369	12526.6
938.514	12513.5
939.659	12502.5
940.804	12493.9
941.948	12487.9
943.092	12485
944.236	12484.9
945.38	12487.2
946.524	12492.4
947.667	12489.1
948.811	12483.1
949.954	12471.1
951.097	12453.5
952.24	12447.9
953.383	12473.9
954.525	12475.9
955.667	12492.7
956.81	12399.4
957.952	12381.6
959.093	12369.7
960.235	12363.6
961.376	12363.3
962.516	12360.5
963.658	12362.2
964.798	12375
965.939	12380.6
967.08	12378.5
968.22	12371
969.359	12363.8
970.499	12353.4
971.639	12340.7
972.779	12324.3
973.918	12304.7
975.056	12288.7
976.195	12280.3
977.334	12296.6
978.473	12324.6
979.61	12330.5
980.749	12339.7
981.887	12339.3
983.024	12333
984.162	12318.9
985.3	12309.6
986.437	12301.1
987.573	12306.9
988.711	12343.3
989.848	12400.9
990.983	12271.7
992.12	12288.9
993.255	12261.5
994.392	12267.5
995.528	12269.3
996.662	12275.5
997.798	12288.5
998.933	12302
1000.07	12314
1001.2	12324
1002.34	12331.4
1003.47	12335.4
1004.61	12327.9
1005.74	12316.8
1006.87	12302.6
1008.01	12286.4
1009.14	12269.5
1010.27	12251.9
1011.41	12249.2
1012.54	12262.9
1013.67	12277.9
1014.81	12291.7
1015.94	12292.8
1017.07	12293.8
1018.2	12276.7
1019.33	12262.1
1020.47	12248.8
1021.6	12236.3
1022.73	12224.7
1023.86	12215.1
1024.99	12207.3
1026.12	12201.4
1027.25	12197.9
1028.38	12194.9
1029.51	12192.4
1030.64	12188.5
1031.77	12182.1
1032.9	12172.3
1034.03	12155
1035.16	12145.5
1036.29	12131.4
1037.42	12115.4
1038.55	12124
1039.67	12133.4
1040.8	12145
1041.93	12154.3
1043.06	12148.2
1044.19	12129.6
1045.31	12101.5
1046.44	12080.9
1047.57	12059.9
1048.69	12034.2
1049.82	12025
1050.95	12018.5
1052.08	12017
1053.2	12014.1
1054.33	12011
1055.45	12006
1056.58	11992.6
1057.7	11980.2
1058.83	11970.4
1059.95	11968
1061.08	11975.1
1062.2	11983.4
1063.33	11990.7
1064.45	11993.9
1065.58	11993.7
1066.7	11991.6
1067.83	11987.8
1068.95	11981.6
1070.07	11974.9
1071.2	11968.6
1072.32	11963.2
1073.44	11959
1074.56	11957.7
1075.69	11958.3
1076.81	11960.9
1077.93	11964.1
1079.05	11967.7
1080.17	11969.2
1081.3	11958.2
1082.42	11932.2
1083.54	11915.6
1084.66	11917.7
1085.78	11934.1
1086.9	11948.1
1088.02	11951.2
1089.14	11950.7
1090.26	11945.4
1091.38	11946.4
1092.5	11949.1
1093.62	11950.7
1094.74	11951.9
1095.86	11952.1
1096.98	11950.4
1098.1	11943.8
1099.22	11935.2
1100.34	11924.9
1101.45	11914.6
1102.57	11904.8
1103.69	11909.5
1104.81	11901.9
1105.93	11886.9
1107.04	11872.7
1108.16	11862.2
1109.28	11856.9
1110.4	11853.2
1111.51	11849.6
1112.63	11848.2
1113.75	11780.7
1114.86	11764.3
1115.98	11831.8
1117.09	11873.6
1118.21	11872.6
1119.32	11859.5
1120.44	11845.8
1121.55	11826
1122.67	11805.2
1123.78	11790
1124.9	11785.4
1126.01	11776.5
1127.13	11768
1128.24	11760
1129.35	11751.5
1130.47	11743.3
1131.58	11734.2
1132.7	11723.2
1133.81	11709.2
1134.92	11672.4
1136.03	11635.1
1137.15	11584.4
1138.26	11565.8
1139.37	11573.7
1140.48	11568.1
1141.59	11546.8
1142.71	11523.8
1143.82	11530.2
1144.93	11541.9
1146.04	11564.6
1147.15	11566.2
1148.26	11543
1149.37	11527.6
1150.48	11511.2
1151.59	11494.7
1152.7	11480
1153.81	11466.8
1154.92	11457.2
1156.03	11449.7
1157.14	11445
1158.25	11449.2
1159.36	11455.1
1160.47	11463.5
1161.58	11468.1
1162.68	11469.1
1163.79	11464.6
1164.9	11460
1166.01	11455.2
1167.12	11450.5
1168.22	11445.4
1169.33	11441.2
1170.44	11438.5
1171.55	11436
1172.65	11435.1
1173.76	11435.1
1174.87	11436.8
1175.97	11441.6
1177.08	11449.3
1178.18	11457.8
1179.29	11466.6
1180.4	11469.4
1181.5	11460.3
1182.61	11453.2
1183.71	11449
1184.82	11448.8
1185.92	11449.3
1187.02	11452.4
1188.13	11453.7
1189.23	11455.2
1190.34	11453.6
1191.44	11452.4
1192.54	11450
1193.65	11451.4
1194.75	11458.4
1195.85	11478.6
1196.96	11489.9
1198.06	11480.1
1199.16	11458.2
1200.26	11441
1201.37	11434.9
1202.47	11436.9
1203.57	11446.1
1204.67	11456.8
1205.77	11467.7
1206.87	11476.8
1207.97	11473.3
1209.08	11464.3
1210.18	11453.6
1211.28	11442.2
1212.38	11432.8
1213.48	11428.3
1214.58	11426.3
1215.68	11424.8
1216.78	11423.8
1217.88	11421.6
1218.98	11418.2
1220.07	11411.5
1221.17	11399.6
1222.27	11386.2
1223.37	11369.4
1224.47	11351.3
1225.57	11334.9
1226.66	11333.3
1227.76	11338
1228.86	11341.9
1229.96	11338.9
1231.06	11331.4
1232.15	11319.9
1233.25	11305.1
1234.35	11288.9
1235.44	11273
1236.54	11274.6
1237.63	11276.1
1238.73	11274.5
1239.83	11270.5
1240.92	11265.4
1242.02	11250.9
1243.11	11240.8
1244.21	11231.2
1245.3	11221.8
1246.4	11216.8
1247.49	11213.4
1248.59	11210.8
1249.68	11209.1
1250.78	11207.1
1251.87	11204.6
1252.96	11189.7
1254.06	11177.6
1255.15	11165.8
1256.24	11151.5
1257.34	11143.6
1258.43	11145.7
1259.52	11151
1260.62	11154.2
1261.71	11156.5
1262.8	11158.1
1263.89	11159
1264.98	11158.8
1266.08	11158.3
1267.17	11156.9
1268.26	11154.1
1269.35	11147.3
1270.44	11136.3
1271.53	11122.5
1272.62	11116.8
1273.71	11115
1274.8	11116.2
1275.89	11121.2
1276.98	11131.2
1278.07	11145.9
1279.16	11161.3
1280.25	11174.9
1281.34	11176.8
1282.43	11174.8
1283.52	11161
1284.61	11144.5
1285.69	11131.8
1286.78	11121.4
1287.87	11113.9
1288.96	11111.9
1290.05	11113.8
1291.13	11116.7
1292.22	11121
1293.31	11126.9
1294.4	11134.5
1295.48	11144.3
1296.57	11156
1297.66	11168.1
1298.74	11176.2
1299.83	11172
1300.92	11153.2
1302	11136.3
1303.09	11121.3
1304.17	11106.5
1305.26	11103
1306.34	11109.6
1307.43	11119.9
1308.51	11130.5
1309.6	11140.7
1310.68	11149.8
1311.76	11154.1
1312.85	11147
1313.93	11136.2
1315.02	11122.8
1316.1	11107.6
1317.18	11092.1
1318.27	11074
1319.35	11057.3
1320.43	11051.5
1321.52	11047.7
1322.6	11043
1323.68	11034.9
1324.76	11025.9
1325.85	11016.8
1326.93	11011.4
1328.01	11008
1329.09	11005.6
1330.17	11003.9
1331.25	11003.6
1332.33	11005.4
1333.41	11009.6
1334.49	11007.5
1335.58	10990.6
1336.65	10949.2
1337.74	10935.9
1338.82	10932.5
1339.89	10961.5
1340.97	10965.9
1342.05	10960.7
1343.13	10950.1
1344.21	10945.7
1345.29	10941.1
1346.37	10937.4
1347.45	10934.5
1348.53	10932.4
1349.6	10930.6
1350.68	10927.8
1351.76	10921.7
1352.84	10915.3
1353.92	10911.9
1354.99	10908.6
1356.07	10906.2
1357.15	10902.5
1358.22	10873
1359.3	10897.9
1360.38	10891.8
1361.45	10887.9
1362.53	10889.7
1363.61	10893.8
1364.68	10895.9
1365.76	10893.9
1366.83	10892.1
1367.91	10887.7
1368.98	10882.3
1370.06	10876.2
1371.13	10869.2
1372.21	10868
1373.28	10853.1
1374.35	10854.6
1375.43	10863.3
1376.5	10867.5
1377.58	10871.7
1378.65	10874.5
1379.72	10874.8
1380.8	10873
1381.87	10867.2
1382.94	10859.6
1384.01	10850.7
1385.09	10844.6
1386.16	10844.7
1387.23	10843.5
1388.3	10841.6
1389.38	10839.5
1390.45	10837
1391.52	10832.9
1392.59	10828.6
1393.66	10824.3
1393.92	10822.7
1395	10820.8
1396.07	10824.1
1397.15	10821.3
1398.22	10800
1399.3	10781.1
1400.38	10774.5
1401.45	10775.1
1402.53	10801.5
1403.6	10817.1
1404.68	10809
1405.75	10806.6
1406.82	10800.5
1407.9	10782.3
1408.97	10763
1410.05	10747.7
1411.12	10733.4
1412.19	10722.6
1413.27	10714.9
1414.34	10708.8
1415.41	10704.9
1416.49	10702.8
1417.56	10702.1
1418.63	10702.1
1419.7	10701.2
1420.78	10700.4
1421.85	10699
1422.92	10693.8
1423.99	10690.4
1425.06	10686.6
1426.14	10683.3
1427.21	10680.5
1428.28	10680.5
1429.35	10678.5
1430.42	10674.1
1431.49	10668
1432.56	10660.8
1433.63	10655.5
1434.7	10650.1
1435.77	10645.1
1436.84	10640.5
1437.91	10636.4
1438.98	10632.9
1440.05	10630.2
1441.12	10628.5
1442.18	10628
1443.25	10627.8
1444.32	10626.1
1445.39	10611.3
1446.46	10604.2
1447.53	10594
1448.59	10584.4
1449.66	10590.2
1450.73	10596.5
1451.8	10598.8
1452.86	10600.2
1453.93	10601.3
1455	10600
1456.06	10597.8
1457.13	10594.7
1458.2	10591.3
1459.26	10588.5
1460.33	10596.9
1461.39	10576.9
1462.46	10557.1
1463.52	10545.5
1464.59	10543.4
1465.65	10547.3
1466.72	10558.2
1467.78	10561.5
1468.85	10568.6
1469.91	10572.6
1470.98	10573.1
1472.04	10567.5
1473.1	10559.8
1474.17	10546.6
1475.23	10513.7
1476.3	10465.3
1477.36	10520.3
1478.42	10518.9
1479.48	10512.5
1480.55	10511.3
1481.61	10506.6
1482.67	10503.7
1483.73	10500.1
1484.8	10496.2
1485.86	10491.9
1486.92	10487
1487.98	10481.8
1489.04	10475.6
1490.1	10468.4
1491.17	10461.2
1492.23	10453.9
1493.29	10447.7
1494.35	10441.7
1495.41	10436.6
1496.47	10432
1497.53	10433.6
1498.59	10427.7
1499.65	10399.3
1500.71	10378.9
1501.77	10371
1502.83	10372.2
1503.88	10380.3
1504.94	10391.5
1506	10406.9
1507.06	10412.4
1508.12	10409.1
1509.18	10392.1
1510.23	10370.1
1511.29	10350.9
1512.35	10332.5
1513.41	10318.7
1514.47	10308.7
1515.52	10301.2
1516.58	10297.3
1517.64	10295.6
1518.69	10296
1519.75	10297.8
1520.81	10301.1
1521.86	10304.4
1522.92	10301.1
1523.97	10292.8
1525.03	10276.5
1526.08	10259.5
1527.14	10249.3
1528.2	10243
1529.25	10241.3
1530.31	10245.7
1531.36	10251.4
1532.42	10246.9
1533.47	10240
1534.52	10233.5
1535.58	10224.3
1536.63	10214.2
1537.69	10204.3
1538.74	10199.9
1539.79	10207.8
1540.84	10216.7
1541.9	10222.1
1542.95	10225.5
1544	10226.9
1545.06	10226.2
1546.11	10223.1
1547.16	10217.2
1548.21	10209
1549.27	10196.7
1550.32	10174.5
1551.37	10158.3
1552.42	10149.1
1553.47	10157.2
1554.52	10165.3
1555.57	10167.3
1556.62	10165.8
1557.67	10163.5
1558.72	10159.5
1559.77	10154.2
1560.82	10147.3
1561.87	10139.4
1562.92	10133.4
1563.97	10132.3
1565.02	10135.7
1566.07	10143.9
1567.12	10158
1568.17	10176.3
1569.22	10193.6
1570.27	10195.7
1571.32	10182.4
1572.36	10168.8
1573.41	10154.4
1574.46	10140.9
1575.51	10130
1576.56	10119.5
1577.6	10123.2
1578.65	10124.7
1579.7	10124.9
1580.74	10123.1
1581.79	10120.3
1582.84	10114.7
1583.88	10095.7
1584.93	10073.1
1585.98	10060.3
1587.02	10036.4
1588.07	10037.8
1589.11	10070.3
1590.16	10090.1
1591.2	10093.6
1592.25	10094.6
1593.29	10092.2
1594.34	10086.5
1595.38	10077.2
1596.43	10065.1
1597.47	10051.9
1598.52	10040.3
1599.56	10032.8
1600.6	10023.5
1601.65	10022.2
1602.69	10022
1603.73	10012.9
1604.78	10004.8
1605.82	9990.82
1606.86	9982.2
1607.91	9976.15
1608.95	9971.07
1609.99	9961.79
1611.03	9951.32
1612.08	9940.39
1613.12	9928.79
1614.16	9917.17
1615.2	9905.32
1616.24	9893.75
1617.28	9882.97
1618.32	9873.5
1619.36	9866.49
1620.41	9861.68
1621.45	9860.27
1622.49	9862.36
1623.53	9870.61
1624.57	9853.58
1625.61	9831.89
1626.65	9821.91
1627.69	9822.97
1628.73	9831.4
1629.76	9821.54
1630.8	9809.69
1631.84	9795.32
1632.88	9778.03
1633.92	9761.87
1634.96	9748.29
1636	9740.24
1637.03	9737.14
1638.07	9736.97
1639.11	9739.6
1640.15	9743.62
1641.19	9750.46
1642.22	9759.26
1643.26	9770.34
1644.3	9761.69
1645.33	9723.43
1646.37	9692.5
1647.41	9670.52
1648.44	9659.19
1649.48	9652.96
1650.52	9654.51
1651.55	9661.99
1652.59	9674.03
1653.62	9688.98
1654.66	9688.84
1655.69	9682.75
1656.73	9656.43
1657.76	9639.73
1658.8	9627.13
1659.83	9621.03
1660.87	9627.16
1661.9	9636.28
1662.93	9650.84
1663.97	9656.94
1665	9652.32
1666.04	9639.59
1667.07	9621.95
1668.1	9603.47
1669.14	9588.13
1670.17	9574.24
1671.2	9568.42
1672.23	9568.14
1673.27	9569.94
1674.3	9571.26
1675.33	9573.42
1676.36	9579.61
1677.39	9585.99
1678.43	9592.77
1679.46	9597.17
1680.49	9596.83
1681.52	9587.58
1682.55	9567.15
1683.58	9552.04
1684.61	9535.44
1685.64	9518.95
1686.67	9505
1687.7	9499.12
1688.73	9501.32
1689.76	9508.37
1690.79	9513.79
1691.82	9514.64
1692.85	9511.21
1693.88	9505.65
1694.91	9496.22
1695.94	9483.96
1696.97	9469.72
1698	9459.27
1699.02	9480.09
1700.05	9500.52
1701.08	9500.01
1702.11	9492.81
1703.14	9479.83
1704.16	9463.42
1705.19	9447.68
1706.22	9433.72
1707.25	9421.74
1708.27	9412.07
1709.3	9405.13
1710.33	9400.19
1711.35	9397.01
1712.38	9395.48
1713.41	9394.76
1714.43	9379.01
1715.46	9359.08
1716.48	9334.97
1717.51	9307.28
1718.53	9278.25
1719.56	9263.2
1720.58	9268.95
1721.61	9284.24
1722.63	9307.86
1723.66	9340.1
1724.68	9339.16
1725.71	9329.91
1726.73	9300.11
1727.75	9278.1
1728.78	9262.38
1729.8	9252.39
1730.83	9258.32
1731.85	9260.77
1732.87	9262.52
1733.89	9258.09
1734.92	9241.54
1735.94	9226.44
1736.96	9213.92
1737.98	9203.54
1739.01	9196.64
1740.03	9191.33
1741.05	9187.77
1742.07	9184.93
1743.09	9185.14
1744.12	9182.14
1745.14	9177.04
1746.16	9170.58
1747.18	9164.23
1748.2	9157.01
1749.22	9158.84
1750.24	9157.56
1751.26	9139.1
1752.28	9119.37
1753.3	9119.51
1754.32	9131.16
1755.34	9140.72
1756.36	9146.84
1757.38	9150.88
1758.4	9153.34
1759.42	9154.63
1760.44	9148.68
1761.45	9133.25
1762.47	9115.3
1763.49	9097.11
1764.51	9083.05
1765.53	9069.61
1766.55	9057.87
1767.56	9048.36
1768.58	9040.43
1769.6	9034.3
1770.61	9029.83
1771.63	9026.32
1772.65	9023.19
1773.67	9018.65
1774.68	9014.96
1775.7	9011.26
1776.72	9007.4
1777.73	8999.26
1778.75	8991.99
1779.76	8984.38
1780.78	8983.45
1781.79	8981.42
1782.81	8981.47
1783.83	8979.36
1784.84	8975.83
1785.85	8970.22
1786.87	8964.13
1787.88	8957.33
1788.9	8950.3
1789.91	8942.85
1790.93	8934.79
1791.94	8926.29
1792.95	8917.41
1793.97	8908.25
1794.98	8898.98
1796	8893.45
1797.01	8892.88
1798.02	8895.32
1799.03	8903.05
1800.05	8906.83
1801.06	8899.49
1802.07	8887.72
1803.08	8874.68
1804.1	8869.13
1805.11	8870.48
1806.12	8876.97
1807.13	8867.47
1808.14	8846.12
1809.15	8829.92
1810.17	8819.73
1811.18	8825.81
1812.19	8823.03
1813.2	8816.76
1814.21	8808.46
1815.22	8798.59
1816.23	8798.12
1817.24	8774.41
1818.25	8743.71
1819.26	8703.98
1820.27	8680.6
1821.28	8720.41
1822.29	8721.56
1823.3	8720.43
1824.3	8717.73
1825.31	8711.67
1826.32	8703.23
1827.33	8693.42
1828.34	8683.7
1829.35	8672.38
1830.35	8661.54
1831.36	8648.97
1832.37	8637.34
1833.38	8627.08
1834.38	8618.13
1835.39	8619.26
1836.4	8620.7
1837.41	8624.07
1838.41	8631.4
1839.42	8633.78
1840.43	8619.02
1841.43	8604.37
1842.44	8591.99
1843.44	8581.77
1844.45	8575
1845.46	8570.43
1846.46	8568.33
1847.47	8565.87
1848.47	8556.45
1849.48	8541.02
1850.48	8524.95
1851.49	8511.86
1852.49	8494.42
1853.49	8482.72
1854.5	8476.37
1855.5	8476.5
1856.51	8477.26
1857.51	8470.79
1858.51	8460.76
1859.52	8451.36
1860.52	8444.03
1861.52	8437.73
1862.53	8432.22
1863.53	8427.81
1864.53	8424.32
1865.54	8422.07
1866.54	8420.73
1867.54	8420.11
1868.54	8419.32
1869.54	8413.24
1870.55	8403.38
1871.55	8373.32
1872.55	8350.01
1873.55	8328.79
1874.55	8326.43
1875.55	8414.1
1876.55	8345.03
1877.55	8352.17
1878.55	8363.58
1879.55	8364.33
1880.56	8360.11
1881.55	8350.25
1882.56	8339.95
1883.55	8330.07
1884.55	8319.6
1885.55	8307.7
1886.55	8295.01
1887.55	8287.93
1888.55	8281.44
1889.55	8287.41
1890.55	8291.86
1891.55	8295.93
1892.55	8300.3
1893.54	8298.01
1894.54	8294.74
1895.54	8289.16
1896.54	8281.33
1897.54	8271.02
1898.53	8259.66
1899.53	8247.92
1900.53	8235.34
1901.52	8224.52
1902.52	8212.79
1903.52	8202.4
1904.51	8193.97
1905.51	8187.22
1906.51	8183.63
1907.5	8182.95
1908.5	8189.4
1909.49	8191.12
1910.49	8183.71
1911.49	8169.24
1912.48	8149.28
1913.48	8114.26
1914.47	8097.95
1915.46	8090.13
1916.46	8094.14
1917.45	8101.58
1918.45	8098.32
1919.44	8091.15
1920.44	8079.86
1921.43	8082.63
1922.43	8081.14
1923.42	8078.35
1924.41	8084.1
1925.41	8083.65
1926.4	8070.06
1927.39	8051.71
1928.38	8029.45
1929.38	8009.91
1930.37	7997.7
1931.36	7990.86
1932.35	7985.38
1933.35	7982.73
1934.34	7985.33
1935.33	7989.13
1936.32	7989.92
1937.31	7989.45
1938.3	7983.83
1939.29	7976.9
1940.29	7965.83
1941.28	7951.15
1942.27	7936.46
1943.26	7927.35
1944.25	7919.34
1945.24	7911.58
1946.23	7902.84
1947.22	7894.18
1948.21	7882.43
1949.2	7870.86
1950.19	7858.6
1951.18	7853.65
1952.17	7856.98
1953.16	7855.57
1954.14	7854.26
1955.13	7848.98
1956.12	7841.86
1957.11	7832.82
1958.1	7823.54
1959.09	7813.82
1960.07	7803.85
1961.06	7795.98
1962.05	7788.1
1963.04	7784.8
1964.02	7780.69
1965.01	7779.43
1966	7774.53
1966.99	7761.01
1967.97	7745.73
1968.96	7726.52
1969.95	7710.89
1970.93	7699.46
1971.92	7691.93
1972.9	7686.43
1973.89	7686.44
1974.88	7692.86
1975.86	7697.12
1976.85	7702.54
1977.83	7701.04
1978.82	7692.35
1979.8	7676.65
1980.79	7664.32
1981.77	7657.6
1982.76	7659.54
1983.74	7662.71
1984.72	7664.86
1985.71	7662.18
1986.69	7656.7
1987.67	7647.59
1988.66	7635.74
1989.64	7632.79
1990.62	7630.84
1991.61	7633.16
1992.59	7626.35
1993.57	7616.31
1994.56	7603.1
1995.54	7587.48
1996.52	7570.44
1997.5	7550.57
1998.49	7532.86
1999.47	7524.42
2000.45	7524.5
2001.43	7526.93
2002.41	7528.11
2003.39	7525.21
2004.38	7519.79
2005.36	7514.34
2006.34	7508.88
2007.32	7500.91
2008.3	7491.35
2009.28	7482.31
2010.26	7474.56
2011.24	7468.15
2012.22	7463.27
2013.2	7462.77
2014.18	7463.94
2015.16	7473.59
2016.14	7475.79
2017.12	7465.64
2018.1	7453.97
2019.07	7439.18
2020.05	7425.82
2021.03	7414.55
2022.01	7403.07
2022.99	7391.95
2023.97	7381.39
2024.95	7371.13
2025.92	7361.28
2026.9	7351.32
2027.88	7344
2028.86	7338.6
2029.83	7337.67
2030.81	7339.89
2031.79	7335.58
2032.76	7331.07
2033.74	7324.47
2034.72	7315.18
2035.69	7304.27
2036.67	7286.78
2037.65	7251.85
2038.62	7233.78
2039.6	7228.02
2040.57	7233.05
2041.55	7238.66
2042.52	7238.07
2043.5	7235.43
2044.47	7231.27
2045.45	7224.68
2046.42	7216.06
2047.4	7204.87
2048.37	7191.73
2049.35	7177.43
2050.32	7163.56
2051.29	7154.64
2052.27	7146.22
2053.24	7139.16
2054.21	7133.67
2055.19	7129.58
2056.16	7126.23
2057.13	7122.92
2058.11	7119.67
2059.08	7115.9
2060.05	7112.27
2061.02	7105.52
2062	7095.59
2062.97	7079.85
2063.94	7068.84
2064.91	7062.95
2065.89	7057.08
2066.86	7052.71
2067.83	7050
2068.8	7049.07
2069.77	7049.03
2070.74	7050.45
2071.71	7022.71
2072.68	6998.27
2073.65	6984.76
2074.62	6982.15
2075.59	6984.18
2076.56	6991.7
2077.53	6989.65
2078.5	6988.71
2079.47	6997.67
2080.44	6994.28
2081.41	6978.71
2082.38	6961.01
2083.35	6942.85
2084.32	6925.1
2085.29	6914.95
2086.26	6904.93
2087.23	6896.93
2088.19	6890.84
2089.16	6887.4
2090.13	6885.17
2091.1	6874.51
2092.07	6858.02
2093.03	6833.37
2094	6819.99
2094.97	6846.25
2095.94	6860.27
2096.9	6871.39
2097.87	6872.55
2098.84	6867.25
2099.8	6856.61
2100.77	6844.96
2101.74	6835.54
2102.7	6826.54
2103.67	6817.74
2104.63	6808.48
2105.6	6799.7
2106.56	6791.25
2107.53	6783.52
2108.49	6776.63
2109.46	6772.18
2110.42	6771.5
2111.39	6774.34
2112.35	6791.75
2113.32	6778.97
2114.28	6767.03
2115.25	6752.65
2116.21	6736.41
2117.17	6717.29
2118.14	6697.51
2119.1	6686.92
2120.07	6690.1
2121.03	6696.54
2121.99	6693.77
2122.96	6669.04
2123.92	6630.67
2124.88	6665.25
2125.84	6672.91
2126.81	6669
2127.77	6656.94
2128.73	6645.07
2129.69	6633.71
2130.65	6622.48
2131.62	6611.62
2132.58	6601.44
2133.54	6592.42
2134.5	6605.22
2135.46	6624.05
2136.42	6624.69
2137.38	6619.62
2138.34	6584.43
2139.3	6545.09
2140.26	6540.01
2141.22	6536.18
2142.18	6542.62
2143.14	6548.06
2144.1	6571.51
2145.06	6544.73
2146.02	6518.09
2146.98	6505.46
2147.94	6493.78
2148.9	6492.7
2149.86	6485.02
2150.82	6476.93
2151.78	6467.8
2152.74	6457.98
2153.69	6446.33
2154.65	6435.87
2155.61	6431.71
2156.57	6433.32
2157.53	6433.74
2158.48	6436.41
2159.44	6437.02
2160.4	6431.58
2161.36	6420.79
2162.31	6402.57
2163.27	6388.43
2164.23	6374.44
2165.18	6359.74
2166.14	6343.6
2167.1	6327.27
2168.05	6311.19
2169.01	6320.91
2169.96	6330.58
2170.92	6325.25
2171.88	6319.99
2172.83	6306
2173.79	6297.45
2174.74	6289.35
2175.7	6281.55
2176.65	6273.41
2177.6	6264.32
2178.56	6255.76
2179.51	6245.98
2180.47	6234.58
2181.42	6219.66
2182.38	6200.77
2183.33	6179.71
2184.28	6163.45
2185.24	6167.26
2186.19	6157.73
2187.14	6147.88
2188.1	6138.06
2189.05	6128.23
2190	6116.26
2190.96	6106.4
2191.91	6108.16
2192.86	6115.62
2193.81	6120.39
2194.76	6122.16
2195.72	6121.06
2196.67	6114.51
2197.62	6106.78
2198.57	6099
2199.52	6093.24
2200.47	6088.73
2201.43	6086.06
2202.38	6082.64
2203.33	6077.8
2204.28	6066.18
2205.23	6049.63
2206.18	6029.89
2207.13	6010.08
2208.08	5987.58
2209.03	6041.98
2209.98	6046.5
2210.93	6033.63
2211.88	6020.41
2212.83	6010.7
2213.78	6004.43
2214.73	5998.89
2215.67	5988.99
2216.62	5979.97
2217.57	5966.81
2218.52	5960.79
2219.47	5962.16
2220.42	5956.21
2221.37	5948.45
2222.31	5940.71
2223.26	5934.01
2224.21	5928.86
2225.16	5923.81
2226.1	5920.48
2227.05	5918.24
2228	5918.55
2228.94	5920.05
2229.89	5920.95
2230.84	5917.93
2231.78	5912.72
2232.73	5904.4
2233.68	5894.53
2234.62	5883.32
2235.57	5872.39
2236.51	5862.07
2237.46	5851.36
2238.41	5844.02
2239.35	5840.29
2240.3	5840.4
2241.24	5843.68
2242.19	5848.34
2243.13	5855.65
2244.07	5847.47
2245.02	5847.99
2245.96	5847.35
2246.91	5846.73
2247.85	5845.38
2248.8	5843.08
2249.74	5839.43
2250.68	5837.6
2251.63	5834.86
2252.57	5830.88
2253.51	5825.97
2254.46	5820.82
2255.4	5814.85
2256.34	5808.79
2257.28	5802.12
2258.23	5796.71
2259.17	5793.08
2260.11	5796.35
2261.05	5797.93
2262	5800.7
2262.94	5801.92
2263.88	5799.73
2264.82	5797.26
2265.76	5794.75
2266.7	5791.88
2267.64	5788.52
2268.58	5784.42
2269.53	5777.75
2270.47	5767.09
2271.41	5758
2272.35	5753.43
2273.29	5752.66
2274.23	5752.03
2275.17	5753.89
2276.11	5757.46
2277.05	5758.84
2277.99	5757.93
2278.93	5756.59
2279.86	5756.8
2280.8	5756.84
2281.74	5756.26
2282.68	5754.69
2283.62	5751.28
2284.56	5745.04
2285.5	5736.6
2286.44	5728.51
2287.37	5720.41
2288.31	5712.5
2289.25	5708.67
2290.19	5710.13
2291.12	5712.32
2292.06	5713.48
2293	5715.63
2293.94	5717.6
2294.87	5719.25
2295.81	5718.41
2296.75	5714.01
2297.68	5706.89
2298.62	5697.41
2299.55	5685.5
2300.49	5672.32
2301.43	5658.59
2302.36	5654.46
2303.3	5659.04
2304.23	5664.81
2305.17	5673.5
2306.1	5677.87
2307.04	5672.05
2307.98	5656.69
2308.91	5639.91
2309.84	5627.64
2310.78	5620.28
2311.71	5617.89
2312.65	5617.11
2313.58	5620.87
2314.52	5620.08
2315.45	5606.14
2316.38	5586.82
2317.32	5569.62
2317.72	5562.72
2318.66	5558.37
2319.6	5561.91
2320.54	5577.18
2321.48	5581.57
2322.41	5580.85
2323.35	5581.78
2324.29	5572.34
2325.23	5550.95
2326.16	5544.07
2327.1	5548.48
2328.04	5554.29
2328.97	5549.35
2329.91	5543.84
2330.85	5533.4
2331.78	5513.4
2332.72	5505.59
2333.66	5497.47
2334.59	5489.68
2335.53	5482.92
2336.46	5477.53
2337.4	5473.34
2338.33	5470.68
2339.27	5470.19
2340.2	5473.21
2341.14	5475.69
2342.07	5477.9
2343.01	5478.92
2343.94	5479.58
2344.88	5470.98
2345.81	5458.27
2346.75	5444.12
2347.68	5430.05
2348.61	5416.7
2349.55	5404.91
2350.48	5399.76
2351.41	5396.41
2352.35	5397.26
2353.28	5399.6
2354.21	5402.15
2355.15	5399.16
2356.08	5392.33
2357.01	5383.41
2357.94	5378.68
2358.88	5389.19
2359.81	5397.13
2360.74	5401.91
2361.67	5403.74
2362.6	5390.39
2363.54	5380.56
2364.47	5367
2365.4	5349.4
2366.33	5330.96
2367.26	5326.91
2368.19	5332.7
2369.12	5339.28
2370.05	5347.16
2370.98	5355.21
2371.91	5333.38
2372.84	5317.81
2373.77	5309.06
2374.7	5308.2
2375.63	5323.58
2376.56	5354.23
2377.49	5358.15
2378.42	5350.34
2379.35	5334.74
2380.28	5319.88
2381.21	5306.99
2382.14	5294.75
2383.07	5303.91
2384	5303.94
2384.92	5307.08
2385.85	5311.21
2386.78	5314.67
2387.71	5317.05
2388.64	5316.33
2389.56	5301.38
2390.49	5293.73
2391.42	5282.05
2392.35	5279.59
2393.27	5276.31
2394.2	5278.05
2395.13	5277.51
2396.05	5273.3
2396.98	5265.99
2397.91	5255.73
2398.83	5242.21
2399.76	5237.47
2400.69	5229.67
2401.61	5232.85
2402.54	5237.92
2403.46	5241.59
2404.39	5236.28
2405.31	5230
2406.24	5220.46
2407.17	5209.57
2408.09	5199.2
2409.01	5196.68
2409.94	5192.82
2410.86	5186.89
2411.79	5179.03
2412.71	5169.58
2413.64	5164.53
2414.56	5163.36
2415.49	5158.75
2416.41	5160.42
2417.33	5170.05
2418.26	5171.29
2419.18	5161.32
2420.1	5133.3
2421.03	5124.22
2421.95	5121.38
2422.87	5125.33
2423.79	5135.3
2424.72	5131.85
2425.64	5133.03
2426.56	5099.9
2427.48	5102.17
2428.41	5099.93
2429.33	5095.45
2430.25	5090.39
2431.17	5084.95
2432.09	5079.22
2433.01	5072.65
2433.93	5065.56
2434.86	5058.13
2435.78	5050.79
2436.7	5044.35
2437.62	5039.02
2438.54	5035.32
2439.46	5033.15
2440.38	5032.27
2441.3	5031.45
2442.22	5027.91
2443.14	5021.37
2444.06	5012.78
2444.98	5001.62
2445.9	4992.82
2446.82	4983.13
2447.73	4976.08
2448.65	4973.96
2449.57	4969.85
2450.49	4964.05
2451.41	4957.2
2452.33	4949.55
2453.25	4941.4
2454.17	4932.58
2455.08	4924.08
2456	4918.26
2456.92	4919.25
2457.84	4924.13
2458.75	4920.65
2459.67	4913.61
2460.59	4906.66
2461.51	4899.68
2462.42	4892.97
2463.34	4888.89
2464.26	4887.54
2465.17	4888.18
2466.09	4889.32
2467	4892.86
2467.92	4884.42
2468.84	4873.04
2469.75	4860.9
2470.67	4842.7
2471.58	4826.48
2472.5	4819.78
2473.42	4816.79
2474.33	4814.98
2475.25	4818.66
2476.16	4827.61
2477.08	4832.75
2477.99	4836.97
2478.9	4836.98
2479.82	4834.73
2480.73	4832.06
2481.65	4828.82
2482.56	4824.72
2483.47	4819.77
2484.39	4813.42
2485.3	4806.26
2486.22	4798.45
2487.13	4791.19
2488.04	4788.23
2488.96	4786.49
2489.87	4785.01
2490.78	4787.85
2491.69	4791.54
2492.61	4795.76
2493.52	4797.45
2494.43	4794.53
2495.34	4790.09
2496.25	4784.85
2497.17	4774.11
2498.08	4762.87
2498.99	4752.75
2499.9	4745.31
2500.81	4744.61
2501.72	4744.58
2502.63	4748.37
2503.55	4756.56
2504.46	4761.81
2505.37	4759.98
2506.28	4757.75
2507.19	4751.73
2508.1	4744.81
2509.01	4737.03
2509.92	4728.49
2510.83	4718.28
2511.74	4708.07
2512.65	4700.25
2513.56	4694.22
2514.47	4697.75
2515.37	4707.48
2516.28	4714.77
2517.19	4716.18
2518.1	4716.3
2519.01	4714.1
2519.92	4708.98
2520.83	4701.34
2521.73	4691.57
2522.64	4679.68
2523.55	4667.35
2524.46	4662.44
2525.37	4661.8
2526.27	4660.31
2527.18	4658.37
2528.09	4655.97
2529	4652.83
2529.9	4649.66
2530.81	4646.56
2531.72	4643.81
2532.62	4641.07
2533.53	4639.23
2534.44	4638.18
2535.34	4638.69
2536.25	4638.37
2537.15	4635.91
2538.06	4628.88
2538.96	4618.25
2539.87	4609.14
2540.78	4600.99
2541.68	4593.77
2542.59	4587.32
2543.49	4581.61
2544.4	4576.91
2545.3	4568.65
2546.21	4560.41
2547.11	4554.79
2548.01	4552.07
2548.92	4557.21
2549.82	4560.3
2550.73	4560.59
2551.63	4558.56
2552.53	4554.64
2553.44	4549.39
2554.34	4542.81
2555.24	4535.33
2556.15	4527.48
2557.05	4519.77
2557.95	4512.01
2558.86	4506.27
2559.76	4499.35
2560.66	4492.74
2561.56	4486.05
2562.46	4479.24
2563.37	4473.7
2564.27	4468.94
2565.17	4467.21
2566.07	4465.39
2566.97	4463.29
2567.88	4460.53
2568.78	4456.35
2569.68	4451.78
2570.58	4446.47
2571.48	4440.44
2572.38	4433.68
2573.28	4426.28
2574.18	4418.23
2575.08	4410.47
2575.98	4402.71
2576.88	4394.87
2577.78	4391.17
2578.68	4388.64
2579.58	4388.01
2580.48	4387.57
2581.38	4388.98
2582.28	4385.09
2583.18	4377.55
2584.08	4370.11
2584.98	4366.86
2585.88	4362.44
2586.77	4357.29
2587.67	4352.24
2588.57	4345.59
2589.47	4338.79
2590.37	4331.96
2591.27	4325.97
2592.16	4324.69
2593.06	4322.52
2593.96	4320.75
2594.86	4319.98
2595.75	4318.83
2596.65	4315.61
2597.55	4305.99
2598.45	4294.99
2599.34	4286.15
2600.24	4280.35
2601.13	4275.28
2602.03	4270.95
2602.93	4267.52
2603.82	4265.25
2604.72	4263.9
2605.62	4262.28
2606.51	4259.07
2607.41	4254.7
2608.3	4249.1
2609.2	4242.65
2610.09	4232.01
2610.99	4218.94
2611.88	4206.86
2612.78	4200.96
2613.67	4213.41
2614.57	4216.51
2615.46	4218.92
2616.36	4221.96
2617.25	4222.72
2618.14	4216.03
2619.04	4220.24
2619.93	4222.64
2620.83	4231.58
2621.72	4243.24
2622.61	4239.37
2623.5	4232.41
2624.4	4213.46
2625.29	4193.89
2626.18	4175.02
2627.08	4164.78
2627.97	4161.96
2628.86	4163.1
2629.75	4165.59
2630.65	4166.89
2631.54	4167.37
2632.43	4167.05
2633.32	4156.42
2634.21	4144.82
2635.11	4135.83
2636	4125.55
2636.89	4118.88
2637.78	4111.8
2638.67	4107.82
2639.56	4104.65
2640.45	4102.54
2641.34	4097.71
2642.23	4087.45
2643.12	4078.31
2644.01	4062.96
2644.9	4052.38
2645.79	4045.09
2646.68	4041.92
2647.57	4043.03
2648.46	4049.01
2649.35	4050.36
2650.24	4049.3
2651.13	4045.64
2652.02	4038.31
2652.91	4030.3
2653.8	4025.61
2654.69	4020.66
2655.58	4016.09
2656.46	4011.89
2657.35	4008.06
2658.24	4004.42
2659.13	4000.65
2660.02	3992.33
2660.9	3985.66
2661.79	3982.9
2662.68	3980.88
2663.57	3978.67
2664.45	3976.16
2665.34	3973.45
2666.23	3970.31
2667.11	3966.31
2668	3961.65
2668.89	3954.05
2669.77	3945.1
2670.66	3936.18
2671.55	3928.88
2672.43	3924.67
2673.32	3922.13
2674.21	3920.33
2675.09	3923.46
2675.98	3927.8
2676.86	3932.46
2677.75	3936.38
2678.63	3933.72
2679.52	3929.95
2680.4	3924.32
2681.29	3916.3
2682.17	3906.17
2683.06	3895.23
2683.94	3886.07
2684.82	3878.4
2685.71	3872.05
2686.59	3867.81
2687.48	3853.06
2688.36	3842.12
2689.24	3830.19
2690.13	3821.85
2691.01	3822.77
2691.89	3823.15
2692.78	3821.54
2693.66	3818.49
2694.54	3817.5
2695.43	3809.86
2696.31	3802.08
2697.19	3794.99
2698.07	3788.44
2698.96	3783.7
2699.84	3780.3
2700.72	3777.64
2701.6	3775.98
2702.48	3775.51
2703.36	3776.04
2704.25	3777.89
2705.13	3780.16
2706.01	3800.75
2706.89	3812.27
2707.77	3799.02
2708.65	3783.69
2709.53	3768.39
2710.41	3751.19
2711.29	3744.83
2712.17	3740.48
2713.05	3738.78
2713.93	3738.15
2714.81	3738.15
2715.69	3737.67
2716.57	3737.61
2717.45	3735.61
2718.33	3728.99
2719.21	3719.67
2720.09	3707.86
2720.97	3706.08
2721.85	3707.26
2722.73	3707.28
2723.61	3707.19
2724.48	3707.76
2725.36	3707.96
2726.24	3708.53
2727.12	3708.58
2728	3708.04
2728.88	3705.56
2729.75	3697.21
2730.63	3691.92
2731.51	3686.31
2732.39	3680.69
2733.26	3674.96
2734.14	3669.62
2735.02	3664.62
2735.89	3660.19
2736.77	3656.23
2737.65	3653.34
2738.52	3650.73
2739.4	3648.87
2740.28	3647.51
2741.15	3646.58
2742.03	3645.71
2742.9	3643.58
2743.78	3637.61
2744.65	3625.72
2745.53	3616.11
2746.41	3606.2
2747.28	3607.27
2748.16	3611.48
2749.03	3614.5
2749.91	3613.88
2750.78	3612.64
2751.66	3609.22
2752.53	3605
2753.4	3599.57
2754.28	3593.17
2755.15	3586.99
2756.02	3584.06
2756.9	3581.21
2757.77	3577.72
2758.65	3574.23
2759.52	3570.82
2760.39	3567.52
2761.27	3563.78
2762.14	3560.2
2763.01	3557.08
2763.88	3555.03
2764.76	3553.41
2765.63	3552.09
2766.5	3550.9
2767.37	3549.72
2768.25	3547.82
2769.12	3544.61
2769.99	3539.51
2770.86	3533.58
2771.73	3531.63
2772.61	3529.47
2773.48	3526.51
2774.35	3521.92
2775.22	3515.21
2776.09	3505.34
2776.96	3501.05
2777.83	3504.91
2778.7	3503.83
2779.57	3501.96
2780.44	3501.68
2781.31	3500.46
2782.18	3498.76
2783.05	3495.71
2783.92	3491.44
2784.79	3484.9
2785.66	3476.2
2786.53	3470.28
2787.4	3466.78
2788.27	3461.32
2789.14	3454.84
2790.01	3451.47
2790.88	3434.06
2791.75	3426.45
2792.62	3443.64
2793.48	3440.72
2794.35	3433.12
2795.22	3421.48
2796.09	3415.86
2796.96	3412.15
2797.82	3413.45
2798.69	3417.23
2799.56	3417.66
2800.43	3417.59
2801.29	3415.97
2802.16	3413.07
2803.03	3408.44
2803.9	3402.8
2804.76	3396.68
2805.63	3390.76
2806.5	3391.15
2807.36	3393.75
2808.23	3389.86
2809.09	3385.19
2809.96	3379.8
2810.83	3374.38
2811.69	3366.78
2812.56	3359.49
2813.42	3354.28
2814.29	3352.12
2815.15	3355.19
2816.02	3358.87
2816.88	3353.9
2817.75	3347.1
2818.61	3340.78
2819.48	3333.89
2820.34	3325.09
2821.21	3317.75
2822.07	3315.82
2822.94	3316.5
2823.8	3323.21
2824.66	3327.15
2825.53	3325.88
2826.39	3319.17
2827.26	3313.21
2828.12	3304.78
2828.98	3297.26
2829.85	3296.04
2830.71	3296.81
2831.57	3297.62
2832.43	3298.83
2833.3	3300.24
2834.16	3301.64
2835.02	3303.31
2835.88	3301.56
2836.75	3296.17
2837.61	3289.18
2838.47	3281.33
2839.33	3272.34
2840.19	3263.95
2841.06	3255.55
2841.92	3248.69
2842.78	3247.24
2843.64	3249.69
2844.5	3253.61
2845.36	3255.57
2846.22	3258.01
2847.08	3258.64
2847.94	3256.76
2848.81	3250.12
2849.67	3237.55
2850.53	3228.45
2851.39	3223.48
2852.25	3222.64
2853.11	3226.26
2853.97	3232.78
2854.82	3230.94
2855.68	3230.73
2856.54	3222.23
2857.4	3215.07
2858.26	3208.37
2859.12	3202.26
2859.98	3196.82
2860.84	3192.14
2861.7	3188.04
2862.56	3183.06
2863.41	3185.25
2864.27	3189.69
2865.13	3194.95
2865.99	3204.11
2866.85	3212.85
2867.7	3213.4
2868.56	3208.54
2869.42	3198.08
2870.28	3187.85
2871.13	3177.17
2871.99	3168.52
2872.85	3158.01
2873.7	3148.9
2874.56	3141.83
2875.42	3139.67
2876.27	3157.54
2877.13	3166.47
2877.99	3149.32
2878.84	3135.61
2879.7	3128.11
2880.56	3125.18
2881.41	3121.61
2882.27	3118.48
2883.12	3117.79
2883.98	3118.42
2884.83	3118.72
2885.69	3118.05
2886.54	3116.2
2887.4	3111.95
2888.25	3107.81
2889.11	3102.38
2889.96	3096.95
2890.82	3090.2
2891.67	3083.41
2892.52	3077.07
2893.38	3071.62
2894.23	3068.24
2895.09	3068.46
2895.94	3074.92
2896.79	3075.57
2897.65	3076.09
2898.5	3073.06
2899.35	3068.94
2900.21	3065.59
2901.06	3061.74
2901.91	3057.75
2902.76	3053.62
2903.62	3049.31
2904.47	3044.79
2905.32	3040.06
2906.17	3034.87
2907.03	3027.2
2907.88	3015.29
2908.73	3007.86
2909.58	3003.8
2910.43	3004.59
2911.28	3010.79
2912.14	3015
2912.99	3015.15
2913.84	3014.07
2914.69	3005.34
2915.54	2998.92
2916.39	2992.16
2917.24	2986.72
2918.09	2978.96
2918.94	2973.81
2919.79	2971.08
2920.64	2972
2921.49	2975.36
2922.34	2975.48
2923.19	2975.85
2924.04	2975.21
2924.89	2973.44
2925.74	2970.78
2926.59	2966.81
2927.44	2961.36
2928.29	2954.24
2929.14	2944.4
2929.98	2933.4
2930.83	2921.42
2931.68	2919.22
2932.53	2919.77
2933.38	2928.33
2934.23	2941.25
2935.07	2943.63
2935.92	2940.12
2936.77	2932.34
2937.62	2920.15
2938.47	2909.89
2939.31	2900.06
2940.16	2898.84
2941.01	2911.42
2941.85	2910.44
2942.7	2902.54
2943.55	2887.92
2944.39	2873.08
2945.24	2866.93
2946.09	2865.04
2946.93	2866.01
2947.78	2870.14
2948.63	2876.05
2949.47	2880.3
2950.32	2882.87
2951.16	2881.56
2952.01	2879.69
2952.85	2872.29
2953.7	2862.45
2954.55	2852.36
2955.39	2843.14
2956.24	2843.54
2957.08	2849.94
2957.92	2852.83
2958.77	2851.11
2959.61	2845.42
2960.46	2834.37
2961.3	2823.17
2962.15	2816
2962.99	2808.77
2963.83	2804.73
2964.68	2803.2
2965.52	2803.7
2966.37	2805.86
2967.21	2808.05
2968.05	2810.27
2968.9	2809.32
2969.74	2807.76
2970.58	2805.21
2971.42	2801.56
2972.27	2797.38
2973.11	2792.8
2973.95	2788.77
2974.79	2785.31
2975.64	2783.41
2976.48	2778.08
2977.32	2770.35
2978.16	2764.4
2979	2761.08
2979.85	2760.62
2980.69	2762.9
2981.53	2767.33
2982.37	2773.68
2983.21	2773.4
2984.05	2768.42
2984.89	2757.38
2985.73	2747.89
2986.57	2744.5
2987.41	2744.24
2988.25	2744.35
2989.1	2744.32
2989.94	2744.18
2990.77	2743.2
2991.62	2742.58
2992.45	2741.43
2993.29	2740.15
2994.13	2737.92
2994.97	2735.3
2995.81	2729.35
2996.65	2722.77
2997.49	2714.82
2998.33	2711.65
2999.17	2698.05
