200.833	12286.5
202.102	12241.2
203.371	12375.9
204.639	12399.6
205.907	12371.2
207.175	12362.7
208.442	12357.5
209.71	12358.4
210.977	12364
212.244	12379.3
213.511	12398.8
214.777	12419.3
216.042	12438.6
217.309	12455.6
218.575	12472.1
219.84	12486.7
221.106	12500.7
222.371	12514.4
223.635	12528.9
224.9	12542.5
226.165	12557.6
227.429	12595.1
228.694	12645.3
229.956	12655.7
231.22	12674.4
232.484	12700.6
233.747	12724.9
235.011	12747.7
236.272	12769.4
237.535	12790.7
238.798	12811
240.06	12830.3
241.321	12848.8
242.583	12848.7
243.845	12854.6
245.105	12859.5
246.367	12881.1
247.628	12902.5
248.888	12927.2
250.149	12959.8
251.409	12982.6
252.67	12991.2
253.928	12997.5
255.189	13001.2
256.447	13006.3
257.707	13012
258.966	13015.5
260.224	13016.5
261.483	13017.3
262.742	13019.3
263.999	13026.6
265.257	13036.9
266.514	13061.6
267.772	13088.7
269.028	13117.6
270.286	13145.2
271.543	13142
272.799	13146.6
274.056	13134
275.311	13130.3
276.568	13149.1
277.823	13188
279.079	13246
280.333	13303.8
281.589	13345.8
282.843	13367
284.099	13330.9
285.352	13330.8
286.607	13327.1
287.86	13342.2
289.114	13362.2
290.368	13389.9
291.621	13419.4
292.875	13442.2
294.127	13459
295.38	13465.8
296.632	13464.3
297.884	13455.5
299.137	13444.5
300.388	13439.8
301.641	13439
302.891	13441.9
304.142	13448
305.394	13457.7
306.644	13471.7
307.894	13489.2
309.146	13510.1
310.395	13527.3
311.645	13534.3
312.895	13538
314.144	13541.8
315.393	13550.7
316.642	13559
317.892	13590.7
319.14	13632.4
320.388	13657.8
321.637	13666.2
322.885	13592.1
324.132	13583.9
325.38	13628.1
326.628	13660.9
327.875	13680.3
329.122	13684.3
330.368	13688.9
331.614	13703.5
332.862	13722.5
334.108	13740.3
335.353	13756.3
336.599	13768.8
337.844	13779.1
339.089	13760.9
340.335	13756.1
341.58	13762.4
342.824	13781.5
344.068	13812.8
345.312	13870.8
346.556	13887
347.8	13895.7
349.043	13902.5
350.286	13907.7
351.53	13912.8
352.774	13917.1
354.016	13920.8
355.259	13924.4
356.501	13928.4
357.743	13948.6
358.985	13950.8
360.227	13937.6
361.468	13909.1
362.709	13905.4
363.95	13912.9
365.191	13944.6
366.432	13959.1
367.672	13974.4
368.912	13988
370.152	13998.5
371.392	14005.3
372.632	14008.5
373.871	14007.5
375.11	14001.9
376.348	13991.9
377.587	13976.5
378.825	13965.2
380.064	13982.2
381.302	14015.6
382.54	14015.3
383.778	14019.3
385.016	14028.2
386.253	14042
387.489	14061.5
388.726	14082.7
389.963	14102
391.199	14117.9
392.436	14129.7
393.672	14137.2
394.907	14140.7
396.142	14141.5
397.378	14145.8
398.614	14165.2
399.849	14186.4
401.082	14205
402.317	14193.1
403.552	14188.5
404.786	14190.8
406.019	14193.4
407.253	14197.2
408.487	14197.9
409.721	14200.5
410.953	14219
412.186	14257.8
413.419	14310.6
414.651	14291.3
415.883	14274.1
417.116	14263.8
418.347	14259.9
419.579	14263.4
420.811	14273.7
422.041	14289.1
423.272	14301.6
424.504	14319.7
425.733	14319.2
426.964	14319
428.194	14317
429.424	14313.9
430.654	14313.8
431.883	14323.3
433.113	14335
434.341	14349.5
435.571	14366.6
436.799	14384.3
438.028	14399
439.257	14408.5
440.484	14413.1
441.713	14414.7
442.94	14412.4
444.168	14407.7
445.394	14398.2
446.622	14397.3
447.848	14406.3
449.076	14429.6
450.301	14433.5
451.528	14435.5
452.754	14436.1
453.979	14434.8
455.205	14433.9
456.43	14432.8
457.656	14437.5
458.88	14454.4
460.106	14466.2
461.33	14474.4
462.554	14479.6
463.779	14483.8
465.002	14485.4
466.225	14485.9
467.45	14485.7
468.672	14485.2
469.895	14485.3
471.119	14486.1
472.341	14488.9
473.563	14491.9
474.786	14496
476.008	14499.8
477.229	14491.5
478.452	14488.7
479.673	14487.3
480.894	14485.2
482.115	14480.7
483.337	14475.1
484.557	14469
485.777	14461.4
486.997	14453.1
488.218	14443.6
489.438	14433.9
490.657	14429.6
491.876	14429.7
493.096	14432.9
494.315	14439.7
495.533	14448.8
496.752	14459
497.97	14462.4
499.188	14469.4
500.407	14474.3
501.625	14480
502.842	14483.4
504.059	14483.7
505.276	14472.5
506.493	14446.4
507.71	14452.9
508.926	14466
510.142	14473.4
511.358	14489.3
512.575	14501.8
513.791	14510
515.006	14514.4
516.222	14518.6
517.437	14523.8
518.651	14530.3
519.866	14536.3
521.081	14543
522.295	14552.3
523.509	14566.5
524.723	14587.4
525.937	14599
527.15	14609.4
528.363	14616.3
529.576	14620.2
530.789	14621.5
532.002	14619.4
533.215	14619.6
534.426	14630.6
535.638	14643.8
536.85	14657.9
538.061	14670.3
539.273	14679.1
540.484	14683.8
541.695	14686.2
542.906	14667.7
544.117	14649.4
545.327	14630.6
546.537	14611.1
547.747	14601
548.957	14608.1
550.167	14611.3
551.377	14631
552.585	14666.6
553.794	14690.7
555.003	14688.9
556.212	14641.9
557.421	14618.4
558.628	14640.5
559.836	14653.6
561.044	14678.6
562.252	14692.7
563.458	14695.5
564.666	14672.4
565.873	14648.6
567.08	14628.6
568.286	14599
569.493	14639.6
570.699	14684
571.904	14678.4
573.111	14671
574.317	14669.3
575.521	14674.1
576.727	14682.9
577.932	14696.5
579.136	14706.5
580.341	14715.2
581.544	14722
582.749	14726.3
583.954	14728.7
585.156	14728
586.361	14733.7
587.563	14747.5
588.767	14766.6
589.97	14762.6
591.172	14746.9
592.375	14733.7
593.577	14715.8
594.78	14703.6
595.981	14695.9
597.183	14692.6
598.384	14693.3
599.586	14697.8
600.786	14705.9
601.988	14700.9
603.188	14688.4
604.389	14675.5
605.589	14683.7
606.79	14694.9
607.989	14695
609.188	14683.7
610.389	14673.4
611.587	14662.8
612.787	14651
613.986	14636.6
615.184	14622.1
616.383	14608.4
617.581	14600
618.78	14591
619.977	14575.6
621.174	14556.6
622.373	14532.3
623.57	14558.2
624.766	14590.3
625.964	14591.5
627.16	14575
628.356	14565.8
629.554	14558
630.749	14550.4
631.945	14541.2
633.14	14527.9
634.337	14513.6
635.532	14496.4
636.726	14482
637.921	14484.9
639.117	14487.1
640.311	14488.8
641.505	14490
642.699	14491.4
643.892	14491.9
645.087	14491.5
646.28	14489.2
647.473	14495.9
648.666	14522.5
649.859	14538.7
651.051	14542
652.245	14533.3
653.437	14494.3
654.629	14471.6
655.821	14461.7
657.012	14459.9
658.204	14478.1
659.395	14515.3
660.586	14552.6
661.777	14580.8
662.967	14583.4
664.158	14577.8
665.349	14560.2
666.539	14553.6
667.729	14535.1
668.919	14519.4
670.109	14514.4
671.298	14520.1
672.487	14537.9
673.676	14565.5
674.865	14592.5
676.053	14609.2
677.242	14606.9
678.43	14606.9
679.616	14598.7
680.804	14589.3
681.992	14579.4
683.179	14571
684.366	14563.1
685.554	14555.5
686.74	14548.4
687.927	14542
689.114	14534.7
690.3	14538.3
691.486	14547.3
692.671	14554.4
693.856	14559.6
695.042	14563.7
696.227	14563.6
697.413	14545
698.598	14510.1
699.781	14448.9
700.966	14397
702.15	14383.8
703.334	14459.1
704.518	14478.6
705.701	14496.9
706.885	14483.3
708.068	14455.6
709.252	14451
710.433	14462.8
711.616	14471.1
712.799	14466.3
713.98	14459.6
715.163	14449.9
716.345	14437.3
717.527	14420.6
718.707	14405.7
719.889	14393.2
721.071	14387.5
722.25	14384.6
723.432	14385.8
724.611	14390.3
725.792	14399.6
726.972	14412.5
728.151	14428.8
729.332	14445.7
730.512	14450.1
731.69	14455.8
732.87	14464.9
734.048	14472.3
735.227	14478
736.405	14482.2
737.584	14484.3
738.761	14483.9
739.94	14480
741.117	14473.5
742.295	14464.5
743.471	14452.4
744.649	14443.9
745.825	14459.2
747.003	14469.9
748.179	14477.5
749.356	14484.9
750.531	14497.4
751.708	14505.7
752.883	14512.4
754.059	14519
755.234	14523
756.409	14518.4
757.585	14507.8
758.759	14489.1
759.934	14469.4
761.108	14445.9
762.282	14432.5
763.456	14418.6
764.63	14411.9
765.803	14420.6
766.977	14419.8
768.15	14416.4
769.323	14409.8
770.496	14404.4
771.668	14399.9
772.841	14400.5
774.014	14410.8
775.185	14422.6
776.357	14417.7
777.528	14404.1
778.701	14377.1
779.872	14356.2
781.042	14341.8
782.213	14338.1
783.383	14330.7
784.555	14324.4
785.725	14318.2
786.895	14311
788.064	14302.8
789.234	14295.2
790.404	14287.7
791.573	14280.7
792.742	14274.6
793.911	14273.1
795.08	14272.9
796.248	14272.8
797.416	14270.1
798.584	14263.2
799.753	14247.4
800.921	14233.1
802.088	14225.4
803.256	14218.4
804.423	14212.6
805.59	14210.9
806.756	14211
807.923	14213
809.089	14216.6
810.256	14219.7
811.422	14221.2
812.587	14212.9
813.753	14206
814.918	14200.5
816.084	14202.5
817.249	14210.8
818.414	14222.9
819.578	14238
820.743	14250
821.907	14258.2
823.072	14262.3
824.236	14260.7
825.399	14254.4
826.562	14245.1
827.725	14240.1
828.889	14235.7
830.052	14230.5
831.215	14224.2
832.377	14224.6
833.54	14229.8
834.701	14240.3
835.863	14251.2
837.025	14257.7
838.187	14260.8
839.349	14260.4
840.51	14258.1
841.67	14252.1
842.831	14243.6
843.992	14232.5
845.153	14220.5
846.312	14211.6
847.473	14205.4
848.633	14207.4
849.793	14219.5
850.951	14225.8
852.111	14210.1
853.27	14180.7
854.428	14132.4
855.588	14101.4
856.747	14089.8
857.904	14074.2
859.063	14103.5
860.221	14122.1
861.378	14136.7
862.536	14122.4
863.694	14089.1
864.85	14059.5
866.008	14038.5
867.164	14022.3
868.321	14011.3
869.478	14003.6
870.633	14005.8
871.79	14011.3
872.945	14019.6
874.101	14028
875.256	14026.3
876.412	14011.8
877.566	13993
878.722	13970.9
879.876	13949.3
881.031	13930.6
882.185	13917.1
883.34	13904.7
884.493	13894.5
885.647	13885.1
886.8	13881.2
887.954	13881.1
889.107	13878.8
890.261	13876.6
891.413	13812.5
892.565	13819.2
893.718	13828.4
894.87	13826.6
896.023	13936.4
897.174	13881.9
898.326	13889.9
899.478	13766.4
900.629	13902.4
901.779	13917.4
902.931	13871.1
904.081	13857.1
905.231	13831
906.383	13824.4
907.532	13824.1
908.682	13831.8
909.831	13863
910.982	13866.3
912.131	13868.3
913.28	13870.3
914.429	13872.7
915.578	13876.9
916.727	13880.8
917.875	13885.5
919.023	13889.7
920.171	13892.5
921.32	13890.4
922.467	13875.4
923.614	13858.3
924.761	13842.3
925.908	13841.4
927.055	13839.8
928.203	13835.8
929.349	13830.2
930.496	13822.7
931.642	13815
932.787	13807.9
933.933	13806
935.079	13804.5
936.224	13802.9
937.369	13799.7
938.514	13795
939.659	13787.7
940.804	13779.1
941.948	13770.7
943.092	13763.1
944.236	13758
945.38	13754.7
946.524	13753.8
947.667	13754.3
948.811	13758
949.954	13762.4
951.097	13760.6
952.24	13752.3
953.383	13735.3
954.525	13713.8
955.667	13688.9
956.81	13666.5
957.952	13642.4
959.093	13638.3
960.235	13646.1
961.376	13657.5
962.516	13667.2
963.658	13674.9
964.798	13677.3
965.939	13678.6
967.08	13651.1
968.22	13595.5
969.359	13510.5
970.499	13627.3
971.639	13624.1
972.779	13607.9
973.918	13603.1
975.056	13599
976.195	13595.7
977.334	13592.8
978.473	13589.8
979.61	13587.2
980.749	13585.1
981.887	13582.2
983.024	13576.9
984.162	13564.2
985.3	13557.1
986.437	13554.3
987.573	13556.2
988.711	13563.5
989.848	13575.2
990.983	13590.5
992.12	13610.2
993.255	13626.2
994.392	13621.7
995.528	13605.2
996.662	13576.9
997.798	13544.7
998.933	13536
1000.07	13570.3
1001.2	13592.5
1002.34	13607.5
1003.47	13622.4
1004.61	13625.5
1005.74	13620.2
1006.87	13605.9
1008.01	13585.3
1009.14	13577.5
1010.27	13568.6
1011.41	13559.1
1012.54	13564.6
1013.67	13567.5
1014.81	13573.8
1015.94	13569.7
1017.07	13558.1
1018.2	13533.2
1019.33	13515.3
1020.47	13507.2
1021.6	13507.9
1022.73	13515.3
1023.86	13517
1024.99	13514
1026.12	13506.5
1027.25	13495.7
1028.38	13481.4
1029.51	13464.8
1030.64	13446
1031.77	13426.1
1032.9	13419.9
1034.03	13409.3
1035.16	13406.3
1036.29	13387.6
1037.42	13373
1038.55	13361
1039.67	13351.6
1040.8	13347.1
1041.93	13336.6
1043.06	13320
1044.19	13302.6
1045.31	13287.6
1046.44	13278.4
1047.57	13267.5
1048.69	13271.6
1049.82	13277.1
1050.95	13281.4
1052.08	13277.5
1053.2	13261.1
1054.33	13248.2
1055.45	13238.4
1056.58	13228.7
1057.7	13217.3
1058.83	13206.7
1059.95	13201
1061.08	13197.6
1062.2	13199.7
1063.33	13205.9
1064.45	13209.7
1065.58	13213.2
1066.7	13218.3
1067.83	13220.5
1068.95	13220.3
1070.07	13217.3
1071.2	13211.6
1072.32	13204.3
1073.44	13193.4
1074.56	13181.2
1075.69	13168.9
1076.81	13160.9
1077.93	13157.7
1079.05	13156.2
1080.17	13157.3
1081.3	13160.7
1082.42	13166.8
1083.54	13175.4
1084.66	13184.1
1085.78	13192.9
1086.9	13200
1088.02	13204.6
1089.14	13206.1
1090.26	13207.3
1091.38	13208.3
1092.5	13209.4
1093.62	13209.7
1094.74	13213.3
1095.86	13218.7
1096.98	13220.8
1098.1	13221.4
1099.22	13218.5
1100.34	13210.6
1101.45	13197.8
1102.57	13178.8
1103.69	13150.7
1104.81	13136.1
1105.93	13136.5
1107.04	13134
1108.16	13132.1
1109.28	13130.4
1110.4	13124.6
1111.51	13108.6
1112.63	13080
1113.75	13046.7
1114.86	13044.4
1115.98	13057.1
1117.09	13073.3
1118.21	13058.7
1119.32	13041.7
1120.44	13027.7
1121.55	13017.5
1122.67	13009.6
1123.78	13003.5
1124.9	12998.1
1126.01	12988.5
1127.13	12981.3
1128.24	12964.4
1129.35	12943
1130.47	12918.1
1131.58	12893.3
1132.7	12868.8
1133.81	12844.1
1134.92	12822.6
1136.03	12805.1
1137.15	12792.2
1138.26	12775.3
1139.37	12773.5
1140.48	12787.9
1141.59	12778.5
1142.71	12767
1143.82	12753.8
1144.93	12738.6
1146.04	12722.1
1147.15	12703.1
1148.26	12698
1149.37	12698.3
1150.48	12702.6
1151.59	12708.7
1152.7	12707
1153.81	12717.3
1154.92	12708.5
1156.03	12697.2
1157.14	12681.9
1158.25	12662.8
1159.36	12640.8
1160.47	12628.7
1161.58	12629.8
1162.68	12629.8
1163.79	12649.8
1164.9	12649.4
1166.01	12647.2
1167.12	12641.8
1168.22	12641.6
1169.33	12645.6
1170.44	12653.2
1171.55	12664
1172.65	12673.6
1173.76	12650.3
1174.87	12638.1
1175.97	12635.9
1177.08	12643.2
1178.18	12647.5
1179.29	12652.7
1180.4	12656.1
1181.5	12657.6
1182.61	12658.5
1183.71	12658.1
1184.82	12656.7
1185.92	12654.1
1187.02	12650.3
1188.13	12645.1
1189.23	12639.2
1190.34	12609.5
1191.44	12583
1192.54	12553
1193.65	12566.5
1194.75	12628.7
1195.85	12699.2
1196.96	12695.9
1198.06	12662.6
1199.16	12634.9
1200.26	12654.9
1201.37	12662.3
1202.47	12668.3
1203.57	12671.2
1204.67	12669.7
1205.77	12664
1206.87	12651.2
1207.97	12634.7
1209.08	12614.7
1210.18	12592.7
1211.28	12583.1
1212.38	12574
1213.48	12575.1
1214.58	12581.3
1215.68	12593.6
1216.78	12595.3
1217.88	12594.2
1218.98	12580.6
1220.07	12569.1
1221.17	12559.1
1222.27	12551.5
1223.37	12546
1224.47	12541.3
1225.57	12536.3
1226.66	12532
1227.76	12528.1
1228.86	12520.8
1229.96	12508.9
1231.06	12492.2
1232.15	12474.2
1233.25	12454.5
1234.35	12432.8
1235.44	12412.9
1236.54	12405.6
1237.63	12413.3
1238.73	12435.2
1239.83	12462.2
1240.92	12427.7
1242.02	12395.4
1243.11	12360.9
1244.21	12363.6
1245.3	12371.2
1246.4	12376.4
1247.49	12376.1
1248.59	12368.6
1249.68	12359.6
1250.78	12349
1251.87	12338.1
1252.96	12326.6
1254.06	12318.6
1255.15	12319.9
1256.24	12317.2
1257.34	12314.5
1258.43	12311.4
1259.52	12307.2
1260.62	12299.2
1261.71	12290.5
1262.8	12282.4
1263.89	12273.8
1264.98	12300.1
1266.08	12315
1267.17	12316.8
1268.26	12306.1
1269.35	12282.2
1270.44	12259.7
1271.53	12252.6
1272.62	12243.7
1273.71	12243.3
1274.8	12262.6
1275.89	12277.5
1276.98	12293.6
1278.07	12297.8
1279.16	12295.9
1280.25	12297.2
1281.34	12298.2
1282.43	12309.3
1283.52	12317.6
1284.61	12335.7
1285.69	12339.3
1286.78	12268.2
1287.87	12272
1288.96	12275.9
1290.05	12280.6
1291.13	12286.4
1292.22	12286.9
1293.31	12285.7
1294.4	12282.5
1295.48	12277.8
1296.57	12270.4
1297.66	12261.1
1298.74	12251.8
1299.83	12245.2
1300.92	12240.8
1302	12246.1
1303.09	12259.5
1304.17	12267
1305.26	12271.2
1306.34	12271.3
1307.43	12268.9
1308.51	12265.6
1309.6	12264
1310.68	12264.7
1311.76	12263.5
1312.85	12263.8
1313.93	12277.9
1315.02	12291.8
1316.1	12266.6
1317.18	12233.3
1318.27	12221.1
1319.35	12208.2
1320.43	12209.1
1321.52	12205
1322.6	12200.3
1323.68	12194.5
1324.76	12186.4
1325.85	12178.5
1326.93	12171.1
1328.01	12158.5
1329.09	12144.7
1330.17	12132.3
1331.25	12121.5
1332.33	12111.6
1333.41	12103.7
1334.49	12098.1
1335.58	12094.1
1336.65	12092.2
1337.74	12091.7
1338.82	12090.6
1339.89	12084.3
1340.97	12078.6
1342.05	12071.3
1343.13	12060.8
1344.21	12051.5
1345.29	12043.7
1346.37	12042.6
1347.45	12052.3
1348.53	12058.4
1349.6	12057.7
1350.68	12050.6
1351.76	12043.6
1352.84	12033.8
1353.92	12025.8
1354.99	12020.4
1356.07	12014.6
1357.15	12018.6
1358.22	12020.1
1359.3	12022.8
1360.38	12011.1
1361.45	11990.7
1362.53	11978.7
1363.61	12021.5
1364.68	12027
1365.76	12037
1366.83	12045.3
1367.91	12049.5
1368.98	12049.5
1370.06	12053.5
1371.13	12043.9
1372.21	12026.6
1373.28	12006.4
1374.35	11984.9
1375.43	11969.5
1376.5	11958.8
1377.58	11952.3
1378.65	11948.1
1379.72	11945.4
1380.8	11942.2
1381.87	11939.3
1382.94	11938
1384.01	11940.1
1385.09	11944.6
1386.16	11949.6
1387.23	11953
1388.3	11953
1389.38	11948.7
1390.45	11935.4
1391.52	11914.5
1392.59	11886.7
1393.66	11863.7
1393.92	11857.6
1395	11860.1
1396.07	11871.2
1397.15	11881.4
1398.22	11883.1
1399.3	11885.2
1400.38	11886.2
1401.45	11887.4
1402.53	11887.2
1403.6	11884.9
1404.68	11880.2
1405.75	11871
1406.82	11859.8
1407.9	11843.8
1408.97	11834.8
1410.05	11843.2
1411.12	11849.2
1412.19	11852.4
1413.27	11851.8
1414.34	11847.5
1415.41	11839.9
1416.49	11829.1
1417.56	11815.4
1418.63	11801.6
1419.7	11799.3
1420.78	11804.6
1421.85	11812
1422.92	11812.5
1423.99	11811.2
1425.06	11808.7
1426.14	11805.6
1427.21	11801
1428.28	11795.2
1429.35	11787.5
1430.42	11778.6
1431.49	11768
1432.56	11755.9
1433.63	11732.5
1434.7	11686.5
1435.77	11658.2
1436.84	11635.7
1437.91	11769.9
1438.98	11759.7
1440.05	11741
1441.12	11730.2
1442.18	11723.1
1443.25	11722
1444.32	11713.9
1445.39	11697.9
1446.46	11661.4
1447.53	11642.2
1448.59	11627.3
1449.66	11615.8
1450.73	11609.4
1451.8	11606.9
1452.86	11608.5
1453.93	11610.1
1455	11604.6
1456.06	11629.5
1457.13	11653.1
1458.2	11670.3
1459.26	11680.3
1460.33	11678.4
1461.39	11673.4
1462.46	11662
1463.52	11644.4
1464.59	11620.7
1465.65	11589.6
1466.72	11588.3
1467.78	11601.9
1468.85	11608.2
1469.91	11613.5
1470.98	11617.8
1472.04	11621.5
1473.1	11623.1
1474.17	11622.5
1475.23	11618.7
1476.3	11611.5
1477.36	11598.1
1478.42	11583.4
1479.48	11569.6
1480.55	11562.6
1481.61	11570
1482.67	11579.5
1483.73	11584.8
1484.8	11586.1
1485.86	11584.9
1486.92	11581.1
1487.98	11575.2
1489.04	11568.4
1490.1	11560.7
1491.17	11558.2
1492.23	11553.4
1493.29	11544.3
1494.35	11529.8
1495.41	11515.1
1496.47	11505
1497.53	11496.2
1498.59	11488
1499.65	11480.6
1500.71	11474.3
1501.77	11468.6
1502.83	11463.9
1503.88	11459.6
1504.94	11456.9
1506	11448.1
1507.06	11435.4
1508.12	11417.4
1509.18	11402.9
1510.23	11400.6
1511.29	11427.8
1512.35	11435.7
1513.41	11432.8
1514.47	11423
1515.52	11415.3
1516.58	11388.2
1517.64	11365.9
1518.69	11341.2
1519.75	11322.7
1520.81	11314.7
1521.86	11318.4
1522.92	11320.8
1523.97	11326.7
1525.03	11336.1
1526.08	11349.6
1527.14	11342.3
1528.2	11337.3
1529.25	11320.3
1530.31	11309.2
1531.36	11297.9
1532.42	11280.7
1533.47	11276.2
1534.52	11273.1
1535.58	11264
1536.63	11250.3
1537.69	11224.2
1538.74	11202
1539.79	11195.8
1540.84	11204.5
1541.9	11215.2
1542.95	11230
1544	11248
1545.06	11261.3
1546.11	11262.5
1547.16	11255.4
1548.21	11242.3
1549.27	11245.6
1550.32	11257.2
1551.37	11261.4
1552.42	11261.5
1553.47	11247.7
1554.52	11233.8
1555.57	11222.2
1556.62	11211.1
1557.67	11200.8
1558.72	11192.9
1559.77	11186.3
1560.82	11181.4
1561.87	11177.9
1562.92	11176
1563.97	11175.4
1565.02	11176.6
1566.07	11179.2
1567.12	11182.1
1568.17	11184.4
1569.22	11183.1
1570.27	11181.2
1571.32	11177
1572.36	11169.8
1573.41	11161.6
1574.46	11155.2
1575.51	11165.6
1576.56	11172.4
1577.6	11176.5
1578.65	11177.1
1579.7	11181.7
1580.74	11185
1581.79	11178.9
1582.84	11163.5
1583.88	11141.2
1584.93	11125.1
1585.98	11112.8
1587.02	11101
1588.07	11091.9
1589.11	11084.9
1590.16	11079.9
1591.2	11077.1
1592.25	11076.1
1593.29	11077.2
1594.34	11079.5
1595.38	11078.5
1596.43	11060
1597.47	11040.9
1598.52	11029
1599.56	11013
1600.6	11005.2
1601.65	11003.6
1602.69	11003.6
1603.73	11002.5
1604.78	10999.6
1605.82	10994.2
1606.86	10982.9
1607.91	10971.3
1608.95	10958.5
1609.99	10945.6
1611.03	10931.7
1612.08	10922.9
1613.12	10911.3
1614.16	10899.3
1615.2	10887.5
1616.24	10870.8
1617.28	10859.2
1618.32	10870.7
1619.36	10885.3
1620.41	10898
1621.45	10908.6
1622.49	10912.5
1623.53	10888.9
1624.57	10867.2
1625.61	10838.5
1626.65	10809.9
1627.69	10789.1
1628.73	10772.7
1629.76	10780.9
1630.8	10771.2
1631.84	10762.7
1632.88	10756.7
1633.92	10753
1634.96	10750.9
1636	10750.2
1637.03	10749.6
1638.07	10752
1639.11	10753.5
1640.15	10752.6
1641.19	10748.5
1642.22	10738.6
1643.26	10727.1
1644.3	10714
1645.33	10699.1
1646.37	10682.1
1647.41	10663.1
1648.44	10663.5
1649.48	10665.1
1650.52	10665.2
1651.55	10666.5
1652.59	10662.9
1653.62	10645.4
1654.66	10634.1
1655.69	10616.7
1656.73	10611.6
1657.76	10615.6
1658.8	10621.8
1659.83	10633.2
1660.87	10643.6
1661.9	10644.1
1662.93	10629.1
1663.97	10613
1665	10592.8
1666.04	10578.4
1667.07	10566.9
1668.1	10561.4
1669.14	10563.4
1670.17	10576.6
1671.2	10582.7
1672.23	10575.4
1673.27	10561
1674.3	10555.4
1675.33	10555.2
1676.36	10562.3
1677.39	10563.3
1678.43	10558
1679.46	10555.2
1680.49	10530.7
1681.52	10507
1682.55	10489.4
1683.58	10488.4
1684.61	10486.9
1685.64	10484.1
1686.67	10482.5
1687.7	10484.7
1688.73	10489.1
1689.76	10486.6
1690.79	10489.3
1691.82	10485.9
1692.85	10479.6
1693.88	10457.6
1694.91	10446.1
1695.94	10440.8
1696.97	10442.4
1698	10445
1699.02	10443.4
1700.05	10439
1701.08	10428.9
1702.11	10413.9
1703.14	10397.6
1704.16	10383.5
1705.19	10371.8
1706.22	10361.5
1707.25	10355.2
1708.27	10361
1709.3	10361.8
1710.33	10365.8
1711.35	10344.4
1712.38	10316.1
1713.41	10281.6
1714.43	10270.2
1715.46	10277.1
1716.48	10292.9
1717.51	10279.4
1718.53	10275.7
1719.56	10270.9
1720.58	10269.7
1721.61	10269.4
1722.63	10269.4
1723.66	10266.3
1724.68	10259.2
1725.71	10247.8
1726.73	10232
1727.75	10212.1
1728.78	10188.3
1729.8	10176.4
1730.83	10173.6
1731.85	10166.7
1732.87	10160.1
1733.89	10152.9
1734.92	10147.4
1735.94	10142.2
1736.96	10137.8
1737.98	10134.3
1739.01	10131.4
1740.03	10129.1
1741.05	10127.2
1742.07	10123.5
1743.09	10119.5
1744.12	10113.1
1745.14	10104.2
1746.16	10094.9
1747.18	10084
1748.2	10071.7
1749.22	10066.4
1750.24	10072.5
1751.26	10065.1
1752.28	10057.8
1753.3	10050.4
1754.32	10038.8
1755.34	10031.9
1756.36	10027.5
1757.38	10024.5
1758.4	10022.7
1759.42	10022.2
1760.44	10022.9
1761.45	10024.9
1762.47	10027.8
1763.49	10031.2
1764.51	10035.2
1765.53	10039.6
1766.55	10041.3
1767.56	10028.6
1768.58	10014.4
1769.6	10002.2
1770.61	9987.42
1771.63	9970.27
1772.65	9951.52
1773.67	9931.33
1774.68	9914.06
1775.7	9898.82
1776.72	9893.65
1777.73	9892.28
1778.75	9894
1779.76	9905.49
1780.78	9922.14
1781.79	9914.98
1782.81	9902.17
1783.83	9880.98
1784.84	9869.72
1785.85	9857.19
1786.87	9884.67
1787.88	9861.23
1788.9	9821.47
1789.91	9817.75
1790.93	9819.09
1791.94	9824.24
1792.95	9828.29
1793.97	9830.79
1794.98	9829.88
1796	9827.12
1797.01	9822.1
1798.02	9814.21
1799.03	9804.17
1800.05	9792.51
1801.06	9779.49
1802.07	9766.93
1803.08	9753.97
1804.1	9742.05
1805.11	9729.86
1806.12	9720.11
1807.13	9711.63
1808.14	9709.17
1809.15	9709.34
1810.17	9704.37
1811.18	9701.1
1812.19	9696.69
1813.2	9690.65
1814.21	9682.38
1815.22	9658.08
1816.23	9618.25
1817.24	9562.73
1818.25	9547.77
1819.26	9561.81
1820.27	9569.22
1821.28	9600.18
1822.29	9581.4
1823.3	9573.31
1824.3	9567.92
1825.31	9560.88
1826.32	9552.73
1827.33	9547.85
1828.34	9539.67
1829.35	9530.82
1830.35	9521.37
1831.36	9512.09
1832.37	9502.6
1833.38	9496.05
1834.38	9503.71
1835.39	9503.71
1836.4	9502.84
1837.41	9502.68
1838.41	9497.11
1839.42	9485.48
1840.43	9471.48
1841.43	9456.6
1842.44	9441.3
1843.44	9428.66
1844.45	9416.04
1845.46	9404.4
1846.46	9392.48
1847.47	9381.48
1848.47	9371.61
1849.48	9363.25
1850.48	9357.04
1851.49	9351.82
1852.49	9347.71
1853.49	9344.75
1854.5	9342.67
1855.5	9341.61
1856.51	9341.02
1857.51	9342.16
1858.51	9343.9
1859.52	9347.77
1860.52	9351.3
1861.52	9352.56
1862.53	9350.01
1863.53	9340.78
1864.53	9328.11
1865.54	9311.3
1866.54	9290.62
1867.54	9265.45
1868.54	9238.09
1869.54	9216.49
1870.55	9221.89
1871.55	9233.77
1872.55	9243.88
1873.55	9245.52
1874.55	9201.99
1875.55	9176.81
1876.55	9150.27
1877.55	9118.44
1878.55	9189.61
1879.55	9181.89
1880.56	9175.66
1881.55	9169.86
1882.56	9163.36
1883.55	9158.23
1884.55	9153.29
1885.55	9148.8
1886.55	9144.82
1887.55	9141.31
1888.55	9138.9
1889.55	9142.56
1890.55	9146.02
1891.55	9146.53
1892.55	9119.69
1893.54	9097.1
1894.54	9095.62
1895.54	9093.93
1896.54	9100.66
1897.54	9076.84
1898.53	9060.47
1899.53	9047.85
1900.53	9039
1901.52	9032.55
1902.52	9030.1
1903.52	9032.38
1904.51	9031.83
1905.51	9024.53
1906.51	9014.1
1907.5	8999.21
1908.5	8989.02
1909.49	8980.93
1910.49	8971.59
1911.49	8959.3
1912.48	8944.93
1913.48	8929.41
1914.47	8909.02
1915.46	8893.16
1916.46	8904.14
1917.45	8901.48
1918.45	8898.14
1919.44	8896.82
1920.44	8893.65
1921.43	8889.27
1922.43	8884.35
1923.42	8878.23
1924.41	8871.66
1925.41	8860.88
1926.4	8845.88
1927.39	8826.42
1928.38	8803.49
1929.38	8783.23
1930.37	8765.66
1931.36	8793.11
1932.35	8785.59
1933.35	8772.27
1934.34	8762.72
1935.33	8753.28
1936.32	8744.37
1937.31	8738.36
1938.3	8735.59
1939.29	8732.46
1940.29	8728.42
1941.28	8723.12
1942.27	8715.15
1943.26	8696.27
1944.25	8685.64
1945.24	8682
1946.23	8679.98
1947.22	8681.82
1948.21	8680.3
1949.2	8677.71
1950.19	8673.69
1951.18	8668.17
1952.17	8660.81
1953.16	8652.18
1954.14	8641.05
1955.13	8626.71
1956.12	8609.77
1957.11	8593.46
1958.1	8577.78
1959.09	8564.35
1960.07	8557.75
1961.06	8551.74
1962.05	8547.6
1963.04	8544.82
1964.02	8542.45
1965.01	8539.2
1966	8534.42
1966.99	8524.93
1967.97	8515
1968.96	8504
1969.95	8492.31
1970.93	8480.54
1971.92	8486.08
1972.9	8486.18
1973.89	8482.42
1974.88	8475.19
1975.86	8465.92
1976.85	8452.67
1977.83	8446.34
1978.82	8434.83
1979.8	8424.23
1980.79	8425.41
1981.77	8437.91
1982.76	8445.88
1983.74	8433.72
1984.72	8410.33
1985.71	8386.25
1986.69	8367.1
1987.67	8351.78
1988.66	8363.43
1989.64	8355.42
1990.62	8347.72
1991.61	8344.4
1992.59	8343.95
1993.57	8344.78
1994.56	8345.56
1995.54	8345.85
1996.52	8345.52
1997.5	8343.93
1998.49	8340.72
1999.47	8335.75
2000.45	8327.86
2001.43	8316.41
2002.41	8299.61
2003.39	8280.42
2004.38	8259.85
2005.36	8235.75
2006.34	8227.1
2007.32	8240.42
2008.3	8252.49
2009.28	8260.57
2010.26	8254.95
2011.24	8235.7
2012.22	8203.39
2013.2	8181.62
2014.18	8175.79
2015.16	8178.87
2016.14	8175.14
2017.12	8171.22
2018.1	8164.99
2019.07	8158.01
2020.05	8147.19
2021.03	8135.18
2022.01	8123.22
2022.99	8112.01
2023.97	8105.86
2024.95	8099.45
2025.92	8092.4
2026.9	8082.83
2027.88	8072.51
2028.86	8061.54
2029.83	8050.32
2030.81	8042.58
2031.79	8033.36
2032.76	8022.24
2033.74	8010.54
2034.72	7998.4
2035.69	7988.32
2036.67	7977.72
2037.65	7967.86
2038.62	7958.36
2039.6	7949.57
2040.57	7941.88
2041.55	7936.25
2042.52	7935.19
2043.5	7934.2
2044.47	7934.89
2045.45	7935.72
2046.42	7936.15
2047.4	7930.89
2048.37	7926.12
2049.35	7919.25
2050.32	7912.36
2051.29	7904.82
2052.27	7896.27
2053.24	7886.15
2054.21	7874.7
2055.19	7859.25
2056.16	7843.65
2057.13	7822.83
2058.11	7817.51
2059.08	7811.03
2060.05	7810.75
2061.02	7814.57
2062	7813.76
2062.97	7807.15
2063.94	7796.27
2064.91	7774.42
2065.89	7756.58
2066.86	7736.11
2067.83	7722.72
2068.8	7714.33
2069.77	7710.23
2070.74	7714.71
2071.71	7718.74
2072.68	7718.4
2073.65	7716.38
2074.62	7712.55
2075.59	7706.75
2076.56	7701.6
2077.53	7688.85
2078.5	7659.85
2079.47	7634.02
2080.44	7612.53
2081.41	7588.98
2082.38	7616.14
2083.35	7649.65
2084.32	7636.99
2085.29	7624.59
2086.26	7608.23
2087.23	7594
2088.19	7568.67
2089.16	7541.34
2090.13	7510.79
2091.1	7507.32
2092.07	7527.33
2093.03	7569.07
2094	7610.29
2094.97	7606.76
2095.94	7526.43
2096.9	7510.7
2097.87	7519
2098.84	7516.94
2099.8	7516.48
2100.77	7529.14
2101.74	7505.12
2102.7	7482.69
2103.67	7460.83
2104.63	7441.51
2105.6	7427.43
2106.56	7422.35
2107.53	7419.88
2108.49	7418.93
2109.46	7421.7
2110.42	7421.37
2111.39	7414.6
2112.35	7409.73
2113.32	7406.22
2114.28	7403.97
2115.25	7401.57
2116.21	7398.46
2117.17	7393.11
2118.14	7381.96
2119.1	7371.89
2120.07	7361.48
2121.03	7352.27
2121.99	7347.31
2122.96	7341.83
2123.92	7336.5
2124.88	7331.44
2125.84	7326.94
2126.81	7322.25
2127.77	7317.39
2128.73	7308.41
2129.69	7293.6
2130.65	7277.35
2131.62	7264.34
2132.58	7250.2
2133.54	7237.03
2134.5	7222.89
2135.46	7209.68
2136.42	7197.41
2137.38	7188.99
2138.34	7190.53
2139.3	7188.79
2140.26	7191.27
2141.22	7184.02
2142.18	7174.85
2143.14	7163.39
2144.1	7149.57
2145.06	7132.18
2146.02	7114.59
2146.98	7118.82
2147.94	7124.13
2148.9	7138.38
2149.86	7143.13
2150.82	7134.32
2151.78	7113.15
2152.74	7100.04
2153.69	7089.52
2154.65	7079.61
2155.61	7070.42
2156.57	7062.06
2157.53	7054.54
2158.48	7048.13
2159.44	7042.89
2160.4	7039.13
2161.36	7035.27
2162.31	7027.37
2163.27	7019.21
2164.23	7009.13
2165.18	6998.52
2166.14	6986.99
2167.1	6974.77
2168.05	6961.65
2169.01	6948.98
2169.96	6937.11
2170.92	6925.97
2171.88	6925.68
2172.83	6919.76
2173.79	6914.01
2174.74	6900.96
2175.7	6891.18
2176.65	6871.14
2177.6	6845.58
2178.56	6829.58
2179.51	6813.06
2180.47	6800.34
2181.42	6788.55
2182.38	6774.15
2183.33	6777.57
2184.28	6781.53
2185.24	6801.11
2186.19	6801.42
2187.14	6787.63
2188.1	6767.75
2189.05	6764.86
2190	6754.11
2190.96	6742.27
2191.91	6729.8
2192.86	6716.71
2193.81	6703.58
2194.76	6692.14
2195.72	6687.63
2196.67	6686.08
2197.62	6686.8
2198.57	6687
2199.52	6685.72
2200.47	6682.71
2201.43	6676.53
2202.38	6667.92
2203.33	6656.66
2204.28	6643.14
2205.23	6628.14
2206.18	6613.23
2207.13	6600.51
2208.08	6588.37
2209.03	6590.15
2209.98	6593.55
2210.93	6599.12
2211.88	6603.99
2212.83	6597.56
2213.78	6581.86
2214.73	6568.23
2215.67	6554.57
2216.62	6543.35
2217.57	6539.65
2218.52	6541.2
2219.47	6542.44
2220.42	6543.3
2221.37	6542.44
2222.31	6539.57
2223.26	6535.54
2224.21	6529.75
2225.16	6523.74
2226.1	6516.43
2227.05	6508.78
2228	6498.35
2228.94	6486.54
2229.89	6473.44
2230.84	6459.39
2231.78	6443.87
2232.73	6437.08
2233.68	6434.62
2234.62	6437.03
2235.57	6440.72
2236.51	6445.66
2237.46	6450.73
2238.41	6453.7
2239.35	6454.46
2240.3	6450.34
2241.24	6441.83
2242.19	6432.3
2243.13	6420.12
2244.07	6415.17
2245.02	6410.46
2245.96	6408.15
2246.91	6406.87
2247.85	6407.58
2248.8	6409.25
2249.74	6411.49
2250.68	6409.78
2251.63	6398.39
2252.57	6386.67
2253.51	6376.43
2254.46	6366.06
2255.4	6361.89
2256.34	6363.92
2257.28	6366.47
2258.23	6368.72
2259.17	6368.15
2260.11	6365.79
2261.05	6362.49
2262	6357.94
2262.94	6352.4
2263.88	6345.89
2264.82	6338.98
2265.76	6333.46
2266.7	6328.97
2267.64	6332.31
2268.58	6327.84
2269.53	6320.13
2270.47	6311.76
2271.41	6313.62
2272.35	6314.21
2273.29	6314.06
2274.23	6314.33
2275.17	6313.56
2276.11	6311.02
2277.05	6305.06
2277.99	6296.16
2278.93	6285.85
2279.86	6283.25
2280.8	6285.34
2281.74	6286.14
2282.68	6285.17
2283.62	6279.98
2284.56	6274.08
2285.5	6269.44
2286.44	6262.98
2287.37	6260.82
2288.31	6259.15
2289.25	6258.91
2290.19	6260.04
2291.12	6261.98
2292.06	6264.99
2293	6269.73
2293.94	6275.03
2294.87	6275.29
2295.81	6269.89
2296.75	6258.74
2297.68	6246.82
2298.62	6235.73
2299.55	6225.92
2300.49	6217.5
2301.43	6211.38
2302.36	6207.91
2303.3	6207.23
2304.23	6208.84
2305.17	6211.83
2306.1	6211.33
2307.04	6207.29
2307.98	6197.17
2308.91	6184.63
2309.84	6169.72
2310.78	6156.01
2311.71	6145.61
2312.65	6137.9
2313.58	6137.64
2314.52	6140.02
2315.45	6135.45
2316.38	6125.52
2317.32	6114.5
2317.72	6110.05
2318.66	6103.17
2319.6	6097.93
2320.54	6094.76
2321.48	6108.98
2322.41	6109.5
2323.35	6104.69
2324.29	6094.79
2325.23	6079.13
2326.16	6059.66
2327.1	6046.53
2328.04	6043.06
2328.97	6037.86
2329.91	6037.85
2330.85	6046.13
2331.78	6048.49
2332.72	6043.13
2333.66	6033.34
2334.59	6022.61
2335.53	6017.88
2336.46	6012.93
2337.4	6009.38
2338.33	6005.95
2339.27	6003.94
2340.2	6001.92
2341.14	5999.02
2342.07	5994.7
2343.01	5987.92
2343.94	5979.65
2344.88	5967.35
2345.81	5964.36
2346.75	5967.34
2347.68	5969.66
2348.61	5962.27
2349.55	5953.97
2350.48	5939.99
2351.41	5930.51
2352.35	5926.48
2353.28	5921.23
2354.21	5919.63
2355.15	5929.74
2356.08	5934.88
2357.01	5928.42
2357.94	5915.23
2358.88	5908.02
2359.81	5899.15
2360.74	5891.08
2361.67	5886.85
2362.6	5884.55
2363.54	5887.82
2364.47	5890.54
2365.4	5890.47
2366.33	5888.31
2367.26	5877.68
2368.19	5867.84
2369.12	5851.63
2370.05	5853.62
2370.98	5858.86
2371.91	5864.18
2372.84	5867.68
2373.77	5865.75
2374.7	5859.51
2375.63	5851.84
2376.56	5840.57
2377.49	5828.07
2378.42	5816.12
2379.35	5808.38
2380.28	5801.94
2381.21	5797.52
2382.14	5794.83
2383.07	5794.31
2384	5795.52
2384.92	5798.89
2385.85	5802.79
2386.78	5798.83
2387.71	5792.84
2388.64	5782.78
2389.56	5773.2
2390.49	5763.6
2391.42	5754.32
2392.35	5745.27
2393.27	5736.15
2394.2	5727.43
2395.13	5721.56
2396.05	5717.61
2396.98	5718.55
2397.91	5719.85
2398.83	5716.54
2399.76	5710.12
2400.69	5698.09
2401.61	5700.68
2402.54	5701.58
2403.46	5701
2404.39	5699.42
2405.31	5697.44
2406.24	5695.16
2407.17	5695.49
2408.09	5695.63
2409.01	5698.77
2409.94	5697.29
2410.86	5693.75
2411.79	5687.34
2412.71	5676.83
2413.64	5663.2
2414.56	5647.03
2415.49	5630.25
2416.41	5624.46
2417.33	5622.51
2418.26	5627.11
2419.18	5627.68
2420.1	5627.32
2421.03	5625.1
2421.95	5620.67
2422.87	5602.35
2423.79	5596.27
2424.72	5593.26
2425.64	5593.4
2426.56	5596.55
2427.48	5605.88
2428.41	5594.58
2429.33	5581.72
2430.25	5555.82
2431.17	5550.92
2432.09	5553.59
2433.01	5575.21
2433.93	5551.72
2434.86	5535.45
2435.78	5521.85
2436.7	5509.96
2437.62	5499.1
2438.54	5489.82
2439.46	5482.11
2440.38	5475.65
2441.3	5470.49
2442.22	5466.62
2443.14	5463.95
2444.06	5462.59
2444.98	5462.8
2445.9	5464.17
2446.82	5465.84
2447.73	5466.27
2448.65	5463.44
2449.57	5453.77
2450.49	5442.72
2451.41	5428.95
2452.33	5415.15
2453.25	5404.08
2454.17	5394.65
2455.08	5392.25
2456	5388.79
2456.92	5386.8
2457.84	5387.44
2458.75	5387.45
2459.67	5383.29
2460.59	5376.8
2461.51	5369.2
2462.42	5362.4
2463.34	5356.15
2464.26	5351.61
2465.17	5338.56
2466.09	5320.14
2467	5309.5
2467.92	5314.75
2468.84	5317.43
2469.75	5316.87
2470.67	5317.55
2471.58	5317.29
2472.5	5315.49
2473.42	5312.52
2474.33	5308.27
2475.25	5302.95
2476.16	5296.36
2477.08	5287.78
2477.99	5277.66
2478.9	5264.18
2479.82	5250.65
2480.73	5251.09
2481.65	5261.75
2482.56	5270.08
2483.47	5266.74
2484.39	5256.3
2485.3	5247.21
2486.22	5234.87
2487.13	5230.75
2488.04	5231.45
2488.96	5235.41
2489.87	5242.96
2490.78	5253.67
2491.69	5259.3
2492.61	5257.02
2493.52	5242.69
2494.43	5231.29
2495.34	5231.01
2496.25	5242.37
2497.17	5244.01
2498.08	5248.74
2498.99	5230.08
2499.9	5216.01
2500.81	5202.79
2501.72	5191.79
2502.63	5183.24
2503.55	5176.99
2504.46	5172.68
2505.37	5170.33
2506.28	5169.86
2507.19	5170.97
2508.1	5170.72
2509.01	5170.53
2509.92	5165.45
2510.83	5160.53
2511.74	5158.34
2512.65	5159.87
2513.56	5161.74
2514.47	5161.52
2515.37	5161.19
2516.28	5159.6
2517.19	5156.9
2518.1	5153.31
2519.01	5148.65
2519.92	5142.38
2520.83	5134.61
2521.73	5125.35
2522.64	5117.17
2523.55	5110.34
2524.46	5105.14
2525.37	5102
2526.27	5101.12
2527.18	5101.05
2528.09	5098.15
2529	5086.94
2529.9	5078.24
2530.81	5071.57
2531.72	5066.52
2532.62	5062.3
2533.53	5059.89
2534.44	5058.66
2535.34	5059.5
2536.25	5061.52
2537.15	5064.52
2538.06	5067.26
2538.96	5066.25
2539.87	5062.05
2540.78	5056.6
2541.68	5049.02
2542.59	5041.6
2543.49	5032.33
2544.4	5031.61
2545.3	5029.46
2546.21	5026.19
2547.11	5022
2548.01	5017.25
2548.92	5011.85
2549.82	5005.52
2550.73	4999.22
2551.63	4992.93
2552.53	4986.66
2553.44	4979.59
2554.34	4972.45
2555.24	4965.05
2556.15	4957.38
2557.05	4949.84
2557.95	4941.79
2558.86	4930.37
2559.76	4919.96
2560.66	4915.94
2561.56	4915.64
2562.46	4920.1
2563.37	4921.45
2564.27	4912.93
2565.17	4902.11
2566.07	4891.53
2566.97	4879.47
2567.88	4869.45
2568.78	4866.63
2569.68	4866.29
2570.58	4866.29
2571.48	4867.47
2572.38	4858.82
2573.28	4850.24
2574.18	4841.71
2575.08	4833.81
2575.98	4824.99
2576.88	4818.1
2577.78	4818.77
2578.68	4817.23
2579.58	4814.62
2580.48	4809.91
2581.38	4802.07
2582.28	4794.77
2583.18	4790.66
2584.08	4785.72
2584.98	4780.84
2585.88	4775.28
2586.77	4770.6
2587.67	4765.77
2588.57	4759.63
2589.47	4745.82
2590.37	4725.54
2591.27	4716.54
2592.16	4715.6
2593.06	4721.63
2593.96	4725.84
2594.86	4729.31
2595.75	4730.54
2596.65	4725.42
2597.55	4719.22
2598.45	4712.44
2599.34	4703.31
2600.24	4688.89
2601.13	4683.47
2602.03	4680.98
2602.93	4678.22
2603.82	4682.21
2604.72	4675.57
2605.62	4661.42
2606.51	4658.98
2607.41	4655.74
2608.3	4651.64
2609.2	4647.25
2610.09	4642.51
2610.99	4636.91
2611.88	4630.9
2612.78	4624.42
2613.67	4617.46
2614.57	4610.09
2615.46	4602.52
2616.36	4597.83
2617.25	4601.17
2618.14	4608.22
2619.04	4613.99
2619.93	4612.74
2620.83	4608.38
2621.72	4605.78
2622.61	4594.33
2623.5	4587.67
2624.4	4584.07
2625.29	4585.04
2626.18	4582.43
2627.08	4581.28
2627.97	4572.16
2628.86	4562.37
2629.75	4556.99
2630.65	4552.96
2631.54	4550.86
2632.43	4545.52
2633.32	4538
2634.21	4530.09
2635.11	4521.07
2636	4511.29
2636.89	4501.33
2637.78	4491.38
2638.67	4481.52
2639.56	4472.75
2640.45	4465.38
2641.34	4459.05
2642.23	4453.88
2643.12	4451.52
2644.01	4450.38
2644.9	4451.89
2645.79	4454.57
2646.68	4458.24
2647.57	4456.33
2648.46	4448.55
2649.35	4440.37
2650.24	4430.28
2651.13	4425.01
2652.02	4420.58
2652.91	4415.66
2653.8	4411.11
2654.69	4406.13
2655.58	4401.24
2656.46	4396.1
2657.35	4391.03
2658.24	4386.22
2659.13	4381.63
2660.02	4378.83
2660.9	4376.49
2661.79	4374.07
2662.68	4371.53
2663.57	4367.54
2664.45	4364.77
2665.34	4357.21
2666.23	4358.4
2667.11	4360.19
2668	4352.94
2668.89	4343.44
2669.77	4335.44
2670.66	4325.91
2671.55	4320.08
2672.43	4315.87
2673.32	4317.17
2674.21	4320.2
2675.09	4320.08
2675.98	4318.11
2676.86	4313.75
2677.75	4308.91
2678.63	4303.28
2679.52	4296.31
2680.4	4287.92
2681.29	4279.07
2682.17	4270.69
2683.06	4261.92
2683.94	4253.07
2684.82	4242.09
2685.71	4230.34
2686.59	4218.08
2687.48	4216.8
2688.36	4223.69
2689.24	4226.94
2690.13	4229.14
2691.01	4230.41
2691.89	4230.28
2692.78	4227.06
2693.66	4219.03
2694.54	4202.25
2695.43	4181.88
2696.31	4176.44
2697.19	4184.68
2698.07	4170.99
2698.96	4160.33
2699.84	4150.29
2700.72	4143.04
2701.6	4138.8
2702.48	4137.57
2703.36	4140.54
2704.25	4145.31
2705.13	4145.12
2706.01	4140.1
2706.89	4130.23
2707.77	4126.27
2708.65	4124.3
2709.53	4120.99
2710.41	4116.64
2711.29	4111.15
2712.17	4104.47
2713.05	4096.58
2713.93	4089.83
2714.81	4083.83
2715.69	4078.3
2716.57	4072.96
2717.45	4067.76
2718.33	4062.85
2719.21	4057.9
2720.09	4053.02
2720.97	4048.82
2721.85	4045.28
2722.73	4043.89
2723.61	4047.16
2724.48	4050.07
2725.36	4055.49
2726.24	4050.47
2727.12	4041.6
2728	4027.77
2728.88	4017.54
2729.75	4010.29
2730.63	4008.51
2731.51	4007.35
2732.39	4007.56
2733.26	4006.19
2734.14	4005.14
2735.02	4003.82
2735.89	4002
2736.77	4000.05
2737.65	3998.2
2738.52	3996.85
2739.4	4001.25
2740.28	4006.16
2741.15	4002.72
2742.03	3988.86
2742.9	3974.9
2743.78	3964.06
2744.65	3957.29
2745.53	3950.37
2746.41	3946.68
2747.28	3946.78
2748.16	3950.6
2749.03	3958.25
2749.91	3967.4
2750.78	3969.45
2751.66	3966.16
2752.53	3961.33
2753.4	3954.01
2754.28	3936.02
2755.15	3926.76
2756.02	3916.2
2756.9	3913.84
2757.77	3915.14
2758.65	3913.54
2759.52	3914.1
2760.39	3913.94
2761.27	3916.21
2762.14	3910.09
2763.01	3901.58
2763.88	3895.3
2764.76	3890.08
2765.63	3885.53
2766.5	3881.22
2767.37	3877.29
2768.25	3873.98
2769.12	3870.95
2769.99	3868.15
2770.86	3864.74
2771.73	3860.4
2772.61	3854.56
2773.48	3845.01
2774.35	3837.6
2775.22	3829.32
2776.09	3820.41
2776.96	3808.96
2777.83	3811.83
2778.7	3818.46
2779.57	3824.67
2780.44	3830.09
2781.31	3833.76
2782.18	3831.94
2783.05	3813.31
2783.92	3800.51
2784.79	3791.46
2785.66	3787.78
2786.53	3789.58
2787.4	3793.42
2788.27	3795.75
2789.14	3796.93
2790.01	3796.64
2790.88	3788.42
2791.75	3781.72
2792.62	3776.06
2793.48	3771.25
2794.35	3767.79
2795.22	3763.93
2796.09	3758.19
2796.96	3750.78
2797.82	3741.44
2798.69	3729.3
2799.56	3718.45
2800.43	3710.72
2801.29	3710.28
2802.16	3708.94
2803.03	3707.32
2803.9	3705.59
2804.76	3703.47
2805.63	3698.76
2806.5	3688.15
2807.36	3679.43
2808.23	3673.38
2809.09	3669.64
2809.96	3668.21
2810.83	3667.68
2811.69	3668.39
2812.56	3670.3
2813.42	3673.2
2814.29	3674.57
2815.15	3674.96
2816.02	3674.37
2816.88	3673.4
2817.75	3669.86
2818.61	3665.8
2819.48	3661.66
2820.34	3657.94
2821.21	3656.71
2822.07	3657.29
2822.94	3658.35
2823.8	3657.73
2824.66	3655.84
2825.53	3651.96
2826.39	3645.61
2827.26	3640.21
2828.12	3634.27
2828.98	3628.1
2829.85	3621.68
2830.71	3615.68
2831.57	3609.46
2832.43	3603.23
2833.3	3596.63
2834.16	3592.24
2835.02	3588.95
2835.88	3587.31
2836.75	3582.97
2837.61	3576.71
2838.47	3571.05
2839.33	3567.95
2840.19	3565.09
2841.06	3562.91
2841.92	3562.03
2842.78	3561.67
2843.64	3562.62
2844.5	3564.22
2845.36	3565.78
2846.22	3566.56
2847.08	3561.76
2847.94	3555.16
2848.81	3546.34
2849.67	3533.27
2850.53	3520.37
2851.39	3508.17
2852.25	3500.98
2853.11	3495.28
2853.97	3492.79
2854.82	3494.32
2855.68	3497.28
2856.54	3502.1
2857.4	3508.42
2858.26	3515.95
2859.12	3525.14
2859.98	3524.85
2860.84	3510.25
2861.7	3494.13
2862.56	3490.68
2863.41	3503.59
2864.27	3504.41
2865.13	3500.57
2865.99	3492.77
2866.85	3481.19
2867.7	3466.14
2868.56	3449.35
2869.42	3442
2870.28	3443.81
2871.13	3451.81
2871.99	3460.99
2872.85	3463.37
2873.7	3461.42
2874.56	3458.96
2875.42	3453.35
2876.27	3445.67
2877.13	3430.62
2877.99	3421.09
2878.84	3422.38
2879.7	3429.57
2880.56	3440.88
2881.41	3454.5
2882.27	3434.76
2883.12	3415.54
2883.98	3405.11
2884.83	3396.01
2885.69	3388.22
2886.54	3390.86
2887.4	3394.34
2888.25	3393.59
2889.11	3390.97
2889.96	3387.06
2890.82	3380.68
2891.67	3375.52
2892.52	3372.3
2893.38	3368.59
2894.23	3364.42
2895.09	3359.8
2895.94	3354.63
2896.79	3349.04
2897.65	3341.29
2898.5	3332.12
2899.35	3324.56
2900.21	3319.9
2901.06	3328.6
2901.91	3333.26
2902.76	3335.25
2903.62	3326.64
2904.47	3324.63
2905.32	3321.29
2906.17	3317.36
2907.03	3312.96
2907.88	3308.31
2908.73	3303.53
2909.58	3296.94
2910.43	3282.69
2911.28	3274
2912.14	3269.35
2912.99	3269.27
2913.84	3273.73
2914.69	3277.23
2915.54	3280.27
2916.39	3282.83
2917.24	3283.75
2918.09	3275.24
2918.94	3265.76
2919.79	3255.75
2920.64	3243.67
2921.49	3228.2
2922.34	3215.12
2923.19	3207.56
2924.04	3206.06
2924.89	3209.98
2925.74	3226.16
2926.59	3238.37
2927.44	3230.58
2928.29	3226.31
2929.14	3219.85
2929.98	3212.61
2930.83	3205.99
2931.68	3201.11
2932.53	3197.2
2933.38	3194.05
2934.23	3192.11
2935.07	3192.54
2935.92	3190.13
2936.77	3189.93
2937.62	3191.25
2938.47	3194.35
2939.31	3200.94
2940.16	3210.87
2941.01	3209.91
2941.85	3207.31
2942.7	3191.89
2943.55	3175.61
2944.39	3158.08
2945.24	3146.23
2946.09	3134.47
2946.93	3127.53
2947.78	3122.8
2948.63	3120.76
2949.47	3120.34
2950.32	3119.75
2951.16	3118.19
2952.01	3116.7
2952.85	3114.86
2953.7	3112.5
2954.55	3109.6
2955.39	3105.99
2956.24	3101.73
2957.08	3096.46
2957.92	3090.17
2958.77	3081.04
2959.61	3075.08
2960.46	3072.68
2961.3	3081.44
2962.15	3088.89
2962.99	3091.95
2963.83	3091.9
2964.68	3076.54
2965.52	3066.55
2966.37	3050.9
2967.21	3061.82
2968.05	3075.91
2968.9	3077.28
2969.74	3079.07
2970.58	3079.43
2971.42	3076.51
2972.27	3070.99
2973.11	3060.78
2973.95	3049.57
2974.79	3037.99
2975.64	3027.82
2976.48	3024.36
2977.32	3022.17
2978.16	3023.91
2979	3023.81
2979.85	3028.13
2980.69	3026.85
2981.53	3021.53
2982.37	3019.87
2983.21	3013.43
2984.05	3021.02
2984.89	3024.5
2985.73	3015.8
2986.57	3002.38
2987.41	2990.82
2988.25	2986.41
2989.1	2986.48
2989.94	2987.46
2990.77	2990.65
2991.62	2993.88
2992.45	2996.24
2993.29	2997.07
2994.13	2996.75
2994.97	2995.32
2995.81	2993
2996.65	2988.44
2997.49	2983.1
2998.33	2963.43
2999.17	2922.82
