200.833	12363.8
202.102	12404
203.371	12428.8
204.639	12446.9
205.907	12431.4
207.175	12417.4
208.442	12402.3
209.71	12431.5
210.977	12446.8
212.244	12480.7
213.511	12491.5
214.777	12480.9
216.042	12482.9
217.309	12501.9
218.575	12521.4
219.84	12544.6
221.106	12570.6
222.371	12581.7
223.635	12593.6
224.9	12608.6
226.165	12627
227.429	12649.7
228.694	12675
229.956	12709.7
231.22	12744.9
232.484	12788.2
233.747	12830.6
235.011	12869.2
236.272	12907.7
237.535	12935.8
238.798	12952.7
240.06	12957.9
241.321	12953.3
242.583	12949
243.845	12959.3
245.105	12993.7
246.367	13022.4
247.628	13048.1
248.888	13074.4
250.149	13096.7
251.409	13076.1
252.67	13071.3
253.928	13070.8
255.189	13073
256.447	13081.6
257.707	13097
258.966	13116.7
260.224	13140.6
261.483	13167.5
262.742	13195.6
263.999	13203.1
265.257	13210.3
266.514	13216.1
267.772	13220.6
269.028	13223.6
270.286	13225.7
271.543	13232.2
272.799	13253.7
274.056	13278.5
275.311	13305.9
276.568	13317.1
277.823	13324
279.079	13330.8
280.333	13343.6
281.589	13356.9
282.843	13371
284.099	13386.5
285.352	13403.8
286.607	13422
287.86	13443.7
289.114	13468.5
290.368	13493.3
291.621	13518.3
292.875	13541.6
294.127	13548.7
295.38	13536.2
296.632	13541.1
297.884	13546.6
299.137	13553.4
300.388	13563.6
301.641	13569.7
302.891	13577.2
304.142	13584.3
305.394	13589.8
306.644	13596.3
307.894	13604.4
309.146	13614.9
310.395	13629.4
311.645	13645.1
312.895	13663.1
314.144	13682.5
315.393	13704.8
316.642	13721.4
317.892	13740.5
319.14	13743.8
320.388	13737.9
321.637	13718.3
322.885	13728.1
324.132	13749.6
325.38	13793.3
326.628	13810.4
327.875	13800.5
329.122	13745.9
330.368	13779
331.614	13804.3
332.862	13830.7
334.108	13851.7
335.353	13866.6
336.599	13877.7
337.844	13884.6
339.089	13887.4
340.335	13886.2
341.58	13881.5
342.824	13884
344.068	13905.8
345.312	13922.6
346.556	13932.9
347.8	13940.2
349.043	13946.5
350.286	13953.6
351.53	13961
352.774	13968.5
354.016	13976.5
355.259	13985.6
356.501	13995.8
357.743	14008.2
358.985	14024.7
360.227	14044.1
361.468	14088.2
362.709	14036.5
363.95	14025.4
365.191	14042.5
366.432	14042.6
367.672	14043.1
368.912	14051.3
370.152	14059.9
371.392	14074.3
372.632	14088.4
373.871	14103.4
375.11	14108.5
376.348	14105.4
377.587	14106.7
378.825	14109.3
380.064	14114.5
381.302	14122.6
382.54	14135.9
383.778	14153.3
385.016	14174.8
386.253	14194.9
387.489	14167.7
388.726	14206
389.963	14240.5
391.199	14265
392.436	14284.2
393.672	14298.8
394.907	14309.4
396.142	14315.9
397.378	14317.8
398.614	14315.3
399.849	14308.5
401.082	14306.1
402.317	14333.3
403.552	14377.2
404.786	14395
406.019	14382.4
407.253	14425.7
408.487	14313.4
409.721	14267.2
410.953	14314.9
412.186	14348.9
413.419	14376.8
414.651	14411.1
415.883	14426.7
417.116	14386.1
418.347	14376.8
419.579	14402.6
420.811	14414.4
422.041	14421
423.272	14425.8
424.504	14428.6
425.733	14429.8
426.964	14429
428.194	14427.8
429.424	14428.7
430.654	14432.2
431.883	14439.6
433.113	14447.1
434.341	14456.9
435.571	14467.8
436.799	14478.8
438.028	14488.1
439.257	14496.5
440.484	14506.4
441.713	14517.2
442.94	14527.3
444.168	14536.5
445.394	14540.4
446.622	14536.2
447.848	14531.2
449.076	14524.7
450.301	14519.7
451.528	14529.5
452.754	14555.9
453.979	14581.9
455.205	14595.5
456.43	14606.7
457.656	14615
458.88	14620.6
460.106	14623.7
461.33	14624.3
462.554	14622.5
463.779	14618.6
465.002	14612.9
466.225	14614.1
467.45	14628.6
468.672	14632.9
469.895	14634.5
471.119	14632.3
472.341	14627.8
473.563	14615.6
474.786	14601.5
476.008	14587.2
477.229	14570.6
478.452	14565.9
479.673	14575.1
480.894	14592.9
482.115	14608.4
483.337	14620
484.557	14626.4
485.777	14624.3
486.997	14618.6
488.218	14608
489.438	14592.8
490.657	14571.8
491.876	14548.8
493.096	14541.6
494.315	14574.3
495.533	14620.4
496.752	14605.8
497.97	14530.4
499.188	14489.1
500.407	14560
501.625	14603.9
502.842	14613.2
504.059	14619.6
505.276	14627.1
506.493	14631.4
507.71	14634.9
508.926	14629.2
510.142	14623.5
511.358	14628.2
512.575	14641.3
513.791	14650.8
515.006	14654.6
516.222	14655.4
517.437	14657.2
518.651	14658.6
519.866	14658.5
521.081	14665
522.295	14673.7
523.509	14697.5
524.723	14714.9
525.937	14727.3
527.15	14735.6
528.363	14737.8
529.576	14742.9
530.789	14745.6
532.002	14748.6
533.215	14753
534.426	14758.1
535.638	14763.8
536.85	14771.3
538.061	14780.9
539.273	14795.4
540.484	14811.1
541.695	14825.1
542.906	14835.2
544.117	14838.4
545.327	14837.1
546.537	14832
547.747	14813.3
548.957	14794.4
550.167	14775.7
551.377	14758.4
552.585	14756.7
553.794	14764.6
555.003	14775.7
556.212	14784.1
557.421	14790.6
558.628	14793.5
559.836	14792.4
561.044	14784.7
562.252	14797.3
563.458	14809.4
564.666	14839.5
565.873	14863
567.08	14863.3
568.286	14857.8
569.493	14834.1
570.699	14816.3
571.904	14803.1
573.111	14793.2
574.317	14788.3
575.521	14797.8
576.727	14817.6
577.932	14827.7
579.136	14842.6
580.341	14858.6
581.544	14871.9
582.749	14881.8
583.954	14887.8
585.156	14889.1
586.361	14885.6
587.563	14878.3
588.767	14868.8
589.97	14860.1
591.172	14856.7
592.375	14852.4
593.577	14845.5
594.78	14837.5
595.981	14830.2
597.183	14825
598.384	14826
599.586	14830.7
600.786	14839.3
601.988	14851.8
603.188	14868.4
604.389	14887.6
605.589	14880.6
606.79	14871.3
607.989	14858.9
609.188	14844.1
610.389	14828.5
611.587	14812.5
612.787	14797.5
613.986	14783.8
615.184	14768.9
616.383	14754.9
617.581	14742.3
618.78	14731.4
619.977	14723.6
621.174	14724.7
622.373	14726.8
623.57	14732.4
624.766	14741.7
625.964	14752.9
627.16	14755.1
628.356	14740
629.554	14719.6
630.749	14693.2
631.945	14662.1
633.14	14640
634.337	14626.3
635.532	14622.5
636.726	14624.6
637.921	14623.2
639.117	14626.1
640.311	14627.9
641.505	14624.8
642.699	14628.3
643.892	14638.9
645.087	14646.8
646.28	14654.6
647.473	14660.5
648.666	14663.4
649.859	14639.5
651.051	14635.4
652.245	14634.3
653.437	14639.3
654.629	14663.8
655.821	14682.6
657.012	14698.6
658.204	14708.7
659.395	14709.2
660.586	14706.8
661.777	14703.2
662.967	14699.6
664.158	14697
665.349	14698.2
666.539	14700.7
667.729	14704.9
668.919	14710.5
670.109	14718.1
671.298	14727
672.487	14737.4
673.676	14743.8
674.865	14742.5
676.053	14731.8
677.242	14703.7
678.43	14684.2
679.616	14671.7
680.804	14666
681.992	14678.9
683.179	14699.7
684.366	14713.5
685.554	14724.7
686.74	14729.4
687.927	14725
689.114	14717.3
690.3	14708.1
691.486	14697.6
692.671	14687.1
693.856	14676.4
695.042	14663.5
696.227	14650.5
697.413	14637.6
698.598	14625.8
699.781	14618.2
700.966	14611.4
702.15	14604.5
703.334	14595.4
704.518	14583.4
705.701	14569.4
706.885	14553.9
708.068	14537
709.252	14543.9
710.433	14550.9
711.616	14569.4
712.799	14584.5
713.98	14592.7
715.163	14594.1
716.345	14589.6
717.527	14580.8
718.707	14575.1
719.889	14571.9
721.071	14569.6
722.25	14568.7
723.432	14564.7
724.611	14562.2
725.792	14560.6
726.972	14562.3
728.151	14585.7
729.332	14598.5
730.512	14607.8
731.69	14612.9
732.87	14614.4
734.048	14612.8
735.227	14608.5
736.405	14603.1
737.584	14600.6
738.761	14610.6
739.94	14620.8
741.117	14629.3
742.295	14643.5
743.471	14642.6
744.649	14626.2
745.825	14618.5
747.003	14613.1
748.179	14610.2
749.356	14608.2
750.531	14609.1
751.708	14613.7
752.883	14619.1
754.059	14624.2
755.234	14628.1
756.409	14630.6
757.585	14631.7
758.759	14632
759.934	14631.4
761.108	14629.3
762.282	14626.2
763.456	14622.2
764.63	14617.7
765.803	14605.9
766.977	14590.9
768.15	14579.6
769.323	14573.5
770.496	14579.1
771.668	14564.2
772.841	14550.1
774.014	14535.6
775.185	14521.2
776.357	14506.9
777.528	14492.9
778.701	14479.9
779.872	14467.6
781.042	14459.3
782.213	14454.5
783.383	14450.9
784.555	14444.4
785.725	14437.8
786.895	14430.9
788.064	14423.2
789.234	14414.9
790.404	14405.6
791.573	14395.6
792.742	14384.2
793.911	14372.2
795.08	14359.9
796.248	14348.6
797.416	14342.9
798.584	14339.7
799.753	14339.3
800.921	14340.7
802.088	14342.5
803.256	14340.8
804.423	14333.6
805.59	14331.6
806.756	14327.7
807.923	14337
809.089	14347.9
810.256	14359.7
811.422	14373
812.587	14386.8
813.753	14394.4
814.918	14392.2
816.084	14387.4
817.249	14384.4
818.414	14379.9
819.578	14373
820.743	14365.6
821.907	14357.2
823.072	14348.2
824.236	14339.4
825.399	14331.5
826.562	14335.9
827.725	14363
828.889	14382.4
830.052	14391.8
831.215	14394.8
832.377	14397.1
833.54	14398.7
834.701	14399.1
835.863	14398
837.025	14396
838.187	14393.7
839.349	14391.5
840.51	14389.9
841.67	14389.6
842.831	14390.3
843.992	14391.9
845.153	14393.2
846.312	14385
847.473	14367.9
848.633	14343.4
849.793	14325.8
850.951	14311.9
852.111	14301.9
853.27	14294.6
854.428	14289.6
855.588	14287
856.747	14284.7
857.904	14281.8
859.063	14275.4
860.221	14269.6
861.378	14260.7
862.536	14243.7
863.694	14218.2
864.85	14175
866.008	14127.4
867.164	14099
868.321	14088.9
869.478	14131.6
870.633	14150.1
871.79	14157.6
872.945	14158.9
874.101	14149.4
875.256	14122.5
876.412	14098
877.566	14075.2
878.722	14055.7
879.876	14027.3
881.031	14012.2
882.185	14007.1
883.34	14028.1
884.493	14054.7
885.647	14062.2
886.8	14061.1
887.954	14029.2
889.107	14002.4
890.261	13987.6
891.413	13969.7
892.565	13967.8
893.718	13987.8
894.87	13998
896.023	14003.2
897.174	14006.7
898.326	14012.6
899.478	14017
900.629	14019.9
901.779	14019.1
902.931	14014.1
904.081	13991.4
905.231	13963.8
906.383	13972.1
907.532	13985.9
908.682	14003.3
909.831	14020.3
910.982	14019.7
912.131	14011.1
913.28	14007.7
914.429	13999.4
915.578	13990.4
916.727	13981.1
917.875	13972.8
919.023	13966.9
920.171	13972
921.32	13995.6
922.467	14015.9
923.614	14028.2
924.761	14038.4
925.908	14043.4
927.055	14039.1
928.203	14032.3
929.349	14017
930.496	14000.1
931.642	13982
932.787	13965.2
933.933	13956.3
935.079	13945.8
936.224	13936.9
937.369	13930.3
938.514	13926.9
939.659	13938.1
940.804	13940.3
941.948	13935.1
943.092	13923.5
944.236	13910.2
945.38	13904.4
946.524	13906.6
947.667	13908.2
948.811	13906.3
949.954	13901.5
951.097	13894.5
952.24	13881.9
953.383	13844.2
954.525	13801.8
955.667	13788.2
956.81	13785.3
957.952	13785.7
959.093	13790.6
960.235	13795.5
961.376	13800.2
962.516	13801.5
963.658	13799.8
964.798	13795
965.939	13787.6
967.08	13777.5
968.22	13764
969.359	13747.6
970.499	13727.9
971.639	13707
972.779	13703.8
973.918	13721.4
975.056	13738.2
976.195	13752
977.334	13758.8
978.473	13759.8
979.61	13749.6
980.749	13738.9
981.887	13725.8
983.024	13707.6
984.162	13690.5
985.3	13666.6
986.437	13663.6
987.573	13667.3
988.711	13676.3
989.848	13681.9
990.983	13687.6
992.12	13692.9
993.255	13702.6
994.392	13711.2
995.528	13735
996.662	13727.8
997.798	13704.8
998.933	13697.8
1000.07	13693.1
1001.2	13689.4
1002.34	13687.3
1003.47	13688
1004.61	13690
1005.74	13693.6
1006.87	13698.6
1008.01	13704.9
1009.14	13712.3
1010.27	13717.8
1011.41	13722.8
1012.54	13724.1
1013.67	13720
1014.81	13710.3
1015.94	13697.8
1017.07	13682.3
1018.2	13667.2
1019.33	13653.9
1020.47	13642.5
1021.6	13630.9
1022.73	13620.3
1023.86	13610.2
1024.99	13601.2
1026.12	13592.6
1027.25	13584.6
1028.38	13578.1
1029.51	13573.8
1030.64	13576.5
1031.77	13588.1
1032.9	13597.2
1034.03	13604.4
1035.16	13589.5
1036.29	13577.6
1037.42	13562.7
1038.55	13545.1
1039.67	13524.2
1040.8	13500.2
1041.93	13472.5
1043.06	13452.5
1044.19	13452.4
1045.31	13446.2
1046.44	13439.7
1047.57	13434.1
1048.69	13425.7
1049.82	13413.1
1050.95	13397.7
1052.08	13381.1
1053.2	13362.8
1054.33	13348.6
1055.45	13370.8
1056.58	13374.9
1057.7	13381.1
1058.83	13385.1
1059.95	13376.8
1061.08	13350.9
1062.2	13350.8
1063.33	13348.2
1064.45	13343.3
1065.58	13335.2
1066.7	13324.5
1067.83	13311.1
1068.95	13296.9
1070.07	13299.3
1071.2	13296.6
1072.32	13305.1
1073.44	13322.1
1074.56	13327.8
1075.69	13331
1076.81	13331.8
1077.93	13330.3
1079.05	13326.2
1080.17	13319.8
1081.3	13312.1
1082.42	13301.5
1083.54	13301.4
1084.66	13301.1
1085.78	13311.9
1086.9	13300.2
1088.02	13290.6
1089.14	13267.3
1090.26	13252.3
1091.38	13259.6
1092.5	13271.5
1093.62	13294.3
1094.74	13312.2
1095.86	13319.5
1096.98	13314.5
1098.1	13289.8
1099.22	13269.2
1100.34	13272.3
1101.45	13288
1102.57	13302.7
1103.69	13316.9
1104.81	13314.3
1105.93	13281
1107.04	13265.4
1108.16	13249.9
1109.28	13235.7
1110.4	13231.1
1111.51	13228.5
1112.63	13231
1113.75	13236.4
1114.86	13243.5
1115.98	13249.3
1117.09	13225.9
1118.21	13198.5
1119.32	13158.2
1120.44	13129
1121.55	13111.4
1122.67	13094.7
1123.78	13086.7
1124.9	13074.2
1126.01	13060.1
1127.13	13043.7
1128.24	13024
1129.35	13018.9
1130.47	13017.2
1131.58	13047.9
1132.7	13058.7
1133.81	12989.8
1134.92	12942
1136.03	12953.7
1137.15	12943.6
1138.26	12934.8
1139.37	12928.2
1140.48	12924.4
1141.59	12925
1142.71	12919.9
1143.82	12899.8
1144.93	12879.9
1146.04	12857.6
1147.15	12841
1148.26	12842.3
1149.37	12849.5
1150.48	12854
1151.59	12856.4
1152.7	12855.6
1153.81	12850.7
1154.92	12842.2
1156.03	12812.3
1157.14	12784.7
1158.25	12761.4
1159.36	12742.8
1160.47	12746.7
1161.58	12758.5
1162.68	12775.4
1163.79	12789.2
1164.9	12799.9
1166.01	12808.1
1167.12	12816.3
1168.22	12814.6
1169.33	12808.7
1170.44	12773
1171.55	12765.8
1172.65	12793.2
1173.76	12795.8
1174.87	12784.3
1175.97	12765.2
1177.08	12731.3
1178.18	12710.5
1179.29	12728.7
1180.4	12732.1
1181.5	12732.1
1182.61	12730.8
1183.71	12728.7
1184.82	12726
1185.92	12722.1
1187.02	12722.3
1188.13	12729.9
1189.23	12741
1190.34	12754.5
1191.44	12771.2
1192.54	12788.1
1193.65	12796.5
1194.75	12801.1
1195.85	12789.4
1196.96	12769
1198.06	12745.8
1199.16	12726.8
1200.26	12724.7
1201.37	12734.4
1202.47	12748.9
1203.57	12752.5
1204.67	12747.7
1205.77	12747.5
1206.87	12747
1207.97	12741.9
1209.08	12744
1210.18	12742.6
1211.28	12734.7
1212.38	12725.1
1213.48	12715.8
1214.58	12705.3
1215.68	12693.1
1216.78	12689.2
1217.88	12691.6
1218.98	12687.1
1220.07	12678.6
1221.17	12665.8
1222.27	12649
1223.37	12646
1224.47	12639
1225.57	12652.1
1226.66	12638.3
1227.76	12626.2
1228.86	12617
1229.96	12610.1
1231.06	12604.8
1232.15	12602.4
1233.25	12607
1234.35	12610.1
1235.44	12594.2
1236.54	12582.6
1237.63	12549.4
1238.73	12524.5
1239.83	12502.7
1240.92	12549.9
1242.02	12561.6
1243.11	12469.8
1244.21	12476.8
1245.3	12493.6
1246.4	12512.9
1247.49	12525.2
1248.59	12528.1
1249.68	12525.3
1250.78	12480.6
1251.87	12458.9
1252.96	12439.2
1254.06	12427.4
1255.15	12418.8
1256.24	12413.6
1257.34	12411.2
1258.43	12411.3
1259.52	12414.1
1260.62	12419.8
1261.71	12427.5
1262.8	12434.8
1263.89	12442.2
1264.98	12442.1
1266.08	12436.1
1267.17	12423.6
1268.26	12413.5
1269.35	12405.4
1270.44	12401.2
1271.53	12398.8
1272.62	12402.9
1273.71	12410.9
1274.8	12417.7
1275.89	12422.7
1276.98	12425.6
1278.07	12427.8
1279.16	12427.8
1280.25	12425.5
1281.34	12420.7
1282.43	12413
1283.52	12400.6
1284.61	12391.5
1285.69	12406
1286.78	12406.9
1287.87	12408.3
1288.96	12410
1290.05	12410.8
1291.13	12409.7
1292.22	12406.9
1293.31	12402.4
1294.4	12396.7
1295.48	12389.7
1296.57	12380.5
1297.66	12371.4
1298.74	12361.6
1299.83	12356
1300.92	12365.2
1302	12374.5
1303.09	12383.7
1304.17	12393.3
1305.26	12401.8
1306.34	12412.6
1307.43	12394.6
1308.51	12375
1309.6	12361.8
1310.68	12353.5
1311.76	12351.3
1312.85	12354.1
1313.93	12361.7
1315.02	12342.9
1316.1	12334.5
1317.18	12325.8
1318.27	12318.6
1319.35	12312
1320.43	12305.9
1321.52	12300.1
1322.6	12294.5
1323.68	12289.3
1324.76	12285.2
1325.85	12281
1326.93	12280.8
1328.01	12282.7
1329.09	12280
1330.17	12276.6
1331.25	12264.4
1332.33	12250.8
1333.41	12240.8
1334.49	12216.3
1335.58	12198.7
1336.65	12190.3
1337.74	12194.8
1338.82	12200.3
1339.89	12197.3
1340.97	12189.2
1342.05	12181
1343.13	12166.6
1344.21	12163.5
1345.29	12166.9
1346.37	12163.6
1347.45	12161.2
1348.53	12144.8
1349.6	12139.2
1350.68	12142.3
1351.76	12159.2
1352.84	12172.2
1353.92	12156.1
1354.99	12138.4
1356.07	12120.4
1357.15	12109.1
1358.22	12098
1359.3	12093.7
1360.38	12102.7
1361.45	12111.3
1362.53	12122.8
1363.61	12130.5
1364.68	12131.7
1365.76	12128.2
1366.83	12106.8
1367.91	12072.9
1368.98	12064.4
1370.06	12075.9
1371.13	12102.4
1372.21	12120.2
1373.28	12128.2
1374.35	12132.7
1375.43	12134.2
1376.5	12131.1
1377.58	12124.3
1378.65	12116
1379.72	12107.3
1380.8	12099.9
1381.87	12093.4
1382.94	12088.5
1384.01	12082.9
1385.09	12076.2
1386.16	12068.6
1387.23	12058.3
1388.3	12047.3
1389.38	12035.9
1390.45	12025.3
1391.52	12017.8
1392.59	12014.4
1393.66	12011.1
1393.92	12009.9
1395	12012.4
1396.07	12017.8
1397.15	12025.1
1398.22	12026.1
1399.3	12020.5
1400.38	12015.9
1401.45	12011.5
1402.53	12007.9
1403.6	12004
1404.68	11999.8
1405.75	11995.1
1406.82	11990.2
1407.9	11983.5
1408.97	11973.7
1410.05	11960.4
1411.12	11944.4
1412.19	11926.2
1413.27	11906.9
1414.34	11896.9
1415.41	11894.3
1416.49	11913.4
1417.56	11921.4
1418.63	11916.2
1419.7	11903
1420.78	11892.5
1421.85	11880.4
1422.92	11865.3
1423.99	11847.1
1425.06	11826.5
1426.14	11810.8
1427.21	11801.4
1428.28	11795.3
1429.35	11794.6
1430.42	11793
1431.49	11794.5
1432.56	11797
1433.63	11803.3
1434.7	11810.3
1435.77	11816.7
1436.84	11819.3
1437.91	11815.3
1438.98	11810.3
1440.05	11801.9
1441.12	11790.2
1442.18	11776.1
1443.25	11760.4
1444.32	11746.5
1445.39	11738
1446.46	11735.4
1447.53	11740.1
1448.59	11743.8
1449.66	11746
1450.73	11748.7
1451.8	11750.4
1452.86	11750.7
1453.93	11748.8
1455	11744.7
1456.06	11737.2
1457.13	11730
1458.2	11724.1
1459.26	11722.7
1460.33	11721.3
1461.39	11719.6
1462.46	11717.4
1463.52	11714.9
1464.59	11712.8
1465.65	11712.2
1466.72	11714.8
1467.78	11728.7
1468.85	11742.1
1469.91	11745.3
1470.98	11738.5
1472.04	11722.6
1473.1	11695.2
1474.17	11679.3
1475.23	11663.9
1476.3	11654.5
1477.36	11662.9
1478.42	11669.2
1479.48	11673.9
1480.55	11676.4
1481.61	11677.5
1482.67	11677.4
1483.73	11676.8
1484.8	11682.3
1485.86	11688.1
1486.92	11689.1
1487.98	11684.5
1489.04	11674.3
1490.1	11658.5
1491.17	11637.7
1492.23	11612.5
1493.29	11587.2
1494.35	11569.8
1495.41	11556.8
1496.47	11554.6
1497.53	11569.1
1498.59	11594.3
1499.65	11603.5
1500.71	11613.2
1501.77	11618.9
1502.83	11615.8
1503.88	11610
1504.94	11601.6
1506	11592.3
1507.06	11584.7
1508.12	11576.9
1509.18	11568.6
1510.23	11561
1511.29	11553.3
1512.35	11549.1
1513.41	11535.6
1514.47	11514.5
1515.52	11498.4
1516.58	11484.1
1517.64	11471.5
1518.69	11460.3
1519.75	11450.2
1520.81	11441.6
1521.86	11434.9
1522.92	11429.4
1523.97	11425
1525.03	11421.2
1526.08	11417.7
1527.14	11413.1
1528.2	11408.1
1529.25	11402.5
1530.31	11397.5
1531.36	11397.1
1532.42	11396.3
1533.47	11394
1534.52	11385.7
1535.58	11380.6
1536.63	11374.9
1537.69	11353.4
1538.74	11349.4
1539.79	11358.3
1540.84	11392.7
1541.9	11393.6
1542.95	11375.3
1544	11354.1
1545.06	11329.7
1546.11	11310.7
1547.16	11297.3
1548.21	11289.6
1549.27	11287.6
1550.32	11301
1551.37	11312.5
1552.42	11313
1553.47	11316.6
1554.52	11309.5
1555.57	11309.9
1556.62	11308.9
1557.67	11317.3
1558.72	11340.3
1559.77	11363.4
1560.82	11368
1561.87	11367.8
1562.92	11352.4
1563.97	11333.9
1565.02	11312
1566.07	11299.8
1567.12	11285.6
1568.17	11283.9
1569.22	11283.6
1570.27	11278.2
1571.32	11272.1
1572.36	11263.8
1573.41	11255.9
1574.46	11251.2
1575.51	11247.8
1576.56	11245.9
1577.6	11245.9
1578.65	11251.4
1579.7	11260.7
1580.74	11278
1581.79	11267.6
1582.84	11250.9
1583.88	11234.6
1584.93	11213.4
1585.98	11187.9
1587.02	11171.3
1588.07	11160.6
1589.11	11155.8
1590.16	11157.5
1591.2	11175.4
1592.25	11182.5
1593.29	11178.2
1594.34	11177.2
1595.38	11169.8
1596.43	11169.1
1597.47	11165
1598.52	11162.6
1599.56	11160.4
1600.6	11163.5
1601.65	11142.5
1602.69	11112.3
1603.73	11090.4
1604.78	11091.5
1605.82	11093.3
1606.86	11105.9
1607.91	11109.2
1608.95	11104.2
1609.99	11089.6
1611.03	11075
1612.08	11045.3
1613.12	11034.9
1614.16	11028.6
1615.2	11023.2
1616.24	11013.1
1617.28	11001.6
1618.32	10989.2
1619.36	10975.2
1620.41	10959.5
1621.45	10942.3
1622.49	10923.4
1623.53	10916
1624.57	10925.2
1625.61	10928.8
1626.65	10928.4
1627.69	10925.3
1628.73	10920.9
1629.76	10913.2
1630.8	10903.3
1631.84	10891.6
1632.88	10878.8
1633.92	10865.7
1634.96	10856.8
1636	10849.4
1637.03	10843.3
1638.07	10838.2
1639.11	10831.3
1640.15	10809.9
1641.19	10783
1642.22	10761.3
1643.26	10753.9
1644.3	10750.5
1645.33	10758.5
1646.37	10767.7
1647.41	10770.3
1648.44	10762.8
1649.48	10741.6
1650.52	10733.1
1651.55	10722.6
1652.59	10721.2
1653.62	10728.5
1654.66	10735
1655.69	10734.3
1656.73	10739.1
1657.76	10736.3
1658.8	10724.9
1659.83	10717.6
1660.87	10716.6
1661.9	10717.7
1662.93	10719.7
1663.97	10719.8
1665	10717.7
1666.04	10714.8
1667.07	10710.3
1668.1	10704.3
1669.14	10697.1
1670.17	10688.9
1671.2	10679.8
1672.23	10670.9
1673.27	10660.9
1674.3	10650.2
1675.33	10638.5
1676.36	10627.5
1677.39	10621.6
1678.43	10623
1679.46	10625.1
1680.49	10627.6
1681.52	10624.5
1682.55	10618.8
1683.58	10611.1
1684.61	10601.6
1685.64	10597.5
1686.67	10591.5
1687.7	10584.1
1688.73	10575.8
1689.76	10565.9
1690.79	10553.2
1691.82	10537.5
1692.85	10530.1
1693.88	10524
1694.91	10521.3
1695.94	10521.6
1696.97	10524.9
1698	10530.9
1699.02	10540.2
1700.05	10545.7
1701.08	10537
1702.11	10529.9
1703.14	10514.6
1704.16	10501.8
1705.19	10491.2
1706.22	10489.2
1707.25	10486.2
1708.27	10484
1709.3	10476.4
1710.33	10465
1711.35	10449.4
1712.38	10438.7
1713.41	10428.2
1714.43	10433.1
1715.46	10432.7
1716.48	10438.3
1717.51	10428.5
1718.53	10414.4
1719.56	10394.6
1720.58	10369.1
1721.61	10344.1
1722.63	10326.5
1723.66	10316.8
1724.68	10319.3
1725.71	10320.2
1726.73	10323.7
1727.75	10331.6
1728.78	10324
1729.8	10310.6
1730.83	10289
1731.85	10268.2
1732.87	10270.8
1733.89	10273.1
1734.92	10269.5
1735.94	10265.8
1736.96	10256.4
1737.98	10245.6
1739.01	10232.7
1740.03	10218
1741.05	10202.5
1742.07	10184.4
1743.09	10173.8
1744.12	10174.2
1745.14	10180.4
1746.16	10198.1
1747.18	10213.4
1748.2	10208.3
1749.22	10199.7
1750.24	10163
1751.26	10150.4
1752.28	10139
1753.3	10136.1
1754.32	10130.5
1755.34	10122.7
1756.36	10112.8
1757.38	10100.8
1758.4	10086.8
1759.42	10086.8
1760.44	10081
1761.45	10089.4
1762.47	10109.1
1763.49	10112.7
1764.51	10106
1765.53	10092.8
1766.55	10078.3
1767.56	10068.8
1768.58	10060.5
1769.6	10051.2
1770.61	10041.1
1771.63	10030.4
1772.65	10021
1773.67	10012.8
1774.68	10008.7
1775.7	10006.5
1776.72	10006.1
1777.73	10006.7
1778.75	10006.6
1779.76	10005
1780.78	9993.97
1781.79	9986.31
1782.81	9980.19
1783.83	9975.16
1784.84	9971.16
1785.85	9974.61
1786.87	9976.28
1787.88	9977.76
1788.9	9966.13
1789.91	9950.32
1790.93	9927.35
1791.94	9899.06
1792.95	9889.72
1793.97	9884.48
1794.98	9887.42
1796	9898.56
1797.01	9896.63
1798.02	9881.38
1799.03	9853.81
1800.05	9838.16
1801.06	9845.38
1802.07	9844.65
1803.08	9846.56
1804.1	9856.31
1805.11	9839.88
1806.12	9822.49
1807.13	9806.08
1808.14	9790.16
1809.15	9775.57
1810.17	9762.93
1811.18	9753.91
1812.19	9746.49
1813.2	9739.91
1814.21	9733.27
1815.22	9725.38
1816.23	9715.54
1817.24	9713.96
1818.25	9713.24
1819.26	9718.45
1820.27	9727.09
1821.28	9733.79
1822.29	9729.55
1823.3	9718.64
1824.3	9705.38
1825.31	9687.55
1826.32	9666.73
1827.33	9646.03
1828.34	9629.16
1829.35	9617.23
1830.35	9608.89
1831.36	9601.59
1832.37	9599.45
1833.38	9596.25
1834.38	9592.28
1835.39	9577.99
1836.4	9563.75
1837.41	9548.53
1838.41	9533.57
1839.42	9523.31
1840.43	9515.42
1841.43	9516.36
1842.44	9516.86
1843.44	9513.35
1844.45	9497.26
1845.46	9475.49
1846.46	9474.6
1847.47	9472.78
1848.47	9468.64
1849.48	9462.97
1850.48	9455.45
1851.49	9446.17
1852.49	9434.16
1853.49	9431.03
1854.5	9431.27
1855.5	9430.79
1856.51	9429.25
1857.51	9421.78
1858.51	9413.11
1859.52	9399.61
1860.52	9388.09
1861.52	9383.47
1862.53	9377.87
1863.53	9375.53
1864.53	9374.33
1865.54	9373.89
1866.54	9374.39
1867.54	9363.41
1868.54	9349.26
1869.54	9333.92
1870.55	9321.66
1871.55	9310.32
1872.55	9300.52
1873.55	9292.91
1874.55	9287.23
1875.55	9282.91
1876.55	9279.18
1877.55	9275.56
1878.55	9267.95
1879.55	9260.82
1880.56	9253.5
1881.55	9245.97
1882.56	9238.09
1883.55	9229.94
1884.55	9221.92
1885.55	9213.4
1886.55	9202.54
1887.55	9189.57
1888.55	9173.38
1889.55	9158.09
1890.55	9156.57
1891.55	9190.52
1892.55	9196.18
1893.54	9196.04
1894.54	9195.46
1895.54	9193.37
1896.54	9181.58
1897.54	9174.83
1898.53	9167.16
1899.53	9164.53
1900.53	9157.23
1901.52	9153.1
1902.52	9130.83
1903.52	9108.96
1904.51	9090.33
1905.51	9074.68
1906.51	9062.85
1907.5	9053.48
1908.5	9045.65
1909.49	9039.98
1910.49	9037.36
1911.49	9033.1
1912.48	9011.77
1913.48	8996.95
1914.47	8989.83
1915.46	8989.13
1916.46	8985.7
1917.45	8984.12
1918.45	8978.98
1919.44	8980.24
1920.44	8973.96
1921.43	8960.65
1922.43	8946.63
1923.42	8926.64
1924.41	8910.68
1925.41	8903.54
1926.4	8906.21
1927.39	8913.43
1928.38	8917.3
1929.38	8917.82
1930.37	8914.74
1931.36	8909.84
1932.35	8902.45
1933.35	8892.75
1934.34	8880.46
1935.33	8865.71
1936.32	8847.85
1937.31	8830.55
1938.3	8823.65
1939.29	8816.47
1940.29	8814.86
1941.28	8811.79
1942.27	8803.58
1943.26	8789.47
1944.25	8770.41
1945.24	8755.36
1946.23	8740.06
1947.22	8736.68
1948.21	8731.56
1949.2	8730.17
1950.19	8725.14
1951.18	8720.32
1952.17	8705.47
1953.16	8689.08
1954.14	8674.79
1955.13	8655.56
1956.12	8656.19
1957.11	8658.05
1958.1	8658.87
1959.09	8664.94
1960.07	8656.13
1961.06	8651.35
1962.05	8637.69
1963.04	8615.71
1964.02	8594.69
1965.01	8576.74
1966	8572.01
1966.99	8572.48
1967.97	8571.03
1968.96	8574.19
1969.95	8583.31
1970.93	8590.3
1971.92	8597.13
1972.9	8576.33
1973.89	8551.69
1974.88	8530.38
1975.86	8514.56
1976.85	8503.91
1977.83	8498.37
1978.82	8497.5
1979.8	8501.61
1980.79	8503.15
1981.77	8505.4
1982.76	8499.53
1983.74	8483.32
1984.72	8457.46
1985.71	8438.06
1986.69	8422.9
1987.67	8425.51
1988.66	8431.38
1989.64	8445.29
1990.62	8457.04
1991.61	8467.38
1992.59	8461.51
1993.57	8448.76
1994.56	8433.75
1995.54	8415.71
1996.52	8397.6
1997.5	8377.62
1998.49	8361.95
1999.47	8351.75
2000.45	8343.48
2001.43	8339.98
2002.41	8338.87
2003.39	8341.93
2004.38	8345.67
2005.36	8342.51
2006.34	8333.05
2007.32	8319.2
2008.3	8305.97
2009.28	8291.65
2010.26	8280.31
2011.24	8270.41
2012.22	8268.95
2013.2	8268.11
2014.18	8265.63
2015.16	8261.55
2016.14	8256.32
2017.12	8250.33
2018.1	8242.57
2019.07	8233.77
2020.05	8222.86
2021.03	8212.2
2022.01	8205.13
2022.99	8200.27
2023.97	8197.72
2024.95	8188.84
2025.92	8180.85
2026.9	8171.86
2027.88	8161.38
2028.86	8151.22
2029.83	8140.78
2030.81	8131.9
2031.79	8123.74
2032.76	8117.37
2033.74	8110.6
2034.72	8110.04
2035.69	8111.44
2036.67	8107.28
2037.65	8091.85
2038.62	8055.4
2039.6	8033.96
2040.57	8026.58
2041.55	8023.39
2042.52	8021.28
2043.5	8022.99
2044.47	8028.5
2045.45	8032.03
2046.42	8029.02
2047.4	8020.38
2048.37	8003.21
2049.35	7982.39
2050.32	7960.27
2051.29	7942.3
2052.27	7926.81
2053.24	7913.61
2054.21	7906.08
2055.19	7904.59
2056.16	7915.41
2057.13	7911.61
2058.11	7905.4
2059.08	7896.52
2060.05	7887.1
2061.02	7872.62
2062	7865.72
2062.97	7855.73
2063.94	7866.97
2064.91	7866.18
2065.89	7881.84
2066.86	7835.89
2067.83	7811.53
2068.8	7791.95
2069.77	7776.59
2070.74	7765.44
2071.71	7756.58
2072.68	7751.92
2073.65	7750.95
2074.62	7753.7
2075.59	7760.16
2076.56	7770.49
2077.53	7783.85
2078.5	7768.86
2079.47	7758.17
2080.44	7741.37
2081.41	7717.87
2082.38	7705.44
2083.35	7705.38
2084.32	7701.85
2085.29	7696.57
2086.26	7693.24
2087.23	7686.3
2088.19	7678.01
2089.16	7666.59
2090.13	7654.17
2091.1	7641.22
2092.07	7629.08
2093.03	7619.9
2094	7610.41
2094.97	7602.01
2095.94	7594.35
2096.9	7587.55
2097.87	7580.72
2098.84	7572.73
2099.8	7564.84
2100.77	7557.13
2101.74	7549.81
2102.7	7543.78
2103.67	7538.37
2104.63	7533.57
2105.6	7528.61
2106.56	7520.22
2107.53	7509.17
2108.49	7495.11
2109.46	7483.27
2110.42	7471.01
2111.39	7458.7
2112.35	7449.9
2113.32	7442.42
2114.28	7438.47
2115.25	7435.07
2116.21	7422.72
2117.17	7414.01
2118.14	7408.86
2119.1	7409.98
2120.07	7408.79
2121.03	7406.45
2121.99	7405.97
2122.96	7398.11
2123.92	7389.06
2124.88	7376.73
2125.84	7367.54
2126.81	7359.59
2127.77	7355.17
2128.73	7351.61
2129.69	7348.42
2130.65	7345.23
2131.62	7341.71
2132.58	7337.52
2133.54	7329.35
2134.5	7320.93
2135.46	7309.62
2136.42	7295.36
2137.38	7281.19
2138.34	7267.56
2139.3	7260.14
2140.26	7253.5
2141.22	7255.73
2142.18	7256.95
2143.14	7256.7
2144.1	7255.99
2145.06	7252.76
2146.02	7235.93
2146.98	7219.17
2147.94	7201.85
2148.9	7192.64
2149.86	7188.08
2150.82	7185.02
2151.78	7177.18
2152.74	7169.26
2153.69	7160.09
2154.65	7152.72
2155.61	7146.58
2156.57	7140.37
2157.53	7134.97
2158.48	7130.94
2159.44	7126.12
2160.4	7118.69
2161.36	7105.88
2162.31	7094.4
2163.27	7080.99
2164.23	7067.65
2165.18	7063.03
2166.14	7056.99
2167.1	7049.66
2168.05	7041.87
2169.01	7030.53
2169.96	7014.73
2170.92	6994.84
2171.88	6972.32
2172.83	6948.62
2173.79	6927.78
2174.74	6918.06
2175.7	6913.77
2176.65	6915.93
2177.6	6925.87
2178.56	6925
2179.51	6917.84
2180.47	6911.04
2181.42	6895.67
2182.38	6874.75
2183.33	6854.23
2184.28	6837.03
2185.24	6826.31
2186.19	6826.93
2187.14	6826.83
2188.1	6822.09
2189.05	6818.87
2190	6813.42
2190.96	6802.99
2191.91	6792.32
2192.86	6781.32
2193.81	6771.51
2194.76	6763.45
2195.72	6756.45
2196.67	6750.21
2197.62	6745.25
2198.57	6742.02
2199.52	6741.15
2200.47	6744
2201.43	6743.63
2202.38	6741.01
2203.33	6735.72
2204.28	6727.49
2205.23	6716.56
2206.18	6702.63
2207.13	6685.97
2208.08	6667.87
2209.03	6650.81
2209.98	6646.43
2210.93	6650.53
2211.88	6656.58
2212.83	6638.25
2213.78	6630.57
2214.73	6625.37
2215.67	6621.71
2216.62	6619.97
2217.57	6614.2
2218.52	6609.09
2219.47	6607.35
2220.42	6607.03
2221.37	6620.83
2222.31	6629.8
2223.26	6619.15
2224.21	6573.19
2225.16	6527.5
2226.1	6586.5
2227.05	6570.57
2228	6550.85
2228.94	6541.58
2229.89	6535.19
2230.84	6528.39
2231.78	6522.46
2232.73	6519.26
2233.68	6512.22
2234.62	6500.24
2235.57	6492.91
2236.51	6490.04
2237.46	6488.42
2238.41	6487.49
2239.35	6488.18
2240.3	6490.31
2241.24	6494.36
2242.19	6498.12
2243.13	6491.5
2244.07	6483.31
2245.02	6479.71
2245.96	6477.8
2246.91	6475.35
2247.85	6469.32
2248.8	6464.86
2249.74	6456.52
2250.68	6454.34
2251.63	6451.15
2252.57	6446.88
2253.51	6445.55
2254.46	6449.02
2255.4	6449.28
2256.34	6446.67
2257.28	6442.29
2258.23	6437.72
2259.17	6433.46
2260.11	6429.29
2261.05	6425.4
2262	6421.99
2262.94	6419.46
2263.88	6417.58
2264.82	6416.22
2265.76	6415.64
2266.7	6414.5
2267.64	6406.63
2268.58	6397.01
2269.53	6386.64
2270.47	6380.32
2271.41	6370.14
2272.35	6368.31
2273.29	6371.44
2274.23	6377.72
2275.17	6394.86
2276.11	6391.84
2277.05	6375.58
2277.99	6344.34
2278.93	6349.37
2279.86	6350.44
2280.8	6389.67
2281.74	6366.39
2282.68	6356.01
2283.62	6351.94
2284.56	6348.1
2285.5	6343.36
2286.44	6337.25
2287.37	6330.39
2288.31	6325.03
2289.25	6320.61
2290.19	6319.26
2291.12	6319.82
2292.06	6326.26
2293	6335.46
2293.94	6342.6
2294.87	6339.12
2295.81	6321.29
2296.75	6301.1
2297.68	6283.4
2298.62	6270.54
2299.55	6262.47
2300.49	6260.76
2301.43	6264.84
2302.36	6271.98
2303.3	6280.37
2304.23	6288.43
2305.17	6293.21
2306.1	6291.18
2307.04	6286.29
2307.98	6277.81
2308.91	6265.18
2309.84	6248.96
2310.78	6234.73
2311.71	6222.54
2312.65	6212.51
2313.58	6204.52
2314.52	6197.46
2315.45	6191.45
2316.38	6186.52
2317.32	6182.84
2317.72	6180.86
2318.66	6178.99
2319.6	6177.48
2320.54	6176.67
2321.48	6176.62
2322.41	6179.97
2323.35	6177.46
2324.29	6160.14
2325.23	6146.28
2326.16	6134.12
2327.1	6125.88
2328.04	6126.15
2328.97	6128.38
2329.91	6130.41
2330.85	6130.76
2331.78	6125.38
2332.72	6112.21
2333.66	6098.78
2334.59	6087.23
2335.53	6077.56
2336.46	6070.81
2337.4	6065.04
2338.33	6062.33
2339.27	6060.82
2340.2	6060.61
2341.14	6061.14
2342.07	6060.62
2343.01	6058.02
2343.94	6053.87
2344.88	6047.22
2345.81	6034.54
2346.75	6016.78
2347.68	5991.82
2348.61	5984.25
2349.55	5983.13
2350.48	5986.45
2351.41	5992.41
2352.35	5990.43
2353.28	5993.45
2354.21	5989.67
2355.15	5976.04
2356.08	5966.92
2357.01	5961.57
2357.94	5960.32
2358.88	5966.2
2359.81	5968.01
2360.74	5965.96
2361.67	5964.83
2362.6	5958.8
2363.54	5950.86
2364.47	5940.66
2365.4	5929.05
2366.33	5916.65
2367.26	5905.14
2368.19	5913.36
2369.12	5917.68
2370.05	5924.37
2370.98	5933.32
2371.91	5939.52
2372.84	5934.78
2373.77	5928.34
2374.7	5919.92
2375.63	5909.67
2376.56	5898.09
2377.49	5884.65
2378.42	5869.4
2379.35	5852.81
2380.28	5839.97
2381.21	5841.12
2382.14	5852.76
2383.07	5867.69
2384	5876.7
2384.92	5882.6
2385.85	5887.34
2386.78	5891.23
2387.71	5882.84
2388.64	5869.02
2389.56	5854.06
2390.49	5841.91
2391.42	5832.94
2392.35	5824.8
2393.27	5818.1
2394.2	5813.77
2395.13	5810.59
2396.05	5810.18
2396.98	5810.75
2397.91	5811.34
2398.83	5811.27
2399.76	5808.78
2400.69	5805.86
2401.61	5802.48
2402.54	5798.75
2403.46	5794.83
2404.39	5791.75
2405.31	5789.21
2406.24	5786.59
2407.17	5783.53
2408.09	5778.52
2409.01	5772.02
2409.94	5763.27
2410.86	5752
2411.79	5740.48
2412.71	5730.69
2413.64	5722.31
2414.56	5716.53
2415.49	5712.39
2416.41	5709.66
2417.33	5708.41
2418.26	5708.65
2419.18	5709.4
2420.1	5707.07
2421.03	5703.21
2421.95	5695.11
2422.87	5685.81
2423.79	5672.86
2424.72	5661.96
2425.64	5652.44
2426.56	5645.92
2427.48	5635.34
2428.41	5645.03
2429.33	5646.74
2430.25	5642.45
2431.17	5630.36
2432.09	5612.33
2433.01	5592.89
2433.93	5580.64
2434.86	5571.33
2435.78	5563.45
2436.7	5573.42
2437.62	5572.19
2438.54	5569.11
2439.46	5561.12
2440.38	5553.01
2441.3	5543.17
2442.22	5542.99
2443.14	5544.07
2444.06	5543.63
2444.98	5541.31
2445.9	5534.55
2446.82	5529.18
2447.73	5512.41
2448.65	5495.37
2449.57	5483.59
2450.49	5477.54
2451.41	5479.45
2452.33	5482.88
2453.25	5485.35
2454.17	5485.89
2455.08	5480.23
2456	5473.75
2456.92	5463.95
2457.84	5449.45
2458.75	5438.45
2459.67	5431.49
2460.59	5429.65
2461.51	5431.65
2462.42	5432.87
2463.34	5432.92
2464.26	5436.91
2465.17	5436.38
2466.09	5427.35
2467	5415.66
2467.92	5407.09
2468.84	5400.35
2469.75	5391.64
2470.67	5383.43
2471.58	5375.55
2472.5	5368.37
2473.42	5361.88
2474.33	5356.18
2475.25	5351.09
2476.16	5346.81
2477.08	5343.41
2477.99	5340.95
2478.9	5338.86
2479.82	5336.77
2480.73	5334.51
2481.65	5331.46
2482.56	5326.86
2483.47	5322.06
2484.39	5317.12
2485.3	5312.13
2486.22	5307.07
2487.13	5302.17
2488.04	5298.25
2488.96	5295.75
2489.87	5294.9
2490.78	5294.77
2491.69	5295.3
2492.61	5296.18
2493.52	5296.8
2494.43	5298.31
2495.34	5300.07
2496.25	5301.63
2497.17	5301
2498.08	5293.8
2498.99	5284.55
2499.9	5272.3
2500.81	5263.67
2501.72	5254.48
2502.63	5246.59
2503.55	5241.37
2504.46	5237.13
2505.37	5232.9
2506.28	5226.2
2507.19	5212.55
2508.1	5203.94
2509.01	5198.82
2509.92	5196.59
2510.83	5195.75
2511.74	5197.74
2512.65	5201.65
2513.56	5205.72
2514.47	5208.21
2515.37	5203.73
2516.28	5193.33
2517.19	5195.7
2518.1	5203.24
2519.01	5211.25
2519.92	5209.78
2520.83	5204.46
2521.73	5197.89
2522.64	5192.21
2523.55	5184.9
2524.46	5176.99
2525.37	5168.71
2526.27	5161.8
2527.18	5157.02
2528.09	5153.57
2529	5151.07
2529.9	5149.79
2530.81	5149.39
2531.72	5150.66
2532.62	5147.09
2533.53	5137.26
2534.44	5122.3
2535.34	5107.51
2536.25	5088.27
2537.15	5097.59
2538.06	5099.13
2538.96	5095.55
2539.87	5092.14
2540.78	5090.35
2541.68	5086.74
2542.59	5081.63
2543.49	5074.95
2544.4	5066.93
2545.3	5057.42
2546.21	5048.02
2547.11	5042.07
2548.01	5030.62
2548.92	5035.13
2549.82	5048.3
2550.73	5051.18
2551.63	5048.65
2552.53	5042.67
2553.44	5033.17
2554.34	5015.94
2555.24	5007.63
2556.15	5001.04
2557.05	4991.68
2557.95	4991.59
2558.86	4985.21
2559.76	4977.13
2560.66	4966.32
2561.56	4963.06
2562.46	4961
2563.37	4958.67
2564.27	4955.43
2565.17	4949.68
2566.07	4935.18
2566.97	4930.99
2567.88	4928.28
2568.78	4923.88
2569.68	4919.97
2570.58	4916.32
2571.48	4910.24
2572.38	4904.35
2573.28	4899.59
2574.18	4895.55
2575.08	4892.05
2575.98	4888.94
2576.88	4886.02
2577.78	4876.72
2578.68	4864.49
2579.58	4855.73
2580.48	4844.19
2581.38	4833.23
2582.28	4832.96
2583.18	4835.79
2584.08	4835.33
2584.98	4834.9
2585.88	4832.42
2586.77	4829.21
2587.67	4825.47
2588.57	4821.19
2589.47	4816.46
2590.37	4811.28
2591.27	4806.37
2592.16	4800.97
2593.06	4795.07
2593.96	4788.58
2594.86	4781.94
2595.75	4775.45
2596.65	4770.76
2597.55	4766.58
2598.45	4763
2599.34	4760.37
2600.24	4758.45
2601.13	4756.98
2602.03	4756.11
2602.93	4754.63
2603.82	4753.08
2604.72	4749.38
2605.62	4743.38
2606.51	4734.73
2607.41	4726.11
2608.3	4716.7
2609.2	4711.17
2610.09	4707.36
2610.99	4703.78
2611.88	4700.5
2612.78	4697.25
2613.67	4693.52
2614.57	4687.98
2615.46	4682.42
2616.36	4676.17
2617.25	4669.57
2618.14	4661.86
2619.04	4657.13
2619.93	4656.96
2620.83	4655.65
2621.72	4653.76
2622.61	4649.71
2623.5	4643.73
2624.4	4642.36
2625.29	4645.24
2626.18	4645.95
2627.08	4643.54
2627.97	4638.99
2628.86	4615.13
2629.75	4602.67
2630.65	4590.48
2631.54	4581.96
2632.43	4579.76
2633.32	4582.43
2634.21	4586.8
2635.11	4585.59
2636	4578.55
2636.89	4570.24
2637.78	4559.49
2638.67	4548.14
2639.56	4536.6
2640.45	4525.68
2641.34	4518.83
2642.23	4511.36
2643.12	4505.08
2644.01	4500.01
2644.9	4496.06
2645.79	4493.35
2646.68	4492.03
2647.57	4491.58
2648.46	4492.32
2649.35	4485.99
2650.24	4473.03
2651.13	4459.48
2652.02	4447.5
2652.91	4439
2653.8	4429.75
2654.69	4422.95
2655.58	4417.83
2656.46	4414.82
2657.35	4414.79
2658.24	4417.9
2659.13	4422.74
2660.02	4425
2660.9	4424.21
2661.79	4420.92
2662.68	4415.14
2663.57	4406.88
2664.45	4396.39
2665.34	4384.27
2666.23	4374.57
2667.11	4374.97
2668	4383.72
2668.89	4391.22
2669.77	4393.99
2670.66	4388.4
2671.55	4380.36
2672.43	4369.67
2673.32	4361.51
2674.21	4349.72
2675.09	4349.55
2675.98	4351.98
2676.86	4358.3
2677.75	4364.97
2678.63	4364.06
2679.52	4359.4
2680.4	4351.89
2681.29	4341.57
2682.17	4322.49
2683.06	4308.02
2683.94	4297.41
2684.82	4288.36
2685.71	4280.32
2686.59	4273.72
2687.48	4268.59
2688.36	4265.51
2689.24	4266.54
2690.13	4270.67
2691.01	4276.28
2691.89	4281.49
2692.78	4274.04
2693.66	4259.73
2694.54	4243.97
2695.43	4227.67
2696.31	4215.24
2697.19	4209.58
2698.07	4218.08
2698.96	4221.4
2699.84	4223.04
2700.72	4221.62
2701.6	4214.27
2702.48	4208.78
2703.36	4203.82
2704.25	4198.88
2705.13	4193.75
2706.01	4188.81
2706.89	4184.03
2707.77	4179.43
2708.65	4175.02
2709.53	4170.93
2710.41	4167.23
2711.29	4164.17
2712.17	4161.93
2713.05	4160.71
2713.93	4159.81
2714.81	4158.08
2715.69	4156.18
2716.57	4147.67
2717.45	4134.9
2718.33	4121.1
2719.21	4105.2
2720.09	4091.88
2720.97	4091.96
2721.85	4098.32
2722.73	4104.32
2723.61	4108.87
2724.48	4109.36
2725.36	4103.41
2726.24	4087.68
2727.12	4074.97
2728	4065.32
2728.88	4059.14
2729.75	4056.98
2730.63	4058.51
2731.51	4062.29
2732.39	4066.83
2733.26	4070.09
2734.14	4067.56
2735.02	4061.1
2735.89	4052.2
2736.77	4044.21
2737.65	4037.78
2738.52	4032.13
2739.4	4026.78
2740.28	4022.21
2741.15	4018.47
2742.03	4015.2
2742.9	4013.18
2743.78	4011.61
2744.65	4010.83
2745.53	4010.5
2746.41	4009.09
2747.28	4006.96
2748.16	4004.11
2749.03	4000.91
2749.91	3997.64
2750.78	3993.88
2751.66	3991.22
2752.53	3996.27
2753.4	4004.1
2754.28	4010.31
2755.15	4014.51
2756.02	4018.74
2756.9	4011.28
2757.77	3995.71
2758.65	3971.43
2759.52	3948.92
2760.39	3934.01
2761.27	3926.57
2762.14	3923.68
2763.01	3923.13
2763.88	3923.29
2764.76	3927.86
2765.63	3935.72
2766.5	3938.7
2767.37	3936.82
2768.25	3929.96
2769.12	3919.91
2769.99	3906.27
2770.86	3899.09
2771.73	3894.87
2772.61	3891.62
2773.48	3886.59
2774.35	3882.03
2775.22	3877.84
2776.09	3873.9
2776.96	3870.2
2777.83	3866.66
2778.7	3863.38
2779.57	3860.48
2780.44	3857.49
2781.31	3853.4
2782.18	3848.57
2783.05	3843.47
2783.92	3838.34
2784.79	3835.24
2785.66	3832.32
2786.53	3832.63
2787.4	3834.78
2788.27	3837.6
2789.14	3841.21
2790.01	3841.06
2790.88	3837.58
2791.75	3827.38
2792.62	3820.37
2793.48	3816.94
2794.35	3822.56
2795.22	3822.48
2796.09	3820.54
2796.96	3815.7
2797.82	3810.63
2798.69	3804.33
2799.56	3797.19
2800.43	3789.13
2801.29	3780.12
2802.16	3772.87
2803.03	3764.66
2803.9	3755.78
2804.76	3746.38
2805.63	3733.45
2806.5	3722.6
2807.36	3716.25
2808.23	3714.02
2809.09	3715.88
2809.96	3721.73
2810.83	3731.07
2811.69	3734.49
2812.56	3732.88
2813.42	3726.67
2814.29	3712.43
2815.15	3703.92
2816.02	3701.77
2816.88	3706.01
2817.75	3714.49
2818.61	3722.51
2819.48	3725.76
2820.34	3724.05
2821.21	3707.32
2822.07	3697.63
2822.94	3688.49
2823.8	3680.62
2824.66	3675.66
2825.53	3674.17
2826.39	3676.25
2827.26	3680.77
2828.12	3688.12
2828.98	3695.55
2829.85	3672.49
2830.71	3650.59
2831.57	3643.23
2832.43	3638.88
2833.3	3636.01
2834.16	3634.98
2835.02	3635.53
2835.88	3638.01
2836.75	3644.79
2837.61	3646.7
2838.47	3629.78
2839.33	3616.03
2840.19	3602.09
2841.06	3595.76
2841.92	3589.61
2842.78	3588.83
2843.64	3592.36
2844.5	3599.38
2845.36	3600.16
2846.22	3597.29
2847.08	3594.64
2847.94	3593.24
2848.81	3591.33
2849.67	3588.07
2850.53	3583.97
2851.39	3577.85
2852.25	3572.12
2853.11	3568.08
2853.97	3564.23
2854.82	3571.21
2855.68	3571.42
2856.54	3569.82
2857.4	3568.24
2858.26	3564.95
2859.12	3560.07
2859.98	3555.32
2860.84	3552.92
2861.7	3550.48
2862.56	3548.18
2863.41	3545.98
2864.27	3544.12
2865.13	3542.51
2865.99	3540.54
2866.85	3537.34
2867.7	3531.89
2868.56	3523.68
2869.42	3515.79
2870.28	3509.27
2871.13	3506.81
2871.99	3510.13
2872.85	3515.59
2873.7	3516.54
2874.56	3514.75
2875.42	3511
2876.27	3505.82
2877.13	3499.79
2877.99	3493.44
2878.84	3488.87
2879.7	3483.58
2880.56	3476.43
2881.41	3469.09
2882.27	3461.01
2883.12	3454.53
2883.98	3484.27
2884.83	3476.83
2885.69	3456.69
2886.54	3442.16
2887.4	3433.34
2888.25	3424.93
2889.11	3417.5
2889.96	3410.94
2890.82	3411.72
2891.67	3409.98
2892.52	3404.5
2893.38	3395.19
2894.23	3380.79
2895.09	3393.12
2895.94	3411.53
2896.79	3415.55
2897.65	3416.2
2898.5	3414.13
2899.35	3409.38
2900.21	3402.11
2901.06	3392.09
2901.91	3379.93
2902.76	3367.71
2903.62	3359.53
2904.47	3354.99
2905.32	3353.9
2906.17	3352
2907.03	3349.17
2907.88	3342.28
2908.73	3337.36
2909.58	3341.92
2910.43	3352.19
2911.28	3358.03
2912.14	3356.03
2912.99	3344.31
2913.84	3333.18
2914.69	3321.33
2915.54	3311.42
2916.39	3303.06
2917.24	3299.54
2918.09	3300.04
2918.94	3302.06
2919.79	3300.61
2920.64	3297.44
2921.49	3294.55
2922.34	3291.19
2923.19	3287.52
2924.04	3283.48
2924.89	3279.3
2925.74	3277.78
2926.59	3278.74
2927.44	3281.7
2928.29	3278.02
2929.14	3272.13
2929.98	3266.78
2930.83	3254.46
2931.68	3242.13
2932.53	3230.11
2933.38	3219.07
2934.23	3209.22
2935.07	3209.13
2935.92	3219.37
2936.77	3227.82
2937.62	3231.43
2938.47	3230
2939.31	3223.05
2940.16	3210.77
2941.01	3192.1
2941.85	3180.8
2942.7	3188.89
2943.55	3196.1
2944.39	3206.93
2945.24	3203.06
2946.09	3193.69
2946.93	3184.38
2947.78	3176.77
2948.63	3171.49
2949.47	3166.89
2950.32	3163.95
2951.16	3161.58
2952.01	3162.51
2952.85	3164.6
2953.7	3166.64
2954.55	3167.94
2955.39	3165.8
2956.24	3162.51
2957.08	3158.18
2957.92	3152.13
2958.77	3144.21
2959.61	3134.28
2960.46	3116.14
2961.3	3120.08
2962.15	3126.23
2962.99	3132.7
2963.83	3138.3
2964.68	3145.91
2965.52	3143.01
2966.37	3129.5
2967.21	3119.71
2968.05	3124.56
2968.9	3124.46
2969.74	3120.84
2970.58	3105.49
2971.42	3092.8
2972.27	3083.37
2973.11	3077.06
2973.95	3073.02
2974.79	3074
2975.64	3077.67
2976.48	3082.61
2977.32	3085.7
2978.16	3087.25
2979	3087.34
2979.85	3080.31
2980.69	3076.65
2981.53	3076.53
2982.37	3075.92
2983.21	3078.02
2984.05	3079.03
2984.89	3075
2985.73	3070.66
2986.57	3065.93
2987.41	3061.11
2988.25	3056
2989.1	3051.75
2989.94	3048.81
2990.77	3045.98
2991.62	3041.61
2992.45	3036.46
2993.29	3027.19
2994.13	3024.8
2994.97	3025.36
2995.81	3018.6
2996.65	3012.78
2997.49	3000.18
2998.33	2995.43
2999.17	2999.81
