200.833	12505
202.102	12493.2
203.371	12504.3
204.639	12510.4
205.907	12516
207.175	12521.7
208.442	12535.3
209.71	12554.3
210.977	12581
212.244	12607.5
213.511	12632.9
214.777	12652.7
216.042	12667.1
217.309	12665.4
218.575	12669.6
219.84	12677.8
221.106	12689.9
222.371	12705
223.635	12722.9
224.9	12742.9
226.165	12765.4
227.429	12790.7
228.694	12819.2
229.956	12851
231.22	12889.1
232.484	12929.3
233.747	12968.2
235.011	13006.2
236.272	13024.2
237.535	13036.2
238.798	13044.1
240.06	13048.4
241.321	13057.3
242.583	13071.8
243.845	13089.3
245.105	13107.2
246.367	13124.4
247.628	13144.2
248.888	13165
250.149	13186.2
251.409	13201.5
252.67	13205.8
253.928	13213.5
255.189	13220
256.447	13225.3
257.707	13230
258.966	13236.3
260.224	13245.2
261.483	13258
262.742	13273.9
263.999	13292.3
265.257	13311.5
266.514	13334.2
267.772	13356
269.028	13364.5
270.286	13367.9
271.543	13365.4
272.799	13409.6
274.056	13458.1
275.311	13493.3
276.568	13482
277.823	13472.6
279.079	13465.7
280.333	13461.8
281.589	13461.7
282.843	13494.1
284.099	13518.9
285.352	13548.4
286.607	13581.8
287.86	13603.1
289.114	13621
290.368	13638.2
291.621	13654.3
292.875	13668.9
294.127	13682
295.38	13694
296.632	13704.6
297.884	13714.2
299.137	13721.6
300.388	13722.7
301.641	13720.6
302.891	13718.4
304.142	13719.8
305.394	13723.7
306.644	13730.4
307.894	13738.2
309.146	13748.5
310.395	13760.5
311.645	13773.9
312.895	13788
314.144	13794.9
315.393	13798.5
316.642	13801.2
317.892	13807.9
319.14	13820
320.388	13832.1
321.637	13856.6
322.885	13882.1
324.132	13902.9
325.38	13909.9
326.628	13911.3
327.875	13928.1
329.122	13945.5
330.368	13959.7
331.614	13970
332.862	13975.2
334.108	13977.9
335.353	13978
336.599	13985.7
337.844	13991.7
339.089	14014.6
340.335	14045.3
341.58	14104.8
342.824	14155.3
344.068	14134.4
345.312	14108.6
346.556	14108.6
347.8	14117.2
349.043	14124.3
350.286	14130.8
351.53	14136.5
352.774	14141.7
354.016	14146.6
355.259	14164.2
356.501	14164.3
357.743	14153.1
358.985	14127.4
360.227	14128.7
361.468	14123.7
362.709	14166.9
363.95	14179.9
365.191	14161.6
366.432	14152.6
367.672	14131.4
368.912	14131
370.152	14133.8
371.392	14156.8
372.632	14178.9
373.871	14200.5
375.11	14216
376.348	14215
377.587	14215.8
378.825	14227.1
380.064	14239.1
381.302	14249.8
382.54	14261.7
383.778	14270.5
385.016	14270.5
386.253	14265.9
387.489	14256.7
388.726	14247.6
389.963	14260
391.199	14281.1
392.436	14355.3
393.672	14368.6
394.907	14380.3
396.142	14385.9
397.378	14386.4
398.614	14380.5
399.849	14372.7
401.082	14375.8
402.317	14392.3
403.552	14416.7
404.786	14438.4
406.019	14456.8
407.253	14468.6
408.487	14479.2
409.721	14482.8
410.953	14481.4
412.186	14479.1
413.419	14476.2
414.651	14477.2
415.883	14483.3
417.116	14492
418.347	14503.4
419.579	14518
420.811	14535.3
422.041	14555.7
423.272	14577.9
424.504	14595
425.733	14606.1
426.964	14584.2
428.194	14542
429.424	14541.2
430.654	14525.8
431.883	14580.4
433.113	14592.4
434.341	14593.6
435.571	14595.6
436.799	14597.8
438.028	14599.9
439.257	14600.7
440.484	14602.5
441.713	14612.4
442.94	14616.9
444.168	14632.3
445.394	14648
446.622	14646.9
447.848	14647.9
449.076	14650.7
450.301	14657.2
451.528	14665.6
452.754	14675.7
453.979	14687.9
455.205	14702.4
456.43	14719.3
457.656	14731.5
458.88	14722.7
460.106	14714.4
461.33	14707.3
462.554	14703.4
463.779	14696.9
465.002	14692.1
466.225	14689.1
467.45	14687.4
468.672	14687.9
469.895	14691.2
471.119	14699.7
472.341	14709.7
473.563	14719.6
474.786	14727.6
476.008	14729
477.229	14728.1
478.452	14716.2
479.673	14703.5
480.894	14682.8
482.115	14655.8
483.337	14693.3
484.557	14718.5
485.777	14710
486.997	14704.5
488.218	14699.2
489.438	14694.9
490.657	14689.6
491.876	14682.6
493.096	14672.8
494.315	14662
495.533	14649.7
496.752	14639.2
497.97	14632.5
499.188	14638.5
500.407	14644.1
501.625	14656.4
502.842	14676.1
504.059	14704.6
505.276	14761.9
506.493	14787.9
507.71	14799.9
508.926	14794.1
510.142	14753
511.358	14732
512.575	14735.4
513.791	14737
515.006	14741.5
516.222	14747.7
517.437	14762
518.651	14772.5
519.866	14775.6
521.081	14773.3
522.295	14769.9
523.509	14782.9
524.723	14808
525.937	14832.3
527.15	14849.2
528.363	14858.4
529.576	14852.8
530.789	14842.2
532.002	14833.8
533.215	14827.2
534.426	14828.1
535.638	14836.4
536.85	14854.6
538.061	14868.6
539.273	14881.6
540.484	14892.7
541.695	14904.6
542.906	14909.9
544.117	14912.2
545.327	14893.9
546.537	14878.2
547.747	14866.4
548.957	14858.6
550.167	14852.9
551.377	14853.9
552.585	14863
553.794	14878.4
555.003	14898.6
556.212	14914
557.421	14924.2
558.628	14921.6
559.836	14918.5
561.044	14909.6
562.252	14897.3
563.458	14882.8
564.666	14867.9
565.873	14853.4
567.08	14848.3
568.286	14854.3
569.493	14868.6
570.699	14878.6
571.904	14890.9
573.111	14897.5
574.317	14899.8
575.521	14899.3
576.727	14898.7
577.932	14899.3
579.136	14901.2
580.341	14905
581.544	14914.5
582.749	14923.7
583.954	14933.3
585.156	14943.2
586.361	14952.2
587.563	14960.4
588.767	14966.6
589.97	14970.2
591.172	14969.9
592.375	14970.5
593.577	14964.9
594.78	14953.5
595.981	14936.6
597.183	14919.8
598.384	14902
599.586	14880.3
600.786	14858.5
601.988	14859.1
603.188	14864
604.389	14866.6
605.589	14870
606.79	14879.2
607.989	14885.4
609.188	14879.4
610.389	14866.9
611.587	14857.1
612.787	14847.9
613.986	14841
615.184	14836.6
616.383	14835.8
617.581	14847.3
618.78	14846.1
619.977	14836.8
621.174	14815.7
622.373	14800.1
623.57	14784.5
624.766	14769.3
625.964	14758.6
627.16	14753.9
628.356	14763.9
629.554	14774.7
630.749	14778.9
631.945	14779.6
633.14	14774.4
634.337	14786.8
635.532	14739.1
636.726	14697.8
637.921	14665.8
639.117	14639.5
640.311	14651.8
641.505	14690.2
642.699	14717.7
643.892	14738.3
645.087	14752
646.28	14757.1
647.473	14732.8
648.666	14731.8
649.859	14727.7
651.051	14732.1
652.245	14753.2
653.437	14761.5
654.629	14760.4
655.821	14753.4
657.012	14745.5
658.204	14749.4
659.395	14757.8
660.586	14767.7
661.777	14780.7
662.967	14796.8
664.158	14815.3
665.349	14813.9
666.539	14804
667.729	14790.3
668.919	14780.8
670.109	14772.1
671.298	14768.7
672.487	14768.4
673.676	14771.5
674.865	14778.3
676.053	14788.2
677.242	14800.5
678.43	14814.5
679.616	14819
680.804	14805.2
681.992	14784.6
683.179	14755
684.366	14748.2
685.554	14745.9
686.74	14745.5
687.927	14748.1
689.114	14752.9
690.3	14750.6
691.486	14743.8
692.671	14729.9
693.856	14717.9
695.042	14708.1
696.227	14697.3
697.413	14686.7
698.598	14674.1
699.781	14672.9
700.966	14676.7
702.15	14675.5
703.334	14673.3
704.518	14671.6
705.701	14668.9
706.885	14665.3
708.068	14660.9
709.252	14654.5
710.433	14647.1
711.616	14638.8
712.799	14631.6
713.98	14622.9
715.163	14614.7
716.345	14610.6
717.527	14615.3
718.707	14625.2
719.889	14638.6
721.071	14652.7
722.25	14667.3
723.432	14683.1
724.611	14685
725.792	14676.1
726.972	14657.2
728.151	14647.3
729.332	14642.3
730.512	14642.2
731.69	14638
732.87	14635
734.048	14633.3
735.227	14633.5
736.405	14631.4
737.584	14635.5
738.761	14649.8
739.94	14672.6
741.117	14702.5
742.295	14743.3
743.471	14713
744.649	14689.2
745.825	14697.7
747.003	14716.2
748.179	14720.3
749.356	14718.4
750.531	14733.3
751.708	14742.5
752.883	14744.7
754.059	14721.9
755.234	14684.3
756.409	14609
757.585	14714.5
758.759	14720
759.934	14712.9
761.108	14716.2
762.282	14701.4
763.456	14668.7
764.63	14637.9
765.803	14611.4
766.977	14589.4
768.15	14574.8
769.323	14568.9
770.496	14567.4
771.668	14570.5
772.841	14582
774.014	14591.5
775.185	14584.7
776.357	14562.4
777.528	14524.2
778.701	14527
779.872	14522.4
781.042	14601.7
782.213	14504.7
783.383	14481.9
784.555	14451.1
785.725	14436.9
786.895	14448.7
788.064	14457.1
789.234	14462.6
790.404	14466.4
791.573	14468.5
792.742	14468.9
793.911	14467.7
795.08	14464.8
796.248	14460.5
797.416	14454.6
798.584	14447.4
799.753	14438.9
800.921	14428.8
802.088	14417.9
803.256	14410.3
804.423	14408.9
805.59	14412.8
806.756	14425.3
807.923	14435.8
809.089	14449.4
810.256	14463.4
811.422	14480.7
812.587	14481.3
813.753	14467.4
814.918	14442.3
816.084	14425.4
817.249	14408.6
818.414	14397.2
819.578	14396
820.743	14402.1
821.907	14407.8
823.072	14413.2
824.236	14417.7
825.399	14422
826.562	14426.9
827.725	14431.3
828.889	14435.3
830.052	14439.1
831.215	14442.5
832.377	14446
833.54	14453.1
834.701	14458.3
835.863	14462
837.025	14453.2
838.187	14445.4
839.349	14437.5
840.51	14431.5
841.67	14427.9
842.831	14426.4
843.992	14427.4
845.153	14430.5
846.312	14436
847.473	14435.7
848.633	14425.8
849.793	14416.1
850.951	14397.3
852.111	14371.1
853.27	14347.3
854.428	14334.1
855.588	14322.8
856.747	14319.6
857.904	14315
859.063	14309.9
860.221	14303.7
861.378	14296.8
862.536	14288.9
863.694	14280
864.85	14270
866.008	14251.3
867.164	14228.5
868.321	14213.7
869.478	14202.4
870.633	14194.1
871.79	14190.2
872.945	14190.8
874.101	14195.4
875.256	14203.7
876.412	14214.9
877.566	14219.5
878.722	14206.1
879.876	14134.6
881.031	14103.6
882.185	14076
883.34	14051.5
884.493	14033.9
885.647	14025.1
886.8	14022.6
887.954	14021.7
889.107	14022.8
890.261	14026.1
891.413	14030.4
892.565	14040.7
893.718	14049.7
894.87	14055.1
896.023	14055
897.174	14043
898.326	14013.9
899.478	14022
900.629	14024.5
901.779	14031.2
902.931	14036.8
904.081	14041.5
905.231	14045.3
906.383	14044.9
907.532	14044.7
908.682	14038.4
909.831	14031.2
910.982	14021
912.131	14011.9
913.28	14005.6
914.429	14010.1
915.578	14025.6
916.727	14047.1
917.875	14071.6
919.023	14104.3
920.171	14118.4
921.32	14103.4
922.467	14079
923.614	14052
924.761	14023
925.908	14005.9
927.055	13995.3
928.203	13992.3
929.349	14002.7
930.496	14011.3
931.642	14014.8
932.787	14014.4
933.933	14004.9
935.079	14000.9
936.224	13993.4
937.369	13994.3
938.514	14005.9
939.659	14033.2
940.804	14049.6
941.948	14051.4
943.092	14035.4
944.236	14007.3
945.38	13975
946.524	13936.3
947.667	13911.6
948.811	13899.8
949.954	13901.5
951.097	13913.8
952.24	13920.8
953.383	13916.7
954.525	13902.8
955.667	13873.4
956.81	13867.5
957.952	13855.3
959.093	13847.9
960.235	13856.6
961.376	13852.8
962.516	13854.6
963.658	13845.5
964.798	13820.2
965.939	13805.5
967.08	13801.1
968.22	13808.5
969.359	13811.3
970.499	13810.5
971.639	13798.9
972.779	13742.9
973.918	13749.1
975.056	13767.1
976.195	13786.6
977.334	13785.6
978.473	13788.9
979.61	13792.5
980.749	13795.5
981.887	13797.3
983.024	13796.8
984.162	13788.8
985.3	13775.1
986.437	13765.3
987.573	13755.1
988.711	13744.1
989.848	13734.2
990.983	13733.5
992.12	13734.7
993.255	13736
994.392	13737.2
995.528	13736.3
996.662	13735.1
997.798	13733.6
998.933	13731.1
1000.07	13728.3
1001.2	13722.9
1002.34	13724.7
1003.47	13743.9
1004.61	13786.9
1005.74	13803.6
1006.87	13790.3
1008.01	13764.2
1009.14	13741.7
1010.27	13748.4
1011.41	13760.8
1012.54	13766.8
1013.67	13770.5
1014.81	13773.5
1015.94	13773.7
1017.07	13770
1018.2	13763.3
1019.33	13753.2
1020.47	13739.2
1021.6	13713.9
1022.73	13695.9
1023.86	13682.3
1024.99	13664.3
1026.12	13649.3
1027.25	13643.2
1028.38	13645.5
1029.51	13657.1
1030.64	13666
1031.77	13656.8
1032.9	13635.1
1034.03	13611
1035.16	13590.7
1036.29	13567
1037.42	13536.1
1038.55	13511.1
1039.67	13511.2
1040.8	13513
1041.93	13510.9
1043.06	13517.4
1044.19	13516.4
1045.31	13517.8
1046.44	13493.3
1047.57	13471.4
1048.69	13450.5
1049.82	13471.2
1050.95	13478.8
1052.08	13478.5
1053.2	13450.7
1054.33	13439.8
1055.45	13428
1056.58	13420.1
1057.7	13411.8
1058.83	13399.8
1059.95	13383.9
1061.08	13373.6
1062.2	13362.3
1063.33	13351.4
1064.45	13340
1065.58	13329.2
1066.7	13312.3
1067.83	13289.8
1068.95	13299.8
1070.07	13316.2
1071.2	13331.4
1072.32	13347.2
1073.44	13355.8
1074.56	13356.4
1075.69	13356.7
1076.81	13353.1
1077.93	13345.8
1079.05	13343.5
1080.17	13351
1081.3	13359.5
1082.42	13358.1
1083.54	13362
1084.66	13352.7
1085.78	13352.3
1086.9	13351.5
1088.02	13352.9
1089.14	13360.7
1090.26	13369.1
1091.38	13373.1
1092.5	13372.7
1093.62	13368.1
1094.74	13359.3
1095.86	13346.3
1096.98	13329.3
1098.1	13308.8
1099.22	13293.9
1100.34	13279.8
1101.45	13276.7
1102.57	13284.2
1103.69	13301.3
1104.81	13318.4
1105.93	13330.8
1107.04	13341.4
1108.16	13340.3
1109.28	13333.4
1110.4	13323.7
1111.51	13298.6
1112.63	13273.1
1113.75	13258
1114.86	13239.4
1115.98	13230
1117.09	13227.8
1118.21	13234.5
1119.32	13206
1120.44	13170.6
1121.55	13148.5
1122.67	13129.4
1123.78	13118.2
1124.9	13120.2
1126.01	13118.5
1127.13	13113.8
1128.24	13106.7
1129.35	13093.5
1130.47	13075.3
1131.58	13055.6
1132.7	13033.6
1133.81	13010.2
1134.92	12988.2
1136.03	12977.3
1137.15	12971.4
1138.26	12972
1139.37	12969.5
1140.48	12967.3
1141.59	12951.7
1142.71	12938.4
1143.82	12915.9
1144.93	12901.1
1146.04	12883.9
1147.15	12873.7
1148.26	12873
1149.37	12869.8
1150.48	12864.7
1151.59	12854.4
1152.7	12842.7
1153.81	12831.4
1154.92	12820.2
1156.03	12816.1
1157.14	12813.6
1158.25	12813
1159.36	12814.8
1160.47	12818.5
1161.58	12824.7
1162.68	12826
1163.79	12818
1164.9	12806.1
1166.01	12792.5
1167.12	12775.1
1168.22	12773.6
1169.33	12772.1
1170.44	12778
1171.55	12782.4
1172.65	12788.1
1173.76	12786.6
1174.87	12794.9
1175.97	12802.7
1177.08	12779.2
1178.18	12756.1
1179.29	12735.3
1180.4	12714.6
1181.5	12714
1182.61	12727.6
1183.71	12744
1184.82	12758.2
1185.92	12773.2
1187.02	12783.8
1188.13	12790.8
1189.23	12794.8
1190.34	12795.2
1191.44	12792.9
1192.54	12788.6
1193.65	12782.9
1194.75	12776.2
1195.85	12767.9
1196.96	12760.3
1198.06	12758.3
1199.16	12761
1200.26	12764.1
1201.37	12767.8
1202.47	12771.8
1203.57	12776.1
1204.67	12780.5
1205.77	12785.2
1206.87	12789.5
1207.97	12772.2
1209.08	12754.1
1210.18	12726.6
1211.28	12713.2
1212.38	12705.1
1213.48	12701.2
1214.58	12701.3
1215.68	12698.2
1216.78	12695.4
1217.88	12693.7
1218.98	12691.1
1220.07	12688.4
1221.17	12685
1222.27	12680.2
1223.37	12671.8
1224.47	12661.7
1225.57	12650.7
1226.66	12645.3
1227.76	12634.8
1228.86	12611.9
1229.96	12593.2
1231.06	12575.5
1232.15	12563.5
1233.25	12564.4
1234.35	12568.9
1235.44	12574.6
1236.54	12583.6
1237.63	12587.4
1238.73	12572
1239.83	12555.8
1240.92	12536.9
1242.02	12516.4
1243.11	12503.1
1244.21	12496.8
1245.3	12490.6
1246.4	12488.9
1247.49	12489.5
1248.59	12487.8
1249.68	12487.2
1250.78	12480.1
1251.87	12465.8
1252.96	12445.3
1254.06	12429
1255.15	12417
1256.24	12409.4
1257.34	12414.7
1258.43	12420.5
1259.52	12424.9
1260.62	12426.4
1261.71	12424.8
1262.8	12419
1263.89	12413.5
1264.98	12395.7
1266.08	12383.6
1267.17	12382.2
1268.26	12383.5
1269.35	12411
1270.44	12456.8
1271.53	12483
1272.62	12458
1273.71	12406.3
1274.8	12394.7
1275.89	12388.8
1276.98	12388.9
1278.07	12391.8
1279.16	12411.9
1280.25	12411.9
1281.34	12403.3
1282.43	12396.3
1283.52	12380.2
1284.61	12368.8
1285.69	12366.2
1286.78	12367
1287.87	12374.6
1288.96	12387
1290.05	12401.9
1291.13	12413.6
1292.22	12421.8
1293.31	12426.6
1294.4	12429.2
1295.48	12429.2
1296.57	12426.3
1297.66	12420.3
1298.74	12410.1
1299.83	12395.4
1300.92	12388.8
1302	12386.9
1303.09	12392.9
1304.17	12400.7
1305.26	12405.8
1306.34	12406.6
1307.43	12399.8
1308.51	12388.6
1309.6	12372.1
1310.68	12356.4
1311.76	12340.1
1312.85	12332.9
1313.93	12332.2
1315.02	12331.2
1316.1	12328
1317.18	12323
1318.27	12317.5
1319.35	12311.6
1320.43	12307.7
1321.52	12307
1322.6	12307.1
1323.68	12306.2
1324.76	12304.2
1325.85	12299.8
1326.93	12292
1328.01	12274
1329.09	12241.2
1330.17	12219.7
1331.25	12205.7
1332.33	12207.8
1333.41	12216.4
1334.49	12229.4
1335.58	12237.6
1336.65	12234.2
1337.74	12226.6
1338.82	12216
1339.89	12202.6
1340.97	12188.3
1342.05	12173
1343.13	12159.8
1344.21	12147.9
1345.29	12139.8
1346.37	12135.2
1347.45	12134.3
1348.53	12136.2
1349.6	12141.2
1350.68	12148.6
1351.76	12154.9
1352.84	12156
1353.92	12144.5
1354.99	12131.2
1356.07	12136.8
1357.15	12163.1
1358.22	12187.9
1359.3	12169.1
1360.38	12134.2
1361.45	12113.9
1362.53	12102
1363.61	12108.4
1364.68	12114.3
1365.76	12123.8
1366.83	12135.6
1367.91	12148.8
1368.98	12151.4
1370.06	12143.2
1371.13	12128.7
1372.21	12112.4
1373.28	12092.1
1374.35	12078.9
1375.43	12070.5
1376.5	12069
1377.58	12069.5
1378.65	12070.3
1379.72	12072.2
1380.8	12074.1
1381.87	12080.2
1382.94	12089.5
1384.01	12092.8
1385.09	12079
1386.16	12056
1387.23	12042.7
1388.3	12032.5
1389.38	12029
1390.45	12031.6
1391.52	12032.8
1392.59	12035.7
1393.66	12035.2
1393.92	12034.1
1395	12031.7
1396.07	12026.6
1397.15	12016.8
1398.22	12006.2
1399.3	11997.9
1400.38	11992.7
1401.45	11986.3
1402.53	11974
1403.6	11957.9
1404.68	11937.2
1405.75	11915.4
1406.82	11895.3
1407.9	11883.9
1408.97	11880.1
1410.05	11884.4
1411.12	11897.2
1412.19	11902.8
1413.27	11903.3
1414.34	11898.6
1415.41	11885
1416.49	11876.5
1417.56	11870.5
1418.63	11867.2
1419.7	11865.6
1420.78	11867.1
1421.85	11870.9
1422.92	11877.3
1423.99	11884.9
1425.06	11875.6
1426.14	11872.6
1427.21	11866.2
1428.28	11854.1
1429.35	11848.5
1430.42	11852.2
1431.49	11837.7
1432.56	11826.9
1433.63	11796.7
1434.7	11773.6
1435.77	11759.4
1436.84	11769
1437.91	11793
1438.98	11800.1
1440.05	11803.4
1441.12	11810
1442.18	11802.3
1443.25	11789.5
1444.32	11782.8
1445.39	11791.6
1446.46	11792.8
1447.53	11784.4
1448.59	11769.2
1449.66	11750.7
1450.73	11732.7
1451.8	11724.5
1452.86	11718.4
1453.93	11713.4
1455	11708.9
1456.06	11705.4
1457.13	11704.1
1458.2	11706.5
1459.26	11714.6
1460.33	11723.5
1461.39	11730.2
1462.46	11726.2
1463.52	11711
1464.59	11703.8
1465.65	11698.3
1466.72	11694.5
1467.78	11691.7
1468.85	11688.7
1469.91	11686.5
1470.98	11676.5
1472.04	11668.5
1473.1	11668.6
1474.17	11677.2
1475.23	11686.3
1476.3	11689.6
1477.36	11689.8
1478.42	11685.8
1479.48	11679.6
1480.55	11672.2
1481.61	11666.2
1482.67	11655
1483.73	11648
1484.8	11647.2
1485.86	11653.5
1486.92	11662.1
1487.98	11666.8
1489.04	11666.6
1490.1	11661
1491.17	11650.4
1492.23	11634.2
1493.29	11614.4
1494.35	11601.1
1495.41	11591.2
1496.47	11586
1497.53	11585.6
1498.59	11581.4
1499.65	11576.1
1500.71	11570.4
1501.77	11565
1502.83	11559.7
1503.88	11554
1504.94	11547.9
1506	11541.1
1507.06	11533.5
1508.12	11525.4
1509.18	11515
1510.23	11503.5
1511.29	11490.8
1512.35	11477.8
1513.41	11466.3
1514.47	11455.9
1515.52	11454
1516.58	11452.6
1517.64	11454.2
1518.69	11460.1
1519.75	11461.8
1520.81	11459
1521.86	11452.5
1522.92	11442.7
1523.97	11429.3
1525.03	11413.6
1526.08	11396.7
1527.14	11379.6
1528.2	11368.1
1529.25	11353
1530.31	11337.6
1531.36	11337.8
1532.42	11342.2
1533.47	11345.2
1534.52	11347.6
1535.58	11348.9
1536.63	11351
1537.69	11353.5
1538.74	11356.1
1539.79	11357.3
1540.84	11353.4
1541.9	11335.9
1542.95	11316.5
1544	11294
1545.06	11276
1546.11	11275.7
1547.16	11286.6
1548.21	11305.8
1549.27	11311.6
1550.32	11313.7
1551.37	11309.1
1552.42	11298.7
1553.47	11286.8
1554.52	11266.9
1555.57	11284.1
1556.62	11306.3
1557.67	11304
1558.72	11283.8
1559.77	11279.4
1560.82	11272.1
1561.87	11267.6
1562.92	11262.6
1563.97	11265
1565.02	11265.5
1566.07	11265.2
1567.12	11263.6
1568.17	11259.4
1569.22	11255.5
1570.27	11252.6
1571.32	11250
1572.36	11248
1573.41	11246.1
1574.46	11244
1575.51	11242.1
1576.56	11239.3
1577.6	11235.4
1578.65	11228.6
1579.7	11219.3
1580.74	11207.8
1581.79	11197.7
1582.84	11222.1
1583.88	11223.8
1584.93	11215.2
1585.98	11197.6
1587.02	11185.5
1588.07	11186.6
1589.11	11191.9
1590.16	11199.6
1591.2	11205.2
1592.25	11197.5
1593.29	11171.8
1594.34	11156.7
1595.38	11140.7
1596.43	11127.6
1597.47	11118.1
1598.52	11112.7
1599.56	11108.5
1600.6	11104.2
1601.65	11099.1
1602.69	11088.5
1603.73	11078.7
1604.78	11070.5
1605.82	11061.9
1606.86	11053.1
1607.91	11044.1
1608.95	11034.8
1609.99	11025.4
1611.03	11015.5
1612.08	11005
1613.12	10994.5
1614.16	10984.7
1615.2	10980.2
1616.24	10983.7
1617.28	10981.6
1618.32	10976.1
1619.36	10971.3
1620.41	10957.3
1621.45	10940
1622.49	10925.3
1623.53	10911.7
1624.57	10897.6
1625.61	10883.6
1626.65	10869.9
1627.69	10856.8
1628.73	10844
1629.76	10833
1630.8	10826.4
1631.84	10827.9
1632.88	10831.7
1633.92	10834.5
1634.96	10832.7
1636	10826.3
1637.03	10815.4
1638.07	10803.7
1639.11	10796.8
1640.15	10789.9
1641.19	10779.9
1642.22	10769.1
1643.26	10757.7
1644.3	10746.1
1645.33	10727.4
1646.37	10717.3
1647.41	10714.4
1648.44	10718.3
1649.48	10729.5
1650.52	10736.3
1651.55	10726.2
1652.59	10699.7
1653.62	10686.4
1654.66	10674.3
1655.69	10664.1
1656.73	10661.7
1657.76	10663.9
1658.8	10670.1
1659.83	10677.4
1660.87	10685.1
1661.9	10690.7
1662.93	10689.5
1663.97	10690
1665	10688.6
1666.04	10685.4
1667.07	10680
1668.1	10672.7
1669.14	10662.2
1670.17	10647
1671.2	10630.9
1672.23	10620.3
1673.27	10614.5
1674.3	10613.7
1675.33	10609.6
1676.36	10603.7
1677.39	10598.7
1678.43	10593.3
1679.46	10587.4
1680.49	10581.1
1681.52	10574.6
1682.55	10567.8
1683.58	10560.2
1684.61	10552.3
1685.64	10543.2
1686.67	10534.6
1687.7	10532.4
1688.73	10531
1689.76	10526.8
1690.79	10520.6
1691.82	10512.7
1692.85	10504.3
1693.88	10493.4
1694.91	10481.5
1695.94	10473.4
1696.97	10467.6
1698	10467.6
1699.02	10466.5
1700.05	10481.2
1701.08	10467.4
1702.11	10449
1703.14	10430.5
1704.16	10420.6
1705.19	10418.3
1706.22	10422.6
1707.25	10425.8
1708.27	10420.1
1709.3	10414.3
1710.33	10408
1711.35	10399.9
1712.38	10391.8
1713.41	10382.5
1714.43	10372.8
1715.46	10364.8
1716.48	10351.8
1717.51	10336.7
1718.53	10320.7
1719.56	10307.7
1720.58	10298.4
1721.61	10292.5
1722.63	10289.7
1723.66	10289.5
1724.68	10297.1
1725.71	10295.3
1726.73	10288.1
1727.75	10275
1728.78	10256.4
1729.8	10235.8
1730.83	10229.7
1731.85	10227.4
1732.87	10230.8
1733.89	10233.9
1734.92	10236.4
1735.94	10235.1
1736.96	10227.2
1737.98	10217.8
1739.01	10207.1
1740.03	10193.4
1741.05	10176.9
1742.07	10159.1
1743.09	10142.5
1744.12	10128.8
1745.14	10119
1746.16	10118.2
1747.18	10122.2
1748.2	10122.1
1749.22	10116.7
1750.24	10110.1
1751.26	10091.7
1752.28	10086.5
1753.3	10088.1
1754.32	10091.9
1755.34	10087.8
1756.36	10085.4
1757.38	10080
1758.4	10071.7
1759.42	10062.6
1760.44	10053.1
1761.45	10043.6
1762.47	10038.7
1763.49	10039.2
1764.51	10037.7
1765.53	10037.3
1766.55	10035.8
1767.56	10034.2
1768.58	10029.1
1769.6	10025
1770.61	10014.4
1771.63	10000.6
1772.65	9984.49
1773.67	9967.23
1774.68	9954.53
1775.7	9943.48
1776.72	9940.2
1777.73	9935.42
1778.75	9933.21
1779.76	9930.55
1780.78	9924.12
1781.79	9911.38
1782.81	9904.3
1783.83	9901.52
1784.84	9910.31
1785.85	9917.03
1786.87	9915.67
1787.88	9911.77
1788.9	9905.18
1789.91	9897.18
1790.93	9888.04
1791.94	9877.92
1792.95	9867
1793.97	9855.11
1794.98	9842.36
1796	9828.58
1797.01	9816.06
1798.02	9806.73
1799.03	9810.73
1800.05	9821
1801.06	9820.24
1802.07	9809.13
1803.08	9790.36
1804.1	9780.34
1805.11	9766.4
1806.12	9760.03
1807.13	9762.03
1808.14	9758.5
1809.15	9750.97
1810.17	9736.8
1811.18	9720.64
1812.19	9704.66
1813.2	9691.67
1814.21	9679.21
1815.22	9668.07
1816.23	9658.42
1817.24	9649.97
1818.25	9643.43
1819.26	9638.36
1820.27	9634.43
1821.28	9631.42
1822.29	9606.02
1823.3	9598.88
1824.3	9597.05
1825.31	9596.34
1826.32	9596.44
1827.33	9599.89
1828.34	9601.07
1829.35	9599.27
1830.35	9577.42
1831.36	9552.99
1832.37	9529.05
1833.38	9506.29
1834.38	9486.93
1835.39	9472.57
1836.4	9462.26
1837.41	9455.56
1838.41	9453.67
1839.42	9455.78
1840.43	9462.3
1841.43	9472.23
1842.44	9480.39
1843.44	9479.72
1844.45	9462.91
1845.46	9449.82
1846.46	9436.52
1847.47	9421.51
1848.47	9410.7
1849.48	9401.15
1850.48	9391.97
1851.49	9386.52
1852.49	9382.97
1853.49	9381.01
1854.5	9370.25
1855.5	9349.89
1856.51	9333.07
1857.51	9320.38
1858.51	9311.87
1859.52	9307.85
1860.52	9307.89
1861.52	9312.53
1862.53	9327.39
1863.53	9340.15
1864.53	9329.2
1865.54	9304.76
1866.54	9260.85
1867.54	9286.34
1868.54	9280.27
1869.54	9271.94
1870.55	9260.41
1871.55	9246.63
1872.55	9236.28
1873.55	9221.87
1874.55	9217.46
1875.55	9215.7
1876.55	9215.15
1877.55	9215.33
1878.55	9216
1879.55	9208.18
1880.56	9199.85
1881.55	9192.39
1882.56	9185.4
1883.55	9179.11
1884.55	9173.49
1885.55	9169.19
1886.55	9165.62
1887.55	9163.24
1888.55	9161.55
1889.55	9160.25
1890.55	9158.45
1891.55	9150.63
1892.55	9142.59
1893.54	9126.57
1894.54	9110.95
1895.54	9095.34
1896.54	9080.15
1897.54	9062.39
1898.53	9045.17
1899.53	9028.14
1900.53	9015.02
1901.52	9034.98
1902.52	9054.63
1903.52	9060.08
1904.51	9060.7
1905.51	9026.14
1906.51	9009.93
1907.5	8996.12
1908.5	8985.38
1909.49	8978.4
1910.49	8975.13
1911.49	8972.88
1912.48	8969.82
1913.48	8966.67
1914.47	8963.84
1915.46	8960.61
1916.46	8956.43
1917.45	8951
1918.45	8943.04
1919.44	8932.35
1920.44	8920.25
1921.43	8900.41
1922.43	8883.1
1923.42	8866.88
1924.41	8857.58
1925.41	8855.98
1926.4	8849.39
1927.39	8843.99
1928.38	8837.82
1929.38	8830.59
1930.37	8821.78
1931.36	8811.06
1932.35	8798.64
1933.35	8784.84
1934.34	8770.47
1935.33	8757.34
1936.32	8746.81
1937.31	8744.04
1938.3	8751.25
1939.29	8750.72
1940.29	8737.92
1941.28	8720.89
1942.27	8701.97
1943.26	8687.87
1944.25	8680.69
1945.24	8677.08
1946.23	8674.07
1947.22	8675.28
1948.21	8669.03
1949.2	8648.19
1950.19	8624.35
1951.18	8608.07
1952.17	8598.23
1953.16	8602.31
1954.14	8613.11
1955.13	8619.69
1956.12	8629.31
1957.11	8629.16
1958.1	8615.71
1959.09	8594.31
1960.07	8566.43
1961.06	8534.38
1962.05	8518.66
1963.04	8518.49
1964.02	8519.54
1965.01	8521.5
1966	8524.36
1966.99	8522.96
1967.97	8516.66
1968.96	8509.57
1969.95	8501.13
1970.93	8490.5
1971.92	8480.94
1972.9	8486.08
1973.89	8484.76
1974.88	8489.9
1975.86	8473.35
1976.85	8439.49
1977.83	8444.55
1978.82	8455.89
1979.8	8459.16
1980.79	8451.1
1981.77	8412.15
1982.76	8397
1983.74	8384.27
1984.72	8375.7
1985.71	8367.51
1986.69	8365.76
1987.67	8362.47
1988.66	8357.71
1989.64	8351.65
1990.62	8343.7
1991.61	8336.27
1992.59	8328.94
1993.57	8320.98
1994.56	8312.68
1995.54	8303.9
1996.52	8294.75
1997.5	8284.27
1998.49	8271.29
1999.47	8260.2
2000.45	8254.7
2001.43	8256.74
2002.41	8256
2003.39	8254.68
2004.38	8254.8
2005.36	8252.46
2006.34	8242.42
2007.32	8222.21
2008.3	8201.88
2009.28	8191.34
2010.26	8189.15
2011.24	8190.54
2012.22	8189.92
2013.2	8192.79
2014.18	8194.18
2015.16	8192
2016.14	8186.42
2017.12	8178.49
2018.1	8167.45
2019.07	8153.32
2020.05	8136.19
2021.03	8115.82
2022.01	8093.28
2022.99	8072.53
2023.97	8053.97
2024.95	8040.44
2025.92	8039.36
2026.9	8042.43
2027.88	8052.69
2028.86	8067.22
2029.83	8064.84
2030.81	8048.99
2031.79	8007.72
2032.76	7981.88
2033.74	7956.38
2034.72	7948.9
2035.69	7985.91
2036.67	7974.69
2037.65	7970.47
2038.62	7970.52
2039.6	7970.96
2040.57	7965.16
2041.55	7956.86
2042.52	7946.28
2043.5	7937.47
2044.47	7937.84
2045.45	7939.93
2046.42	7943.55
2047.4	7940.22
2048.37	7931.94
2049.35	7916.78
2050.32	7897.14
2051.29	7886.26
2052.27	7874.75
2053.24	7863
2054.21	7852.55
2055.19	7850.33
2056.16	7843.03
2057.13	7830.41
2058.11	7808.76
2059.08	7790.03
2060.05	7781.91
2061.02	7785.79
2062	7789.76
2062.97	7789.97
2063.94	7789.17
2064.91	7787.3
2065.89	7777.73
2066.86	7764.47
2067.83	7750.09
2068.8	7734.22
2069.77	7717.18
2070.74	7698.36
2071.71	7680.47
2072.68	7663.21
2073.65	7649.14
2074.62	7644.97
2075.59	7643.43
2076.56	7654.28
2077.53	7661.22
2078.5	7666.73
2079.47	7667.4
2080.44	7658.8
2081.41	7647.16
2082.38	7632.2
2083.35	7615.8
2084.32	7598.62
2085.29	7584.94
2086.26	7580
2087.23	7575.62
2088.19	7571.88
2089.16	7568.3
2090.13	7562.34
2091.1	7557.25
2092.07	7552.06
2093.03	7546.98
2094	7541.64
2094.97	7535.83
2095.94	7529.85
2096.9	7519.2
2097.87	7507.12
2098.84	7493.83
2099.8	7480.8
2100.77	7469.12
2101.74	7456.96
2102.7	7445.03
2103.67	7433.14
2104.63	7421.46
2105.6	7410.08
2106.56	7399.53
2107.53	7395.53
2108.49	7400.16
2109.46	7405.57
2110.42	7401.74
2111.39	7395.83
2112.35	7387.32
2113.32	7378.21
2114.28	7369.2
2115.25	7359.06
2116.21	7348.12
2117.17	7336.57
2118.14	7325.1
2119.1	7314.17
2120.07	7305.7
2121.03	7298.03
2121.99	7292.48
2122.96	7288.71
2123.92	7285.97
2124.88	7283.62
2125.84	7280.02
2126.81	7274.78
2127.77	7269.03
2128.73	7262.58
2129.69	7255.29
2130.65	7246.75
2131.62	7236.67
2132.58	7224.83
2133.54	7213.37
2134.5	7213.87
2135.46	7218.52
2136.42	7220.11
2137.38	7217.16
2138.34	7212.73
2139.3	7202.8
2140.26	7189.01
2141.22	7173.19
2142.18	7155.87
2143.14	7138.64
2144.1	7127.81
2145.06	7124.42
2146.02	7117.72
2146.98	7113.79
2147.94	7100.28
2148.9	7092.22
2149.86	7081.39
2150.82	7078.72
2151.78	7079.79
2152.74	7079.46
2153.69	7074.89
2154.65	7067.69
2155.61	7058.1
2156.57	7046.16
2157.53	7032.34
2158.48	7016.46
2159.44	6999.47
2160.4	6999.75
2161.36	6993.89
2162.31	6982.93
2163.27	6967.33
2164.23	6952.4
2165.18	6939
2166.14	6928.14
2167.1	6918.08
2168.05	6909.06
2169.01	6900.35
2169.96	6891.82
2170.92	6883.34
2171.88	6874.24
2172.83	6865.1
2173.79	6855.19
2174.74	6846.03
2175.7	6836.94
2176.65	6828.34
2177.6	6819.53
2178.56	6810.46
2179.51	6800.92
2180.47	6790.16
2181.42	6779.16
2182.38	6763.21
2183.33	6747.22
2184.28	6738.44
2185.24	6733.79
2186.19	6732.44
2187.14	6727.37
2188.1	6724.98
2189.05	6721.86
2190	6718.59
2190.96	6714.79
2191.91	6710.03
2192.86	6703.56
2193.81	6683.56
2194.76	6655.59
2195.72	6656.48
2196.67	6660.88
2197.62	6668.37
2198.57	6671.79
2199.52	6656.06
2200.47	6633.89
2201.43	6610.21
2202.38	6582.08
2203.33	6605.72
2204.28	6610.1
2205.23	6608.5
2206.18	6596.89
2207.13	6583.35
2208.08	6566.72
2209.03	6548.5
2209.98	6535.22
2210.93	6524.44
2211.88	6515.77
2212.83	6509.73
2213.78	6505.96
2214.73	6505.06
2215.67	6506.63
2216.62	6509.99
2217.57	6514
2218.52	6515.16
2219.47	6511.5
2220.42	6506.5
2221.37	6493.74
2222.31	6486.43
2223.26	6481.41
2224.21	6481.82
2225.16	6480.26
2226.1	6476.04
2227.05	6471.26
2228	6467.59
2228.94	6460.88
2229.89	6446.16
2230.84	6427.58
2231.78	6415.28
2232.73	6409.62
2233.68	6405.68
2234.62	6399.11
2235.57	6394.24
2236.51	6387.51
2237.46	6380.93
2238.41	6374.22
2239.35	6366.51
2240.3	6379.69
2241.24	6357.11
2242.19	6357.2
2243.13	6359.57
2244.07	6362.66
2245.02	6365.54
2245.96	6365.92
2246.91	6362.98
2247.85	6355.23
2248.8	6342.02
2249.74	6335.4
2250.68	6331.25
2251.63	6326.28
2252.57	6326.25
2253.51	6321.41
2254.46	6316.02
2255.4	6310.38
2256.34	6304.62
2257.28	6306.46
2258.23	6316.72
2259.17	6316.74
2260.11	6308.95
2261.05	6300.82
2262	6297.04
2262.94	6292.55
2263.88	6291.32
2264.82	6295.98
2265.76	6298.1
2266.7	6296.77
2267.64	6283.15
2268.58	6278.38
2269.53	6274.46
2270.47	6267.52
2271.41	6260.84
2272.35	6257.6
2273.29	6258.96
2274.23	6261.43
2275.17	6260.73
2276.11	6261
2277.05	6259.47
2277.99	6256.11
2278.93	6252.4
2279.86	6242.48
2280.8	6235.29
2281.74	6235.94
2282.68	6238.3
2283.62	6238.2
2284.56	6234.79
2285.5	6231.52
2286.44	6229.35
2287.37	6227.4
2288.31	6219.42
2289.25	6214.01
2290.19	6216.05
2291.12	6219.6
2292.06	6221.9
2293	6222.6
2293.94	6219.24
2294.87	6212.86
2295.81	6205.8
2296.75	6198.4
2297.68	6190.9
2298.62	6189.52
2299.55	6191.89
2300.49	6185.82
2301.43	6180.79
2302.36	6174.73
2303.3	6164.36
2304.23	6149.89
2305.17	6134.77
2306.1	6121.7
2307.04	6111.11
2307.98	6107.72
2308.91	6108.13
2309.84	6110.36
2310.78	6113.82
2311.71	6113.83
2312.65	6109.98
2313.58	6103.03
2314.52	6096.75
2315.45	6098.12
2316.38	6102.85
2317.32	6109.54
2317.72	6113.32
2318.66	6106.91
2319.6	6099.08
2320.54	6064.38
2321.48	6049.05
2322.41	6062.41
2323.35	6059.43
2324.29	6054.28
2325.23	6049.81
2326.16	6045.63
2327.1	6041.66
2328.04	6036.49
2328.97	6031.19
2329.91	6025.38
2330.85	6018.9
2331.78	6011.83
2332.72	6003.96
2333.66	5995.73
2334.59	5981.65
2335.53	5966.05
2336.46	5951.81
2337.4	5939.95
2338.33	5934.72
2339.27	5944.39
2340.2	5949.29
2341.14	5953.01
2342.07	5954.51
2343.01	5951.28
2343.94	5946.31
2344.88	5939.29
2345.81	5931.21
2346.75	5922.63
2347.68	5913.97
2348.61	5908.95
2349.55	5904.02
2350.48	5901.12
2351.41	5900.71
2352.35	5903.06
2353.28	5912.43
2354.21	5925.59
2355.15	5916.42
2356.08	5890.89
2357.01	5862.86
2357.94	5838.59
2358.88	5837.01
2359.81	5829.7
2360.74	5827.44
2361.67	5827.44
2362.6	5830.43
2363.54	5832.69
2364.47	5829.82
2365.4	5824.99
2366.33	5817.76
2367.26	5811.2
2368.19	5804.2
2369.12	5796.45
2370.05	5787.78
2370.98	5778.59
2371.91	5769.05
2372.84	5759.97
2373.77	5758.06
2374.7	5764.43
2375.63	5764.47
2376.56	5766.49
2377.49	5767.61
2378.42	5765.69
2379.35	5767.75
2380.28	5769.74
2381.21	5772.01
2382.14	5774.28
2383.07	5776.91
2384	5779.04
2384.92	5774.29
2385.85	5768.19
2386.78	5751.9
2387.71	5734.89
2388.64	5719.69
2389.56	5710.85
2390.49	5690.68
2391.42	5692.39
2392.35	5707.04
2393.27	5720.92
2394.2	5727.47
2395.13	5696.01
2396.05	5638.55
2396.98	5657.6
2397.91	5678.81
2398.83	5690.22
2399.76	5690.86
2400.69	5679.86
2401.61	5674.56
2402.54	5669.17
2403.46	5663.78
2404.39	5658.96
2405.31	5654.99
2406.24	5651.63
2407.17	5649.07
2408.09	5642.37
2409.01	5628.74
2409.94	5618.32
2410.86	5609.41
2411.79	5601.76
2412.71	5594.99
2413.64	5596.15
2414.56	5596.31
2415.49	5597.43
2416.41	5596.71
2417.33	5595.4
2418.26	5593.46
2419.18	5593.66
2420.1	5593.14
2421.03	5591.77
2421.95	5588.85
2422.87	5582.65
2423.79	5575.37
2424.72	5566.12
2425.64	5555.17
2426.56	5542.75
2427.48	5531.23
2428.41	5529.63
2429.33	5519.96
2430.25	5510.35
2431.17	5499.59
2432.09	5488.4
2433.01	5483.41
2433.93	5482.33
2434.86	5483.08
2435.78	5483.79
2436.7	5484.88
2437.62	5483.87
2438.54	5477.24
2439.46	5470.23
2440.38	5461.67
2441.3	5450.96
2442.22	5439.43
2443.14	5430.03
2444.06	5422.33
2444.98	5417.48
2445.9	5412.98
2446.82	5407.76
2447.73	5403.18
2448.65	5399.78
2449.57	5398.17
2450.49	5412.98
2451.41	5425.8
2452.33	5397.95
2453.25	5362.17
2454.17	5328.98
2455.08	5335.18
2456	5351.14
2456.92	5372.53
2457.84	5360.64
2458.75	5352.89
2459.67	5343.76
2460.59	5332.97
2461.51	5321.84
2462.42	5311.02
2463.34	5300.99
2464.26	5291.57
2465.17	5282.72
2466.09	5275.14
2467	5268.93
2467.92	5264.39
2468.84	5261.61
2469.75	5260.74
2470.67	5261.8
2471.58	5264.73
2472.5	5264.06
2473.42	5254.57
2474.33	5245.04
2475.25	5234.99
2476.16	5238.85
2477.08	5238.73
2477.99	5233.11
2478.9	5223.45
2479.82	5212.45
2480.73	5205.3
2481.65	5204.97
2482.56	5201.26
2483.47	5199
2484.39	5197.78
2485.3	5197.33
2486.22	5199.25
2487.13	5204.29
2488.04	5209.25
2488.96	5213.81
2489.87	5217.21
2490.78	5213.3
2491.69	5198.23
2492.61	5185.62
2493.52	5171.27
2494.43	5159.2
2495.34	5153.45
2496.25	5153.13
2497.17	5152.54
2498.08	5159.34
2498.99	5162.62
2499.9	5150.18
2500.81	5135.06
2501.72	5120.85
2502.63	5105.11
2503.55	5102.82
2504.46	5110.97
2505.37	5137.13
2506.28	5150.32
2507.19	5131.06
2508.1	5107.48
2509.01	5097.42
2509.92	5098.71
2510.83	5093.07
2511.74	5095.69
2512.65	5098.33
2513.56	5099.72
2514.47	5099.55
2515.37	5098.6
2516.28	5096.59
2517.19	5093.66
2518.1	5089.46
2519.01	5084.59
2519.92	5078.48
2520.83	5071.64
2521.73	5063.44
2522.64	5053.4
2523.55	5040.75
2524.46	5019.51
2525.37	5004.46
2526.27	4990.05
2527.18	4981.98
2528.09	4988.78
2529	4995.99
2529.9	5008.48
2530.81	5016.43
2531.72	5019.55
2532.62	5017.55
2533.53	5009.2
2534.44	5002.3
2535.34	4998.63
2536.25	4995.68
2537.15	4990.1
2538.06	4982.36
2538.96	4973.01
2539.87	4964.72
2540.78	4955.49
2541.68	4951.82
2542.59	4957.49
2543.49	4958.15
2544.4	4956.78
2545.3	4948.1
2546.21	4941.55
2547.11	4928.73
2548.01	4916.33
2548.92	4911.96
2549.82	4908.24
2550.73	4905.77
2551.63	4904.21
2552.53	4894.26
2553.44	4884.41
2554.34	4875.07
2555.24	4866.09
2556.15	4857.95
2557.05	4849.44
2557.95	4853.03
2558.86	4861.25
2559.76	4894.37
2560.66	4909.94
2561.56	4899.03
2562.46	4865.26
2563.37	4850.09
2564.27	4835.1
2565.17	4831.62
2566.07	4834.09
2566.97	4838.11
2567.88	4842.86
2568.78	4843.19
2569.68	4839.32
2570.58	4832.79
2571.48	4818.63
2572.38	4801.91
2573.28	4782.88
2574.18	4765.04
2575.08	4755.95
2575.98	4749.72
2576.88	4746.4
2577.78	4745.86
2578.68	4747.22
2579.58	4751.88
2580.48	4750.32
2581.38	4743.57
2582.28	4735.9
2583.18	4728.82
2584.08	4720.45
2584.98	4724.52
2585.88	4727.23
2586.77	4728.15
2587.67	4727.09
2588.57	4724.49
2589.47	4712.02
2590.37	4698.06
2591.27	4683.73
2592.16	4675.69
2593.06	4669.28
2593.96	4665.69
2594.86	4664.67
2595.75	4665.67
2596.65	4668.35
2597.55	4672.51
2598.45	4670.17
2599.34	4664.7
2600.24	4656.53
2601.13	4646.64
2602.03	4634.6
2602.93	4620.9
2603.82	4613.46
2604.72	4615.25
2605.62	4613.43
2606.51	4611.19
2607.41	4608.58
2608.3	4606.65
2609.2	4604.85
2610.09	4603.79
2610.99	4592.59
2611.88	4580.91
2612.78	4574.93
2613.67	4573.16
2614.57	4566.46
2615.46	4559.6
2616.36	4551.29
2617.25	4543.74
2618.14	4537.45
2619.04	4532.72
2619.93	4529.2
2620.83	4526.84
2621.72	4526.08
2622.61	4526.27
2623.5	4527.06
2624.4	4525.39
2625.29	4517.82
2626.18	4510.33
2627.08	4505.19
2627.97	4501.53
2628.86	4499.57
2629.75	4499.44
2630.65	4500.54
2631.54	4494.41
2632.43	4488.67
2633.32	4480.01
2634.21	4472.55
2635.11	4466.9
2636	4462.37
2636.89	4458.46
2637.78	4456.28
2638.67	4454.6
2639.56	4453.17
2640.45	4447.77
2641.34	4435.28
2642.23	4422.15
2643.12	4408.85
2644.01	4395.77
2644.9	4383.37
2645.79	4371.33
2646.68	4361.02
2647.57	4355.14
2648.46	4352.08
2649.35	4353.32
2650.24	4356.21
2651.13	4357.76
2652.02	4357.75
2652.91	4353.65
2653.8	4347.27
2654.69	4337.91
2655.58	4326.92
2656.46	4323.16
2657.35	4320.46
2658.24	4319
2659.13	4318.64
2660.02	4318.69
2660.9	4320.12
2661.79	4316.71
2662.68	4313.12
2663.57	4295.33
2664.45	4271.78
2665.34	4274.44
2666.23	4280
2667.11	4284.12
2668	4298.81
2668.89	4297.8
2669.77	4283.9
2670.66	4269.34
2671.55	4257.19
2672.43	4245.76
2673.32	4240.49
2674.21	4244.72
2675.09	4259.64
2675.98	4264.97
2676.86	4270.55
2677.75	4269.64
2678.63	4223.94
2679.52	4217.52
2680.4	4213.13
2681.29	4209.59
2682.17	4207.15
2683.06	4205.09
2683.94	4195.2
2684.82	4186.55
2685.71	4179.38
2686.59	4173.5
2687.48	4168.87
2688.36	4166.04
2689.24	4164.74
2690.13	4164.89
2691.01	4165.6
2691.89	4160.2
2692.78	4149.38
2693.66	4138.08
2694.54	4125.63
2695.43	4111.71
2696.31	4096.49
2697.19	4083.64
2698.07	4078.64
2698.96	4080.21
2699.84	4082.36
2700.72	4084.45
2701.6	4086.98
2702.48	4085.15
2703.36	4076.72
2704.25	4066.34
2705.13	4052.85
2706.01	4038.21
2706.89	4026.84
2707.77	4021.16
2708.65	4028.15
2709.53	4037.43
2710.41	4046.26
2711.29	4052.05
2712.17	4056.94
2713.05	4056.95
2713.93	4055.2
2714.81	4051.23
2715.69	4045.09
2716.57	4036.81
2717.45	4026.18
2718.33	4014.32
2719.21	4004.18
2720.09	3994.9
2720.97	3991.06
2721.85	3993.49
2722.73	4001.39
2723.61	4007.07
2724.48	4003.18
2725.36	3998.63
2726.24	3993.65
2727.12	3988.45
2728	3983.99
2728.88	3979.06
2729.75	3977.51
2730.63	3974.52
2731.51	3970.89
2732.39	3966.29
2733.26	3960.99
2734.14	3955.23
2735.02	3949.2
2735.89	3943.05
2736.77	3936.64
2737.65	3930
2738.52	3923.11
2739.4	3915.6
2740.28	3908.01
2741.15	3908.17
2742.03	3912.95
2742.9	3916.21
2743.78	3917.8
2744.65	3916.85
2745.53	3915.06
2746.41	3911.64
2747.28	3906.98
2748.16	3900.62
2749.03	3892.91
2749.91	3884.14
2750.78	3875.59
2751.66	3872.9
2752.53	3875.07
2753.4	3873.75
2754.28	3872.49
2755.15	3871.79
2756.02	3871.3
2756.9	3871.64
2757.77	3866.69
2758.65	3837.33
2759.52	3819.5
2760.39	3811.31
2761.27	3804.22
2762.14	3795.56
2763.01	3834.14
2763.88	3829.85
2764.76	3827.06
2765.63	3822.66
2766.5	3815.04
2767.37	3809.54
2768.25	3802.04
2769.12	3794.97
2769.99	3788.23
2770.86	3781.93
2771.73	3776.87
2772.61	3773.17
2773.48	3771.88
2774.35	3772.54
2775.22	3774.7
2776.09	3777.82
2776.96	3780.73
2777.83	3779.69
2778.7	3775.9
2779.57	3769.21
2780.44	3759.06
2781.31	3753.63
2782.18	3743.68
2783.05	3737.53
2783.92	3732.59
2784.79	3736.17
2785.66	3731.27
2786.53	3727.56
2787.4	3713.99
2788.27	3701.75
2789.14	3695.72
2790.01	3697.59
2790.88	3703.84
2791.75	3711.73
2792.62	3711.37
2793.48	3707.38
2794.35	3683.37
2795.22	3673.78
2796.09	3662.86
2796.96	3653.7
2797.82	3656.46
2798.69	3658.05
2799.56	3659.57
2800.43	3658.47
2801.29	3656.4
2802.16	3652.76
2803.03	3647.67
2803.9	3641.23
2804.76	3633.43
2805.63	3624.41
2806.5	3618.02
2807.36	3613.48
2808.23	3615.33
2809.09	3619.36
2809.96	3626.49
2810.83	3626.69
2811.69	3626.2
2812.56	3623.6
2813.42	3615.63
2814.29	3606.24
2815.15	3597.22
2816.02	3587.17
2816.88	3581.26
2817.75	3579.51
2818.61	3575.75
2819.48	3571.86
2820.34	3565.99
2821.21	3561.45
2822.07	3555.37
2822.94	3553.9
2823.8	3556.69
2824.66	3553.17
2825.53	3548.55
2826.39	3543.43
2827.26	3537.85
2828.12	3534.04
2828.98	3528.4
2829.85	3557.14
2830.71	3540.21
2831.57	3529.93
2832.43	3522.06
2833.3	3516.14
2834.16	3513.89
2835.02	3511.61
2835.88	3514.09
2836.75	3514.54
2837.61	3511.76
2838.47	3511.27
2839.33	3503.94
2840.19	3497.05
2841.06	3492.44
2841.92	3490.4
2842.78	3492.12
2843.64	3491.18
2844.5	3491.15
2845.36	3489.28
2846.22	3485.84
2847.08	3481.14
2847.94	3475.56
2848.81	3467.86
2849.67	3458.96
2850.53	3450.98
2851.39	3444.5
2852.25	3441.03
2853.11	3439.39
2853.97	3442.41
2854.82	3446.75
2855.68	3451.92
2856.54	3458.54
2857.4	3458.78
2858.26	3457.95
2859.12	3455.18
2859.98	3451.15
2860.84	3445.53
2861.7	3438.63
2862.56	3431.38
2863.41	3426.64
2864.27	3422.7
2865.13	3418.47
2865.99	3413.86
2866.85	3409.65
2867.7	3405.58
2868.56	3403.14
2869.42	3406.31
2870.28	3402.87
2871.13	3398.69
2871.99	3394.31
2872.85	3389.42
2873.7	3383.39
2874.56	3377.03
2875.42	3371.77
2876.27	3367.91
2877.13	3366.63
2877.99	3363.12
2878.84	3359.32
2879.7	3355.17
2880.56	3350.61
2881.41	3345.56
2882.27	3339.81
2883.12	3333.24
2883.98	3328.74
2884.83	3326.44
2885.69	3326.19
2886.54	3324.4
2887.4	3322.83
2888.25	3321.63
2889.11	3320.56
2889.96	3319.06
2890.82	3316.97
2891.67	3314.32
2892.52	3310.39
2893.38	3304.73
2894.23	3298.7
2895.09	3291.95
2895.94	3285.19
2896.79	3278.61
2897.65	3272.21
2898.5	3268.1
2899.35	3268.07
2900.21	3272
2901.06	3269.7
2901.91	3266.45
2902.76	3261.93
2903.62	3256.17
2904.47	3249.08
2905.32	3247.57
2906.17	3250.64
2907.03	3251.69
2907.88	3246.29
2908.73	3238.76
2909.58	3229.15
2910.43	3223.08
2911.28	3216.87
2912.14	3210.88
2912.99	3205.31
2913.84	3200.04
2914.69	3195.2
2915.54	3190.54
2916.39	3185.91
2917.24	3181.87
2918.09	3178.48
2918.94	3177.79
2919.79	3178.08
2920.64	3184.33
2921.49	3190.49
2922.34	3197.62
2923.19	3200.61
2924.04	3190.74
2924.89	3183.96
2925.74	3177.75
2926.59	3170.4
2927.44	3161.38
2928.29	3151.87
2929.14	3142.15
2929.98	3132.12
2930.83	3122.46
2931.68	3120.32
2932.53	3116.46
2933.38	3116.5
2934.23	3121.55
2935.07	3122
2935.92	3119.63
2936.77	3117.55
2937.62	3115.61
2938.47	3114.21
2939.31	3113.25
2940.16	3113.31
2941.01	3108.28
2941.85	3104.33
2942.7	3095.32
2943.55	3082.85
2944.39	3079.94
2945.24	3084.29
2946.09	3086.53
2946.93	3088.02
2947.78	3083.34
2948.63	3078.73
2949.47	3070.29
2950.32	3059.75
2951.16	3048.21
2952.01	3037.22
2952.85	3036.14
2953.7	3037.59
2954.55	3038.27
2955.39	3041.91
2956.24	3042.66
2957.08	3044.08
2957.92	3042.5
2958.77	3039.72
2959.61	3032.24
2960.46	3022.51
2961.3	3013.7
2962.15	3005.5
2962.99	2998.65
2963.83	2997.43
2964.68	2994.84
2965.52	2993.91
2966.37	2993.67
2967.21	2994.14
2968.05	2994.06
2968.9	2993.09
2969.74	2990.68
2970.58	2986.89
2971.42	2981.86
2972.27	2991.63
2973.11	2996.69
2973.95	2996.51
2974.79	2990.87
2975.64	2978.89
2976.48	2965.47
2977.32	2956.19
2978.16	2950.47
2979	2946.72
2979.85	2949.81
2980.69	2958.14
2981.53	2963.08
2982.37	2963.01
2983.21	2956.07
2984.05	2947.98
2984.89	2934.76
2985.73	2924.95
2986.57	2917.81
2987.41	2917.81
2988.25	2921.74
2989.1	2929.31
2989.94	2934.03
2990.77	2932.99
2991.62	2929.09
2992.45	2922.94
2993.29	2911.82
2994.13	2909.2
2994.97	2911.08
2995.81	2913.16
2996.65	2919.29
2997.49	2904.49
2998.33	2893.51
2999.17	2908.51
