200.833	11703.4
202.102	11736.2
203.371	11734.6
204.639	11738.8
205.907	11716.1
207.175	11723.7
208.442	11749.3
209.71	11775.2
210.977	11793.8
212.244	11828.4
213.511	11859
214.777	11875.6
216.042	11876.2
217.309	11854.2
218.575	11815.8
219.84	11845.2
221.106	11872.1
222.371	11902.6
223.635	11935.3
224.9	11974.1
226.165	12003
227.429	12027.9
228.694	12046.2
229.956	12061.1
231.22	12080
232.484	12105.7
233.747	12136
235.011	12170.3
236.272	12206.9
237.535	12242.6
238.798	12257.5
240.06	12263.6
241.321	12271.8
242.583	12268.8
243.845	12264.5
245.105	12272.2
246.367	12285.8
247.628	12306.8
248.888	12329
250.149	12381.3
251.409	12337.1
252.67	12324.4
253.928	12316.3
255.189	12339.3
256.447	12357.5
257.707	12370.5
258.966	12402
260.224	12427.6
261.483	12451.4
262.742	12456
263.999	12445.2
265.257	12437.6
266.514	12449.2
267.772	12468.5
269.028	12482.6
270.286	12489.9
271.543	12499.9
272.799	12510.8
274.056	12516.2
275.311	12530.8
276.568	12560.6
277.823	12590.6
279.079	12614.4
280.333	12635.3
281.589	12652.5
282.843	12668.5
284.099	12684.3
285.352	12698.6
286.607	12711.3
287.86	12722.6
289.114	12734.6
290.368	12747.7
291.621	12762.4
292.875	12783
294.127	12804.9
295.38	12829.8
296.632	12864.3
297.884	12819.9
299.137	12779.5
300.388	12763.8
301.641	12773
302.891	12831.2
304.142	12885.2
305.394	12877.9
306.644	12882.3
307.894	12879.9
309.146	12876.2
310.395	12873.1
311.645	12876
312.895	12884.6
314.144	12893.2
315.393	12902.3
316.642	12910.8
317.892	12921.4
319.14	12932.4
320.388	12942.7
321.637	12953.3
322.885	12961.5
324.132	12975.2
325.38	13001.3
326.628	13021.1
327.875	13038.7
329.122	13048.1
330.368	13057.5
331.614	13067.4
332.862	13078.4
334.108	13091.5
335.353	13105.5
336.599	13120.1
337.844	13136.8
339.089	13155.4
340.335	13173.1
341.58	13184.5
342.824	13180.5
344.068	13174.7
345.312	13169.1
346.556	13170.2
347.8	13172.1
349.043	13177.7
350.286	13191.5
351.53	13207.6
352.774	13222.4
354.016	13235.8
355.259	13243.2
356.501	13249.3
357.743	13252.4
358.985	13252.9
360.227	13250.7
361.468	13245.6
362.709	13246
363.95	13252.4
365.191	13273
366.432	13286.1
367.672	13296.6
368.912	13305.8
370.152	13313.2
371.392	13318.6
372.632	13322.1
373.871	13324.1
375.11	13324.8
376.348	13324.8
377.587	13324
378.825	13324
380.064	13322.9
381.302	13324.1
382.54	13329.4
383.778	13341.8
385.016	13368.9
386.253	13391.5
387.489	13413
388.726	13438.1
389.963	13459.5
391.199	13470.3
392.436	13475.8
393.672	13479.1
394.907	13482.5
396.142	13486.8
397.378	13487.6
398.614	13489.3
399.849	13496.1
401.082	13505.3
402.317	13513.3
403.552	13495.5
404.786	13476.1
406.019	13471.2
407.253	13480.4
408.487	13569.2
409.721	13571.7
410.953	13576.3
412.186	13587.3
413.419	13595.1
414.651	13595.9
415.883	13596.5
417.116	13596.3
418.347	13604.1
419.579	13607.5
420.811	13610.5
422.041	13612.7
423.272	13614.5
424.504	13615.2
425.733	13612.3
426.964	13614.8
428.194	13623.1
429.424	13641.5
430.654	13657.6
431.883	13667.2
433.113	13676.5
434.341	13685.4
435.571	13688.9
436.799	13689.4
438.028	13690.4
439.257	13692.4
440.484	13695.6
441.713	13700.9
442.94	13706.2
444.168	13709.8
445.394	13713.3
446.622	13715.3
447.848	13714.5
449.076	13715.8
450.301	13724.2
451.528	13759
452.754	13783.1
453.979	13791.8
455.205	13765.8
456.43	13756.4
457.656	13748.5
458.88	13742.9
460.106	13745.4
461.33	13762.6
462.554	13776
463.779	13794.3
465.002	13810.9
466.225	13819.3
467.45	13818.5
468.672	13810.8
469.895	13803.3
471.119	13796.8
472.341	13791.1
473.563	13786.8
474.786	13785.3
476.008	13786.1
477.229	13786.6
478.452	13788.4
479.673	13786.4
480.894	13779.6
482.115	13769.5
483.337	13754.2
484.557	13738.7
485.777	13725.6
486.997	13714.1
488.218	13712.2
489.438	13716
490.657	13720.2
491.876	13724.2
493.096	13727.2
494.315	13725.9
495.533	13725.9
496.752	13727.2
497.97	13729.8
499.188	13732.9
500.407	13737.8
501.625	13745
502.842	13764.6
504.059	13776.6
505.276	13708.7
506.493	13717.3
507.71	13738.4
508.926	13773.3
510.142	13822.8
511.358	13792.6
512.575	13800.2
513.791	13810.9
515.006	13825.9
516.222	13826.8
517.437	13827.4
518.651	13805.6
519.866	13793
521.081	13782.6
522.295	13796.1
523.509	13821.3
524.723	13837.1
525.937	13849.6
527.15	13860.3
528.363	13870
529.576	13878.7
530.789	13886.4
532.002	13892.9
533.215	13898
534.426	13901.9
535.638	13904.7
536.85	13905.4
538.061	13902.4
539.273	13896
540.484	13886.4
541.695	13873.7
542.906	13871.8
544.117	13883.5
545.327	13907.3
546.537	13928.6
547.747	13939.3
548.957	13939.2
550.167	13934.2
551.377	13932.9
552.585	13926.9
553.794	13919.8
555.003	13918.4
556.212	13920.3
557.421	13924.2
558.628	13924.4
559.836	13927.2
561.044	13929.7
562.252	13933.3
563.458	13936.9
564.666	13939.9
565.873	13940.3
567.08	13930.8
568.286	13920.6
569.493	13921.4
570.699	13927
571.904	13945.8
573.111	13971.6
574.317	13978.4
575.521	13981.7
576.727	13982
577.932	13979.3
579.136	13973.2
580.341	13964.7
581.544	13954.8
582.749	13945.1
583.954	13946.7
585.156	13952
586.361	13975.1
587.563	13983.7
588.767	13992.1
589.97	13999.4
591.172	14005.7
592.375	14011.4
593.577	14015.2
594.78	14015
595.981	14011.9
597.183	14006.3
598.384	13998.6
599.586	13989.1
600.786	13978.4
601.988	13966.7
603.188	13955.5
604.389	13943.1
605.589	13938.6
606.79	13936.1
607.989	13929.8
609.188	13920.5
610.389	13913.5
611.587	13903.5
612.787	13890.7
613.986	13867.5
615.184	13872.6
616.383	13886.3
617.581	13916.4
618.78	13930.4
619.977	13928
621.174	13909.3
622.373	13890.5
623.57	13880.8
624.766	13870.6
625.964	13861.6
627.16	13853.5
628.356	13846.5
629.554	13840
630.749	13834.2
631.945	13829.1
633.14	13824.4
634.337	13816.3
635.532	13805.7
636.726	13791.1
637.921	13777.8
639.117	13770.6
640.311	13768
641.505	13768.6
642.699	13771.2
643.892	13775.2
645.087	13780.4
646.28	13784.4
647.473	13786.6
648.666	13788
649.859	13788.6
651.051	13788.9
652.245	13788.1
653.437	13786.8
654.629	13784.6
655.821	13781.8
657.012	13778.9
658.204	13776.7
659.395	13777.3
660.586	13782.7
661.777	13789.3
662.967	13798.4
664.158	13810.8
665.349	13827.6
666.539	13837.6
667.729	13837.4
668.919	13827
670.109	13821.3
671.298	13826.9
672.487	13848.5
673.676	13855.4
674.865	13857.9
676.053	13856.3
677.242	13853.4
678.43	13846.8
679.616	13837
680.804	13824.6
681.992	13814.2
683.179	13809.3
684.366	13815.2
685.554	13821.7
686.74	13825.7
687.927	13824.7
689.114	13821.8
690.3	13815.5
691.486	13805.6
692.671	13796
693.856	13786.2
695.042	13778.6
696.227	13776.6
697.413	13773.3
698.598	13770.8
699.781	13769.6
700.966	13769.2
702.15	13769.1
703.334	13769.7
704.518	13771.3
705.701	13772.4
706.885	13757.5
708.068	13739
709.252	13718.4
710.433	13692.5
711.616	13677.9
712.799	13675.1
713.98	13679.2
715.163	13687.5
716.345	13699.7
717.527	13718
718.707	13728.6
719.889	13729.3
721.071	13724.2
722.25	13714.4
723.432	13705.7
724.611	13696.5
725.792	13696.8
726.972	13702.3
728.151	13708.9
729.332	13714.5
730.512	13713.7
731.69	13709.9
732.87	13709.3
734.048	13716.6
735.227	13738.7
736.405	13761.1
737.584	13775.6
738.761	13778
739.94	13731.7
741.117	13721.4
742.295	13716.5
743.471	13716.9
744.649	13722.8
745.825	13736.5
747.003	13761.2
748.179	13771.7
749.356	13764.5
750.531	13756
751.708	13753.1
752.883	13750.1
754.059	13748.8
755.234	13748.4
756.409	13749.2
757.585	13750.7
758.759	13753.1
759.934	13756.2
761.108	13760.3
762.282	13764.6
763.456	13762.9
764.63	13751
765.803	13726.8
766.977	13700.4
768.15	13666.8
769.323	13648
770.496	13649.1
771.668	13666.7
772.841	13674.3
774.014	13674.4
775.185	13659
776.357	13636.1
777.528	13608.2
778.701	13580.8
779.872	13554
781.042	13532.9
782.213	13526
783.383	13534.3
784.555	13550.3
785.725	13601.6
786.895	13445.1
788.064	13441.9
789.234	13477.8
790.404	13516.2
791.573	13537.5
792.742	13552.6
793.911	13560.3
795.08	13560.6
796.248	13555.5
797.416	13545.1
798.584	13529.3
799.753	13507.7
800.921	13488.5
802.088	13483.2
803.256	13484
804.423	13487.8
805.59	13486.5
806.756	13485.9
807.923	13486.4
809.089	13489.6
810.256	13493.5
811.422	13497.6
812.587	13502.3
813.753	13507.8
814.918	13512.1
816.084	13514.9
817.249	13516.3
818.414	13516.3
819.578	13515.1
820.743	13513
821.907	13509.4
823.072	13504.8
824.236	13498.6
825.399	13493.9
826.562	13499.6
827.725	13512.8
828.889	13523.2
830.052	13527.3
831.215	13529.9
832.377	13528
833.54	13520.8
834.701	13511.8
835.863	13507.8
837.025	13509.1
838.187	13505.8
839.349	13497.9
840.51	13477.6
841.67	13459.4
842.831	13443.6
843.992	13439.9
845.153	13445.5
846.312	13469.4
847.473	13488.6
848.633	13501.3
849.793	13505.7
850.951	13505
852.111	13493
853.27	13472.2
854.428	13448.9
855.588	13425.1
856.747	13405.8
857.904	13391
859.063	13379.8
860.221	13370.9
861.378	13363.1
862.536	13353.6
863.694	13342.8
864.85	13331.6
866.008	13318.9
867.164	13288.5
868.321	13265.2
869.478	13253.2
870.633	13246.7
871.79	13248.3
872.945	13236.5
874.101	13220.8
875.256	13206.3
876.412	13191.3
877.566	13175.8
878.722	13162.7
879.876	13155.7
881.031	13147
882.185	13139
883.34	13131.6
884.493	13125
885.647	13119.1
886.8	13113.8
887.954	13109
889.107	13104.9
890.261	13102.3
891.413	13104.7
892.565	13111.4
893.718	13117.1
894.87	13127.9
896.023	13127.8
897.174	13122.3
898.326	13087.2
899.478	13068.1
900.629	13067.8
901.779	13099.1
902.931	13130.7
904.081	13123.4
905.231	13110.3
906.383	13096.1
907.532	13091.6
908.682	13106.7
909.831	13115.4
910.982	13125.9
912.131	13135.9
913.28	13148.9
914.429	13157.1
915.578	13160.6
916.727	13146.7
917.875	13130.5
919.023	13116.2
920.171	13117.2
921.32	13116.8
922.467	13115.8
923.614	13112.2
924.761	13109.7
925.908	13108.2
927.055	13107.8
928.203	13109.5
929.349	13113.8
930.496	13121.4
931.642	13131
932.787	13142.5
933.933	13150.5
935.079	13142.8
936.224	13121.3
937.369	13086.9
938.514	13057.2
939.659	13049.7
940.804	13054.7
941.948	13055.4
943.092	13054.4
944.236	13053.8
945.38	13050.3
946.524	13045.1
947.667	13039.7
948.811	13029.2
949.954	13017.8
951.097	13005.2
952.24	12994.1
953.383	12991.2
954.525	12984.5
955.667	12974.7
956.81	12960.9
957.952	12949.5
959.093	12941
960.235	12932.4
961.376	12924.1
962.516	12917
963.658	12910.4
964.798	12904.1
965.939	12896.8
967.08	12877.5
968.22	12860.5
969.359	12848
970.499	12843.6
971.639	12836.2
972.779	12847
973.918	12868.4
975.056	12920
976.195	12893.6
977.334	12882.1
978.473	12870
979.61	12845.4
980.749	12831.3
981.887	12820.5
983.024	12814.2
984.162	12814.4
985.3	12820
986.437	12832.5
987.573	12851.8
988.711	12873.8
989.848	12895.2
990.983	12900.2
992.12	12905.4
993.255	12903.7
994.392	12895.1
995.528	12880.8
996.662	12861.6
997.798	12837.5
998.933	12823.5
1000.07	12827.5
1001.2	12837.1
1002.34	12849.8
1003.47	12860.7
1004.61	12870.1
1005.74	12871.4
1006.87	12870.9
1008.01	12867.7
1009.14	12862.1
1010.27	12853.8
1011.41	12842
1012.54	12826.5
1013.67	12807.9
1014.81	12787.7
1015.94	12796.3
1017.07	12836.2
1018.2	12814.5
1019.33	12803.5
1020.47	12783.6
1021.6	12760
1022.73	12746.4
1023.86	12742.2
1024.99	12747.8
1026.12	12761.8
1027.25	12760.1
1028.38	12755.6
1029.51	12737.6
1030.64	12725.3
1031.77	12712.8
1032.9	12702.3
1034.03	12696.3
1035.16	12691
1036.29	12686.1
1037.42	12682.2
1038.55	12678.7
1039.67	12675.5
1040.8	12666.2
1041.93	12648.6
1043.06	12623.7
1044.19	12590.6
1045.31	12577.8
1046.44	12561.4
1047.57	12560.7
1048.69	12570.2
1049.82	12583.5
1050.95	12597
1052.08	12593
1053.2	12585.7
1054.33	12573.8
1055.45	12557.7
1056.58	12539.6
1057.7	12516.9
1058.83	12503.5
1059.95	12493.1
1061.08	12483.7
1062.2	12473.3
1063.33	12463.7
1064.45	12455.5
1065.58	12450.3
1066.7	12450.7
1067.83	12455.5
1068.95	12457.5
1070.07	12460.8
1071.2	12467.8
1072.32	12475
1073.44	12468.2
1074.56	12457.2
1075.69	12443.3
1076.81	12429.9
1077.93	12417.7
1079.05	12405.6
1080.17	12406.4
1081.3	12417
1082.42	12455.7
1083.54	12448.9
1084.66	12443.9
1085.78	12442.3
1086.9	12439.9
1088.02	12441.5
1089.14	12447.1
1090.26	12455.4
1091.38	12462.6
1092.5	12469.9
1093.62	12475.3
1094.74	12479.8
1095.86	12481
1096.98	12481.7
1098.1	12478.6
1099.22	12470.2
1100.34	12455.9
1101.45	12435.5
1102.57	12416.5
1103.69	12397.4
1104.81	12410.3
1105.93	12427.2
1107.04	12443
1108.16	12459.7
1109.28	12462.2
1110.4	12438.1
1111.51	12418.4
1112.63	12397.1
1113.75	12375.9
1114.86	12352
1115.98	12351.1
1117.09	12347.7
1118.21	12345.7
1119.32	12333.3
1120.44	12311.7
1121.55	12246.2
1122.67	12249.6
1123.78	12255.6
1124.9	12273.9
1126.01	12238.1
1127.13	12224
1128.24	12207.8
1129.35	12208.2
1130.47	12206.5
1131.58	12201.5
1132.7	12193.9
1133.81	12183.1
1134.92	12157.4
1136.03	12137.2
1137.15	12118.8
1138.26	12102.5
1139.37	12089.1
1140.48	12083.1
1141.59	12076.8
1142.71	12071.6
1143.82	12066.3
1144.93	12059.5
1146.04	12043.2
1147.15	12025.3
1148.26	12007.7
1149.37	12000.1
1150.48	11994.3
1151.59	11988.9
1152.7	11982.1
1153.81	11975.8
1154.92	11970
1156.03	11964
1157.14	11957.9
1158.25	11951.7
1159.36	11945.4
1160.47	11938.8
1161.58	11931.9
1162.68	11924.7
1163.79	11917.3
1164.9	11909.3
1166.01	11909.3
1167.12	11923.5
1168.22	11936.9
1169.33	11946.5
1170.44	11954.3
1171.55	11958
1172.65	11961.8
1173.76	11962.5
1174.87	11961.2
1175.97	11961.9
1177.08	11964.1
1178.18	11973.2
1179.29	11975
1180.4	11974.6
1181.5	11972.5
1182.61	11969.4
1183.71	11962.5
1184.82	11953.9
1185.92	11944.4
1187.02	11936.4
1188.13	11929.5
1189.23	11916.9
1190.34	11923.6
1191.44	11940.4
1192.54	11956.9
1193.65	11956.9
1194.75	11949.6
1195.85	11940.1
1196.96	11926.2
1198.06	11913
1199.16	11908.8
1200.26	11923.2
1201.37	11942.6
1202.47	11956.5
1203.57	11964.1
1204.67	11967.4
1205.77	11964.4
1206.87	11955.4
1207.97	11941.9
1209.08	11923.6
1210.18	11907.8
1211.28	11895.8
1212.38	11881.1
1213.48	11871.4
1214.58	11875.1
1215.68	11880.1
1216.78	11884.5
1217.88	11889
1218.98	11889.4
1220.07	11882.2
1221.17	11872.9
1222.27	11862.9
1223.37	11852.6
1224.47	11842.8
1225.57	11841.2
1226.66	11839.2
1227.76	11838.6
1228.86	11816.8
1229.96	11789.8
1231.06	11777.3
1232.15	11768.8
1233.25	11765.1
1234.35	11760.4
1235.44	11752.9
1236.54	11744.1
1237.63	11734.8
1238.73	11724.9
1239.83	11714.2
1240.92	11702.7
1242.02	11690.1
1243.11	11676.8
1244.21	11662.9
1245.3	11649.1
1246.4	11636.8
1247.49	11626.2
1248.59	11616.8
1249.68	11610.9
1250.78	11606.1
1251.87	11608.1
1252.96	11615.1
1254.06	11631.1
1255.15	11640.4
1256.24	11646
1257.34	11645.7
1258.43	11634.8
1259.52	11626.3
1260.62	11618.3
1261.71	11610.8
1262.8	11604
1263.89	11603.2
1264.98	11594.9
1266.08	11580.1
1267.17	11563.4
1268.26	11551.9
1269.35	11547.9
1270.44	11551.6
1271.53	11563.8
1272.62	11587.4
1273.71	11600.5
1274.8	11603
1275.89	11597.3
1276.98	11586.9
1278.07	11580.5
1279.16	11573.7
1280.25	11571.6
1281.34	11574.7
1282.43	11586.4
1283.52	11596
1284.61	11585.9
1285.69	11568.1
1286.78	11553
1287.87	11542.6
1288.96	11548.7
1290.05	11552.7
1291.13	11562.7
1292.22	11577.5
1293.31	11591.9
1294.4	11601.4
1295.48	11589
1296.57	11570.6
1297.66	11548.8
1298.74	11566.7
1299.83	11563.4
1300.92	11559.7
1302	11556.1
1303.09	11549.6
1304.17	11536.8
1305.26	11532.4
1306.34	11538.3
1307.43	11553.3
1308.51	11563.9
1309.6	11567.8
1310.68	11567.8
1311.76	11560.8
1312.85	11547.7
1313.93	11525.7
1315.02	11505
1316.1	11483.9
1317.18	11466.6
1318.27	11446.8
1319.35	11473.8
1320.43	11473.1
1321.52	11470.9
1322.6	11469.3
1323.68	11468.5
1324.76	11466.6
1325.85	11462.7
1326.93	11457.7
1328.01	11451.4
1329.09	11441.9
1330.17	11432.2
1331.25	11423.8
1332.33	11422.1
1333.41	11423.7
1334.49	11424
1335.58	11422.7
1336.65	11422.2
1337.74	11423.4
1338.82	11427.5
1339.89	11416.9
1340.97	11405.3
1342.05	11396.3
1343.13	11384.1
1344.21	11374
1345.29	11365.7
1346.37	11358.5
1347.45	11349.1
1348.53	11340.9
1349.6	11333.3
1350.68	11329
1351.76	11328.7
1352.84	11329.2
1353.92	11330.6
1354.99	11331.3
1356.07	11328.3
1357.15	11325.3
1358.22	11323.2
1359.3	11322.2
1360.38	11322.9
1361.45	11327.1
1362.53	11322.7
1363.61	11318.4
1364.68	11312.6
1365.76	11304
1366.83	11297.1
1367.91	11295
1368.98	11294.2
1370.06	11298.4
1371.13	11309.4
1372.21	11313.2
1373.28	11313.8
1374.35	11312.9
1375.43	11310.5
1376.5	11306.3
1377.58	11291.4
1378.65	11281.2
1379.72	11270.9
1380.8	11261.4
1381.87	11253.2
1382.94	11251.2
1384.01	11250.3
1385.09	11252
1386.16	11256.2
1387.23	11259.2
1388.3	11253.3
1389.38	11247.6
1390.45	11239.1
1391.52	11230.9
1392.59	11229.9
1393.66	11228.1
1393.92	11226.3
1395	11224.2
1396.07	11214.2
1397.15	11189.2
1398.22	11167.1
1399.3	11150.7
1400.38	11138.6
1401.45	11130.8
1402.53	11127.9
1403.6	11130.1
1404.68	11137.1
1405.75	11148.9
1406.82	11165
1407.9	11180.6
1408.97	11192
1410.05	11185.9
1411.12	11179.9
1412.19	11168.8
1413.27	11154.2
1414.34	11134.4
1415.41	11112
1416.49	11090.5
1417.56	11071.8
1418.63	11067.3
1419.7	11062.2
1420.78	11064.1
1421.85	11088.4
1422.92	11097.1
1423.99	11091.3
1425.06	11069.9
1426.14	11055
1427.21	11048.3
1428.28	11047.7
1429.35	11055
1430.42	11066.9
1431.49	11019.4
1432.56	11001.1
1433.63	10997.5
1434.7	10990
1435.77	10986.8
1436.84	10997.7
1437.91	11012.4
1438.98	11022.1
1440.05	11025.4
1441.12	11019.7
1442.18	11009.4
1443.25	10994.3
1444.32	10975
1445.39	10962.7
1446.46	10971.4
1447.53	10996.7
1448.59	10987.3
1449.66	10968.3
1450.73	10953
1451.8	10949.4
1452.86	10953.4
1453.93	10954.8
1455	10950.4
1456.06	10942.6
1457.13	10938.6
1458.2	10936.8
1459.26	10939.8
1460.33	10945.9
1461.39	10955.2
1462.46	10965.2
1463.52	10971.8
1464.59	10971.9
1465.65	10967.7
1466.72	10955.5
1467.78	10948.8
1468.85	10941.9
1469.91	10935.6
1470.98	10937.6
1472.04	10930.5
1473.1	10914.1
1474.17	10899.9
1475.23	10895
1476.3	10893.8
1477.36	10895.9
1478.42	10896.1
1479.48	10896.5
1480.55	10898.6
1481.61	10907.4
1482.67	10900.6
1483.73	10886.6
1484.8	10877.2
1485.86	10874
1486.92	10874.1
1487.98	10873.9
1489.04	10872.6
1490.1	10868.6
1491.17	10862.8
1492.23	10855.4
1493.29	10846.5
1494.35	10835.3
1495.41	10822.6
1496.47	10808.1
1497.53	10793.6
1498.59	10784.8
1499.65	10782.3
1500.71	10790.2
1501.77	10794.1
1502.83	10810.8
1503.88	10803.7
1504.94	10783.1
1506	10755.1
1507.06	10730.6
1508.12	10712.1
1509.18	10695.7
1510.23	10690.7
1511.29	10705.8
1512.35	10731.4
1513.41	10721.6
1514.47	10723.4
1515.52	10720.6
1516.58	10715.2
1517.64	10710.8
1518.69	10707.5
1519.75	10695.6
1520.81	10679.8
1521.86	10654.6
1522.92	10644.4
1523.97	10648.5
1525.03	10667
1526.08	10678.5
1527.14	10689.7
1528.2	10650.1
1529.25	10636.4
1530.31	10628.6
1531.36	10624.2
1532.42	10623.1
1533.47	10623.7
1534.52	10624.9
1535.58	10625.6
1536.63	10625.5
1537.69	10623.2
1538.74	10618.5
1539.79	10609.5
1540.84	10604.4
1541.9	10611.6
1542.95	10616.4
1544	10612.7
1545.06	10598.9
1546.11	10575.5
1547.16	10544.5
1548.21	10528.3
1549.27	10524.9
1550.32	10528.3
1551.37	10532.6
1552.42	10537.6
1553.47	10543.3
1554.52	10549
1555.57	10554.6
1556.62	10559.4
1557.67	10564.6
1558.72	10566.8
1559.77	10549.1
1560.82	10539.3
1561.87	10532.8
1562.92	10530.9
1563.97	10533.7
1565.02	10537.8
1566.07	10537.5
1567.12	10537.5
1568.17	10538
1569.22	10537.6
1570.27	10536.1
1571.32	10530.9
1572.36	10521.8
1573.41	10508.7
1574.46	10491.7
1575.51	10474.1
1576.56	10461.4
1577.6	10464.7
1578.65	10478.1
1579.7	10491.9
1580.74	10500.6
1581.79	10504.3
1582.84	10493.9
1583.88	10474.6
1584.93	10460.9
1585.98	10451
1587.02	10453.1
1588.07	10458
1589.11	10457.5
1590.16	10453.5
1591.2	10446.2
1592.25	10432.6
1593.29	10414.4
1594.34	10403.9
1595.38	10396.8
1596.43	10388.4
1597.47	10380.6
1598.52	10373.5
1599.56	10366.4
1600.6	10360
1601.65	10354
1602.69	10347.7
1603.73	10340.8
1604.78	10331.1
1605.82	10319.6
1606.86	10302
1607.91	10293.1
1608.95	10280.4
1609.99	10279
1611.03	10284.4
1612.08	10286.8
1613.12	10287.9
1614.16	10285.3
1615.2	10281
1616.24	10273.8
1617.28	10264.4
1618.32	10252.4
1619.36	10237.5
1620.41	10220.9
1621.45	10203.7
1622.49	10187.9
1623.53	10175.4
1624.57	10162.3
1625.61	10151
1626.65	10140.9
1627.69	10132.5
1628.73	10126.2
1629.76	10123
1630.8	10123.8
1631.84	10127.9
1632.88	10135.8
1633.92	10139.2
1634.96	10135.8
1636	10122.6
1637.03	10116.7
1638.07	10108.8
1639.11	10101.4
1640.15	10093.5
1641.19	10085.1
1642.22	10076.4
1643.26	10066.8
1644.3	10057
1645.33	10046.6
1646.37	10036.8
1647.41	10047.1
1648.44	10030.4
1649.48	10007.2
1650.52	10000.5
1651.55	9997.86
1652.59	9992.96
1653.62	10001.5
1654.66	9993.18
1655.69	9975.8
1656.73	9971.78
1657.76	9968.81
1658.8	9965.91
1659.83	9963.23
1660.87	9960.78
1661.9	9958.66
1662.93	9956.47
1663.97	9954.51
1665	9952.6
1666.04	9950.67
1667.07	9947.81
1668.1	9939.19
1669.14	9925.79
1670.17	9919.23
1671.2	9914.71
1672.23	9911.68
1673.27	9908.68
1674.3	9908.44
1675.33	9908.97
1676.36	9910.23
1677.39	9911.2
1678.43	9906.43
1679.46	9896.96
1680.49	9886.8
1681.52	9878.7
1682.55	9869.36
1683.58	9860.72
1684.61	9851.74
1685.64	9847.57
1686.67	9853.32
1687.7	9857.02
1688.73	9856.84
1689.76	9853.26
1690.79	9845.97
1691.82	9836.47
1692.85	9822.45
1693.88	9805.87
1694.91	9786.42
1695.94	9767.26
1696.97	9770.2
1698	9779.78
1699.02	9801.23
1700.05	9811.43
1701.08	9812.62
1702.11	9807.47
1703.14	9797.36
1704.16	9782.49
1705.19	9762.99
1706.22	9739.25
1707.25	9725.99
1708.27	9715.79
1709.3	9706.96
1710.33	9697.27
1711.35	9693.68
1712.38	9672.73
1713.41	9661.95
1714.43	9666.72
1715.46	9674.38
1716.48	9688.04
1717.51	9695.97
1718.53	9695.04
1719.56	9692.81
1720.58	9683.2
1721.61	9669.83
1722.63	9655.18
1723.66	9641.23
1724.68	9627.09
1725.71	9614.37
1726.73	9602.75
1727.75	9592.03
1728.78	9582.42
1729.8	9573.79
1730.83	9566.25
1731.85	9559.64
1732.87	9553.96
1733.89	9549.01
1734.92	9541.55
1735.94	9533.66
1736.96	9525.47
1737.98	9518.34
1739.01	9512.08
1740.03	9506.7
1741.05	9501.47
1742.07	9497.14
1743.09	9493.82
1744.12	9491.56
1745.14	9492.81
1746.16	9494.57
1747.18	9495.43
1748.2	9470.62
1749.22	9459.01
1750.24	9449.85
1751.26	9436.15
1752.28	9432.71
1753.3	9437.49
1754.32	9444.92
1755.34	9447.11
1756.36	9443.68
1757.38	9439.32
1758.4	9432.12
1759.42	9422.74
1760.44	9410.9
1761.45	9396.96
1762.47	9380.39
1763.49	9369.29
1764.51	9366.4
1765.53	9364.73
1766.55	9367.67
1767.56	9393.27
1768.58	9377.19
1769.6	9359
1770.61	9350.3
1771.63	9339.96
1772.65	9328.11
1773.67	9313.71
1774.68	9301.08
1775.7	9290.73
1776.72	9290.72
1777.73	9299
1778.75	9310.72
1779.76	9306.62
1780.78	9279.56
1781.79	9227.93
1782.81	9253.51
1783.83	9257.18
1784.84	9264.57
1785.85	9270.29
1786.87	9273.82
1787.88	9275.72
1788.9	9276.38
1789.91	9276
1790.93	9275.15
1791.94	9273.41
1792.95	9271.47
1793.97	9255.37
1794.98	9235.32
1796	9214.55
1797.01	9192.88
1798.02	9176.8
1799.03	9164.43
1800.05	9157.88
1801.06	9159.57
1802.07	9162.45
1803.08	9161.48
1804.1	9158.71
1805.11	9142.08
1806.12	9126.44
1807.13	9117.35
1808.14	9107.18
1809.15	9095.99
1810.17	9084.13
1811.18	9071.82
1812.19	9059.15
1813.2	9043.32
1814.21	9027.62
1815.22	9013.1
1816.23	9000.75
1817.24	9011.3
1818.25	9028.94
1819.26	9040.32
1820.27	9045.35
1821.28	9037.26
1822.29	9017.94
1823.3	9002.21
1824.3	8988.12
1825.31	8982.35
1826.32	8974.96
1827.33	8969.41
1828.34	8965.75
1829.35	8963.45
1830.35	8962.44
1831.36	8958.96
1832.37	8934.26
1833.38	8913.43
1834.38	8890.31
1835.39	8875.76
1836.4	8864.32
1837.41	8857.29
1838.41	8855.53
1839.42	8858.02
1840.43	8865.32
1841.43	8874.55
1842.44	8872.37
1843.44	8869.58
1844.45	8862.45
1845.46	8852.94
1846.46	8840.72
1847.47	8826.4
1848.47	8808.1
1849.48	8794.28
1850.48	8786.34
1851.49	8784.21
1852.49	8787.82
1853.49	8790.87
1854.5	8791.97
1855.5	8791.52
1856.51	8787.18
1857.51	8780.55
1858.51	8771.06
1859.52	8759.32
1860.52	8745.48
1861.52	8730.17
1862.53	8731.12
1863.53	8731.21
1864.53	8740.96
1865.54	8759.08
1866.54	8749.28
1867.54	8729.65
1868.54	8714.28
1869.54	8699.53
1870.55	8678.48
1871.55	8669.8
1872.55	8666.04
1873.55	8654.34
1874.55	8639.36
1875.55	8622.44
1876.55	8601.19
1877.55	8592.99
1878.55	8592.1
1879.55	8594.2
1880.56	8600.03
1881.55	8611.97
1882.56	8623.11
1883.55	8624.35
1884.55	8622.18
1885.55	8615.73
1886.55	8603.46
1887.55	8587.34
1888.55	8573.58
1889.55	8555.41
1890.55	8546.08
1891.55	8538.92
1892.55	8546.52
1893.54	8558.69
1894.54	8566.18
1895.54	8523.68
1896.54	8481.52
1897.54	8480.2
1898.53	8479.85
1899.53	8477.47
1900.53	8473.39
1901.52	8469.4
1902.52	8464.79
1903.52	8459.49
1904.51	8453.14
1905.51	8445.41
1906.51	8435.76
1907.5	8419.98
1908.5	8413.33
1909.49	8408.5
1910.49	8407.06
1911.49	8407.38
1912.48	8410.22
1913.48	8405.3
1914.47	8396.6
1915.46	8371.95
1916.46	8343.94
1917.45	8324.61
1918.45	8313.3
1919.44	8316.19
1920.44	8315.17
1921.43	8315.19
1922.43	8314.78
1923.42	8313.63
1924.41	8309.25
1925.41	8305.67
1926.4	8297.75
1927.39	8283.94
1928.38	8270.46
1929.38	8255.66
1930.37	8241.63
1931.36	8228.21
1932.35	8218.28
1933.35	8215.8
1934.34	8223.2
1935.33	8231.4
1936.32	8227.49
1937.31	8214.65
1938.3	8205.33
1939.29	8194.12
1940.29	8175.29
1941.28	8161.38
1942.27	8140.18
1943.26	8128.14
1944.25	8125.07
1945.24	8131.21
1946.23	8130.8
1947.22	8130.81
1948.21	8134.62
1949.2	8125.05
1950.19	8112.77
1951.18	8102.05
1952.17	8091.14
1953.16	8078.88
1954.14	8072.84
1955.13	8066.59
1956.12	8062.35
1957.11	8058.44
1958.1	8055.43
1959.09	8047.88
1960.07	8033.95
1961.06	8004.33
1962.05	7974.04
1963.04	7964.92
1964.02	7988.88
1965.01	8003.57
1966	8015.54
1966.99	8013.68
1967.97	8010.21
1968.96	8008.32
1969.95	8003.77
1970.93	7997.97
1971.92	7991.5
1972.9	7984.35
1973.89	7976.17
1974.88	7967.2
1975.86	7957.39
1976.85	7946.83
1977.83	7935.3
1978.82	7922.97
1979.8	7909.9
1980.79	7896.44
1981.77	7883.57
1982.76	7869.97
1983.74	7859.73
1984.72	7855.35
1985.71	7854.35
1986.69	7856.14
1987.67	7853.26
1988.66	7851.8
1989.64	7845.29
1990.62	7837.8
1991.61	7829
1992.59	7819.32
1993.57	7809
1994.56	7799.53
1995.54	7795.68
1996.52	7791.29
1997.5	7786.9
1998.49	7782.92
1999.47	7777.79
2000.45	7766.95
2001.43	7756.96
2002.41	7747.22
2003.39	7738.28
2004.38	7737.87
2005.36	7738.44
2006.34	7737.09
2007.32	7731.51
2008.3	7721.79
2009.28	7707.8
2010.26	7697.27
2011.24	7690.35
2012.22	7684.4
2013.2	7678.98
2014.18	7673.43
2015.16	7668.05
2016.14	7663.03
2017.12	7658.24
2018.1	7653.82
2019.07	7649.7
2020.05	7645.91
2021.03	7642.89
2022.01	7640.02
2022.99	7636.65
2023.97	7628.43
2024.95	7604.96
2025.92	7587.74
2026.9	7568.99
2027.88	7553.2
2028.86	7545.14
2029.83	7540.95
2030.81	7538.9
2031.79	7539.31
2032.76	7537.57
2033.74	7534.61
2034.72	7525.56
2035.69	7519.38
2036.67	7513.26
2037.65	7506.69
2038.62	7500.4
2039.6	7493.6
2040.57	7485.7
2041.55	7475.26
2042.52	7456.33
2043.5	7444.99
2044.47	7436.8
2045.45	7431.94
2046.42	7429.47
2047.4	7429.18
2048.37	7432.78
2049.35	7431.54
2050.32	7422.04
2051.29	7410.81
2052.27	7399.2
2053.24	7387.24
2054.21	7375.12
2055.19	7362.51
2056.16	7350.03
2057.13	7337.5
2058.11	7325.44
2059.08	7314.54
2060.05	7306.15
2061.02	7302.03
2062	7296.43
2062.97	7291.29
2063.94	7286.1
2064.91	7281.44
2065.89	7276.6
2066.86	7271.36
2067.83	7264.67
2068.8	7248.99
2069.77	7228.17
2070.74	7212.26
2071.71	7198.92
2072.68	7186.66
2073.65	7187.62
2074.62	7199.02
2075.59	7217.55
2076.56	7224.42
2077.53	7221.95
2078.5	7212.49
2079.47	7197.21
2080.44	7185.25
2081.41	7172.77
2082.38	7158.72
2083.35	7144.34
2084.32	7129.03
2085.29	7113.47
2086.26	7097.62
2087.23	7082.56
2088.19	7090.55
2089.16	7097.11
2090.13	7105.56
2091.1	7085.7
2092.07	7071.49
2093.03	7063.58
2094	7056.9
2094.97	7050.2
2095.94	7044.37
2096.9	7040.14
2097.87	7036.8
2098.84	7034.84
2099.8	7033.27
2100.77	7030.51
2101.74	7026.55
2102.7	7020.68
2103.67	7013.06
2104.63	6994.7
2105.6	6976.88
2106.56	6964.41
2107.53	6947.02
2108.49	6945.59
2109.46	6942.05
2110.42	6943
2111.39	6946.32
2112.35	6947.03
2113.32	6944.25
2114.28	6926.36
2115.25	6913.37
2116.21	6895.15
2117.17	6881.42
2118.14	6879.62
2119.1	6882.19
2120.07	6882.6
2121.03	6880.35
2121.99	6875.4
2122.96	6869.74
2123.92	6860.34
2124.88	6848.43
2125.84	6832.33
2126.81	6815.92
2127.77	6817.89
2128.73	6818.91
2129.69	6821.42
2130.65	6818.34
2131.62	6814.73
2132.58	6807.18
2133.54	6796.3
2134.5	6783.18
2135.46	6771.62
2136.42	6761.56
2137.38	6766.94
2138.34	6773.58
2139.3	6779.94
2140.26	6744.35
2141.22	6728.4
2142.18	6715.01
2143.14	6707.97
2144.1	6698.44
2145.06	6696.83
2146.02	6698.33
2146.98	6705.51
2147.94	6705.47
2148.9	6699.2
2149.86	6685.84
2150.82	6668.96
2151.78	6655.29
2152.74	6645.99
2153.69	6639.76
2154.65	6644.85
2155.61	6642.97
2156.57	6643.37
2157.53	6637.34
2158.48	6624.07
2159.44	6610.65
2160.4	6596.11
2161.36	6581.41
2162.31	6567.13
2163.27	6553.27
2164.23	6544.27
2165.18	6535.17
2166.14	6530.23
2167.1	6527.1
2168.05	6525.28
2169.01	6522.44
2169.96	6519.27
2170.92	6513.89
2171.88	6503.91
2172.83	6492.3
2173.79	6478.41
2174.74	6464.47
2175.7	6449.94
2176.65	6435.54
2177.6	6422.06
2178.56	6410.19
2179.51	6399.16
2180.47	6389.06
2181.42	6380.13
2182.38	6372.39
2183.33	6367.08
2184.28	6363.54
2185.24	6359.52
2186.19	6354.17
2187.14	6345.14
2188.1	6335.86
2189.05	6324.16
2190	6310.81
2190.96	6304.13
2191.91	6308.7
2192.86	6305.62
2193.81	6306.93
2194.76	6305.51
2195.72	6298.28
2196.67	6283.37
2197.62	6270.09
2198.57	6250.19
2199.52	6231.61
2200.47	6213.85
2201.43	6197.92
2202.38	6197.57
2203.33	6208.56
2204.28	6230.78
2205.23	6229.86
2206.18	6197.21
2207.13	6188.27
2208.08	6188.46
2209.03	6187.85
2209.98	6186
2210.93	6182.83
2211.88	6177.47
2212.83	6170.66
2213.78	6162.27
2214.73	6152.27
2215.67	6140.79
2216.62	6127.52
2217.57	6115.96
2218.52	6107.02
2219.47	6100.87
2220.42	6098.91
2221.37	6099.29
2222.31	6096.09
2223.26	6094.79
2224.21	6086.46
2225.16	6079.86
2226.1	6074.28
2227.05	6070.27
2228	6068.2
2228.94	6069.82
2229.89	6075.49
2230.84	6079.78
2231.78	6083.46
2232.73	6091.6
2233.68	6084.75
2234.62	6067.66
2235.57	6054.16
2236.51	6043.06
2237.46	6033.49
2238.41	6029
2239.35	6035.67
2240.3	6023.15
2241.24	6013.49
2242.19	6010.67
2243.13	6008.83
2244.07	6008.54
2245.02	6008.29
2245.96	6007.1
2246.91	6005.72
2247.85	6005.27
2248.8	6004.56
2249.74	6004.36
2250.68	6002.33
2251.63	5989.36
2252.57	5978.12
2253.51	5970.95
2254.46	5966.85
2255.4	5966.7
2256.34	5964.28
2257.28	5966.01
2258.23	5968.39
2259.17	5966.31
2260.11	5961.72
2261.05	5953.43
2262	5940.98
2262.94	5928.69
2263.88	5926.85
2264.82	5927.29
2265.76	5927.93
2266.7	5925.43
2267.64	5918.25
2268.58	5910.75
2269.53	5907.08
2270.47	5906.03
2271.41	5905.24
2272.35	5906.68
2273.29	5913.39
2274.23	5920.04
2275.17	5922.06
2276.11	5920.87
2277.05	5915.21
2277.99	5905.69
2278.93	5891.75
2279.86	5881.45
2280.8	5871.79
2281.74	5868.83
2282.68	5870.07
2283.62	5874.64
2284.56	5878.84
2285.5	5883.69
2286.44	5887.96
2287.37	5889.22
2288.31	5887.06
2289.25	5880.03
2290.19	5871.52
2291.12	5864.29
2292.06	5857.5
2293	5855.09
2293.94	5853.32
2294.87	5853.35
2295.81	5849.82
2296.75	5843.62
2297.68	5838.13
2298.62	5833.09
2299.55	5828.79
2300.49	5825.34
2301.43	5823.04
2302.36	5826.63
2303.3	5825.41
2304.23	5810.31
2305.17	5788.8
2306.1	5776.64
2307.04	5777.44
2307.98	5784.09
2308.91	5789.76
2309.84	5792.9
2310.78	5792.63
2311.71	5787.87
2312.65	5777.58
2313.58	5764.65
2314.52	5753.58
2315.45	5744.63
2316.38	5735.71
2317.32	5727.63
2317.72	5724.33
2318.66	5718.23
2319.6	5711.93
2320.54	5704.06
2321.48	5694.95
2322.41	5685.48
2323.35	5677.69
2324.29	5670.32
2325.23	5665.26
2326.16	5662.47
2327.1	5661.75
2328.04	5661.55
2328.97	5659.67
2329.91	5659.48
2330.85	5658.92
2331.78	5658.48
2332.72	5657.79
2333.66	5656.48
2334.59	5653.36
2335.53	5644.46
2336.46	5636.3
2337.4	5627.14
2338.33	5625.13
2339.27	5627.71
2340.2	5625.54
2341.14	5619.25
2342.07	5607.74
2343.01	5597.39
2343.94	5588.91
2344.88	5582.49
2345.81	5576.13
2346.75	5577.26
2347.68	5574.71
2348.61	5568.95
2349.55	5567.17
2350.48	5560.28
2351.41	5547.18
2352.35	5539.52
2353.28	5536.32
2354.21	5533.94
2355.15	5535.49
2356.08	5536.41
2357.01	5534.17
2357.94	5529.33
2358.88	5522.11
2359.81	5511.43
2360.74	5499.56
2361.67	5490.17
2362.6	5483.34
2363.54	5479.66
2364.47	5479.19
2365.4	5480.92
2366.33	5483.86
2367.26	5486.71
2368.19	5486.81
2369.12	5482.63
2370.05	5473.16
2370.98	5465.52
2371.91	5458.37
2372.84	5455.03
2373.77	5451.87
2374.7	5450.02
2375.63	5449.02
2376.56	5448.67
2377.49	5448.56
2378.42	5447.25
2379.35	5444.47
2380.28	5440.01
2381.21	5434.21
2382.14	5426.72
2383.07	5417.24
2384	5406.53
2384.92	5398.42
2385.85	5400.88
2386.78	5400.99
2387.71	5401.99
2388.64	5403.08
2389.56	5405.45
2390.49	5405.44
2391.42	5396.84
2392.35	5380.65
2393.27	5366.01
2394.2	5365.82
2395.13	5369.97
2396.05	5369.72
2396.98	5369.2
2397.91	5369.26
2398.83	5368.02
2399.76	5366.58
2400.69	5362.04
2401.61	5355.66
2402.54	5347.51
2403.46	5340.51
2404.39	5336.55
2405.31	5333.34
2406.24	5330.85
2407.17	5329.02
2408.09	5328.16
2409.01	5328.24
2409.94	5329.48
2410.86	5328.83
2411.79	5325.29
2412.71	5315.7
2413.64	5286.12
2414.56	5276.78
2415.49	5271.65
2416.41	5265.82
2417.33	5301.48
2418.26	5292.99
2419.18	5286.12
2420.1	5274.51
2421.03	5249.41
2421.95	5224.91
2422.87	5207.92
2423.79	5211.75
2424.72	5218.72
2425.64	5232.41
2426.56	5241.34
2427.48	5229.17
2428.41	5220
2429.33	5209.29
2430.25	5198
2431.17	5185.17
2432.09	5182.42
2433.01	5182.1
2433.93	5180.83
2434.86	5183.66
2435.78	5180.95
2436.7	5168
2437.62	5149.7
2438.54	5127.21
2439.46	5099.15
2440.38	5090.09
2441.3	5098.07
2442.22	5122.25
2443.14	5139.32
2444.06	5165.57
2444.98	5154.77
2445.9	5131.14
2446.82	5108.48
2447.73	5089.78
2448.65	5074.56
2449.57	5064.28
2450.49	5067.12
2451.41	5056.35
2452.33	5046.48
2453.25	5037.05
2454.17	5024.62
2455.08	5018.33
2456	5019.42
2456.92	5027.34
2457.84	5036.05
2458.75	5031.37
2459.67	5017.94
2460.59	5001.13
2461.51	4992.48
2462.42	4990.25
2463.34	4994.07
2464.26	5011.78
2465.17	5013.06
2466.09	5011.87
2467	5005.86
2467.92	4994.35
2468.84	4975.3
2469.75	4960.99
2470.67	4954.22
2471.58	4948.17
2472.5	4957.43
2473.42	4945.57
2474.33	4928.95
2475.25	4925.58
2476.16	4929.06
2477.08	4930.76
2477.99	4929.72
2478.9	4926.14
2479.82	4922.24
2480.73	4917.49
2481.65	4912.05
2482.56	4905.56
2483.47	4898.36
2484.39	4890.96
2485.3	4884.38
2486.22	4878.25
2487.13	4872.47
2488.04	4866.45
2488.96	4862.23
2489.87	4861.09
2490.78	4870.75
2491.69	4878.03
2492.61	4872.73
2493.52	4866.8
2494.43	4859.74
2495.34	4851.67
2496.25	4842.38
2497.17	4832.08
2498.08	4824.41
2498.99	4814.53
2499.9	4816.77
2500.81	4818.71
2501.72	4819.89
2502.63	4811.84
2503.55	4793.61
2504.46	4784.85
2505.37	4803.2
2506.28	4810.4
2507.19	4813.64
2508.1	4816.23
2509.01	4818.31
2509.92	4817.35
2510.83	4815.89
2511.74	4814.15
2512.65	4810.63
2513.56	4805.54
2514.47	4798.79
2515.37	4790.2
2516.28	4778.58
2517.19	4769.89
2518.1	4766.85
2519.01	4765.6
2519.92	4771.33
2520.83	4776.93
2521.73	4783.03
2522.64	4788.2
2523.55	4773.84
2524.46	4755.81
2525.37	4736.6
2526.27	4729.29
2527.18	4730.24
2528.09	4733.63
2529	4739.47
2529.9	4745.73
2530.81	4753.5
2531.72	4762.52
2532.62	4760.47
2533.53	4735.94
2534.44	4716.08
2535.34	4700.74
2536.25	4690.97
2537.15	4681.11
2538.06	4674.57
2538.96	4667.51
2539.87	4660.96
2540.78	4655.39
2541.68	4650.37
2542.59	4646.38
2543.49	4644.63
2544.4	4644.34
2545.3	4646.16
2546.21	4649.26
2547.11	4654.14
2548.01	4657.03
2548.92	4656.84
2549.82	4646.95
2550.73	4637.19
2551.63	4628.72
2552.53	4620.81
2553.44	4608.57
2554.34	4597.42
2555.24	4594.14
2556.15	4597.92
2557.05	4607.04
2557.95	4610.12
2558.86	4593.03
2559.76	4586.15
2560.66	4581.05
2561.56	4573.7
2562.46	4565.81
2563.37	4558.18
2564.27	4552.39
2565.17	4549.5
2566.07	4548.84
2566.97	4550.66
2567.88	4549.33
2568.78	4547.08
2569.68	4540.58
2570.58	4532.09
2571.48	4523.03
2572.38	4515.07
2573.28	4509.29
2574.18	4505.33
2575.08	4504.26
2575.98	4503.37
2576.88	4499.91
2577.78	4493.62
2578.68	4485.81
2579.58	4477.63
2580.48	4468.38
2581.38	4459.49
2582.28	4452.73
2583.18	4446.85
2584.08	4441
2584.98	4437.95
2585.88	4435.34
2586.77	4439.77
2587.67	4441.94
2588.57	4442.09
2589.47	4436
2590.37	4410.22
2591.27	4401.85
2592.16	4393.59
2593.06	4390.96
2593.96	4389.66
2594.86	4403.43
2595.75	4410.7
2596.65	4409.01
2597.55	4395.68
2598.45	4369.3
2599.34	4356.03
2600.24	4363.54
2601.13	4369.78
2602.03	4374.4
2602.93	4377.92
2603.82	4383.73
2604.72	4376.18
2605.62	4359.54
2606.51	4340.54
2607.41	4323.83
2608.3	4311.32
2609.2	4302.8
2610.09	4297.59
2610.99	4294.7
2611.88	4294.9
2612.78	4298.01
2613.67	4303.84
2614.57	4312.31
2615.46	4322.76
2616.36	4330.72
2617.25	4326.94
2618.14	4323.71
2619.04	4313.51
2619.93	4301.38
2620.83	4287.48
2621.72	4275.12
2622.61	4265.22
2623.5	4256.76
2624.4	4250.16
2625.29	4245.13
2626.18	4244.05
2627.08	4244.4
2627.97	4246.21
2628.86	4248.47
2629.75	4235.35
2630.65	4230.14
2631.54	4226.24
2632.43	4223.27
2633.32	4220.67
2634.21	4219.2
2635.11	4217.1
2636	4213.1
2636.89	4209.52
2637.78	4204.8
2638.67	4199.47
2639.56	4193.01
2640.45	4185.06
2641.34	4174.58
2642.23	4160.28
2643.12	4143.85
2644.01	4125.68
2644.9	4105.43
2645.79	4088.47
2646.68	4099.38
2647.57	4120.89
2648.46	4119.58
2649.35	4118.69
2650.24	4116.7
2651.13	4114.46
2652.02	4105.72
2652.91	4094.49
2653.8	4086.75
2654.69	4076.49
2655.58	4082.37
2656.46	4087.53
2657.35	4080.45
2658.24	4069.56
2659.13	4056.25
2660.02	4057.21
2660.9	4060.14
2661.79	4053.84
2662.68	4048.36
2663.57	4044.01
2664.45	4040.91
2665.34	4040.34
2666.23	4039.52
2667.11	4040.11
2668	4042.22
2668.89	4044.19
2669.77	4045.2
2670.66	4039.12
2671.55	4033.03
2672.43	4026.42
2673.32	4020.76
2674.21	4014.64
2675.09	4008.47
2675.98	4002.28
2676.86	3996.02
2677.75	3990.01
2678.63	3984.06
2679.52	3978.25
2680.4	3972.09
2681.29	3964.16
2682.17	3955.32
2683.06	3953.09
2683.94	3952.47
2684.82	3949.7
2685.71	3950.42
2686.59	3940.18
2687.48	3930.19
2688.36	3919.35
2689.24	3913.06
2690.13	3907.26
2691.01	3903.67
2691.89	3902.26
2692.78	3902.56
2693.66	3904.41
2694.54	3907.05
2695.43	3895.76
2696.31	3887.39
2697.19	3879.42
2698.07	3871.6
2698.96	3863.82
2699.84	3856.84
2700.72	3850.54
2701.6	3844.49
2702.48	3839.1
2703.36	3834.42
2704.25	3830.61
2705.13	3828.33
2706.01	3827.33
2706.89	3828.38
2707.77	3828.74
2708.65	3829.49
2709.53	3826.77
2710.41	3821.98
2711.29	3815.99
2712.17	3799.17
2713.05	3793.92
2713.93	3796.17
2714.81	3799.62
2715.69	3800.02
2716.57	3804.3
2717.45	3799.6
2718.33	3790.41
2719.21	3773.84
2720.09	3762.69
2720.97	3756.75
2721.85	3760.98
2722.73	3760.01
2723.61	3757.63
2724.48	3755.43
2725.36	3753.36
2726.24	3751.28
2727.12	3743.66
2728	3740.9
2728.88	3744.49
2729.75	3746.15
2730.63	3747.63
2731.51	3748.52
2732.39	3751.51
2733.26	3749.57
2734.14	3742.89
2735.02	3731.11
2735.89	3719.82
2736.77	3709.42
2737.65	3699.8
2738.52	3691.75
2739.4	3683.83
2740.28	3688.4
2741.15	3698.35
2742.03	3704.14
2742.9	3706.54
2743.78	3705.63
2744.65	3702.17
2745.53	3695.78
2746.41	3693.19
2747.28	3692.15
2748.16	3688.05
2749.03	3686.42
2749.91	3677.66
2750.78	3667.43
2751.66	3654.71
2752.53	3644.89
2753.4	3637.17
2754.28	3630.96
2755.15	3630.02
2756.02	3629.12
2756.9	3630.2
2757.77	3632.21
2758.65	3635.25
2759.52	3638.43
2760.39	3640.3
2761.27	3640.05
2762.14	3634.8
2763.01	3628.18
2763.88	3620.55
2764.76	3610.88
2765.63	3599.7
2766.5	3587.38
2767.37	3576.41
2768.25	3576.59
2769.12	3574.3
2769.99	3578.36
2770.86	3579.73
2771.73	3576.73
2772.61	3569.48
2773.48	3557.08
2774.35	3552.77
2775.22	3549.04
2776.09	3547.46
2776.96	3547.55
2777.83	3550.11
2778.7	3553.72
2779.57	3546.07
2780.44	3535.17
2781.31	3523.6
2782.18	3515.72
2783.05	3513.79
2783.92	3511.78
2784.79	3516.33
2785.66	3517.09
2786.53	3513.85
2787.4	3506.58
2788.27	3495.68
2789.14	3491.68
2790.01	3493.45
2790.88	3494.27
2791.75	3496.07
2792.62	3497.31
2793.48	3492.14
2794.35	3489.85
2795.22	3481.78
2796.09	3471.45
2796.96	3460.56
2797.82	3459.38
2798.69	3460.96
2799.56	3461.26
2800.43	3460.98
2801.29	3458.45
2802.16	3450.73
2803.03	3439.55
2803.9	3426.66
2804.76	3420.7
2805.63	3413.62
2806.5	3413.29
2807.36	3419.64
2808.23	3422.67
2809.09	3427.15
2809.96	3421.67
2810.83	3411.05
2811.69	3405.66
2812.56	3400.3
2813.42	3402.5
2814.29	3406.07
2815.15	3412.88
2816.02	3420.92
2816.88	3415.07
2817.75	3408.79
2818.61	3396.28
2819.48	3385.96
2820.34	3377.45
2821.21	3371.36
2822.07	3369.63
2822.94	3369.79
2823.8	3369.64
2824.66	3367.83
2825.53	3366.07
2826.39	3363.99
2827.26	3361.21
2828.12	3358.08
2828.98	3354.78
2829.85	3351.53
2830.71	3348.62
2831.57	3346.26
2832.43	3344.84
2833.3	3344.35
2834.16	3344.72
2835.02	3344.28
2835.88	3339.15
2836.75	3328.7
2837.61	3323.63
2838.47	3319.71
2839.33	3315.95
2840.19	3312.41
2841.06	3309.24
2841.92	3306.71
2842.78	3305.04
2843.64	3303.53
2844.5	3302.16
2845.36	3300.66
2846.22	3298.43
2847.08	3296.22
2847.94	3293.95
2848.81	3291.46
2849.67	3288.69
2850.53	3285.24
2851.39	3275.85
2852.25	3254.06
2853.11	3267.68
2853.97	3281.85
2854.82	3271.14
2855.68	3259.47
2856.54	3249.51
2857.4	3240.01
2858.26	3234.56
2859.12	3233.23
2859.98	3232.73
2860.84	3231.18
2861.7	3230.4
2862.56	3229.92
2863.41	3229.25
2864.27	3228.57
2865.13	3227.15
2865.99	3225.46
2866.85	3222.87
2867.7	3221.42
2868.56	3223.64
2869.42	3221.88
2870.28	3219.65
2871.13	3217
2871.99	3213.74
2872.85	3210.1
2873.7	3205.96
2874.56	3201.57
2875.42	3197.13
2876.27	3193.25
2877.13	3190.65
2877.99	3184.93
2878.84	3173.41
2879.7	3166.24
2880.56	3166.31
2881.41	3170.2
2882.27	3175.09
2883.12	3181.66
2883.98	3184.76
2884.83	3169.46
2885.69	3161.36
2886.54	3150.52
2887.4	3138.74
2888.25	3126.72
2889.11	3115.95
2889.96	3106.48
2890.82	3099.43
2891.67	3101.29
2892.52	3108.68
2893.38	3113.27
2894.23	3121.51
2895.09	3122.5
2895.94	3116.5
2896.79	3109.8
2897.65	3101.47
2898.5	3091.99
2899.35	3084.77
2900.21	3080.93
2901.06	3077.31
2901.91	3073.26
2902.76	3068.95
2903.62	3064.24
2904.47	3059.5
2905.32	3054.62
2906.17	3049.47
2907.03	3044.21
2907.88	3038.87
2908.73	3033.86
2909.58	3029.25
2910.43	3025.36
2911.28	3022.77
2912.14	3021.47
2912.99	3021.3
2913.84	3021.63
2914.69	3021.44
2915.54	3022.29
2916.39	3023.26
2917.24	3023.19
2918.09	3018.81
2918.94	3011.12
2919.79	3007.68
2920.64	3005.2
2921.49	3000.18
2922.34	2995.5
2923.19	2989.14
2924.04	2982.91
2924.89	2977.19
2925.74	2971.59
2926.59	2970.77
2927.44	2970.43
2928.29	2970.01
2929.14	2968.39
2929.98	2959.73
2930.83	2954.33
2931.68	2949.94
2932.53	2946.91
2933.38	2945.99
2934.23	2944.8
2935.07	2943.57
2935.92	2942.32
2936.77	2940.88
2937.62	2939.08
2938.47	2936.73
2939.31	2930.78
2940.16	2925.26
2941.01	2918.47
2941.85	2912.33
2942.7	2908.37
2943.55	2907.4
2944.39	2909.46
2945.24	2909.19
2946.09	2908.17
2946.93	2907.73
2947.78	2907.17
2948.63	2906.42
2949.47	2905.21
2950.32	2903.51
2951.16	2900.92
2952.01	2897.04
2952.85	2891.56
2953.7	2885.19
2954.55	2878.84
2955.39	2874.03
2956.24	2882.13
2957.08	2886.21
2957.92	2890.08
2958.77	2891.93
2959.61	2886.19
2960.46	2872.82
2961.3	2863.87
2962.15	2855.15
2962.99	2846.12
2963.83	2843.56
2964.68	2846.04
2965.52	2851.72
2966.37	2859.05
2967.21	2865.6
2968.05	2868.34
2968.9	2847.99
2969.74	2834.38
2970.58	2820.9
2971.42	2807.54
2972.27	2795.9
2973.11	2796.06
2973.95	2794.62
2974.79	2798.17
2975.64	2824.77
2976.48	2811.74
2977.32	2781.49
2978.16	2779.37
2979	2782.36
2979.85	2788.5
2980.69	2790.43
2981.53	2784.86
2982.37	2781.59
2983.21	2779.06
2984.05	2777.01
2984.89	2775.34
2985.73	2775.01
2986.57	2774.9
2987.41	2774.86
2988.25	2774.94
2989.1	2775.48
2989.94	2776
2990.77	2774.25
2991.62	2768.97
2992.45	2759.61
2993.29	2751.96
2994.13	2745.18
2994.97	2739.7
2995.81	2734.6
2996.65	2731.67
2997.49	2766.88
2998.33	2771.51
2999.17	2770.72
