200.833	11660.5
202.102	11746.1
203.371	11718.3
204.639	11721.3
205.907	11729.1
207.175	11747.6
208.442	11766.3
209.71	11776.1
210.977	11780.3
212.244	11775.9
213.511	11773.5
214.777	11773.5
216.042	11788.5
217.309	11809.1
218.575	11832.7
219.84	11858.8
221.106	11880.3
222.371	11900
223.635	11917
224.9	11932.7
226.165	11944.9
227.429	11957
228.694	11972
229.956	11992.4
231.22	12026.6
232.484	12064.3
233.747	12106.1
235.011	12141.9
236.272	12187.6
237.535	12228.9
238.798	12237.3
240.06	12239.6
241.321	12243.4
242.583	12246.9
243.845	12255.7
245.105	12264.6
246.367	12272
247.628	12279.6
248.888	12289.2
250.149	12302.5
251.409	12323.1
252.67	12346.3
253.928	12369.2
255.189	12391
256.447	12411.3
257.707	12425.8
258.966	12439.5
260.224	12449.8
261.483	12457.4
262.742	12462.6
263.999	12467
265.257	12473.4
266.514	12477.7
267.772	12482.3
269.028	12486.3
270.286	12490.4
271.543	12495.8
272.799	12502.5
274.056	12515.7
275.311	12540.2
276.568	12568.1
277.823	12588.2
279.079	12599.5
280.333	12609.7
281.589	12625.3
282.843	12648.3
284.099	12681.6
285.352	12708
286.607	12730.6
287.86	12749.1
289.114	12764.6
290.368	12775.6
291.621	12773.6
292.875	12764.2
294.127	12775.1
295.38	12795.1
296.632	12821.1
297.884	12830.9
299.137	12811.5
300.388	12797.7
301.641	12789
302.891	12785.5
304.142	12786.7
305.394	12800.9
306.644	12819.5
307.894	12844.1
309.146	12865.5
310.395	12881.3
311.645	12892.9
312.895	12900.5
314.144	12904.9
315.393	12906.3
316.642	12919.8
317.892	12934.8
319.14	12954.1
320.388	12971
321.637	12978.7
322.885	12984.2
324.132	12991.9
325.38	12994
326.628	12997.7
327.875	13010.9
329.122	13028.3
330.368	13049.6
331.614	13070.1
332.862	13082
334.108	13091.9
335.353	13100.6
336.599	13115
337.844	13129.6
339.089	13143.2
340.335	13155.2
341.58	13166.9
342.824	13174.5
344.068	13181.2
345.312	13187.4
346.556	13193.5
347.8	13199.8
349.043	13207.7
350.286	13216.2
351.53	13231.3
352.774	13243.9
354.016	13254.2
355.259	13264.3
356.501	13270.7
357.743	13276.4
358.985	13281.1
360.227	13285.2
361.468	13288.7
362.709	13291.7
363.95	13294.4
365.191	13296.4
366.432	13298.4
367.672	13300.7
368.912	13303.7
370.152	13305.6
371.392	13309.1
372.632	13313.7
373.871	13319.6
375.11	13325.8
376.348	13332.4
377.587	13339.8
378.825	13347.7
380.064	13355.9
381.302	13363.8
382.54	13371.5
383.778	13376.9
385.016	13382.4
386.253	13387.1
387.489	13391
388.726	13393.7
389.963	13410.6
391.199	13451.3
392.436	13497.6
393.672	13460
394.907	13440.8
396.142	13436.5
397.378	13452.5
398.614	13466.6
399.849	13479.8
401.082	13488.9
402.317	13490
403.552	13487.2
404.786	13491
406.019	13505.3
407.253	13522.4
408.487	13541.1
409.721	13566.4
410.953	13588.7
412.186	13602.2
413.419	13610.8
414.651	13612
415.883	13606
417.116	13591.8
418.347	13591.9
419.579	13594.8
420.811	13599.5
422.041	13606.6
423.272	13605.7
424.504	13602.4
425.733	13596.7
426.964	13588.7
428.194	13589
429.424	13581.7
430.654	13580.4
431.883	13584.4
433.113	13594.1
434.341	13610.7
435.571	13632.9
436.799	13657.5
438.028	13678.8
439.257	13694.6
440.484	13713
441.713	13707
442.94	13713
444.168	13725.3
445.394	13745.7
446.622	13759.5
447.848	13771.7
449.076	13778.4
450.301	13785
451.528	13785.8
452.754	13784.6
453.979	13780
455.205	13774.1
456.43	13770.1
457.656	13769.5
458.88	13778
460.106	13785.3
461.33	13802
462.554	13812.2
463.779	13815.9
465.002	13818.4
466.225	13817.4
467.45	13818.2
468.672	13827.3
469.895	13832.8
471.119	13830.7
472.341	13826.4
473.563	13819.8
474.786	13810.2
476.008	13797.9
477.229	13797.1
478.452	13790.1
479.673	13795
480.894	13815.3
482.115	13804.7
483.337	13790.9
484.557	13777.3
485.777	13765.5
486.997	13761.8
488.218	13761.3
489.438	13763.8
490.657	13769.4
491.876	13778.6
493.096	13790.8
494.315	13790.3
495.533	13777.4
496.752	13766.2
497.97	13757.7
499.188	13751.1
500.407	13745.7
501.625	13742.6
502.842	13730.1
504.059	13748.6
505.276	13757.7
506.493	13766.1
507.71	13776
508.926	13786.4
510.142	13791.1
511.358	13802.9
512.575	13818.8
513.791	13833.8
515.006	13847.1
516.222	13858.3
517.437	13867.5
518.651	13871.4
519.866	13872.3
521.081	13869.4
522.295	13865.6
523.509	13861.7
524.723	13859.4
525.937	13859.7
527.15	13861.7
528.363	13866.2
529.576	13873.9
530.789	13885.2
532.002	13898
533.215	13911.7
534.426	13927.6
535.638	13943.5
536.85	13957.2
538.061	13968.5
539.273	13976.7
540.484	13980.9
541.695	13979.9
542.906	13975.3
544.117	13969.9
545.327	13963.2
546.537	13956.7
547.747	13954.4
548.957	13949.8
550.167	13945
551.377	13955.4
552.585	13967.5
553.794	13976.3
555.003	13977.5
556.212	13986.4
557.421	13989.2
558.628	13990.1
559.836	13971.9
561.044	13954
562.252	13944.1
563.458	13935
564.666	13933.2
565.873	13935.7
567.08	13944.1
568.286	13956.5
569.493	13972.1
570.699	13989.4
571.904	13990.6
573.111	13993.2
574.317	13992.6
575.521	13988.9
576.727	13982.2
577.932	13972.5
579.136	13961.2
580.341	13950.3
581.544	13956
582.749	13961.9
583.954	13973.5
585.156	13999.5
586.361	14012.6
587.563	14016.7
588.767	14016.1
589.97	14018.9
591.172	14024.8
592.375	14033.5
593.577	14035.3
594.78	14015.1
595.981	14006.7
597.183	14000.1
598.384	13993.3
599.586	13987
600.786	13981.2
601.988	13976.4
603.188	13972
604.389	13968.1
605.589	13964.7
606.79	13962
607.989	13959.7
609.188	13958.2
610.389	13956.1
611.587	13948.3
612.787	13933.3
613.986	13915.2
615.184	13892.6
616.383	13868.7
617.581	13836.4
618.78	13827.2
619.977	13829.4
621.174	13832.6
622.373	13834.9
623.57	13834.2
624.766	13830.7
625.964	13825.1
627.16	13817.7
628.356	13809
629.554	13795.4
630.749	13776.1
631.945	13754.7
633.14	13739.1
634.337	13745.7
635.532	13764
636.726	13799.3
637.921	13822
639.117	13847.7
640.311	13858.5
641.505	13835.3
642.699	13807.6
643.892	13776.7
645.087	13745.4
646.28	13734.4
647.473	13756.8
648.666	13765.9
649.859	13773.9
651.051	13790
652.245	13808.4
653.437	13823.7
654.629	13825.6
655.821	13821.7
657.012	13815.1
658.204	13809.4
659.395	13805
660.586	13801.3
661.777	13798.8
662.967	13797.8
664.158	13798.5
665.349	13801
666.539	13806
667.729	13813
668.919	13821.9
670.109	13832.9
671.298	13845.3
672.487	13857.7
673.676	13862.5
674.865	13849.3
676.053	13839
677.242	13832.9
678.43	13831.2
679.616	13832.8
680.804	13843.4
681.992	13848.8
683.179	13846.7
684.366	13840.1
685.554	13832.6
686.74	13823.4
687.927	13814.9
689.114	13811
690.3	13807.1
691.486	13802.6
692.671	13797.4
693.856	13791.1
695.042	13778.2
696.227	13768.1
697.413	13769.5
698.598	13768.9
699.781	13765.7
700.966	13761.5
702.15	13756.5
703.334	13752.6
704.518	13748
705.701	13742.3
706.885	13732.8
708.068	13717.2
709.252	13705.3
710.433	13697.4
711.616	13691.9
712.799	13688.5
713.98	13687
715.163	13688.5
716.345	13692
717.527	13697
718.707	13702.3
719.889	13702
721.071	13701.1
722.25	13698.1
723.432	13696.3
724.611	13693.1
725.792	13690.4
726.972	13693.4
728.151	13697.7
729.332	13702.3
730.512	13706.4
731.69	13709
732.87	13711.6
734.048	13714.1
735.227	13715.9
736.405	13717.6
737.584	13719.4
738.761	13723.7
739.94	13729.5
741.117	13736.4
742.295	13743.9
743.471	13750.9
744.649	13759.2
745.825	13769.2
747.003	13791.9
748.179	13808
749.356	13808.1
750.531	13807.1
751.708	13795.3
752.883	13788.2
754.059	13780.6
755.234	13769
756.409	13755.2
757.585	13751.3
758.759	13750.4
759.934	13752.8
761.108	13755.1
762.282	13759.2
763.456	13763.1
764.63	13760.1
765.803	13752.3
766.977	13742
768.15	13733.4
769.323	13725.7
770.496	13717.3
771.668	13708.4
772.841	13698.9
774.014	13688.8
775.185	13678.4
776.357	13667.3
777.528	13655.6
778.701	13643.6
779.872	13631.6
781.042	13622
782.213	13612.6
783.383	13603.5
784.555	13594.6
785.725	13582.9
786.895	13570.2
788.064	13547.3
789.234	13530.2
790.404	13517.5
791.573	13510.9
792.742	13513
793.911	13508.9
795.08	13506.3
796.248	13503.4
797.416	13500.7
798.584	13497.9
799.753	13493.6
800.921	13488.8
802.088	13483.6
803.256	13478.1
804.423	13484.4
805.59	13492.9
806.756	13512.7
807.923	13520.1
809.089	13527.1
810.256	13531
811.422	13533.3
812.587	13529
813.753	13524
814.918	13519.1
816.084	13514
817.249	13508.2
818.414	13495.1
819.578	13479.6
820.743	13460.6
821.907	13444.4
823.072	13498.1
824.236	13499.1
825.399	13497.9
826.562	13497.6
827.725	13496.8
828.889	13495.3
830.052	13493.1
831.215	13490.4
832.377	13487
833.54	13483.3
834.701	13478.7
835.863	13475.1
837.025	13478.8
838.187	13493.1
839.349	13505.7
840.51	13513.2
841.67	13518.7
842.831	13522.3
843.992	13521.3
845.153	13518.1
846.312	13511.1
847.473	13501.6
848.633	13490.5
849.793	13479.3
850.951	13476.9
852.111	13471.4
853.27	13465.9
854.428	13460
855.588	13454.5
856.747	13445
857.904	13430.9
859.063	13415.2
860.221	13401.2
861.378	13388.3
862.536	13376.7
863.694	13367
864.85	13356.4
866.008	13343.7
867.164	13329.5
868.321	13314.7
869.478	13299.1
870.633	13285.2
871.79	13276
872.945	13270.2
874.101	13259.4
875.256	13246.4
876.412	13237.7
877.566	13231.5
878.722	13227.5
879.876	13224.1
881.031	13220.2
882.185	13214.7
883.34	13209.4
884.493	13194.5
885.647	13175.7
886.8	13153.3
887.954	13134.3
889.107	13118.5
890.261	13107.5
891.413	13113.5
892.565	13119
893.718	13130.9
894.87	13142.4
896.023	13142.2
897.174	13138.6
898.326	13131.9
899.478	13120
900.629	13116
901.779	13114.9
902.931	13116.3
904.081	13120.4
905.231	13129.2
906.383	13140.1
907.532	13151.4
908.682	13162.3
909.831	13163.8
910.982	13155.3
912.131	13150.1
913.28	13149.5
914.429	13154.6
915.578	13158.2
916.727	13158
917.875	13157
919.023	13153
920.171	13146.9
921.32	13144.6
922.467	13146.4
923.614	13149.9
924.761	13154.3
925.908	13159.5
927.055	13164.7
928.203	13170.5
929.349	13148.8
930.496	13129.9
931.642	13127.2
932.787	13135.6
933.933	13145.5
935.079	13150.6
936.224	13137.9
937.369	13125.3
938.514	13111.8
939.659	13099
940.804	13087
941.948	13076
943.092	13067.8
944.236	13062.9
945.38	13065.1
946.524	13069.4
947.667	13072
948.811	13071.3
949.954	13057.1
951.097	13034.7
952.24	12974.3
953.383	12943.5
954.525	12911.2
955.667	12929.6
956.81	12958.6
957.952	12969.9
959.093	12977.5
960.235	12986.1
961.376	12989.3
962.516	12989.3
963.658	12983.5
964.798	12970.5
965.939	12947.4
967.08	12924.8
968.22	12908.5
969.359	12893.6
970.499	12880.6
971.639	12873
972.779	12874
973.918	12878.4
975.056	12885.9
976.195	12892.4
977.334	12888.8
978.473	12888.4
979.61	12888.1
980.749	12887.5
981.887	12885.3
983.024	12882
984.162	12878.5
985.3	12875.6
986.437	12874.4
987.573	12873.9
988.711	12874.4
989.848	12876.2
990.983	12879.1
992.12	12884
993.255	12889.1
994.392	12891
995.528	12865.9
996.662	12849.9
997.798	12846.4
998.933	12849.7
1000.07	12878.4
1001.2	12873.4
1002.34	12864.6
1003.47	12854.3
1004.61	12847.4
1005.74	12841.2
1006.87	12837.7
1008.01	12842.7
1009.14	12853.2
1010.27	12853.3
1011.41	12852.4
1012.54	12852
1013.67	12851.5
1014.81	12851.8
1015.94	12854.7
1017.07	12859.3
1018.2	12853.2
1019.33	12837
1020.47	12816.6
1021.6	12793
1022.73	12775
1023.86	12764.5
1024.99	12756.9
1026.12	12752
1027.25	12750.7
1028.38	12753.9
1029.51	12756.9
1030.64	12755
1031.77	12741.3
1032.9	12727.3
1034.03	12715.4
1035.16	12705.4
1036.29	12703.1
1037.42	12696.3
1038.55	12677.6
1039.67	12655.6
1040.8	12633.3
1041.93	12614.5
1043.06	12603.2
1044.19	12602.7
1045.31	12631.2
1046.44	12643.4
1047.57	12630.2
1048.69	12605.1
1049.82	12570.2
1050.95	12557.5
1052.08	12540.9
1053.2	12525.9
1054.33	12515.4
1055.45	12507.8
1056.58	12504.6
1057.7	12506.4
1058.83	12517.7
1059.95	12527.1
1061.08	12534.5
1062.2	12553.7
1063.33	12560.9
1064.45	12555
1065.58	12544.5
1066.7	12533.9
1067.83	12523.1
1068.95	12513.2
1070.07	12503.4
1071.2	12495.7
1072.32	12490.9
1073.44	12491.6
1074.56	12495.3
1075.69	12501.1
1076.81	12492.8
1077.93	12481.7
1079.05	12472.8
1080.17	12465.8
1081.3	12463.9
1082.42	12461.5
1083.54	12456.7
1084.66	12450.3
1085.78	12443.1
1086.9	12433.5
1088.02	12405.8
1089.14	12376.9
1090.26	12432.4
1091.38	12459.4
1092.5	12468.1
1093.62	12472.7
1094.74	12477.1
1095.86	12497.4
1096.98	12511.3
1098.1	12517
1099.22	12514.4
1100.34	12478.6
1101.45	12448.4
1102.57	12427.7
1103.69	12407.3
1104.81	12401
1105.93	12406.4
1107.04	12406.3
1108.16	12405.2
1109.28	12404.1
1110.4	12401.7
1111.51	12397.6
1112.63	12392.1
1113.75	12385.8
1114.86	12378.4
1115.98	12370
1117.09	12360.6
1118.21	12350.4
1119.32	12339
1120.44	12326.6
1121.55	12313.4
1122.67	12299.3
1123.78	12284.4
1124.9	12269.2
1126.01	12254.6
1127.13	12238.8
1128.24	12222.6
1129.35	12206.2
1130.47	12189.8
1131.58	12179.6
1132.7	12172.9
1133.81	12173
1134.92	12170.4
1136.03	12165.7
1137.15	12160.9
1138.26	12147
1139.37	12135.6
1140.48	12122.9
1141.59	12110
1142.71	12097.2
1143.82	12085.1
1144.93	12077
1146.04	12071.7
1147.15	12073.1
1148.26	12067.8
1149.37	12064
1150.48	12052.3
1151.59	12035.8
1152.7	12021.7
1153.81	12010.2
1154.92	12001
1156.03	11994.5
1157.14	11986.6
1158.25	11985.7
1159.36	11988
1160.47	11991.9
1161.58	11996.4
1162.68	11996.6
1163.79	11996.3
1164.9	11995.5
1166.01	11993.3
1167.12	11990.1
1168.22	11984.9
1169.33	11977
1170.44	11966.2
1171.55	11951.8
1172.65	11944.2
1173.76	11934.3
1174.87	11932.1
1175.97	11936.1
1177.08	11938.3
1178.18	11941.6
1179.29	11945.4
1180.4	11951.5
1181.5	11957
1182.61	11962.1
1183.71	11966.2
1184.82	11969.5
1185.92	11970.6
1187.02	11971.2
1188.13	11970.4
1189.23	11968.8
1190.34	11966.5
1191.44	11963.9
1192.54	11961.9
1193.65	11960.4
1194.75	11962.3
1195.85	11964.7
1196.96	11965.7
1198.06	11968
1199.16	11961.3
1200.26	11957.2
1201.37	11955.4
1202.47	11955
1203.57	11956.1
1204.67	11958.2
1205.77	11962.3
1206.87	11964.3
1207.97	11949
1209.08	11926.2
1210.18	11911.7
1211.28	11903.5
1212.38	11900.6
1213.48	11901
1214.58	11905.3
1215.68	11896
1216.78	11892.2
1217.88	11892
1218.98	11895.4
1220.07	11902.1
1221.17	11901.9
1222.27	11895.4
1223.37	11883.6
1224.47	11854.3
1225.57	11833.8
1226.66	11814.9
1227.76	11798
1228.86	11782.9
1229.96	11782
1231.06	11780.4
1232.15	11780.9
1233.25	11781
1234.35	11772.2
1235.44	11766.1
1236.54	11764.1
1237.63	11763.7
1238.73	11763.7
1239.83	11762
1240.92	11760.8
1242.02	11752.1
1243.11	11740.9
1244.21	11726.6
1245.3	11711
1246.4	11696
1247.49	11680.5
1248.59	11674.8
1249.68	11670.3
1250.78	11667.8
1251.87	11667.2
1252.96	11668.8
1254.06	11672.2
1255.15	11668.3
1256.24	11664.2
1257.34	11650
1258.43	11631.7
1259.52	11617.8
1260.62	11608.2
1261.71	11603.9
1262.8	11601.4
1263.89	11583.8
1264.98	11575
1266.08	11560.5
1267.17	11554.7
1268.26	11558.8
1269.35	11569.6
1270.44	11578.3
1271.53	11592
1272.62	11592.6
1273.71	11596.2
1274.8	11596
1275.89	11594.6
1276.98	11599.7
1278.07	11604.1
1279.16	11609.9
1280.25	11614
1281.34	11615.5
1282.43	11614.6
1283.52	11605.6
1284.61	11595.8
1285.69	11583.3
1286.78	11567
1287.87	11563.2
1288.96	11575.5
1290.05	11583.3
1291.13	11584.3
1292.22	11581
1293.31	11578.8
1294.4	11562.1
1295.48	11563.7
1296.57	11569.9
1297.66	11577
1298.74	11587.4
1299.83	11594.7
1300.92	11599.3
1302	11602.1
1303.09	11603.5
1304.17	11602.4
1305.26	11598.8
1306.34	11592.7
1307.43	11584.3
1308.51	11578.5
1309.6	11577.1
1310.68	11571.6
1311.76	11567.5
1312.85	11565
1313.93	11563.4
1315.02	11561.4
1316.1	11557.7
1317.18	11552.2
1318.27	11545.9
1319.35	11536.7
1320.43	11526.4
1321.52	11514.8
1322.6	11504.9
1323.68	11505.9
1324.76	11514.3
1325.85	11516
1326.93	11513.3
1328.01	11506.7
1329.09	11493.5
1330.17	11476.6
1331.25	11456.8
1332.33	11438.4
1333.41	11421.5
1334.49	11409.5
1335.58	11410
1336.65	11415.4
1337.74	11423.8
1338.82	11418.1
1339.89	11408.7
1340.97	11407.7
1342.05	11405.7
1343.13	11402.2
1344.21	11384.4
1345.29	11375.8
1346.37	11371.7
1347.45	11388
1348.53	11394.3
1349.6	11391.8
1350.68	11387
1351.76	11382
1352.84	11358.5
1353.92	11340.4
1354.99	11343.5
1356.07	11350.2
1357.15	11356.8
1358.22	11362.4
1359.3	11366.6
1360.38	11368.9
1361.45	11369.7
1362.53	11369.1
1363.61	11363.1
1364.68	11353.9
1365.76	11344.7
1366.83	11338.2
1367.91	11332.1
1368.98	11328.9
1370.06	11330.4
1371.13	11334.4
1372.21	11338.4
1373.28	11341.8
1374.35	11344.8
1375.43	11341.2
1376.5	11333
1377.58	11320.5
1378.65	11307.6
1379.72	11297.1
1380.8	11293.9
1381.87	11294.8
1382.94	11298.9
1384.01	11304.2
1385.09	11307.2
1386.16	11291.8
1387.23	11262.4
1388.3	11248.3
1389.38	11255.9
1390.45	11280.5
1391.52	11288
1392.59	11284.5
1393.66	11274.6
1393.92	11271.2
1395	11261.3
1396.07	11251.5
1397.15	11242.5
1398.22	11236.7
1399.3	11236.9
1400.38	11237.1
1401.45	11236
1402.53	11222.9
1403.6	11211.1
1404.68	11204.5
1405.75	11202.1
1406.82	11199.2
1407.9	11199.5
1408.97	11195.2
1410.05	11190.3
1411.12	11184.4
1412.19	11176.8
1413.27	11167.1
1414.34	11154.2
1415.41	11155.9
1416.49	11150.8
1417.56	11149.8
1418.63	11149.2
1419.7	11144.4
1420.78	11143.9
1421.85	11133.4
1422.92	11118.9
1423.99	11100.6
1425.06	11087.6
1426.14	11083.9
1427.21	11079.9
1428.28	11082.6
1429.35	11078.7
1430.42	11077
1431.49	11061.1
1432.56	11033.5
1433.63	11029
1434.7	11032.5
1435.77	11039.9
1436.84	11046.9
1437.91	11054.5
1438.98	11058
1440.05	11049.1
1441.12	11029
1442.18	11010.2
1443.25	10998.6
1444.32	11002.5
1445.39	10997.8
1446.46	11001.1
1447.53	11000.8
1448.59	10996.2
1449.66	10986.5
1450.73	10971.5
1451.8	10966.3
1452.86	10977.9
1453.93	10985.3
1455	10990.7
1456.06	10988.7
1457.13	10984.1
1458.2	10976.9
1459.26	10967.7
1460.33	10958.6
1461.39	10957.2
1462.46	10955.7
1463.52	10956.9
1464.59	10957.9
1465.65	10968.6
1466.72	10997.6
1467.78	10986.3
1468.85	10961.9
1469.91	10943.3
1470.98	10934.9
1472.04	10939
1473.1	10948
1474.17	10953.3
1475.23	10956.4
1476.3	10959.5
1477.36	10961.4
1478.42	10964.7
1479.48	10965.7
1480.55	10964.9
1481.61	10958.4
1482.67	10935.8
1483.73	10913.6
1484.8	10911.2
1485.86	10910.7
1486.92	10920
1487.98	10919
1489.04	10910.4
1490.1	10899.8
1491.17	10880.8
1492.23	10876
1493.29	10870.1
1494.35	10875.4
1495.41	10881.5
1496.47	10889.8
1497.53	10892.1
1498.59	10888.1
1499.65	10879
1500.71	10867.6
1501.77	10852.2
1502.83	10832.8
1503.88	10807.9
1504.94	10791.9
1506	10782.1
1507.06	10779
1508.12	10780.7
1509.18	10782.1
1510.23	10783.5
1511.29	10783.4
1512.35	10753.6
1513.41	10743.5
1514.47	10736.5
1515.52	10731.6
1516.58	10728.7
1517.64	10723
1518.69	10718.5
1519.75	10713.9
1520.81	10709.6
1521.86	10705.7
1522.92	10702.4
1523.97	10700.4
1525.03	10699.4
1526.08	10698.9
1527.14	10696.5
1528.2	10689
1529.25	10681.2
1530.31	10671.8
1531.36	10660.9
1532.42	10648.6
1533.47	10636.8
1534.52	10625.7
1535.58	10616.4
1536.63	10609.2
1537.69	10603.9
1538.74	10601.4
1539.79	10601.4
1540.84	10603.3
1541.9	10606.8
1542.95	10607.2
1544	10605.8
1545.06	10602.5
1546.11	10598.6
1547.16	10594.5
1548.21	10590
1549.27	10584.9
1550.32	10579.5
1551.37	10574.6
1552.42	10571.5
1553.47	10571.3
1554.52	10577
1555.57	10580.3
1556.62	10583.9
1557.67	10587.8
1558.72	10591.7
1559.77	10595
1560.82	10597.7
1561.87	10599.4
1562.92	10599.9
1563.97	10598.6
1565.02	10595.5
1566.07	10587
1567.12	10575.8
1568.17	10562.9
1569.22	10548.3
1570.27	10537.9
1571.32	10528.1
1572.36	10518.4
1573.41	10514.7
1574.46	10520.1
1575.51	10530.6
1576.56	10541.8
1577.6	10548.9
1578.65	10549.4
1579.7	10548.3
1580.74	10543.2
1581.79	10536.7
1582.84	10524.5
1583.88	10508.7
1584.93	10501.5
1585.98	10497.1
1587.02	10496.5
1588.07	10495.4
1589.11	10495.2
1590.16	10495.1
1591.2	10496.7
1592.25	10498.5
1593.29	10500.3
1594.34	10500.9
1595.38	10490.1
1596.43	10478
1597.47	10464.1
1598.52	10449.5
1599.56	10435.2
1600.6	10422.1
1601.65	10411.4
1602.69	10404.1
1603.73	10400.8
1604.78	10401.5
1605.82	10402.6
1606.86	10388.3
1607.91	10364.4
1608.95	10341.5
1609.99	10318.7
1611.03	10301.3
1612.08	10287
1613.12	10276.8
1614.16	10269.4
1615.2	10264.6
1616.24	10261.2
1617.28	10257.9
1618.32	10253.5
1619.36	10251.7
1620.41	10250.5
1621.45	10249.6
1622.49	10248.7
1623.53	10245.9
1624.57	10236.4
1625.61	10227.1
1626.65	10215.8
1627.69	10202.8
1628.73	10187.3
1629.76	10175.2
1630.8	10170.4
1631.84	10165
1632.88	10160.5
1633.92	10156.1
1634.96	10151.5
1636	10147.8
1637.03	10144.3
1638.07	10139.9
1639.11	10134.9
1640.15	10128.6
1641.19	10121
1642.22	10110.5
1643.26	10099
1644.3	10088.4
1645.33	10078.6
1646.37	10073.5
1647.41	10071.8
1648.44	10073.6
1649.48	10071.4
1650.52	10058.8
1651.55	10047.9
1652.59	10037.8
1653.62	10031.2
1654.66	10024
1655.69	10018
1656.73	10013.6
1657.76	10010.3
1658.8	10007.5
1659.83	10004.9
1660.87	10001.7
1661.9	9997.61
1662.93	9992.88
1663.97	9983.52
1665	9974.65
1666.04	9966.54
1667.07	9961.08
1668.1	9973.61
1669.14	9981.51
1670.17	9988.91
1671.2	9992.88
1672.23	9993.99
1673.27	9991.88
1674.3	9987.31
1675.33	9979.6
1676.36	9970.22
1677.39	9959.11
1678.43	9952.74
1679.46	9945.32
1680.49	9938.32
1681.52	9932.22
1682.55	9925.71
1683.58	9920.11
1684.61	9915.64
1685.64	9913.28
1686.67	9914.92
1687.7	9920.3
1688.73	9929.72
1689.76	9922.74
1690.79	9914.18
1691.82	9904.59
1692.85	9894.05
1693.88	9883.73
1694.91	9868.92
1695.94	9860.13
1696.97	9855
1698	9849.47
1699.02	9842.5
1700.05	9835.67
1701.08	9828.79
1702.11	9821.33
1703.14	9813.87
1704.16	9805.53
1705.19	9797.45
1706.22	9789.89
1707.25	9783.39
1708.27	9777.69
1709.3	9770.41
1710.33	9762.74
1711.35	9756.54
1712.38	9750.64
1713.41	9746.01
1714.43	9741.39
1715.46	9736.7
1716.48	9732.67
1717.51	9724.72
1718.53	9713.69
1719.56	9688.8
1720.58	9681.15
1721.61	9686.47
1722.63	9695.77
1723.66	9699.03
1724.68	9697.28
1725.71	9690.8
1726.73	9682.78
1727.75	9669.69
1728.78	9653.26
1729.8	9634.63
1730.83	9612.13
1731.85	9596.49
1732.87	9579.45
1733.89	9561.98
1734.92	9549.75
1735.94	9540.84
1736.96	9540.62
1737.98	9543.92
1739.01	9543.45
1740.03	9540.8
1741.05	9538.52
1742.07	9537.01
1743.09	9534.97
1744.12	9538.19
1745.14	9542.64
1746.16	9544.21
1747.18	9543.5
1748.2	9545.96
1749.22	9539.68
1750.24	9521.54
1751.26	9508.21
1752.28	9497.74
1753.3	9491.66
1754.32	9495.67
1755.34	9493.6
1756.36	9485.89
1757.38	9473.07
1758.4	9455.38
1759.42	9434.99
1760.44	9417.37
1761.45	9395.9
1762.47	9386.9
1763.49	9389.02
1764.51	9401.37
1765.53	9412.72
1766.55	9424.26
1767.56	9434.38
1768.58	9436.59
1769.6	9432.67
1770.61	9418.22
1771.63	9388.06
1772.65	9372.37
1773.67	9356.13
1774.68	9349.72
1775.7	9349.96
1776.72	9350.96
1777.73	9350.46
1778.75	9348.61
1779.76	9344.43
1780.78	9335.06
1781.79	9325.14
1782.81	9322.53
1783.83	9320.81
1784.84	9309.71
1785.85	9300.31
1786.87	9277
1787.88	9263.73
1788.9	9256.4
1789.91	9250.75
1790.93	9247.05
1791.94	9244.93
1792.95	9242.61
1793.97	9235.52
1794.98	9229.18
1796	9223.21
1797.01	9217.48
1798.02	9211.94
1799.03	9206.92
1800.05	9202.46
1801.06	9198.52
1802.07	9195.75
1803.08	9193.15
1804.1	9190.05
1805.11	9186.16
1806.12	9181.03
1807.13	9174.25
1808.14	9165.8
1809.15	9155.83
1810.17	9144.11
1811.18	9131.06
1812.19	9117.98
1813.2	9104.08
1814.21	9094.03
1815.22	9097.73
1816.23	9097.42
1817.24	9092.21
1818.25	9085.13
1819.26	9063.71
1820.27	9040.79
1821.28	9029.38
1822.29	9032.31
1823.3	9033.77
1824.3	9041.61
1825.31	9043.54
1826.32	9047.04
1827.33	9038.1
1828.34	9024.76
1829.35	9013.69
1830.35	9010.11
1831.36	9000.46
1832.37	8997.78
1833.38	8990.19
1834.38	8983.22
1835.39	8967.35
1836.4	8952.41
1837.41	8937.71
1838.41	8923.66
1839.42	8910.12
1840.43	8897.29
1841.43	8885.45
1842.44	8874.61
1843.44	8866.15
1844.45	8858.97
1845.46	8851.96
1846.46	8846.23
1847.47	8841.76
1848.47	8839.47
1849.48	8844.77
1850.48	8861.16
1851.49	8862.93
1852.49	8859.3
1853.49	8822.09
1854.5	8829.55
1855.5	8834.99
1856.51	8829.93
1857.51	8817.49
1858.51	8805.25
1859.52	8792.47
1860.52	8779.36
1861.52	8765.51
1862.53	8761.38
1863.53	8769.38
1864.53	8779.98
1865.54	8791.19
1866.54	8784.36
1867.54	8763.22
1868.54	8753.07
1869.54	8741.16
1870.55	8731.56
1871.55	8724.7
1872.55	8720.86
1873.55	8719.71
1874.55	8717.76
1875.55	8714.38
1876.55	8704.07
1877.55	8691.3
1878.55	8676.55
1879.55	8671.2
1880.56	8665.22
1881.55	8666.37
1882.56	8668.51
1883.55	8667.36
1884.55	8661.98
1885.55	8651.52
1886.55	8633.32
1887.55	8617.91
1888.55	8613.82
1889.55	8624.38
1890.55	8628.94
1891.55	8646.34
1892.55	8654.06
1893.54	8648.64
1894.54	8631.02
1895.54	8600.62
1896.54	8569.47
1897.54	8543.5
1898.53	8523.26
1899.53	8514.82
1900.53	8507.1
1901.52	8522.66
1902.52	8547.15
1903.52	8559.67
1904.51	8560.55
1905.51	8549.66
1906.51	8525.43
1907.5	8500.34
1908.5	8476.44
1909.49	8453.67
1910.49	8438.66
1911.49	8441.29
1912.48	8436.11
1913.48	8430.76
1914.47	8425.35
1915.46	8417.5
1916.46	8408.55
1917.45	8393.05
1918.45	8376.75
1919.44	8365.47
1920.44	8359.9
1921.43	8359.11
1922.43	8354.28
1923.42	8349.66
1924.41	8344.99
1925.41	8340.06
1926.4	8335.31
1927.39	8329.76
1928.38	8325.02
1929.38	8324.17
1930.37	8327.2
1931.36	8323.33
1932.35	8314.76
1933.35	8304.24
1934.34	8291.11
1935.33	8277.21
1936.32	8268.74
1937.31	8263.73
1938.3	8260.88
1939.29	8257.83
1940.29	8249.63
1941.28	8241.2
1942.27	8231.72
1943.26	8221.35
1944.25	8210.15
1945.24	8197.61
1946.23	8186.1
1947.22	8179.61
1948.21	8177.37
1949.2	8180.26
1950.19	8187.65
1951.18	8178.52
1952.17	8164.93
1953.16	8144.07
1954.14	8116.73
1955.13	8097.57
1956.12	8090.83
1957.11	8093.48
1958.1	8100.07
1959.09	8100.76
1960.07	8092.62
1961.06	8078.62
1962.05	8062.16
1963.04	8076.29
1964.02	8069.19
1965.01	8056.54
1966	8045.31
1966.99	8023.37
1967.97	8007.41
1968.96	7996.32
1969.95	7992.18
1970.93	7996.82
1971.92	8001.96
1972.9	8006.05
1973.89	8009.24
1974.88	8009.05
1975.86	8006.57
1976.85	8001.61
1977.83	7993.93
1978.82	7983.41
1979.8	7969.45
1980.79	7951.42
1981.77	7929.26
1982.76	7910.83
1983.74	7910.78
1984.72	7935.67
1985.71	7923.1
1986.69	7909.45
1987.67	7895.23
1988.66	7902.01
1989.64	7905.55
1990.62	7904.02
1991.61	7899.97
1992.59	7894.08
1993.57	7884.85
1994.56	7872.77
1995.54	7858.8
1996.52	7844.83
1997.5	7831.58
1998.49	7819.91
1999.47	7809.72
2000.45	7800.82
2001.43	7795.55
2002.41	7799.29
2003.39	7808.84
2004.38	7812.66
2005.36	7812.66
2006.34	7796.2
2007.32	7786.28
2008.3	7772.06
2009.28	7760.45
2010.26	7751.96
2011.24	7747.26
2012.22	7746.45
2013.2	7748.42
2014.18	7752.85
2015.16	7757.03
2016.14	7735.61
2017.12	7726.04
2018.1	7718.13
2019.07	7714.19
2020.05	7710.98
2021.03	7705.38
2022.01	7705.59
2022.99	7699.48
2023.97	7687.12
2024.95	7669.12
2025.92	7645.47
2026.9	7617.63
2027.88	7601.46
2028.86	7597.28
2029.83	7602.03
2030.81	7603.2
2031.79	7603.37
2032.76	7599.94
2033.74	7581.82
2034.72	7567.67
2035.69	7558.65
2036.67	7553.51
2037.65	7552.68
2038.62	7555.4
2039.6	7560.93
2040.57	7568.06
2041.55	7556.5
2042.52	7538.85
2043.5	7503.23
2044.47	7445.9
2045.45	7506.5
2046.42	7505.76
2047.4	7496.82
2048.37	7484.94
2049.35	7477.46
2050.32	7462.96
2051.29	7448.83
2052.27	7433.91
2053.24	7418.87
2054.21	7404.61
2055.19	7392.24
2056.16	7408
2057.13	7405.14
2058.11	7400.5
2059.08	7394.06
2060.05	7386.05
2061.02	7375.14
2062	7364.02
2062.97	7351.46
2063.94	7337.68
2064.91	7322.27
2065.89	7306.17
2066.86	7309
2067.83	7308.87
2068.8	7314.02
2069.77	7316.76
2070.74	7322.29
2071.71	7326.89
2072.68	7306.01
2073.65	7267.32
2074.62	7227.56
2075.59	7174.66
2076.56	7226.57
2077.53	7240.89
2078.5	7245.3
2079.47	7239.46
2080.44	7228.17
2081.41	7216.39
2082.38	7206.99
2083.35	7195.27
2084.32	7183.62
2085.29	7172.63
2086.26	7163.17
2087.23	7155
2088.19	7147.78
2089.16	7141.57
2090.13	7136.54
2091.1	7132.58
2092.07	7129.65
2093.03	7127.26
2094	7122.89
2094.97	7117.44
2095.94	7110.71
2096.9	7102.49
2097.87	7093.83
2098.84	7084.05
2099.8	7075.52
2100.77	7071.17
2101.74	7078.54
2102.7	7075.17
2103.67	7072.74
2104.63	7061.84
2105.6	7052.54
2106.56	7038.86
2107.53	7018.7
2108.49	6994.74
2109.46	6998.87
2110.42	7011.34
2111.39	7024.13
2112.35	7030.71
2113.32	7032.27
2114.28	7023.09
2115.25	6993.95
2116.21	6976.51
2117.17	6962.45
2118.14	6959.95
2119.1	6954.48
2120.07	6950.24
2121.03	6943.25
2121.99	6933.58
2122.96	6923.44
2123.92	6919.97
2124.88	6920.4
2125.84	6919.51
2126.81	6918.01
2127.77	6914.33
2128.73	6906.92
2129.69	6897.53
2130.65	6886.61
2131.62	6873.51
2132.58	6858.57
2133.54	6842.49
2134.5	6826.51
2135.46	6810.91
2136.42	6793.38
2137.38	6791.66
2138.34	6799.18
2139.3	6812.49
2140.26	6820.38
2141.22	6821.47
2142.18	6817.92
2143.14	6810.66
2144.1	6799
2145.06	6781.71
2146.02	6760.3
2146.98	6733.57
2147.94	6705.08
2148.9	6719.84
2149.86	6737.41
2150.82	6731.94
2151.78	6729.12
2152.74	6725.24
2153.69	6719.12
2154.65	6709.36
2155.61	6692.07
2156.57	6673.52
2157.53	6659.78
2158.48	6648.6
2159.44	6647.98
2160.4	6649.66
2161.36	6649.83
2162.31	6650.14
2163.27	6648.74
2164.23	6641.49
2165.18	6632.97
2166.14	6617.19
2167.1	6598.34
2168.05	6574.11
2169.01	6552.36
2169.96	6547.15
2170.92	6538.7
2171.88	6539.18
2172.83	6533.18
2173.79	6523.19
2174.74	6512.02
2175.7	6498.11
2176.65	6482.44
2177.6	6462
2178.56	6447.6
2179.51	6438.33
2180.47	6431.97
2181.42	6429.4
2182.38	6426.38
2183.33	6422.51
2184.28	6417.61
2185.24	6411.36
2186.19	6404.28
2187.14	6395.14
2188.1	6383.15
2189.05	6368.06
2190	6350.87
2190.96	6333.33
2191.91	6320.8
2192.86	6369.02
2193.81	6362.48
2194.76	6356.01
2195.72	6348.71
2196.67	6340
2197.62	6329.15
2198.57	6316.03
2199.52	6300.33
2200.47	6302.37
2201.43	6300.45
2202.38	6291.66
2203.33	6279.01
2204.28	6259.25
2205.23	6251.47
2206.18	6244.27
2207.13	6237.11
2208.08	6230.22
2209.03	6223.28
2209.98	6216.48
2210.93	6211.6
2211.88	6206.15
2212.83	6222.87
2213.78	6235.06
2214.73	6208.58
2215.67	6186.88
2216.62	6187.6
2217.57	6182.46
2218.52	6179.53
2219.47	6173.42
2220.42	6172.05
2221.37	6157.28
2222.31	6143.65
2223.26	6137.88
2224.21	6139.51
2225.16	6143.18
2226.1	6145.79
2227.05	6144.47
2228	6142.63
2228.94	6139.7
2229.89	6136.2
2230.84	6132.73
2231.78	6127.48
2232.73	6121.39
2233.68	6115.72
2234.62	6113.63
2235.57	6106.38
2236.51	6095.55
2237.46	6085.25
2238.41	6079.88
2239.35	6078.89
2240.3	6077.53
2241.24	6083.72
2242.19	6088.67
2243.13	6087.34
2244.07	6089.02
2245.02	6086.51
2245.96	6077.48
2246.91	6069.86
2247.85	6061.73
2248.8	6054.97
2249.74	6050.96
2250.68	6048.02
2251.63	6045.66
2252.57	6043.99
2253.51	6043.88
2254.46	6045.44
2255.4	6049.37
2256.34	6054.36
2257.28	6061.14
2258.23	6065.99
2259.17	6028.1
2260.11	6033.44
2261.05	6040.32
2262	6036.25
2262.94	6021.71
2263.88	6005.53
2264.82	5972.19
2265.76	5955.76
2266.7	5953.38
2267.64	5961.53
2268.58	5972.89
2269.53	5974.84
2270.47	5974.26
2271.41	5966.21
2272.35	5968
2273.29	5991.55
2274.23	5990.12
2275.17	5979.46
2276.11	5967.94
2277.05	5963.87
2277.99	5968.21
2278.93	5979.09
2279.86	5990.06
2280.8	5973.99
2281.74	5964.06
2282.68	5956.19
2283.62	5951.09
2284.56	5943.62
2285.5	5936.81
2286.44	5932.82
2287.37	5931.65
2288.31	5931.25
2289.25	5928.84
2290.19	5926.73
2291.12	5925.62
2292.06	5923.33
2293	5918.31
2293.94	5910.64
2294.87	5900.64
2295.81	5893.56
2296.75	5890.96
2297.68	5890.37
2298.62	5889.34
2299.55	5889.36
2300.49	5887.06
2301.43	5882.24
2302.36	5878.07
2303.3	5874.19
2304.23	5868.79
2305.17	5861.89
2306.1	5853.52
2307.04	5844.41
2307.98	5834.91
2308.91	5824.1
2309.84	5810.75
2310.78	5808.08
2311.71	5812.01
2312.65	5813.14
2313.58	5812.15
2314.52	5803.59
2315.45	5792.63
2316.38	5787.97
2317.32	5785.85
2317.72	5784.53
2318.66	5782.5
2319.6	5781.35
2320.54	5777.82
2321.48	5774.32
2322.41	5770.32
2323.35	5765.73
2324.29	5760.38
2325.23	5754.19
2326.16	5747.08
2327.1	5738.73
2328.04	5728.44
2328.97	5717.98
2329.91	5706.24
2330.85	5696.17
2331.78	5691.46
2332.72	5695.23
2333.66	5706.3
2334.59	5712.98
2335.53	5718.33
2336.46	5721.65
2337.4	5722.94
2338.33	5722
2339.27	5718.93
2340.2	5713.65
2341.14	5706.04
2342.07	5695.88
2343.01	5682.34
2343.94	5665.45
2344.88	5645.5
2345.81	5624.6
2346.75	5609.43
2347.68	5598.7
2348.61	5595.85
2349.55	5594.83
2350.48	5618.64
2351.41	5626.56
2352.35	5631.78
2353.28	5630.56
2354.21	5617.41
2355.15	5607.03
2356.08	5597.81
2357.01	5587.88
2357.94	5581.49
2358.88	5576.48
2359.81	5572.98
2360.74	5570.17
2361.67	5567.61
2362.6	5565.62
2363.54	5562.47
2364.47	5561.25
2365.4	5561.25
2366.33	5560.94
2367.26	5559.16
2368.19	5551.15
2369.12	5543.95
2370.05	5539.45
2370.98	5534.56
2371.91	5529.59
2372.84	5524.67
2373.77	5520.16
2374.7	5515.47
2375.63	5510.79
2376.56	5504.51
2377.49	5500.75
2378.42	5500.44
2379.35	5505.52
2380.28	5513.13
2381.21	5516.07
2382.14	5516.88
2383.07	5516.19
2384	5512.71
2384.92	5507.4
2385.85	5500.22
2386.78	5491.62
2387.71	5482.08
2388.64	5475.03
2389.56	5468.04
2390.49	5460.23
2391.42	5457.72
2392.35	5456.77
2393.27	5457.94
2394.2	5458.2
2395.13	5455.23
2396.05	5447.1
2396.98	5436.69
2397.91	5423.86
2398.83	5410.9
2399.76	5394.63
2400.69	5381.05
2401.61	5378.11
2402.54	5382.01
2403.46	5386.97
2404.39	5401.74
2405.31	5408.48
2406.24	5409.66
2407.17	5404.29
2408.09	5393.11
2409.01	5373.52
2409.94	5361.07
2410.86	5352.35
2411.79	5349.5
2412.71	5352.25
2413.64	5352.62
2414.56	5350.05
2415.49	5344.56
2416.41	5335.88
2417.33	5324.32
2418.26	5309.24
2419.18	5297.15
2420.1	5292.51
2421.03	5293.18
2421.95	5298.14
2422.87	5305.96
2423.79	5310.68
2424.72	5311.02
2425.64	5300.06
2426.56	5286.07
2427.48	5272.73
2428.41	5260.66
2429.33	5253.73
2430.25	5246.78
2431.17	5240.9
2432.09	5236.19
2433.01	5233
2433.93	5231.26
2434.86	5230.81
2435.78	5229.23
2436.7	5219.27
2437.62	5206.91
2438.54	5182.06
2439.46	5177
2440.38	5180.02
2441.3	5189.66
2442.22	5198.22
2443.14	5204.07
2444.06	5202.72
2444.98	5198.04
2445.9	5191.36
2446.82	5183.75
2447.73	5172.16
2448.65	5158.27
2449.57	5145.43
2450.49	5134.05
2451.41	5123.86
2452.33	5116.14
2453.25	5110.71
2454.17	5106.42
2455.08	5103.6
2456	5101.71
2456.92	5100.39
2457.84	5099.63
2458.75	5099.29
2459.67	5099.24
2460.59	5099.48
2461.51	5098.25
2462.42	5095.57
2463.34	5091.14
2464.26	5085.21
2465.17	5077.64
2466.09	5068.75
2467	5058.59
2467.92	5047.88
2468.84	5041.24
2469.75	5041.3
2470.67	5037.75
2471.58	5036.42
2472.5	5028.47
2473.42	5019.73
2474.33	5009.66
2475.25	5001.08
2476.16	4994.8
2477.08	4990.95
2477.99	4994.82
2478.9	4999.22
2479.82	4999.3
2480.73	5000.04
2481.65	4990.97
2482.56	4976.77
2483.47	4955.73
2484.39	4962.56
2485.3	4965.65
2486.22	4969.62
2487.13	4972.18
2488.04	4978.18
2488.96	4976.53
2489.87	4965.58
2490.78	4944.6
2491.69	4926.42
2492.61	4906.79
2493.52	4901.32
2494.43	4902.33
2495.34	4907.63
2496.25	4917.15
2497.17	4927.99
2498.08	4935.62
2498.99	4934.05
2499.9	4928.96
2500.81	4918.41
2501.72	4914.91
2502.63	4909.35
2503.55	4905.42
2504.46	4902.49
2505.37	4900
2506.28	4897.43
2507.19	4894.08
2508.1	4887.65
2509.01	4882.31
2509.92	4876.62
2510.83	4870.45
2511.74	4863.97
2512.65	4857.26
2513.56	4855.06
2514.47	4856.81
2515.37	4858.03
2516.28	4861.55
2517.19	4858.5
2518.1	4851.18
2519.01	4842.04
2519.92	4833.38
2520.83	4821.14
2521.73	4814.06
2522.64	4810.83
2523.55	4810.58
2524.46	4812.56
2525.37	4812.99
2526.27	4810.7
2527.18	4808.41
2528.09	4806.4
2529	4804.53
2529.9	4802.89
2530.81	4801.34
2531.72	4799.83
2532.62	4798.3
2533.53	4796.56
2534.44	4794.52
2535.34	4790.13
2536.25	4784.94
2537.15	4776.43
2538.06	4766.91
2538.96	4758.38
2539.87	4751.72
2540.78	4745.02
2541.68	4738.89
2542.59	4733.01
2543.49	4727.76
2544.4	4722.67
2545.3	4719.06
2546.21	4717.83
2547.11	4715.68
2548.01	4712.91
2548.92	4709.18
2549.82	4704.68
2550.73	4699.53
2551.63	4694.05
2552.53	4689.22
2553.44	4684.17
2554.34	4679.04
2555.24	4674.09
2556.15	4669.41
2557.05	4665.01
2557.95	4661.5
2558.86	4658.66
2559.76	4659.48
2560.66	4659.35
2561.56	4659.56
2562.46	4656.79
2563.37	4639.09
2564.27	4622.68
2565.17	4603.5
2566.07	4587.49
2566.97	4576.81
2567.88	4574.68
2568.78	4576.75
2569.68	4581.33
2570.58	4589.05
2571.48	4599.86
2572.38	4598.88
2573.28	4599.94
2574.18	4590.3
2575.08	4575.68
2575.98	4559.05
2576.88	4546.22
2577.78	4535.21
2578.68	4529.91
2579.58	4526.31
2580.48	4525.58
2581.38	4528.19
2582.28	4531.9
2583.18	4534.62
2584.08	4533.24
2584.98	4530.99
2585.88	4527.17
2586.77	4521.74
2587.67	4514.41
2588.57	4505.6
2589.47	4494.67
2590.37	4483.09
2591.27	4473.95
2592.16	4466.57
2593.06	4461.98
2593.96	4457.11
2594.86	4452.57
2595.75	4448.59
2596.65	4444.76
2597.55	4440.79
2598.45	4436.01
2599.34	4431.36
2600.24	4426.86
2601.13	4423.34
2602.03	4420.62
2602.93	4418.41
2603.82	4416.04
2604.72	4413.31
2605.62	4410.23
2606.51	4406.38
2607.41	4396.28
2608.3	4402.6
2609.2	4418.03
2610.09	4399.43
2610.99	4389.72
2611.88	4370.36
2612.78	4358.72
2613.67	4348.08
2614.57	4332.47
2615.46	4340.73
2616.36	4352.49
2617.25	4367.08
2618.14	4389.99
2619.04	4351.7
2619.93	4342.93
2620.83	4342.71
2621.72	4341.85
2622.61	4339.7
2623.5	4333.47
2624.4	4330.87
2625.29	4328.8
2626.18	4334.38
2627.08	4336.65
2627.97	4338.35
2628.86	4337.33
2629.75	4326.61
2630.65	4314.32
2631.54	4302.21
2632.43	4292.03
2633.32	4284.17
2634.21	4278.34
2635.11	4275.52
2636	4271.94
2636.89	4266.95
2637.78	4261.05
2638.67	4254.08
2639.56	4246.65
2640.45	4237.03
2641.34	4225.34
2642.23	4211.99
2643.12	4198.92
2644.01	4188.45
2644.9	4182.33
2645.79	4188.26
2646.68	4195.36
2647.57	4206.78
2648.46	4211.88
2649.35	4210.99
2650.24	4204.48
2651.13	4192.99
2652.02	4176.34
2652.91	4155.46
2653.8	4142.86
2654.69	4140.78
2655.58	4139.46
2656.46	4138.92
2657.35	4137.92
2658.24	4135.29
2659.13	4133.29
2660.02	4131.74
2660.9	4130.05
2661.79	4129.62
2662.68	4127.48
2663.57	4116.08
2664.45	4111.88
2665.34	4112.89
2666.23	4119.49
2667.11	4125.44
2668	4119.74
2668.89	4111.29
2669.77	4081.24
2670.66	4074.07
2671.55	4076.07
2672.43	4075.19
2673.32	4073.56
2674.21	4070.68
2675.09	4065.95
2675.98	4059.35
2676.86	4050.92
2677.75	4040.92
2678.63	4029.54
2679.52	4017.03
2680.4	4025.31
2681.29	4028.74
2682.17	4035.25
2683.06	4032.92
2683.94	4024.06
2684.82	4009.03
2685.71	3990.28
2686.59	3978.63
2687.48	3974.57
2688.36	3975.63
2689.24	3980.06
2690.13	3984.16
2691.01	3984.03
2691.89	3983.01
2692.78	3980.14
2693.66	3974.18
2694.54	3965.43
2695.43	3953.64
2696.31	3940.02
2697.19	3923.43
2698.07	3911.62
2698.96	3909.34
2699.84	3906.8
2700.72	3906.7
2701.6	3908.83
2702.48	3912.86
2703.36	3912.9
2704.25	3914.95
2705.13	3908.28
2706.01	3898.6
2706.89	3893.24
2707.77	3892.95
2708.65	3891.22
2709.53	3890.94
2710.41	3885.02
2711.29	3878.03
2712.17	3870.11
2713.05	3861.35
2713.93	3851.67
2714.81	3841.79
2715.69	3842.68
2716.57	3845.23
2717.45	3845.22
2718.33	3844.64
2719.21	3802.07
2720.09	3803.5
2720.97	3802.99
2721.85	3817.8
2722.73	3838.11
2723.61	3820.43
2724.48	3810.75
2725.36	3796.76
2726.24	3803.79
2727.12	3823.6
2728	3829.48
2728.88	3814.56
2729.75	3803.93
2730.63	3796.85
2731.51	3792.51
2732.39	3785.04
2733.26	3778.28
2734.14	3771.38
2735.02	3764.26
2735.89	3756.4
2736.77	3747.37
2737.65	3733.7
2738.52	3733.78
2739.4	3742.65
2740.28	3752.15
2741.15	3765.49
2742.03	3770.48
2742.9	3761.01
2743.78	3748.3
2744.65	3720.81
2745.53	3713.67
2746.41	3713.77
2747.28	3734.66
2748.16	3747.73
2749.03	3749.64
2749.91	3725.29
2750.78	3709.46
2751.66	3695.35
2752.53	3692.75
2753.4	3688.4
2754.28	3687.94
2755.15	3692.31
2756.02	3700.49
2756.9	3704.29
2757.77	3709.2
2758.65	3708.28
2759.52	3702.73
2760.39	3692.7
2761.27	3679.45
2762.14	3668.47
2763.01	3661.01
2763.88	3657.2
2764.76	3657.56
2765.63	3656.33
2766.5	3654.74
2767.37	3654.14
2768.25	3653.22
2769.12	3651.46
2769.99	3647
2770.86	3642.46
2771.73	3637.63
2772.61	3632.68
2773.48	3627.71
2774.35	3622.7
2775.22	3617.77
2776.09	3612.91
2776.96	3608.28
2777.83	3603.74
2778.7	3599.76
2779.57	3597.87
2780.44	3597.28
2781.31	3596.25
2782.18	3594.32
2783.05	3591.74
2783.92	3585.32
2784.79	3578.94
2785.66	3572.43
2786.53	3566.01
2787.4	3560.38
2788.27	3555.4
2789.14	3550.85
2790.01	3546.72
2790.88	3542.8
2791.75	3539.46
2792.62	3535.8
2793.48	3534.49
2794.35	3538.33
2795.22	3540.17
2796.09	3542.43
2796.96	3544.85
2797.82	3547.29
2798.69	3538.26
2799.56	3529.53
2800.43	3522.83
2801.29	3515.54
2802.16	3505.87
2803.03	3499.48
2803.9	3495.61
2804.76	3496.86
2805.63	3497.49
2806.5	3497.77
2807.36	3490.16
2808.23	3483.78
2809.09	3479.36
2809.96	3476.77
2810.83	3476.16
2811.69	3477.75
2812.56	3480.9
2813.42	3477.45
2814.29	3474.86
2815.15	3466.79
2816.02	3456.07
2816.88	3442.93
2817.75	3437.12
2818.61	3438.22
2819.48	3439.16
2820.34	3440.1
2821.21	3440.88
2822.07	3442.78
2822.94	3442.09
2823.8	3435.43
2824.66	3428.07
2825.53	3421.26
2826.39	3413.97
2827.26	3407.4
2828.12	3398.06
2828.98	3389.54
2829.85	3381.05
2830.71	3376.61
2831.57	3401.14
2832.43	3418.37
2833.3	3426.21
2834.16	3417.07
2835.02	3402.85
2835.88	3391.29
2836.75	3380.85
2837.61	3370.92
2838.47	3366.69
2839.33	3365.5
2840.19	3364.31
2841.06	3363.3
2841.92	3362.37
2842.78	3361.35
2843.64	3359.06
2844.5	3357.25
2845.36	3356.57
2846.22	3356.6
2847.08	3358.03
2847.94	3350.38
2848.81	3336.77
2849.67	3326.23
2850.53	3319.94
2851.39	3315.53
2852.25	3316.32
2853.11	3318.27
2853.97	3318.44
2854.82	3319.01
2855.68	3318.07
2856.54	3316.1
2857.4	3313.66
2858.26	3310.6
2859.12	3307.08
2859.98	3303.04
2860.84	3298.61
2861.7	3293.17
2862.56	3287.33
2863.41	3281.43
2864.27	3276.65
2865.13	3274.27
2865.99	3272.01
2866.85	3270.22
2867.7	3269.09
2868.56	3268.43
2869.42	3267.96
2870.28	3267.16
2871.13	3267.7
2871.99	3267.24
2872.85	3264.94
2873.7	3260.28
2874.56	3253.33
2875.42	3245.51
2876.27	3236.88
2877.13	3227.56
2877.99	3221.11
2878.84	3226.67
2879.7	3229.15
2880.56	3227.96
2881.41	3229.72
2882.27	3229.22
2883.12	3229.31
2883.98	3227.6
2884.83	3217.4
2885.69	3205.71
2886.54	3197.3
2887.4	3191.52
2888.25	3187.67
2889.11	3185.07
2889.96	3183.59
2890.82	3182.68
2891.67	3181.64
2892.52	3181.81
2893.38	3176.78
2894.23	3169.39
2895.09	3165.07
2895.94	3161.64
2896.79	3162.94
2897.65	3164.41
2898.5	3165.38
2899.35	3165.39
2900.21	3164.55
2901.06	3163.35
2901.91	3161.26
2902.76	3158.38
2903.62	3154.46
2904.47	3149.59
2905.32	3143.75
2906.17	3137.39
2907.03	3130.72
2907.88	3123.75
2908.73	3117.22
2909.58	3111.34
2910.43	3106.02
2911.28	3101.07
2912.14	3098.17
2912.99	3098.47
2913.84	3100.86
2914.69	3097.55
2915.54	3094.6
2916.39	3090.82
2917.24	3085.11
2918.09	3078.34
2918.94	3070.36
2919.79	3061.24
2920.64	3052.95
2921.49	3043.04
2922.34	3038.35
2923.19	3039.41
2924.04	3044.99
2924.89	3047.23
2925.74	3047.72
2926.59	3046.83
2927.44	3045.46
2928.29	3042.34
2929.14	3038.11
2929.98	3032.93
2930.83	3026.71
2931.68	3019.56
2932.53	3011.62
2933.38	3004.66
2934.23	2997.88
2935.07	2992.58
2935.92	2988.46
2936.77	2985.64
2937.62	2983.92
2938.47	2983.03
2939.31	2982.14
2940.16	2980.05
2941.01	2975.73
2941.85	2968.35
2942.7	2962.89
2943.55	2960.77
2944.39	2960.46
2945.24	2970.98
2946.09	2983.37
2946.93	3003.22
2947.78	2979.08
2948.63	2968.42
2949.47	2958.75
2950.32	2950.55
2951.16	2945.57
2952.01	2943.11
2952.85	2944.44
2953.7	2947.42
2954.55	2952.02
2955.39	2955.68
2956.24	2935.04
2957.08	2920.38
2957.92	2907.98
2958.77	2899.15
2959.61	2894.35
2960.46	2895.44
2961.3	2905.53
2962.15	2913.41
2962.99	2926.75
2963.83	2930.34
2964.68	2926.12
2965.52	2912.68
2966.37	2906.12
2967.21	2900.88
2968.05	2897.34
2968.9	2895.18
2969.74	2894.78
2970.58	2894.93
2971.42	2892.01
2972.27	2883.33
2973.11	2876.33
2973.95	2874.8
2974.79	2875.76
2975.64	2877.67
2976.48	2877.41
2977.32	2874.95
2978.16	2870.94
2979	2865.64
2979.85	2858.82
2980.69	2850.39
2981.53	2840.52
2982.37	2828.63
2983.21	2834.34
2984.05	2839.53
2984.89	2834.25
2985.73	2825.81
2986.57	2821.85
2987.41	2814.48
2988.25	2818.13
2989.1	2822.27
2989.94	2824.62
2990.77	2827.31
2991.62	2828.14
2992.45	2827.78
2993.29	2824.53
2994.13	2823.63
2994.97	2824.22
2995.81	2825.03
2996.65	2825.8
2997.49	2828.53
2998.33	2805.54
2999.17	2807.85
