200.833	12845.8
202.102	12870.5
203.371	12880.9
204.639	12894
205.907	12903.2
207.175	12911.4
208.442	12916.5
209.71	12919.4
210.977	12917.9
212.244	12917
213.511	12922.4
214.777	12938.1
216.042	12958.6
217.309	12984.9
218.575	13019
219.84	13059
221.106	13072.1
222.371	13076.2
223.635	13062.9
224.9	13106.4
226.165	13167.4
227.429	13189.2
228.694	13186
229.956	13179.7
231.22	13111.7
232.484	13251.9
233.747	13297
235.011	13329.6
236.272	13376.6
237.535	13409.8
238.798	13426.3
240.06	13445.6
241.321	13456.8
242.583	13455.7
243.845	13467
245.105	13500.8
246.367	13534.7
247.628	13554.7
248.888	13565.1
250.149	13554.3
251.409	13516.5
252.67	13536
253.928	13554.6
255.189	13573.6
256.447	13592.1
257.707	13609.9
258.966	13626.8
260.224	13630.8
261.483	13634.5
262.742	13624.1
263.999	13620.6
265.257	13627.5
266.514	13636
267.772	13653.9
269.028	13688.4
270.286	13721.8
271.543	13753.8
272.799	13781.1
274.056	13803.6
275.311	13821.3
276.568	13835.9
277.823	13846.7
279.079	13853.8
280.333	13858.5
281.589	13864.3
282.843	13884.2
284.099	13910.9
285.352	13934.6
286.607	13944.8
287.86	13957.4
289.114	13977.4
290.368	14000.6
291.621	14023.1
292.875	14045.6
294.127	14068
295.38	14080.9
296.632	14092.2
297.884	14094.3
299.137	14089.4
300.388	14099.2
301.641	14114.3
302.891	14132.1
304.142	14153.1
305.394	14170.1
306.644	14177.7
307.894	14175.2
309.146	14173.7
310.395	14171.6
311.645	14171.2
312.895	14170.7
314.144	14186.5
315.393	14213.6
316.642	14235.3
317.892	14251.8
319.14	14257.5
320.388	14263
321.637	14271.8
322.885	14281.9
324.132	14292.9
325.38	14305.5
326.628	14319.7
327.875	14335.5
329.122	14353.1
330.368	14372.9
331.614	14399.5
332.862	14426.9
334.108	14452.7
335.353	14475.8
336.599	14487
337.844	14497.8
339.089	14504.4
340.335	14507.4
341.58	14506.2
342.824	14501.1
344.068	14495.6
345.312	14490.6
346.556	14509.9
347.8	14526.1
349.043	14555.4
350.286	14560.1
351.53	14544.9
352.774	14521
354.016	14520.3
355.259	14544.9
356.501	14593.4
357.743	14688.9
358.985	14633.2
360.227	14613.7
361.468	14594.5
362.709	14582.8
363.95	14579.4
365.191	14579.6
366.432	14576.7
367.672	14579.2
368.912	14585.2
370.152	14592.9
371.392	14609.8
372.632	14627.3
373.871	14646.1
375.11	14662
376.348	14674.6
377.587	14683.7
378.825	14689
380.064	14691.3
381.302	14691.8
382.54	14688.9
383.778	14704.4
385.016	14721.4
386.253	14737.3
387.489	14752.8
388.726	14759.6
389.963	14764.7
391.199	14772.9
392.436	14777.9
393.672	14808
394.907	14815.6
396.142	14825
397.378	14838.3
398.614	14854.3
399.849	14871.3
401.082	14888.5
402.317	14905
403.552	14919.6
404.786	14924.3
406.019	14920.6
407.253	14908.6
408.487	14889.4
409.721	14889.6
410.953	14897.4
412.186	14918.1
413.419	14944.8
414.651	14966.4
415.883	14982
417.116	14995.1
418.347	15005.8
419.579	15013.7
420.811	15018.8
422.041	15021.5
423.272	15021.2
424.504	15011.8
425.733	14991.1
426.964	14952.5
428.194	14970.9
429.424	15004.5
430.654	15029.7
431.883	15071.9
433.113	15022
434.341	15011
435.571	15008.5
436.799	15010
438.028	15010.1
439.257	15011.1
440.484	15013.4
441.713	15016.8
442.94	15020.9
444.168	15026.1
445.394	15032.1
446.622	15040.2
447.848	15069.5
449.076	15097.1
450.301	15113.4
451.528	15127.9
452.754	15146.5
453.979	15155
455.205	15153
456.43	15143.5
457.656	15127
458.88	15106.9
460.106	15102.4
461.33	15101
462.554	15108.4
463.779	15138.4
465.002	15161.7
466.225	15174.6
467.45	15180.3
468.672	15184.1
469.895	15185.9
471.119	15192.1
472.341	15196.8
473.563	15200
474.786	15201.5
476.008	15200.8
477.229	15197.7
478.452	15191.2
479.673	15182.4
480.894	15171.8
482.115	15160.6
483.337	15149.6
484.557	15139.1
485.777	15129.1
486.997	15119.1
488.218	15111
489.438	15107
490.657	15113.8
491.876	15124.1
493.096	15127.1
494.315	15127.3
495.533	15127.6
496.752	15127.8
497.97	15127.7
499.188	15127.8
500.407	15127
501.625	15126.6
502.842	15127.2
504.059	15129.9
505.276	15137.2
506.493	15152.3
507.71	15180.1
508.926	15198
510.142	15213.1
511.358	15223.6
512.575	15229.6
513.791	15230.7
515.006	15261.3
516.222	15289.2
517.437	15310.7
518.651	15319.3
519.866	15281.8
521.081	15263.6
522.295	15295.3
523.509	15314
524.723	15324.1
525.937	15321.6
527.15	15311.5
528.363	15299.7
529.576	15296.9
530.789	15295.2
532.002	15296.7
533.215	15304.4
534.426	15312.8
535.638	15321.3
536.85	15329.1
538.061	15336.8
539.273	15344.3
540.484	15352.5
541.695	15360.3
542.906	15366.5
544.117	15369.8
545.327	15363.3
546.537	15355.7
547.747	15345.8
548.957	15336.5
550.167	15327.9
551.377	15323.9
552.585	15331.3
553.794	15338.1
555.003	15348.9
556.212	15364.4
557.421	15376.4
558.628	15367.3
559.836	15356.3
561.044	15360.5
562.252	15365.5
563.458	15368.8
564.666	15371.9
565.873	15375.4
567.08	15379.4
568.286	15385.2
569.493	15391.4
570.699	15398.7
571.904	15406.9
573.111	15416.1
574.317	15425.6
575.521	15432.4
576.727	15436.1
577.932	15431.9
579.136	15424.6
580.341	15405.9
581.544	15385.6
582.749	15371.3
583.954	15376.2
585.156	15397.9
586.361	15401.8
587.563	15399.1
588.767	15398.5
589.97	15403
591.172	15408
592.375	15412.6
593.577	15416.8
594.78	15420.3
595.981	15423.4
597.183	15424.1
598.384	15426.4
599.586	15430.6
600.786	15430.9
601.988	15430.5
603.188	15422.8
604.389	15412.8
605.589	15406.3
606.79	15399.8
607.989	15392.7
609.188	15385.5
610.389	15378.4
611.587	15371.1
612.787	15363.6
613.986	15354.9
615.184	15345
616.383	15348.8
617.581	15355.9
618.78	15338
619.977	15308.2
621.174	15280.6
622.373	15268.5
623.57	15265.2
624.766	15269.5
625.964	15266.9
627.16	15261.3
628.356	15256.5
629.554	15251.5
630.749	15246.8
631.945	15242.8
633.14	15239.1
634.337	15236.2
635.532	15234.5
636.726	15228.7
637.921	15219.8
639.117	15193.8
640.311	15187.4
641.505	15183.5
642.699	15184.4
643.892	15201.5
645.087	15212.6
646.28	15225.6
647.473	15227.1
648.666	15218.3
649.859	15206.1
651.051	15201.7
652.245	15198.8
653.437	15201.7
654.629	15221.6
655.821	15255.4
657.012	15282.3
658.204	15281.8
659.395	15230.8
660.586	15205.5
661.777	15190.6
662.967	15196.2
664.158	15207.4
665.349	15221
666.539	15240.9
667.729	15266.6
668.919	15283.3
670.109	15288.6
671.298	15292.6
672.487	15297.2
673.676	15301.6
674.865	15306.2
676.053	15307.2
677.242	15307
678.43	15307.7
679.616	15308.2
680.804	15310.7
681.992	15308.4
683.179	15302.7
684.366	15295.1
685.554	15285.3
686.74	15273.4
687.927	15258.9
689.114	15243.2
690.3	15236
691.486	15243
692.671	15247.4
693.856	15246.2
695.042	15241.1
696.227	15224.7
697.413	15215.2
698.598	15208.1
699.781	15203.5
700.966	15200
702.15	15196.6
703.334	15191.6
704.518	15177.2
705.701	15146.3
706.885	15150
708.068	15155.7
709.252	15161.3
710.433	15164.7
711.616	15163.8
712.799	15160.4
713.98	15154.1
715.163	15145.9
716.345	15137.5
717.527	15127.4
718.707	15115.3
719.889	15102
721.071	15087.8
722.25	15073.8
723.432	15080.5
724.611	15084.8
725.792	15094.3
726.972	15114.5
728.151	15123.1
729.332	15135.6
730.512	15105.9
731.69	15085.7
732.87	15086.7
734.048	15135.7
735.227	15200.7
736.405	15204.1
737.584	15198.2
738.761	15190.2
739.94	15176.5
741.117	15158.9
742.295	15150
743.471	15148.1
744.649	15152.1
745.825	15162.7
747.003	15172.8
748.179	15178.5
749.356	15183.1
750.531	15187.9
751.708	15186.7
752.883	15183.7
754.059	15175
755.234	15165.5
756.409	15158.1
757.585	15153.3
758.759	15167.9
759.934	15159.6
761.108	15157
762.282	15156.1
763.456	15155.6
764.63	15155
765.803	15154.5
766.977	15153.7
768.15	15152.8
769.323	15141.1
770.496	15122.5
771.668	15103.9
772.841	15093.7
774.014	15086.8
775.185	15080.8
776.357	15076.3
777.528	15073
778.701	15071.1
779.872	15070.6
781.042	15064.7
782.213	15058.7
783.383	15048.3
784.555	15035.8
785.725	15025.2
786.895	15014
788.064	15025.2
789.234	15046.5
790.404	15050.4
791.573	15025.1
792.742	14969.8
793.911	14930.6
795.08	14895.3
796.248	14872.9
797.416	14886.4
798.584	14881.3
799.753	14888.8
800.921	14900
802.088	14907.3
803.256	14912
804.423	14911
805.59	14910.3
806.756	14906.6
807.923	14902.3
809.089	14895.6
810.256	14894.6
811.422	14907
812.587	14900.8
813.753	14891.7
814.918	14887.2
816.084	14889.1
817.249	14897.9
818.414	14908.5
819.578	14920.7
820.743	14945.6
821.907	14955
823.072	14952.6
824.236	14951.5
825.399	14952.2
826.562	14951.9
827.725	14950.9
828.889	14948.9
830.052	14946.5
831.215	14943.3
832.377	14939
833.54	14933.6
834.701	14926.8
835.863	14925.4
837.025	14940.3
838.187	14937.2
839.349	14930.4
840.51	14922.9
841.67	14917
842.831	14910
843.992	14905.8
845.153	14904.8
846.312	14904.4
847.473	14903.6
848.633	14903.1
849.793	14900.2
850.951	14895.4
852.111	14894.3
853.27	14893.9
854.428	14894.8
855.588	14893.9
856.747	14845.8
857.904	14829.3
859.063	14818.9
860.221	14806.5
861.378	14793.7
862.536	14780.3
863.694	14767.1
864.85	14754.4
866.008	14742
867.164	14729.4
868.321	14717.2
869.478	14705.9
870.633	14696.6
871.79	14690.5
872.945	14684.3
874.101	14681.5
875.256	14672.4
876.412	14668.1
877.566	14651.7
878.722	14632.8
879.876	14614.3
881.031	14596
882.185	14577.5
883.34	14560
884.493	14544.5
885.647	14530.9
886.8	14519.2
887.954	14517.8
889.107	14529.5
890.261	14537.4
891.413	14550.1
892.565	14550.5
893.718	14543.3
894.87	14530.9
896.023	14522.3
897.174	14517.1
898.326	14515.1
899.478	14509.2
900.629	14518.6
901.779	14508.9
902.931	14498.5
904.081	14486.2
905.231	14485.5
906.383	14491.8
907.532	14499
908.682	14503.4
909.831	14507.3
910.982	14511.4
912.131	14514.9
913.28	14518.3
914.429	14521.5
915.578	14524.6
916.727	14527.5
917.875	14530.1
919.023	14532.5
920.171	14533.3
921.32	14535.7
922.467	14541.5
923.614	14557
924.761	14563.5
925.908	14564.2
927.055	14564.7
928.203	14562.9
929.349	14558.5
930.496	14552.6
931.642	14544.9
932.787	14535.9
933.933	14525.4
935.079	14513.7
936.224	14501.3
937.369	14487.4
938.514	14472.5
939.659	14458.2
940.804	14449
941.948	14456.7
943.092	14459.7
944.236	14464.5
945.38	14469.8
946.524	14478.4
947.667	14474.2
948.811	14451.7
949.954	14433.4
951.097	14411.7
952.24	14396.8
953.383	14388.4
954.525	14389.4
955.667	14384.8
956.81	14375.9
957.952	14371.4
959.093	14351.4
960.235	14328.8
961.376	14322
962.516	14315.9
963.658	14310.1
964.798	14304.2
965.939	14297.9
967.08	14291.3
968.22	14282.3
969.359	14273.4
970.499	14265.6
971.639	14259.1
972.779	14254.8
973.918	14252
975.056	14251.1
976.195	14251.8
977.334	14253.9
978.473	14256.8
979.61	14261.2
980.749	14266.1
981.887	14272.8
983.024	14281.2
984.162	14293.5
985.3	14295.4
986.437	14284.3
987.573	14272.5
988.711	14257.5
989.848	14242.2
990.983	14237.9
992.12	14232.4
993.255	14235.8
994.392	14241.3
995.528	14249.1
996.662	14248.5
997.798	14248.4
998.933	14252.1
1000.07	14255.4
1001.2	14259.1
1002.34	14260.8
1003.47	14257
1004.61	14251.9
1005.74	14244.7
1006.87	14234.7
1008.01	14222.5
1009.14	14208.2
1010.27	14196.9
1011.41	14195.5
1012.54	14198.3
1013.67	14202.3
1014.81	14206.1
1015.94	14208.5
1017.07	14207.9
1018.2	14204.1
1019.33	14195.2
1020.47	14181.9
1021.6	14164.2
1022.73	14145.9
1023.86	14133.7
1024.99	14122.8
1026.12	14114.5
1027.25	14110.8
1028.38	14108.9
1029.51	14111.6
1030.64	14116.8
1031.77	14123.7
1032.9	14128.6
1034.03	14109.7
1035.16	14094.1
1036.29	14073.4
1037.42	14039.5
1038.55	14015.9
1039.67	14000
1040.8	13989.6
1041.93	13977.5
1043.06	13966.8
1044.19	13960.6
1045.31	13955.3
1046.44	13952.3
1047.57	13950.3
1048.69	13948.3
1049.82	13943.9
1050.95	13932.5
1052.08	13919.1
1053.2	13903.5
1054.33	13889.3
1055.45	13875.6
1056.58	13871.1
1057.7	13880.8
1058.83	13874.1
1059.95	13861.4
1061.08	13853.1
1062.2	13832.4
1063.33	13815.1
1064.45	13801.4
1065.58	13794.5
1066.7	13784.5
1067.83	13789.2
1068.95	13810
1070.07	13824.5
1071.2	13854.8
1072.32	13862.6
1073.44	13857.5
1074.56	13840.4
1075.69	13812.4
1076.81	13791.9
1077.93	13776.6
1079.05	13770.5
1080.17	13784.9
1081.3	13814.9
1082.42	13835.6
1083.54	13852.2
1084.66	13865.4
1085.78	13871.6
1086.9	13870.7
1088.02	13864.3
1089.14	13852.9
1090.26	13837
1091.38	13818.2
1092.5	13804.6
1093.62	13800.9
1094.74	13809.6
1095.86	13829.5
1096.98	13840.3
1098.1	13860.5
1099.22	13860.7
1100.34	13855
1101.45	13841.2
1102.57	13818.3
1103.69	13788
1104.81	13774.4
1105.93	13784.3
1107.04	13793.4
1108.16	13796.5
1109.28	13793.1
1110.4	13780.1
1111.51	13729.9
1112.63	13704.6
1113.75	13681.6
1114.86	13656.6
1115.98	13645
1117.09	13646.6
1118.21	13632.7
1119.32	13613.2
1120.44	13602.7
1121.55	13595.9
1122.67	13591.9
1123.78	13590.3
1124.9	13588
1126.01	13586
1127.13	13584.7
1128.24	13583.5
1129.35	13580
1130.47	13576
1131.58	13571.9
1132.7	13563.5
1133.81	13533.4
1134.92	13498.4
1136.03	13468
1137.15	13444.4
1138.26	13425.5
1139.37	13409.8
1140.48	13399
1141.59	13392.4
1142.71	13389.8
1143.82	13390.9
1144.93	13394.6
1146.04	13394.2
1147.15	13390.4
1148.26	13381.1
1149.37	13353.3
1150.48	13330.2
1151.59	13310.2
1152.7	13306.4
1153.81	13301.8
1154.92	13308.8
1156.03	13307.7
1157.14	13317.2
1158.25	13295.6
1159.36	13266.3
1160.47	13248
1161.58	13237.8
1162.68	13253.2
1163.79	13286.6
1164.9	13304.7
1166.01	13263.8
1167.12	13262.2
1168.22	13256
1169.33	13257
1170.44	13265.9
1171.55	13283.6
1172.65	13294
1173.76	13280.6
1174.87	13256.6
1175.97	13250.7
1177.08	13240.2
1178.18	13295.9
1179.29	13291.2
1180.4	13273.2
1181.5	13260.7
1182.61	13252.2
1183.71	13247.9
1184.82	13243.4
1185.92	13250
1187.02	13259.8
1188.13	13257.3
1189.23	13255.8
1190.34	13240.8
1191.44	13218.2
1192.54	13260.3
1193.65	13292
1194.75	13289.2
1195.85	13292
1196.96	13288.9
1198.06	13284.8
1199.16	13280.6
1200.26	13275.5
1201.37	13270.5
1202.47	13265.4
1203.57	13260.7
1204.67	13256.7
1205.77	13253.4
1206.87	13252.3
1207.97	13251.7
1209.08	13255.5
1210.18	13252.1
1211.28	13238.2
1212.38	13222
1213.48	13199.9
1214.58	13191.7
1215.68	13186.8
1216.78	13227.5
1217.88	13204.5
1218.98	13164.1
1220.07	13166.1
1221.17	13182.4
1222.27	13231.4
1223.37	13266.9
1224.47	13233.3
1225.57	13216.3
1226.66	13187.2
1227.76	13153.5
1228.86	13121.2
1229.96	13094.5
1231.06	13077.8
1232.15	13069.6
1233.25	13074.4
1234.35	13080
1235.44	13081.6
1236.54	13084.8
1237.63	13066
1238.73	13052.6
1239.83	13029.8
1240.92	13014.1
1242.02	13007.2
1243.11	13000.3
1244.21	12997.8
1245.3	12999.9
1246.4	13004
1247.49	13010.9
1248.59	13011.4
1249.68	13004.7
1250.78	12991.1
1251.87	12976.4
1252.96	12960.7
1254.06	12948.2
1255.15	12938.8
1256.24	12932.2
1257.34	12928.5
1258.43	12927.8
1259.52	12929.7
1260.62	12930.8
1261.71	12924.7
1262.8	12910.4
1263.89	12896.9
1264.98	12888.3
1266.08	12880.7
1267.17	12874.9
1268.26	12871.1
1269.35	12866.4
1270.44	12863.9
1271.53	12865
1272.62	12875.9
1273.71	12895.8
1274.8	12905.1
1275.89	12902.6
1276.98	12881.4
1278.07	12866.7
1279.16	12871.8
1280.25	12878.4
1281.34	12884.6
1282.43	12888.9
1283.52	12898.7
1284.61	12908.1
1285.69	12921.9
1286.78	12934.8
1287.87	12944.7
1288.96	12947.1
1290.05	12936.1
1291.13	12899.4
1292.22	12881.8
1293.31	12868.1
1294.4	12866.9
1295.48	12872.9
1296.57	12876.7
1297.66	12882.4
1298.74	12885.9
1299.83	12885.9
1300.92	12888
1302	12889.8
1303.09	12889.3
1304.17	12887.8
1305.26	12883.2
1306.34	12874.4
1307.43	12863.8
1308.51	12848.7
1309.6	12830.4
1310.68	12818.4
1311.76	12828
1312.85	12859.6
1313.93	12886.2
1315.02	12882
1316.1	12848.8
1317.18	12824.5
1318.27	12814.4
1319.35	12800.5
1320.43	12786.8
1321.52	12774.9
1322.6	12764.4
1323.68	12755.2
1324.76	12747.7
1325.85	12741.4
1326.93	12739
1328.01	12741.3
1329.09	12748.3
1330.17	12753.2
1331.25	12737.7
1332.33	12718.3
1333.41	12660.1
1334.49	12698.4
1335.58	12708
1336.65	12704.2
1337.74	12697.3
1338.82	12683
1339.89	12669.9
1340.97	12657.3
1342.05	12652.8
1343.13	12640.8
1344.21	12630.9
1345.29	12634.1
1346.37	12633.6
1347.45	12630.9
1348.53	12627.4
1349.6	12629.4
1350.68	12632.1
1351.76	12631.9
1352.84	12633.2
1353.92	12638.5
1354.99	12646.1
1356.07	12655
1357.15	12648.4
1358.22	12641.4
1359.3	12636.7
1360.38	12631.8
1361.45	12631.1
1362.53	12625.8
1363.61	12626.8
1364.68	12628.5
1365.76	12629.4
1366.83	12629.8
1367.91	12626.9
1368.98	12621.9
1370.06	12614.8
1371.13	12606
1372.21	12594.8
1373.28	12582
1374.35	12582.2
1375.43	12585.6
1376.5	12590.7
1377.58	12598
1378.65	12604.3
1379.72	12608.7
1380.8	12611.8
1381.87	12599.2
1382.94	12581.5
1384.01	12563.2
1385.09	12547
1386.16	12528.8
1387.23	12511
1388.3	12501.1
1389.38	12505.6
1390.45	12516.1
1391.52	12529
1392.59	12539.2
1393.66	12543.1
1393.92	12542.8
1395	12545.9
1396.07	12545.8
1397.15	12544.9
1398.22	12538.2
1399.3	12530.9
1400.38	12518.3
1401.45	12505.2
1402.53	12493.9
1403.6	12485.6
1404.68	12482.2
1405.75	12479.5
1406.82	12477.9
1407.9	12478.6
1408.97	12473.8
1410.05	12463
1411.12	12447.7
1412.19	12429.2
1413.27	12409.6
1414.34	12396.7
1415.41	12384.9
1416.49	12376.3
1417.56	12373.4
1418.63	12372.2
1419.7	12372.6
1420.78	12373.7
1421.85	12373.8
1422.92	12373
1423.99	12371.5
1425.06	12369.5
1426.14	12366.7
1427.21	12362.9
1428.28	12358.4
1429.35	12353
1430.42	12346.3
1431.49	12338.3
1432.56	12326.5
1433.63	12311.5
1434.7	12296.2
1435.77	12284.9
1436.84	12286.4
1437.91	12292.6
1438.98	12300.1
1440.05	12307.5
1441.12	12317.2
1442.18	12319
1443.25	12316.3
1444.32	12278.2
1445.39	12260
1446.46	12248.8
1447.53	12242.1
1448.59	12248.9
1449.66	12251.4
1450.73	12250.2
1451.8	12246.8
1452.86	12242.5
1453.93	12239.7
1455	12226.4
1456.06	12214.5
1457.13	12190.9
1458.2	12175.8
1459.26	12179.3
1460.33	12197.2
1461.39	12204.8
1462.46	12208.1
1463.52	12210.3
1464.59	12211.5
1465.65	12211.2
1466.72	12209.5
1467.78	12206.9
1468.85	12203.8
1469.91	12200.1
1470.98	12196
1472.04	12190
1473.1	12182.9
1474.17	12175.9
1475.23	12168.9
1476.3	12163.9
1477.36	12159.6
1478.42	12156.4
1479.48	12154
1480.55	12154.7
1481.61	12156.7
1482.67	12158.6
1483.73	12159.6
1484.8	12157.7
1485.86	12155.9
1486.92	12157.8
1487.98	12149.8
1489.04	12140
1490.1	12129.8
1491.17	12113
1492.23	12096.6
1493.29	12080.7
1494.35	12075.6
1495.41	12069.2
1496.47	12073.9
1497.53	12068.5
1498.59	12058.6
1499.65	12051.9
1500.71	12038.8
1501.77	12027.4
1502.83	12016.7
1503.88	12007.2
1504.94	12000
1506	11993.1
1507.06	11990.2
1508.12	11988.4
1509.18	11986.6
1510.23	11984.7
1511.29	11982.6
1512.35	11978
1513.41	11971.8
1514.47	11964.2
1515.52	11955.1
1516.58	11945.4
1517.64	11934.2
1518.69	11931.9
1519.75	11930.9
1520.81	11925.8
1521.86	11921
1522.92	11914.6
1523.97	11906.8
1525.03	11900
1526.08	11890.9
1527.14	11889.2
1528.2	11886.6
1529.25	11884.7
1530.31	11882.1
1531.36	11878.1
1532.42	11873.1
1533.47	11864.1
1534.52	11854.5
1535.58	11841.8
1536.63	11832.5
1537.69	11842.3
1538.74	11846.6
1539.79	11848.6
1540.84	11848.4
1541.9	11845.4
1542.95	11840.2
1544	11831
1545.06	11819.7
1546.11	11806.2
1547.16	11792.5
1548.21	11790.2
1549.27	11787.5
1550.32	11789.7
1551.37	11785.4
1552.42	11782.8
1553.47	11782.1
1554.52	11784.2
1555.57	11790.9
1556.62	11801.8
1557.67	11817.5
1558.72	11824.4
1559.77	11823
1560.82	11818.5
1561.87	11809.2
1562.92	11796.5
1563.97	11791.4
1565.02	11792
1566.07	11789.8
1567.12	11780
1568.17	11774.2
1569.22	11767.8
1570.27	11748.7
1571.32	11745.6
1572.36	11742.2
1573.41	11749.1
1574.46	11752.8
1575.51	11761
1576.56	11763.4
1577.6	11754.2
1578.65	11735.2
1579.7	11717.2
1580.74	11695.1
1581.79	11686.9
1582.84	11682.1
1583.88	11694
1584.93	11701.2
1585.98	11691.5
1587.02	11679.8
1588.07	11669.1
1589.11	11660.8
1590.16	11654.7
1591.2	11650.5
1592.25	11647.8
1593.29	11646.7
1594.34	11647.5
1595.38	11649.1
1596.43	11645.1
1597.47	11633
1598.52	11624.6
1599.56	11616.5
1600.6	11608.7
1601.65	11601.1
1602.69	11593.6
1603.73	11586.1
1604.78	11578.3
1605.82	11570.3
1606.86	11561.4
1607.91	11552.6
1608.95	11539.6
1609.99	11524.8
1611.03	11510.2
1612.08	11496.5
1613.12	11484.4
1614.16	11477.5
1615.2	11475.7
1616.24	11473.7
1617.28	11472.8
1618.32	11472.7
1619.36	11463.6
1620.41	11455.5
1621.45	11447.2
1622.49	11438.7
1623.53	11429.9
1624.57	11421.4
1625.61	11419
1626.65	11414.9
1627.69	11410.6
1628.73	11404.1
1629.76	11382.7
1630.8	11349.6
1631.84	11361.9
1632.88	11372.8
1633.92	11352.3
1634.96	11327.1
1636	11299.3
1637.03	11278.8
1638.07	11264.2
1639.11	11256.6
1640.15	11256.8
1641.19	11263.8
1642.22	11256.8
1643.26	11260.7
1644.3	11269
1645.33	11266.2
1646.37	11253.4
1647.41	11230.7
1648.44	11206.1
1649.48	11239.2
1650.52	11251.3
1651.55	11249.5
1652.59	11233.4
1653.62	11203.3
1654.66	11201.5
1655.69	11194.7
1656.73	11187.8
1657.76	11181.5
1658.8	11176.1
1659.83	11172.2
1660.87	11170.2
1661.9	11169.9
1662.93	11174.7
1663.97	11178.8
1665	11176
1666.04	11170.7
1667.07	11161.9
1668.1	11146.6
1669.14	11122
1670.17	11123.2
1671.2	11125.8
1672.23	11131.4
1673.27	11131.6
1674.3	11114.4
1675.33	11090.8
1676.36	11075.6
1677.39	11098.3
1678.43	11112.9
1679.46	11081.8
1680.49	11068.9
1681.52	11058.8
1682.55	11049.9
1683.58	11043.2
1684.61	11036.2
1685.64	11032.2
1686.67	11028.7
1687.7	11026.7
1688.73	11025.5
1689.76	11024.6
1690.79	11022.4
1691.82	11010.7
1692.85	10998.7
1693.88	10985.2
1694.91	10969.3
1695.94	10971.5
1696.97	10974.1
1698	10981.5
1699.02	10993.7
1700.05	10989.2
1701.08	10982
1702.11	10973.1
1703.14	10955
1704.16	10937.1
1705.19	10932.8
1706.22	10937.9
1707.25	10939.3
1708.27	10936.4
1709.3	10929.2
1710.33	10918
1711.35	10906.3
1712.38	10893.6
1713.41	10879.8
1714.43	10867.2
1715.46	10865.7
1716.48	10861.1
1717.51	10856.9
1718.53	10849
1719.56	10839.7
1720.58	10818.6
1721.61	10800.1
1722.63	10785.6
1723.66	10773.9
1724.68	10763.2
1725.71	10754.2
1726.73	10746.7
1727.75	10740.8
1728.78	10736.9
1729.8	10734.8
1730.83	10734.2
1731.85	10734.2
1732.87	10733.4
1733.89	10731.1
1734.92	10726
1735.94	10719.6
1736.96	10711.1
1737.98	10700.3
1739.01	10687.1
1740.03	10671.9
1741.05	10653.5
1742.07	10634.1
1743.09	10631.5
1744.12	10627.6
1745.14	10621.6
1746.16	10615.5
1747.18	10610.2
1748.2	10608.1
1749.22	10604.9
1750.24	10601.4
1751.26	10595.5
1752.28	10587.2
1753.3	10580
1754.32	10572.5
1755.34	10566
1756.36	10559.9
1757.38	10554.4
1758.4	10549.4
1759.42	10544.8
1760.44	10540.7
1761.45	10536.8
1762.47	10533.8
1763.49	10532.5
1764.51	10527.5
1765.53	10517.9
1766.55	10504
1767.56	10491.6
1768.58	10480.9
1769.6	10469.5
1770.61	10460.3
1771.63	10462.4
1772.65	10462.1
1773.67	10465.3
1774.68	10438.4
1775.7	10416.2
1776.72	10420.3
1777.73	10433.1
1778.75	10443.8
1779.76	10450.1
1780.78	10451.3
1781.79	10448.2
1782.81	10441.2
1783.83	10432.2
1784.84	10419.1
1785.85	10403.4
1786.87	10388.9
1787.88	10374
1788.9	10377.1
1789.91	10365.4
1790.93	10358.9
1791.94	10352.2
1792.95	10339.4
1793.97	10333.8
1794.98	10326.2
1796	10328.6
1797.01	10335.8
1798.02	10343.2
1799.03	10352.7
1800.05	10306.2
1801.06	10275
1802.07	10246.5
1803.08	10238.9
1804.1	10250.1
1805.11	10252.7
1806.12	10249.9
1807.13	10246.1
1808.14	10236.6
1809.15	10220.6
1810.17	10200.6
1811.18	10196.6
1812.19	10189.5
1813.2	10191.7
1814.21	10196.9
1815.22	10200.3
1816.23	10203.2
1817.24	10179.7
1818.25	10156.5
1819.26	10140
1820.27	10136.5
1821.28	10156.3
1822.29	10160.4
1823.3	10155.5
1824.3	10094.8
1825.31	10079.3
1826.32	10066.1
1827.33	10053.5
1828.34	10041.3
1829.35	10029.5
1830.35	10017
1831.36	10007.3
1832.37	9998.2
1833.38	9990.45
1834.38	9982.99
1835.39	9986.42
1836.4	9988.79
1837.41	9992.23
1838.41	9991.42
1839.42	9969.53
1840.43	9947.6
1841.43	9959.22
1842.44	9955.03
1843.44	9950.24
1844.45	9942.98
1845.46	9927.33
1846.46	9915.08
1847.47	9895.43
1848.47	9873.36
1849.48	9856.43
1850.48	9843.8
1851.49	9835
1852.49	9831.01
1853.49	9829.32
1854.5	9827.47
1855.5	9825.1
1856.51	9822.53
1857.51	9817.25
1858.51	9811.99
1859.52	9806.07
1860.52	9799.4
1861.52	9792.44
1862.53	9784.31
1863.53	9798.04
1864.53	9807.27
1865.54	9809.46
1866.54	9805.07
1867.54	9769.06
1868.54	9744.43
1869.54	9704.27
1870.55	9695.06
1871.55	9695.26
1872.55	9697.97
1873.55	9704.66
1874.55	9708.13
1875.55	9711.56
1876.55	9715.58
1877.55	9709.56
1878.55	9700.49
1879.55	9682.24
1880.56	9672.05
1881.55	9658.37
1882.56	9652.09
1883.55	9641.73
1884.55	9637.98
1885.55	9616.61
1886.55	9593.05
1887.55	9586.42
1888.55	9587.07
1889.55	9595.22
1890.55	9604.63
1891.55	9627.46
1892.55	9619.94
1893.54	9608.39
1894.54	9589.2
1895.54	9567.44
1896.54	9542.98
1897.54	9527.46
1898.53	9516.42
1899.53	9511.28
1900.53	9508.35
1901.52	9508.95
1902.52	9515.5
1903.52	9522.86
1904.51	9526.05
1905.51	9526.8
1906.51	9525.43
1907.5	9520.54
1908.5	9508.18
1909.49	9488.05
1910.49	9463.54
1911.49	9440.09
1912.48	9419.99
1913.48	9402.97
1914.47	9389.17
1915.46	9379.74
1916.46	9374.34
1917.45	9371.14
1918.45	9371.11
1919.44	9371.5
1920.44	9374.99
1921.43	9379.81
1922.43	9387.39
1923.42	9393.5
1924.41	9393.16
1925.41	9382.06
1926.4	9317.66
1927.39	9268.29
1928.38	9289.18
1929.38	9288.01
1930.37	9309.54
1931.36	9297.06
1932.35	9284.55
1933.35	9272.24
1934.34	9258.55
1935.33	9244.73
1936.32	9234.05
1937.31	9229.39
1938.3	9260.32
1939.29	9259.38
1940.29	9255.86
1941.28	9243.17
1942.27	9222.84
1943.26	9203.07
1944.25	9189.46
1945.24	9180.8
1946.23	9185.58
1947.22	9189.63
1948.21	9184.46
1949.2	9171.53
1950.19	9152.66
1951.18	9126.48
1952.17	9098.51
1953.16	9088.54
1954.14	9083.36
1955.13	9080.26
1956.12	9077.38
1957.11	9075.39
1958.1	9072.53
1959.09	9068.61
1960.07	9063.27
1961.06	9052.79
1962.05	9028.38
1963.04	9002.46
1964.02	8983.9
1965.01	8969.4
1966	8959.96
1966.99	8958.38
1967.97	8961.38
1968.96	8969.04
1969.95	8975.23
1970.93	8970.59
1971.92	8959.58
1972.9	8935.3
1973.89	8913.01
1974.88	8892.33
1975.86	8873.32
1976.85	8853.89
1977.83	8840.01
1978.82	8848.18
1979.8	8865.72
1980.79	8881.09
1981.77	8891.45
1982.76	8896.79
1983.74	8897.03
1984.72	8893.2
1985.71	8884.24
1986.69	8870.43
1987.67	8844.94
1988.66	8832.61
1989.64	8826.57
1990.62	8825.3
1991.61	8824.91
1992.59	8818.61
1993.57	8802.6
1994.56	8787.97
1995.54	8772.7
1996.52	8758.65
1997.5	8749.38
1998.49	8743.15
1999.47	8737.79
2000.45	8733.22
2001.43	8729.46
2002.41	8729.03
2003.39	8723.31
2004.38	8712.39
2005.36	8700.29
2006.34	8690.08
2007.32	8681.87
2008.3	8674.59
2009.28	8667.92
2010.26	8662.23
2011.24	8657.04
2012.22	8652.99
2013.2	8649.54
2014.18	8646.4
2015.16	8642.6
2016.14	8636.67
2017.12	8628.48
2018.1	8615.76
2019.07	8602.99
2020.05	8589.36
2021.03	8573.57
2022.01	8559.88
2022.99	8557.23
2023.97	8559.36
2024.95	8553.72
2025.92	8551.2
2026.9	8535.12
2027.88	8516.19
2028.86	8501.88
2029.83	8490.5
2030.81	8479.45
2031.79	8471.54
2032.76	8468.48
2033.74	8466.2
2034.72	8464.26
2035.69	8458.8
2036.67	8446.28
2037.65	8430.9
2038.62	8420.38
2039.6	8411.96
2040.57	8406.65
2041.55	8402.25
2042.52	8398.8
2043.5	8395.98
2044.47	8394.54
2045.45	8392.65
2046.42	8388.43
2047.4	8379.27
2048.37	8357.39
2049.35	8336.73
2050.32	8316.2
2051.29	8293.26
2052.27	8275.95
2053.24	8273.95
2054.21	8280.37
2055.19	8285.81
2056.16	8287.47
2057.13	8284.66
2058.11	8277.06
2059.08	8262.14
2060.05	8251.27
2061.02	8244.22
2062	8241.15
2062.97	8237.71
2063.94	8231.56
2064.91	8223.23
2065.89	8213.56
2066.86	8202.18
2067.83	8189.31
2068.8	8174.5
2069.77	8158.11
2070.74	8140.57
2071.71	8122.79
2072.68	8113.45
2073.65	8110.4
2074.62	8118.27
2075.59	8113.37
2076.56	8108.36
2077.53	8104.38
2078.5	8099.55
2079.47	8094.93
2080.44	8089.98
2081.41	8083.33
2082.38	8074.79
2083.35	8050.64
2084.32	8046.09
2085.29	8041.28
2086.26	8042.9
2087.23	8041.91
2088.19	8037.6
2089.16	8029.13
2090.13	8010.95
2091.1	7992.15
2092.07	7979.62
2093.03	7970.72
2094	7967.33
2094.97	7972.62
2095.94	7980.11
2096.9	7975.12
2097.87	7962.96
2098.84	7937.09
2099.8	7916.05
2100.77	7903.46
2101.74	7895.98
2102.7	7895.83
2103.67	7903.33
2104.63	7911.89
2105.6	7918.03
2106.56	7899
2107.53	7883.23
2108.49	7868.48
2109.46	7856.64
2110.42	7847.59
2111.39	7837.86
2112.35	7828.95
2113.32	7820.46
2114.28	7816.85
2115.25	7819.67
2116.21	7822.84
2117.17	7818.87
2118.14	7809.19
2119.1	7800.58
2120.07	7791.41
2121.03	7781.48
2121.99	7770.58
2122.96	7758.93
2123.92	7746.79
2124.88	7733.96
2125.84	7720.13
2126.81	7705.64
2127.77	7693.65
2128.73	7688.78
2129.69	7685.36
2130.65	7682.67
2131.62	7672.49
2132.58	7659.23
2133.54	7651.51
2134.5	7645.59
2135.46	7640.82
2136.42	7637.12
2137.38	7636.9
2138.34	7636.84
2139.3	7637.32
2140.26	7636.22
2141.22	7631.21
2142.18	7624.22
2143.14	7613.89
2144.1	7601.35
2145.06	7585.03
2146.02	7566.17
2146.98	7544.3
2147.94	7523.52
2148.9	7511.98
2149.86	7524.36
2150.82	7522.82
2151.78	7522.6
2152.74	7515.53
2153.69	7501.98
2154.65	7489.37
2155.61	7475.42
2156.57	7464.44
2157.53	7457.33
2158.48	7450.1
2159.44	7443.28
2160.4	7437.21
2161.36	7430.91
2162.31	7424.11
2163.27	7415.77
2164.23	7406.05
2165.18	7395.77
2166.14	7385.01
2167.1	7374.97
2168.05	7365.06
2169.01	7356.71
2169.96	7340.88
2170.92	7325.16
2171.88	7308.74
2172.83	7292.02
2173.79	7274.6
2174.74	7256.83
2175.7	7242
2176.65	7230.85
2177.6	7223.1
2178.56	7218.84
2179.51	7217.66
2180.47	7203.24
2181.42	7189.17
2182.38	7170.91
2183.33	7152.82
2184.28	7146.7
2185.24	7149.34
2186.19	7150.14
2187.14	7149.89
2188.1	7148.95
2189.05	7141.22
2190	7131.1
2190.96	7122.88
2191.91	7114.72
2192.86	7105.66
2193.81	7096.69
2194.76	7086.93
2195.72	7077.31
2196.67	7067.92
2197.62	7060.07
2198.57	7057.81
2199.52	7052.95
2200.47	7045.23
2201.43	7035.85
2202.38	7027.07
2203.33	7015.61
2204.28	7011.8
2205.23	7009.76
2206.18	7010.81
2207.13	7008.77
2208.08	7005.21
2209.03	7000.44
2209.98	6994.14
2210.93	6987.92
2211.88	6980.23
2212.83	6970.94
2213.78	6960.08
2214.73	6946.3
2215.67	6930.97
2216.62	6917.39
2217.57	6905.62
2218.52	6902.27
2219.47	6901.51
2220.42	6904.36
2221.37	6909.83
2222.31	6922.42
2223.26	6933.48
2224.21	6932.07
2225.16	6902.76
2226.1	6879.32
2227.05	6866.25
2228	6859.62
2228.94	6850.29
2229.89	6845.43
2230.84	6846.77
2231.78	6849.12
2232.73	6849.19
2233.68	6849.29
2234.62	6848.63
2235.57	6843.19
2236.51	6836.36
2237.46	6828.63
2238.41	6820
2239.35	6817.53
2240.3	6817.15
2241.24	6816.22
2242.19	6813.27
2243.13	6809.35
2244.07	6804.66
2245.02	6799.92
2245.96	6795.43
2246.91	6790.98
2247.85	6786.33
2248.8	6788.01
2249.74	6783
2250.68	6777.75
2251.63	6772.4
2252.57	6766.84
2253.51	6763.36
2254.46	6760.85
2255.4	6761.58
2256.34	6762.15
2257.28	6755.2
2258.23	6748.8
2259.17	6720.81
2260.11	6728.3
2261.05	6736.61
2262	6741.08
2262.94	6746.19
2263.88	6743.6
2264.82	6729.42
2265.76	6720.4
2266.7	6712.73
2267.64	6702.72
2268.58	6698.64
2269.53	6697.1
2270.47	6694.09
2271.41	6691.15
2272.35	6688.25
2273.29	6686.34
2274.23	6686.17
2275.17	6687
2276.11	6687.8
2277.05	6689.39
2277.99	6689.66
2278.93	6686.01
2279.86	6682.97
2280.8	6683.71
2281.74	6676.77
2282.68	6662.09
2283.62	6652.47
2284.56	6647.72
2285.5	6643.32
2286.44	6638.35
2287.37	6635.86
2288.31	6636.32
2289.25	6634.13
2290.19	6638.25
2291.12	6641.92
2292.06	6650.68
2293	6646.69
2293.94	6640.37
2294.87	6631.52
2295.81	6619.59
2296.75	6609.32
2297.68	6602.35
2298.62	6601.21
2299.55	6603.21
2300.49	6612.25
2301.43	6622.67
2302.36	6620.18
2303.3	6602.94
2304.23	6579.05
2305.17	6561.42
2306.1	6566.76
2307.04	6573.25
2307.98	6570.04
2308.91	6565.78
2309.84	6563.25
2310.78	6560.72
2311.71	6557.88
2312.65	6554.19
2313.58	6548.23
2314.52	6540.36
2315.45	6530.8
2316.38	6519.08
2317.32	6504.75
2317.72	6498.33
2318.66	6483.61
2319.6	6468.32
2320.54	6462.34
2321.48	6457.08
2322.41	6456.81
2323.35	6459.12
2324.29	6464.95
2325.23	6467.67
2326.16	6468.47
2327.1	6463.8
2328.04	6457.07
2328.97	6448.34
2329.91	6440.7
2330.85	6432.78
2331.78	6429.39
2332.72	6426.34
2333.66	6418.18
2334.59	6409.76
2335.53	6400.66
2336.46	6391.52
2337.4	6380.59
2338.33	6369.23
2339.27	6358.14
2340.2	6348.59
2341.14	6341.27
2342.07	6336.08
2343.01	6334.99
2343.94	6335.93
2344.88	6338.92
2345.81	6343.65
2346.75	6348.07
2347.68	6338.61
2348.61	6328.14
2349.55	6314.93
2350.48	6306.44
2351.41	6301.48
2352.35	6298.03
2353.28	6291.42
2354.21	6286.76
2355.15	6282.37
2356.08	6280.18
2357.01	6278.63
2357.94	6278.02
2358.88	6278.36
2359.81	6279.63
2360.74	6281.76
2361.67	6284.54
2362.6	6285.89
2363.54	6278.64
2364.47	6263.03
2365.4	6249.16
2366.33	6238.72
2367.26	6233.14
2368.19	6229.48
2369.12	6228.11
2370.05	6227.64
2370.98	6227.53
2371.91	6226.16
2372.84	6223.7
2373.77	6220.95
2374.7	6217.26
2375.63	6212.96
2376.56	6207.78
2377.49	6201.53
2378.42	6193.83
2379.35	6183.7
2380.28	6173.99
2381.21	6159.32
2382.14	6162.72
2383.07	6162.54
2384	6158.14
2384.92	6149.73
2385.85	6143.49
2386.78	6117.89
2387.71	6140.06
2388.64	6154.6
2389.56	6162.18
2390.49	6162.56
2391.42	6155.6
2392.35	6139.93
2393.27	6133
2394.2	6121.25
2395.13	6110.12
2396.05	6100
2396.98	6093.09
2397.91	6087.56
2398.83	6096.94
2399.76	6101.93
2400.69	6100.21
2401.61	6097.03
2402.54	6080.07
2403.46	6059.25
2404.39	6043.34
2405.31	6049.27
2406.24	6056.32
2407.17	6048.59
2408.09	6040.39
2409.01	6032.24
2409.94	6016.74
2410.86	6006.33
2411.79	5993.29
2412.71	5981.21
2413.64	5983.35
2414.56	5987.38
2415.49	6001.14
2416.41	6000.02
2417.33	6000.81
2418.26	5998.05
2419.18	5993.02
2420.1	5988.81
2421.03	5984.5
2421.95	5979.86
2422.87	5974.7
2423.79	5969.31
2424.72	5963.55
2425.64	5957.65
2426.56	5951.47
2427.48	5945.16
2428.41	5938.77
2429.33	5932.58
2430.25	5926.56
2431.17	5920.53
2432.09	5905.83
2433.01	5894.92
2433.93	5886.43
2434.86	5881.19
2435.78	5885.23
2436.7	5873.49
2437.62	5838.46
2438.54	5827.16
2439.46	5822.84
2440.38	5820.69
2441.3	5818.33
2442.22	5807.6
2443.14	5795.7
2444.06	5789.67
2444.98	5780.99
2445.9	5775.6
2446.82	5774.41
2447.73	5777.33
2448.65	5779.02
2449.57	5782.04
2450.49	5769.35
2451.41	5749.32
2452.33	5733.52
2453.25	5723.17
2454.17	5715.55
2455.08	5711.55
2456	5711.26
2456.92	5715.08
2457.84	5722.57
2458.75	5729.03
2459.67	5729.05
2460.59	5725.29
2461.51	5717.95
2462.42	5707.22
2463.34	5693.81
2464.26	5676.49
2465.17	5658.59
2466.09	5650.12
2467	5643.55
2467.92	5638.24
2468.84	5639.69
2469.75	5644.12
2470.67	5645.72
2471.58	5644.34
2472.5	5639.97
2473.42	5631.93
2474.33	5621.05
2475.25	5610.36
2476.16	5603.75
2477.08	5601.29
2477.99	5600.54
2478.9	5600.76
2479.82	5599.15
2480.73	5594.93
2481.65	5588.52
2482.56	5582.92
2483.47	5577.52
2484.39	5571.08
2485.3	5564.9
2486.22	5567.51
2487.13	5569.47
2488.04	5568.59
2488.96	5562.84
2489.87	5556.22
2490.78	5549.04
2491.69	5544.58
2492.61	5541.85
2493.52	5540.05
2494.43	5540.15
2495.34	5541.58
2496.25	5543.79
2497.17	5545.75
2498.08	5547.88
2498.99	5549.13
2499.9	5545.54
2500.81	5539.26
2501.72	5526.06
2502.63	5512.48
2503.55	5501.94
2504.46	5495.52
2505.37	5485
2506.28	5487.17
2507.19	5502.52
2508.1	5502.38
2509.01	5501.65
2509.92	5493.35
2510.83	5477.09
2511.74	5473.65
2512.65	5472.46
2513.56	5484.79
2514.47	5482.97
2515.37	5475.46
2516.28	5470.48
2517.19	5466.26
2518.1	5463.27
2519.01	5460.11
2519.92	5459.91
2520.83	5467.48
2521.73	5472.6
2522.64	5471.58
2523.55	5460.43
2524.46	5444.72
2525.37	5435.95
2526.27	5431.52
2527.18	5427.16
2528.09	5423.77
2529	5420.46
2529.9	5417.16
2530.81	5414.08
2531.72	5410.25
2532.62	5404.94
2533.53	5397.38
2534.44	5387.95
2535.34	5376.55
2536.25	5362.02
2537.15	5348.08
2538.06	5335.75
2538.96	5334.67
2539.87	5339.51
2540.78	5343.53
2541.68	5343.21
2542.59	5344.42
2543.49	5339.47
2544.4	5332.92
2545.3	5322.36
2546.21	5310.82
2547.11	5298.93
2548.01	5287.35
2548.92	5281.97
2549.82	5277
2550.73	5274.05
2551.63	5273.38
2552.53	5275.2
2553.44	5280.23
2554.34	5268.07
2555.24	5251.65
2556.15	5237.46
2557.05	5278.25
2557.95	5276.72
2558.86	5264.98
2559.76	5241.62
2560.66	5222.86
2561.56	5207.13
2562.46	5193.83
2563.37	5184.26
2564.27	5177.61
2565.17	5174.06
2566.07	5173.51
2566.97	5175.93
2567.88	5181.07
2568.78	5182.05
2569.68	5184.28
2570.58	5190.73
2571.48	5190.64
2572.38	5179.85
2573.28	5163.51
2574.18	5146.39
2575.08	5124.38
2575.98	5109.65
2576.88	5101.63
2577.78	5097.23
2578.68	5095.36
2579.58	5100.45
2580.48	5104.87
2581.38	5110.69
2582.28	5117.81
2583.18	5112.51
2584.08	5103.1
2584.98	5090.14
2585.88	5074.51
2586.77	5063.02
2587.67	5060.16
2588.57	5060.97
2589.47	5052.01
2590.37	5043.3
2591.27	5034.12
2592.16	5020.18
2593.06	5007.48
2593.96	5005.71
2594.86	5009.91
2595.75	5010.98
2596.65	5014.51
2597.55	5008.58
2598.45	4996.67
2599.34	4986.16
2600.24	4974.71
2601.13	4970.16
2602.03	4970.26
2602.93	4975.73
2603.82	4977.43
2604.72	4979.1
2605.62	4986.02
2606.51	4978.37
2607.41	4966.48
2608.3	4947.31
2609.2	4925.26
2610.09	4901.5
2610.99	4890.06
2611.88	4901.11
2612.78	4903.84
2613.67	4909.58
2614.57	4917.62
2615.46	4920.06
2616.36	4924.03
2617.25	4925.11
2618.14	4922.76
2619.04	4913.59
2619.93	4904.2
2620.83	4894.64
2621.72	4885.04
2622.61	4879.38
2623.5	4877.91
2624.4	4876.87
2625.29	4876.5
2626.18	4875.55
2627.08	4870.88
2627.97	4864.56
2628.86	4854.94
2629.75	4844.86
2630.65	4834.42
2631.54	4822
2632.43	4809.99
2633.32	4800.78
2634.21	4792.18
2635.11	4782.24
2636	4779.44
2636.89	4779.19
2637.78	4774.31
2638.67	4772.02
2639.56	4763.51
2640.45	4755.89
2641.34	4749.87
2642.23	4746.13
2643.12	4743.53
2644.01	4739.24
2644.9	4733.74
2645.79	4726.49
2646.68	4719.72
2647.57	4712.51
2648.46	4704.96
2649.35	4696.97
2650.24	4688.65
2651.13	4679.75
2652.02	4684.07
2652.91	4689.76
2653.8	4683.96
2654.69	4673.34
2655.58	4661.05
2656.46	4654.94
2657.35	4650.49
2658.24	4646.88
2659.13	4644.3
2660.02	4644.63
2660.9	4645.98
2661.79	4648.74
2662.68	4647.76
2663.57	4633.16
2664.45	4623.55
2665.34	4606.85
2666.23	4595.56
2667.11	4585.15
2668	4577.85
2668.89	4576.94
2669.77	4582.46
2670.66	4585.88
2671.55	4587.37
2672.43	4587.4
2673.32	4585.24
2674.21	4579.94
2675.09	4573.63
2675.98	4565.97
2676.86	4555.63
2677.75	4546.8
2678.63	4540.33
2679.52	4532.45
2680.4	4534.78
2681.29	4541.71
2682.17	4543.01
2683.06	4541.05
2683.94	4528.58
2684.82	4517
2685.71	4502.7
2686.59	4497.25
2687.48	4489.96
2688.36	4487.08
2689.24	4484.51
2690.13	4481.8
2691.01	4479.36
2691.89	4473.63
2692.78	4467.59
2693.66	4458.78
2694.54	4448.46
2695.43	4438.89
2696.31	4432.48
2697.19	4429.42
2698.07	4425.42
2698.96	4428.36
2699.84	4433.1
2700.72	4437.35
2701.6	4439.32
2702.48	4438.57
2703.36	4433.53
2704.25	4419.56
2705.13	4406.34
2706.01	4391.18
2706.89	4376.14
2707.77	4363.51
2708.65	4367.36
2709.53	4389.49
2710.41	4398.9
2711.29	4394.46
2712.17	4378.53
2713.05	4352.45
2713.93	4320.99
2714.81	4321.78
2715.69	4315.65
2716.57	4321.25
2717.45	4331.46
2718.33	4332.97
2719.21	4333.33
2720.09	4310.98
2720.97	4303.37
2721.85	4300.17
2722.73	4300.28
2723.61	4307.26
2724.48	4306.39
2725.36	4304.09
2726.24	4299.27
2727.12	4293.44
2728	4286.87
2728.88	4282.02
2729.75	4276.15
2730.63	4270.75
2731.51	4265.49
2732.39	4260.72
2733.26	4258.28
2734.14	4260.5
2735.02	4262.62
2735.89	4259.64
2736.77	4254.66
2737.65	4250.05
2738.52	4243.95
2739.4	4236.91
2740.28	4228.73
2741.15	4220.59
2742.03	4210.02
2742.9	4221.49
2743.78	4228.03
2744.65	4227.46
2745.53	4220.68
2746.41	4212.79
2747.28	4196.99
2748.16	4190.85
2749.03	4189.33
2749.91	4191.69
2750.78	4196.44
2751.66	4202.13
2752.53	4207.24
2753.4	4201.67
2754.28	4188.31
2755.15	4177.48
2756.02	4167.13
2756.9	4160.34
2757.77	4153.95
2758.65	4151.11
2759.52	4149.7
2760.39	4147.01
2761.27	4145.4
2762.14	4144.64
2763.01	4143.86
2763.88	4143.75
2764.76	4144.4
2765.63	4147.33
2766.5	4133.31
2767.37	4114.18
2768.25	4091.88
2769.12	4070.84
2769.99	4067.64
2770.86	4075.26
2771.73	4083.01
2772.61	4079.89
2773.48	4078.51
2774.35	4076.87
2775.22	4074.45
2776.09	4071.14
2776.96	4066.64
2777.83	4061.92
2778.7	4054.63
2779.57	4052.96
2780.44	4052.93
2781.31	4050.76
2782.18	4048.73
2783.05	4045.42
2783.92	4041.27
2784.79	4036.7
2785.66	4031.7
2786.53	4026.31
2787.4	4020.4
2788.27	4015.89
2789.14	4014.57
2790.01	4013.33
2790.88	4012.71
2791.75	4009.06
2792.62	4005.14
2793.48	4001.53
2794.35	3998.04
2795.22	3993.85
2796.09	3988.81
2796.96	3982.36
2797.82	3975.36
2798.69	3967.6
2799.56	3959.24
2800.43	3950.79
2801.29	3943.1
2802.16	3937.37
2803.03	3950.15
2803.9	3959.7
2804.76	3962.54
2805.63	3958.8
2806.5	3948
2807.36	3936.04
2808.23	3919.69
2809.09	3920.27
2809.96	3947.76
2810.83	3930.16
2811.69	3924.11
2812.56	3918.94
2813.42	3914.55
2814.29	3909.52
2815.15	3908.34
2816.02	3911.15
2816.88	3907.8
2817.75	3906.54
2818.61	3901.36
2819.48	3886.97
2820.34	3857
2821.21	3890.59
2822.07	3895.4
2822.94	3878.96
2823.8	3856.38
2824.66	3851.71
2825.53	3848.1
2826.39	3845.46
2827.26	3844.68
2828.12	3842.59
2828.98	3845.81
2829.85	3844.68
2830.71	3840.55
2831.57	3835.26
2832.43	3831.8
2833.3	3829.72
2834.16	3826.25
2835.02	3823.86
2835.88	3820.86
2836.75	3818.67
2837.61	3817.29
2838.47	3821.59
2839.33	3825.97
2840.19	3826.53
2841.06	3824.31
2841.92	3819.37
2842.78	3811.82
2843.64	3802.09
2844.5	3789.89
2845.36	3779.31
2846.22	3776.1
2847.08	3775.55
2847.94	3771.8
2848.81	3767.74
2849.67	3764.1
2850.53	3760.59
2851.39	3757.36
2852.25	3754.25
2853.11	3751.45
2853.97	3748.59
2854.82	3749.86
2855.68	3752.13
2856.54	3754.04
2857.4	3750.2
2858.26	3740.51
2859.12	3728.87
2859.98	3720.66
2860.84	3712.86
2861.7	3707.05
2862.56	3702.5
2863.41	3699.82
2864.27	3698.5
2865.13	3698.04
2865.99	3697.86
2866.85	3695.16
2867.7	3688.74
2868.56	3683.42
2869.42	3675.37
2870.28	3666.83
2871.13	3659.25
2871.99	3653.73
2872.85	3654.67
2873.7	3654.95
2874.56	3657.85
2875.42	3662.62
2876.27	3669.61
2877.13	3676.48
2877.99	3665.59
2878.84	3653.36
2879.7	3640.94
2880.56	3629.65
2881.41	3656.89
2882.27	3655.67
2883.12	3654.46
2883.98	3652.31
2884.83	3649.84
2885.69	3645.2
2886.54	3637.06
2887.4	3628.61
2888.25	3619.85
2889.11	3611.12
2889.96	3602.3
2890.82	3595.98
2891.67	3592.52
2892.52	3591.79
2893.38	3593.3
2894.23	3593.63
2895.09	3590.98
2895.94	3588.25
2896.79	3577.07
2897.65	3569.51
2898.5	3563.5
2899.35	3559.15
2900.21	3554.73
2901.06	3550.37
2901.91	3546.08
2902.76	3538.99
2903.62	3531.45
2904.47	3524.41
2905.32	3516.2
2906.17	3522.19
2907.03	3534.65
2907.88	3538.99
2908.73	3537.37
2909.58	3527.37
2910.43	3498.55
2911.28	3501.3
2912.14	3507.4
2912.99	3503.86
2913.84	3497.22
2914.69	3489.45
2915.54	3480.55
2916.39	3470.96
2917.24	3464.45
2918.09	3468.47
2918.94	3470.15
2919.79	3469.17
2920.64	3470.12
2921.49	3463.19
2922.34	3453.98
2923.19	3435.42
2924.04	3426.82
2924.89	3420.7
2925.74	3455.56
2926.59	3477.24
2927.44	3429.35
2928.29	3416.95
2929.14	3415.85
2929.98	3420.08
2930.83	3420.83
2931.68	3418
2932.53	3406.31
2933.38	3396.29
2934.23	3387.98
2935.07	3381.04
2935.92	3382.04
2936.77	3379.31
2937.62	3378.16
2938.47	3376.91
2939.31	3374.57
2940.16	3370.29
2941.01	3365.49
2941.85	3360.45
2942.7	3355.44
2943.55	3351
2944.39	3350.21
2945.24	3349.3
2946.09	3349.28
2946.93	3350.23
2947.78	3352.34
2948.63	3355.51
2949.47	3358.96
2950.32	3362.1
2951.16	3354.57
2952.01	3342.25
2952.85	3328.67
2953.7	3320.67
2954.55	3312.69
2955.39	3305.98
2956.24	3310.38
2957.08	3308.91
2957.92	3309.16
2958.77	3305.87
2959.61	3297.24
2960.46	3290.37
2961.3	3280.21
2962.15	3275.88
2962.99	3276.03
2963.83	3275.4
2964.68	3275.07
2965.52	3269.83
2966.37	3266.93
2967.21	3261.93
2968.05	3259.8
2968.9	3257.7
2969.74	3257.3
2970.58	3261.73
2971.42	3263.98
2972.27	3263.85
2973.11	3257.33
2973.95	3245.29
2974.79	3236.37
2975.64	3225.68
2976.48	3220.67
2977.32	3219.32
2978.16	3217.95
2979	3217.46
2979.85	3218.34
2980.69	3220.51
2981.53	3223.4
2982.37	3222.73
2983.21	3221.58
2984.05	3219.87
2984.89	3212.97
2985.73	3204.49
2986.57	3199.59
2987.41	3199.87
2988.25	3199.77
2989.1	3198.73
2989.94	3197.48
2990.77	3197.42
2991.62	3195.27
2992.45	3191.05
2993.29	3178.81
2994.13	3177.21
2994.97	3181.31
2995.81	3183.62
2996.65	3184.34
2997.49	3183.19
2998.33	3146.75
2999.17	3169.47
