200.833	11626.6
202.102	11610.2
203.371	11625.1
204.639	11639.6
205.907	11655
207.175	11666.9
208.442	11694.7
209.71	11719.1
210.977	11725.2
212.244	11719.5
213.511	11706.7
214.777	11691.3
216.042	11678
217.309	11680.9
218.575	11703.8
219.84	11746.9
221.106	11805.6
222.371	11848.9
223.635	11861.1
224.9	11837.6
226.165	11861.3
227.429	11894
228.694	11934.6
229.956	11981.6
231.22	11996.4
232.484	12013.5
233.747	12031.4
235.011	12049.4
236.272	12068.5
237.535	12090.8
238.798	12123.7
240.06	12144.4
241.321	12161.7
242.583	12177.4
243.845	12192.5
245.105	12206.4
246.367	12220.3
247.628	12234
248.888	12246.1
250.149	12256.3
251.409	12253.5
252.67	12249.3
253.928	12243.6
255.189	12233.5
256.447	12238.4
257.707	12254.8
258.966	12281.1
260.224	12319.1
261.483	12342.6
262.742	12360.7
263.999	12365.9
265.257	12365.4
266.514	12369.5
267.772	12377.5
269.028	12396.9
270.286	12416.3
271.543	12429.9
272.799	12441.8
274.056	12453.4
275.311	12465.1
276.568	12478
277.823	12492
279.079	12507.3
280.333	12523.8
281.589	12541.8
282.843	12584.8
284.099	12613.1
285.352	12635.2
286.607	12638.2
287.86	12633.1
289.114	12634.5
290.368	12636.8
291.621	12640.6
292.875	12646.2
294.127	12653.5
295.38	12659.3
296.632	12666
297.884	12670.6
299.137	12672.7
300.388	12672.6
301.641	12674.9
302.891	12680.4
304.142	12687.4
305.394	12705.6
306.644	12723.8
307.894	12740.9
309.146	12756
310.395	12769.6
311.645	12781.2
312.895	12792.4
314.144	12802.1
315.393	12810.9
316.642	12818.6
317.892	12825.6
319.14	12833
320.388	12840.8
321.637	12857.3
322.885	12873.1
324.132	12896
325.38	12922.3
326.628	12944.9
327.875	12963.1
329.122	12957.5
330.368	12948.8
331.614	12953.4
332.862	12961.2
334.108	13007
335.353	13016.5
336.599	13028.6
337.844	13031.2
339.089	13030
340.335	13010.5
341.58	12985.2
342.824	12988
344.068	12999.9
345.312	13042.1
346.556	13052.7
347.8	13063.9
349.043	13074.9
350.286	13084.3
351.53	13092.3
352.774	13099
354.016	13109.5
355.259	13129.5
356.501	13145
357.743	13161.5
358.985	13166.9
360.227	13164.6
361.468	13160.5
362.709	13144.3
363.95	13126.5
365.191	13113.2
366.432	13107.5
367.672	13111.8
368.912	13120.1
370.152	13129.9
371.392	13139.1
372.632	13150.8
373.871	13163.9
375.11	13177.7
376.348	13191.4
377.587	13205.1
378.825	13219
380.064	13232.1
381.302	13245.9
382.54	13259.5
383.778	13272.3
385.016	13282.8
386.253	13291.5
387.489	13299.7
388.726	13306.5
389.963	13312.3
391.199	13317.1
392.436	13322.9
393.672	13327
394.907	13331
396.142	13335.5
397.378	13342.1
398.614	13351.3
399.849	13363.2
401.082	13377.9
402.317	13395
403.552	13417.1
404.786	13441.6
406.019	13447.8
407.253	13449.8
408.487	13453.3
409.721	13456.5
410.953	13459.8
412.186	13465.2
413.419	13471.2
414.651	13477
415.883	13482.9
417.116	13488.6
418.347	13494.1
419.579	13497.9
420.811	13500.7
422.041	13482.6
423.272	13466.2
424.504	13459.9
425.733	13457.4
426.964	13474.3
428.194	13498.6
429.424	13518.5
430.654	13546
431.883	13569.8
433.113	13589.3
434.341	13599.1
435.571	13594.9
436.799	13590.2
438.028	13586.8
439.257	13580.6
440.484	13581.6
441.713	13585.3
442.94	13592.1
444.168	13601.8
445.394	13613.8
446.622	13626.1
447.848	13635.3
449.076	13642.9
450.301	13648.3
451.528	13652.5
452.754	13655.8
453.979	13658.1
455.205	13660.2
456.43	13663.3
457.656	13665.2
458.88	13665.8
460.106	13667.3
461.33	13665.3
462.554	13661.2
463.779	13651.4
465.002	13645.6
466.225	13643.6
467.45	13656.1
468.672	13692.6
469.895	13647.1
471.119	13631.9
472.341	13627.3
473.563	13624.3
474.786	13619.9
476.008	13634.3
477.229	13634.9
478.452	13638.2
479.673	13635.7
480.894	13632.1
482.115	13630.8
483.337	13631.9
484.557	13637.5
485.777	13642.5
486.997	13647.6
488.218	13653.6
489.438	13652.3
490.657	13637.9
491.876	13625.9
493.096	13604.6
494.315	13602.4
495.533	13608.3
496.752	13617.4
497.97	13626.5
499.188	13635.1
500.407	13641.6
501.625	13642.1
502.842	13642.2
504.059	13642.6
505.276	13642.9
506.493	13643.4
507.71	13648.4
508.926	13657.2
510.142	13670.8
511.358	13689.9
512.575	13715.5
513.791	13734.2
515.006	13738.3
516.222	13740.7
517.437	13734.5
518.651	13736
519.866	13740.9
521.081	13751.8
522.295	13763.7
523.509	13777.7
524.723	13781.4
525.937	13781
527.15	13775.8
528.363	13774.2
529.576	13778.3
530.789	13784.4
532.002	13792.7
533.215	13805.2
534.426	13819.6
535.638	13837.9
536.85	13851.5
538.061	13847.4
539.273	13838.4
540.484	13825.7
541.695	13817.9
542.906	13811.8
544.117	13810.1
545.327	13811.6
546.537	13814.4
547.747	13817.5
548.957	13820.7
550.167	13823.2
551.377	13826.4
552.585	13829.3
553.794	13832.1
555.003	13834.3
556.212	13836.2
557.421	13837.5
558.628	13838.5
559.836	13839.8
561.044	13841.2
562.252	13842.4
563.458	13843.4
564.666	13844.2
565.873	13844.8
567.08	13843.9
568.286	13842.8
569.493	13843
570.699	13847.2
571.904	13860.5
573.111	13866.4
574.317	13865.8
575.521	13861.6
576.727	13854.1
577.932	13846.7
579.136	13842.3
580.341	13842.1
581.544	13846.8
582.749	13852.8
583.954	13862.5
585.156	13872.2
586.361	13884.1
587.563	13893.7
588.767	13900.2
589.97	13902.6
591.172	13901.8
592.375	13895.1
593.577	13886.6
594.78	13870.5
595.981	13855.2
597.183	13846.4
598.384	13849
599.586	13873.9
600.786	13894.5
601.988	13915.3
603.188	13915.3
604.389	13800.9
605.589	13847.6
606.79	13840.8
607.989	13851.9
609.188	13840.7
610.389	13820.5
611.587	13796.5
612.787	13773.5
613.986	13750.2
615.184	13724.1
616.383	13707
617.581	13742.8
618.78	13894.2
619.977	13764.2
621.174	13755.4
622.373	13737.7
623.57	13719.3
624.766	13704.1
625.964	13690.3
627.16	13682.8
628.356	13688.7
629.554	13694
630.749	13703.1
631.945	13714.5
633.14	13720.7
634.337	13714
635.532	13702.6
636.726	13686.9
637.921	13671
639.117	13650.1
640.311	13644.3
641.505	13644.4
642.699	13655.5
643.892	13674.8
645.087	13678.8
646.28	13665.9
647.473	13641.1
648.666	13644.8
649.859	13654.9
651.051	13672
652.245	13679.6
653.437	13685.3
654.629	13689.2
655.821	13685.9
657.012	13688.5
658.204	13689.5
659.395	13689.5
660.586	13688
661.777	13685.3
662.967	13681.2
664.158	13675.1
665.349	13667.5
666.539	13669.1
667.729	13670.4
668.919	13686.7
670.109	13710.5
671.298	13744.6
672.487	13786
673.676	13822.2
674.865	13800.6
676.053	13793
677.242	13785.4
678.43	13775.1
679.616	13758.3
680.804	13741.6
681.992	13729.2
683.179	13722.4
684.366	13720.1
685.554	13721.1
686.74	13723.1
687.927	13725.3
689.114	13724.6
690.3	13720.3
691.486	13710.7
692.671	13695.5
693.856	13674.4
695.042	13652.5
696.227	13640.2
697.413	13631.3
698.598	13632.8
699.781	13640.3
700.966	13648.1
702.15	13651.1
703.334	13645.1
704.518	13638.4
705.701	13629.2
706.885	13617.1
708.068	13601.3
709.252	13584.4
710.433	13574.4
711.616	13568.2
712.799	13568.1
713.98	13573.3
715.163	13574.1
716.345	13574.8
717.527	13575
718.707	13576.9
719.889	13579.6
721.071	13583.3
722.25	13587.5
723.432	13593.2
724.611	13600.2
725.792	13607.9
726.972	13615.2
728.151	13617.2
729.332	13613.6
730.512	13601.6
731.69	13588.2
732.87	13575.9
734.048	13573.5
735.227	13583.5
736.405	13607
737.584	13632.2
738.761	13639.5
739.94	13637.4
741.117	13633.6
742.295	13627.3
743.471	13628.8
744.649	13635.5
745.825	13638.3
747.003	13639.8
748.179	13639.8
749.356	13639.2
750.531	13638.1
751.708	13638.6
752.883	13646.8
754.059	13658.3
755.234	13671.6
756.409	13682.7
757.585	13690.5
758.759	13689.3
759.934	13677
761.108	13660.1
762.282	13634.9
763.456	13608.8
764.63	13589.7
765.803	13571.9
766.977	13559.6
768.15	13555.1
769.323	13552.3
770.496	13552.1
771.668	13553.1
772.841	13554.3
774.014	13551.7
775.185	13541.8
776.357	13532.9
777.528	13524.1
778.701	13514.8
779.872	13505.2
781.042	13495
782.213	13484.2
783.383	13473.6
784.555	13464.8
785.725	13462.1
786.895	13467.7
788.064	13469.3
789.234	13463.2
790.404	13449.6
791.573	13427.2
792.742	13402
793.911	13386
795.08	13387.9
796.248	13385.9
797.416	13380.6
798.584	13371.5
799.753	13358
800.921	13341.4
802.088	13328.3
803.256	13324.5
804.423	13332.9
805.59	13347.2
806.756	13361.2
807.923	13375.6
809.089	13389.1
810.256	13374.3
811.422	13348.3
812.587	13321.2
813.753	13304.3
814.918	13297.8
816.084	13302.8
817.249	13331.4
818.414	13347.8
819.578	13370.5
820.743	13393.7
821.907	13409.7
823.072	13419.3
824.236	13421.7
825.399	13416.6
826.562	13399.1
827.725	13396.2
828.889	13416.8
830.052	13422.2
831.215	13425.4
832.377	13424.4
833.54	13419.8
834.701	13412.2
835.863	13401.5
837.025	13389.5
838.187	13380.4
839.349	13373.2
840.51	13367.6
841.67	13363.9
842.831	13362.9
843.992	13364.4
845.153	13368
846.312	13372
847.473	13375.5
848.633	13374.2
849.793	13371.6
850.951	13365.6
852.111	13356.3
853.27	13343.5
854.428	13329.6
855.588	13315.7
856.747	13302.4
857.904	13287.7
859.063	13273.4
860.221	13257.6
861.378	13242.1
862.536	13228.3
863.694	13216.1
864.85	13208.3
866.008	13202.8
867.164	13196.8
868.321	13189.9
869.478	13181.5
870.633	13172
871.79	13161.6
872.945	13150.5
874.101	13138.8
875.256	13127.3
876.412	13119.7
877.566	13107.3
878.722	13083.2
879.876	13067.8
881.031	13053.1
882.185	13052.4
883.34	13054.2
884.493	13063.2
885.647	13070.7
886.8	13063.5
887.954	13057.9
889.107	13041.5
890.261	13018.4
891.413	12996.8
892.565	12977.4
893.718	12964.1
894.87	12963.6
896.023	12969.3
897.174	12975.8
898.326	12983.6
899.478	12992.2
900.629	13003.2
901.779	12999.4
902.931	12997.9
904.081	13004.4
905.231	13016.3
906.383	13028.9
907.532	13042.2
908.682	13054.4
909.831	13054.2
910.982	13042.3
912.131	13022.7
913.28	13000.1
914.429	12983.1
915.578	12968.8
916.727	12959.8
917.875	12968.4
919.023	12991.3
920.171	13019
921.32	13043.6
922.467	13048.2
923.614	13043.3
924.761	13035.1
925.908	13001.8
927.055	12982.9
928.203	12965.3
929.349	12963.4
930.496	12976.8
931.642	13004.2
932.787	13022.7
933.933	13031.4
935.079	13046.8
936.224	12986.2
937.369	12958
938.514	12955.3
939.659	12973.6
940.804	12980
941.948	13010.3
943.092	12957.5
944.236	12924.7
945.38	12925.8
946.524	12932.3
947.667	12932.5
948.811	12930
949.954	12925.1
951.097	12917.3
952.24	12906.7
953.383	12893.9
954.525	12879
955.667	12861.9
956.81	12843.4
957.952	12824.8
959.093	12807.8
960.235	12793.8
961.376	12789.2
962.516	12803.1
963.658	12812.1
964.798	12817
965.939	12817.7
967.08	12813.4
968.22	12804.9
969.359	12793.5
970.499	12782.2
971.639	12772.5
972.779	12772.6
973.918	12768
975.056	12760.5
976.195	12749.2
977.334	12739.6
978.473	12741.5
979.61	12747.1
980.749	12757.4
981.887	12767
983.024	12767.7
984.162	12765.5
985.3	12761.3
986.437	12754.7
987.573	12744.1
988.711	12731.3
989.848	12719.3
990.983	12706.5
992.12	12700
993.255	12700.5
994.392	12694.7
995.528	12719.2
996.662	12741.8
997.798	12738.9
998.933	12734
1000.07	12729
1001.2	12722.5
1002.34	12733.3
1003.47	12743.4
1004.61	12753.4
1005.74	12763.8
1006.87	12770
1008.01	12772.3
1009.14	12772.7
1010.27	12771.1
1011.41	12767.8
1012.54	12762.2
1013.67	12753.6
1014.81	12741.6
1015.94	12721.3
1017.07	12708.1
1018.2	12697.6
1019.33	12688.6
1020.47	12682.8
1021.6	12679.3
1022.73	12676.9
1023.86	12672.6
1024.99	12666.6
1026.12	12657.2
1027.25	12646.2
1028.38	12633.6
1029.51	12620.2
1030.64	12604.9
1031.77	12588.6
1032.9	12572.8
1034.03	12561.5
1035.16	12556.7
1036.29	12559.6
1037.42	12544.1
1038.55	12530.1
1039.67	12520.1
1040.8	12513.4
1041.93	12508.8
1043.06	12503.8
1044.19	12498.2
1045.31	12516.6
1046.44	12531.2
1047.57	12536.6
1048.69	12523.8
1049.82	12508
1050.95	12490.6
1052.08	12471.7
1053.2	12450.6
1054.33	12428.6
1055.45	12406.2
1056.58	12385.6
1057.7	12371.1
1058.83	12358.4
1059.95	12350.6
1061.08	12356.9
1062.2	12381
1063.33	12409.8
1064.45	12431.3
1065.58	12436.7
1066.7	12399.5
1067.83	12374.3
1068.95	12350.2
1070.07	12328.5
1071.2	12321.8
1072.32	12318.9
1073.44	12323.1
1074.56	12332.3
1075.69	12345
1076.81	12357.9
1077.93	12344.9
1079.05	12341.4
1080.17	12340.6
1081.3	12342
1082.42	12344.7
1083.54	12349
1084.66	12355.8
1085.78	12363.8
1086.9	12373.2
1088.02	12382.9
1089.14	12390.7
1090.26	12396.6
1091.38	12393.4
1092.5	12379.2
1093.62	12362.3
1094.74	12354.7
1095.86	12345.1
1096.98	12351.2
1098.1	12358.9
1099.22	12365.7
1100.34	12371.1
1101.45	12372.6
1102.57	12363.2
1103.69	12346.2
1104.81	12322.6
1105.93	12304
1107.04	12289
1108.16	12277.7
1109.28	12270.3
1110.4	12267
1111.51	12268.6
1112.63	12273.9
1113.75	12282.3
1114.86	12288.4
1115.98	12278.6
1117.09	12274.6
1118.21	12255.5
1119.32	12238.1
1120.44	12223.3
1121.55	12210.7
1122.67	12199.4
1123.78	12188.6
1124.9	12177.5
1126.01	12165.6
1127.13	12152.8
1128.24	12138.9
1129.35	12124.4
1130.47	12108.5
1131.58	12091.2
1132.7	12072.7
1133.81	12054.3
1134.92	12040.1
1136.03	12029.4
1137.15	12021.3
1138.26	12015.3
1139.37	12002.2
1140.48	11988.9
1141.59	11971.8
1142.71	11950.9
1143.82	11926.7
1144.93	11903.3
1146.04	11894.3
1147.15	11891.1
1148.26	11893.5
1149.37	11890.7
1150.48	11888.5
1151.59	11884.7
1152.7	11879.3
1153.81	11872.5
1154.92	11866.1
1156.03	11860.9
1157.14	11862.3
1158.25	11868.4
1159.36	11869.6
1160.47	11864.4
1161.58	11858.1
1162.68	11846.4
1163.79	11831.4
1164.9	11812.9
1166.01	11795.4
1167.12	11811.5
1168.22	11825.3
1169.33	11837.3
1170.44	11839.3
1171.55	11824.2
1172.65	11824.5
1173.76	11825.4
1174.87	11825
1175.97	11833
1177.08	11849.7
1178.18	11867.1
1179.29	11864.9
1180.4	11862.3
1181.5	11848.1
1182.61	11838.7
1183.71	11832.3
1184.82	11829.2
1185.92	11829.4
1187.02	11830.6
1188.13	11831.6
1189.23	11833.1
1190.34	11836.1
1191.44	11838.9
1192.54	11842.3
1193.65	11845.8
1194.75	11849
1195.85	11850.6
1196.96	11844
1198.06	11828
1199.16	11820.2
1200.26	11813.8
1201.37	11822.2
1202.47	11826.8
1203.57	11830.2
1204.67	11838.3
1205.77	11835.1
1206.87	11828.3
1207.97	11819.6
1209.08	11809.3
1210.18	11800.1
1211.28	11799
1212.38	11806.4
1213.48	11812.4
1214.58	11813.5
1215.68	11818.1
1216.78	11810.2
1217.88	11793.5
1218.98	11779.6
1220.07	11769.4
1221.17	11760.3
1222.27	11751.9
1223.37	11743.1
1224.47	11734.1
1225.57	11725
1226.66	11715.8
1227.76	11706.9
1228.86	11698.5
1229.96	11690.9
1231.06	11684.7
1232.15	11679.8
1233.25	11676.4
1234.35	11674.1
1235.44	11672
1236.54	11666.9
1237.63	11660.6
1238.73	11644.8
1239.83	11632.2
1240.92	11624.5
1242.02	11618.9
1243.11	11609.9
1244.21	11592.3
1245.3	11574.2
1246.4	11560.4
1247.49	11551.3
1248.59	11545.1
1249.68	11541.5
1250.78	11540.7
1251.87	11542.7
1252.96	11548.3
1254.06	11554.9
1255.15	11553.4
1256.24	11547.6
1257.34	11526.9
1258.43	11477.3
1259.52	11496.9
1260.62	11512.4
1261.71	11524.1
1262.8	11531.9
1263.89	11535.9
1264.98	11532.3
1266.08	11525.8
1267.17	11517.1
1268.26	11506.6
1269.35	11503.6
1270.44	11503.6
1271.53	11507
1272.62	11505.9
1273.71	11502.5
1274.8	11498.4
1275.89	11491.8
1276.98	11485.6
1278.07	11485.3
1279.16	11492.7
1280.25	11500.1
1281.34	11504
1282.43	11505.8
1283.52	11505.9
1284.61	11506.8
1285.69	11506.3
1286.78	11504.3
1287.87	11501.1
1288.96	11496.7
1290.05	11491.5
1291.13	11486.5
1292.22	11482.2
1293.31	11485.7
1294.4	11490.3
1295.48	11496.7
1296.57	11507.6
1297.66	11513.3
1298.74	11516.6
1299.83	11517.9
1300.92	11517.4
1302	11515.3
1303.09	11512
1304.17	11509.2
1305.26	11505.4
1306.34	11500.8
1307.43	11495.3
1308.51	11489.3
1309.6	11482.8
1310.68	11475.2
1311.76	11466.5
1312.85	11455.4
1313.93	11442.8
1315.02	11429.2
1316.1	11426.1
1317.18	11433.7
1318.27	11441.1
1319.35	11448.7
1320.43	11452.9
1321.52	11448.6
1322.6	11435.5
1323.68	11425.2
1324.76	11421.6
1325.85	11419.7
1326.93	11417.9
1328.01	11407.5
1329.09	11394.5
1330.17	11389
1331.25	11399.6
1332.33	11372.8
1333.41	11346.8
1334.49	11311.8
1335.58	11281.1
1336.65	11259.5
1337.74	11272.1
1338.82	11287.1
1339.89	11309.7
1340.97	11331.2
1342.05	11330.3
1343.13	11319.3
1344.21	11302.2
1345.29	11287.8
1346.37	11272.7
1347.45	11260.1
1348.53	11256.3
1349.6	11254.3
1350.68	11250.3
1351.76	11245.1
1352.84	11240.6
1353.92	11247.5
1354.99	11257.6
1356.07	11265.1
1357.15	11270.2
1358.22	11258.5
1359.3	11252.1
1360.38	11248.7
1361.45	11247.2
1362.53	11247.8
1363.61	11248.5
1364.68	11247.9
1365.76	11245.5
1366.83	11241.9
1367.91	11237.8
1368.98	11245.7
1370.06	11245.1
1371.13	11241.1
1372.21	11227.8
1373.28	11213.7
1374.35	11199.5
1375.43	11194.7
1376.5	11193.6
1377.58	11190.4
1378.65	11186.6
1379.72	11174.3
1380.8	11166.1
1381.87	11168.3
1382.94	11172.3
1384.01	11177.3
1385.09	11184.8
1386.16	11193.5
1387.23	11201.9
1388.3	11206.9
1389.38	11202.3
1390.45	11191.9
1391.52	11182.3
1392.59	11171.9
1393.66	11155.7
1393.92	11151
1395	11132.3
1396.07	11119.6
1397.15	11112.8
1398.22	11109.8
1399.3	11107.5
1400.38	11108.9
1401.45	11097.7
1402.53	11095
1403.6	11094
1404.68	11093.6
1405.75	11091.2
1406.82	11104.1
1407.9	11109.3
1408.97	11109.4
1410.05	11105.1
1411.12	11093.3
1412.19	11078.8
1413.27	11063.2
1414.34	11050.2
1415.41	11038.6
1416.49	11029.9
1417.56	11040.5
1418.63	11039.3
1419.7	11029.1
1420.78	11023.8
1421.85	11018.2
1422.92	11003.2
1423.99	10990.9
1425.06	10983.1
1426.14	10978.8
1427.21	10977.5
1428.28	10977.9
1429.35	10977.5
1430.42	10974.2
1431.49	10964.2
1432.56	10956.8
1433.63	10942.2
1434.7	10939.2
1435.77	10939.5
1436.84	10952.2
1437.91	10966.4
1438.98	10978.4
1440.05	10988
1441.12	10991.2
1442.18	10983.3
1443.25	10969.5
1444.32	10944.3
1445.39	10920.9
1446.46	10911.6
1447.53	10907.5
1448.59	10908.2
1449.66	10914.2
1450.73	10926
1451.8	10930.1
1452.86	10937
1453.93	10941
1455	10941.8
1456.06	10938.1
1457.13	10928
1458.2	10910.3
1459.26	10885.7
1460.33	10868.5
1461.39	10843.1
1462.46	10834.8
1463.52	10860.1
1464.59	10883.1
1465.65	10895.2
1466.72	10902.4
1467.78	10904.1
1468.85	10901.7
1469.91	10892
1470.98	10877.4
1472.04	10857
1473.1	10833.3
1474.17	10845.2
1475.23	10888.5
1476.3	10827.9
1477.36	10840.8
1478.42	10850.3
1479.48	10856.8
1480.55	10859.6
1481.61	10858.8
1482.67	10854.3
1483.73	10845.7
1484.8	10832.4
1485.86	10809.5
1486.92	10752.6
1487.98	10768.3
1489.04	10777.3
1490.1	10786.8
1491.17	10793.3
1492.23	10796.3
1493.29	10796.6
1494.35	10793.5
1495.41	10787.5
1496.47	10778.1
1497.53	10765.7
1498.59	10750.2
1499.65	10732.1
1500.71	10728.1
1501.77	10724.4
1502.83	10722
1503.88	10719.9
1504.94	10717.3
1506	10713.4
1507.06	10709.9
1508.12	10706
1509.18	10701.6
1510.23	10696.7
1511.29	10690.7
1512.35	10683.7
1513.41	10673.3
1514.47	10663.3
1515.52	10650.8
1516.58	10642
1517.64	10634.7
1518.69	10628.5
1519.75	10620.1
1520.81	10606.2
1521.86	10584.5
1522.92	10553.9
1523.97	10527.8
1525.03	10552.5
1526.08	10558.3
1527.14	10566.5
1528.2	10577.7
1529.25	10588.8
1530.31	10600.5
1531.36	10594.6
1532.42	10582.4
1533.47	10569.2
1534.52	10555.9
1535.58	10543.5
1536.63	10537.1
1537.69	10531.6
1538.74	10527.2
1539.79	10524.1
1540.84	10522.3
1541.9	10522.2
1542.95	10522.5
1544	10523.3
1545.06	10524.3
1546.11	10525.6
1547.16	10527.1
1548.21	10528.2
1549.27	10521.1
1550.32	10500.5
1551.37	10489.5
1552.42	10483.5
1553.47	10483.5
1554.52	10487.4
1555.57	10499.9
1556.62	10501.4
1557.67	10501.8
1558.72	10500.2
1559.77	10497.3
1560.82	10491.8
1561.87	10488.2
1562.92	10487.3
1563.97	10487.9
1565.02	10489.8
1566.07	10490.8
1567.12	10487.2
1568.17	10483.8
1569.22	10476.4
1570.27	10468.7
1571.32	10457.4
1572.36	10442.6
1573.41	10434.9
1574.46	10431.3
1575.51	10432.8
1576.56	10432.5
1577.6	10433.2
1578.65	10432.5
1579.7	10424.5
1580.74	10415.2
1581.79	10405.3
1582.84	10397.8
1583.88	10391.7
1584.93	10385.5
1585.98	10380
1587.02	10375.5
1588.07	10371.6
1589.11	10368.5
1590.16	10364.9
1591.2	10356
1592.25	10342.3
1593.29	10332.5
1594.34	10326.7
1595.38	10326.7
1596.43	10331.6
1597.47	10339
1598.52	10345.8
1599.56	10348.7
1600.6	10353.3
1601.65	10337.9
1602.69	10322.1
1603.73	10300.1
1604.78	10283.8
1605.82	10270.7
1606.86	10258.6
1607.91	10247.9
1608.95	10238.4
1609.99	10230.1
1611.03	10224.5
1612.08	10221.9
1613.12	10224
1614.16	10223
1615.2	10222.8
1616.24	10217.4
1617.28	10199.3
1618.32	10185.1
1619.36	10170
1620.41	10152.9
1621.45	10136.6
1622.49	10124.1
1623.53	10113.7
1624.57	10105
1625.61	10098.2
1626.65	10091.8
1627.69	10088
1628.73	10084.3
1629.76	10082.4
1630.8	10080.8
1631.84	10077.7
1632.88	10073.8
1633.92	10067.5
1634.96	10059.4
1636	10046
1637.03	10032.5
1638.07	10018.8
1639.11	10005.5
1640.15	9995.2
1641.19	9988.67
1642.22	9986.63
1643.26	9983.67
1644.3	9978.9
1645.33	9973.51
1646.37	9964.65
1647.41	9956.09
1648.44	9952.5
1649.48	9954.09
1650.52	9953.88
1651.55	9956.28
1652.59	9948.37
1653.62	9942.01
1654.66	9932.52
1655.69	9923.13
1656.73	9911.39
1657.76	9898.54
1658.8	9892.82
1659.83	9893.54
1660.87	9902.88
1661.9	9916.03
1662.93	9916.29
1663.97	9910.81
1665	9906.92
1666.04	9902.13
1667.07	9889.46
1668.1	9883.18
1669.14	9883.32
1670.17	9881.37
1671.2	9882.7
1672.23	9867.33
1673.27	9860.23
1674.3	9857.73
1675.33	9860.5
1676.36	9870.15
1677.39	9864.74
1678.43	9832.51
1679.46	9823.2
1680.49	9813.9
1681.52	9825.98
1682.55	9827.18
1683.58	9823.24
1684.61	9812.01
1685.64	9785.11
1686.67	9785.35
1687.7	9790.9
1688.73	9800.38
1689.76	9812.88
1690.79	9814.95
1691.82	9802.59
1692.85	9780.93
1693.88	9762.61
1694.91	9744.71
1695.94	9718.18
1696.97	9709.46
1698	9717.28
1699.02	9733.84
1700.05	9759.38
1701.08	9771.65
1702.11	9753.5
1703.14	9746.31
1704.16	9733.92
1705.19	9718.67
1706.22	9701.07
1707.25	9692.97
1708.27	9694.36
1709.3	9703.06
1710.33	9708.82
1711.35	9704.83
1712.38	9697.1
1713.41	9689.05
1714.43	9675.59
1715.46	9660.45
1716.48	9644.83
1717.51	9631.28
1718.53	9627.82
1719.56	9616.33
1720.58	9598.56
1721.61	9583.95
1722.63	9566.56
1723.66	9552.56
1724.68	9547.66
1725.71	9549.17
1726.73	9545.51
1727.75	9542.01
1728.78	9535.61
1729.8	9527.65
1730.83	9517.96
1731.85	9509.64
1732.87	9500.72
1733.89	9495.6
1734.92	9493.67
1735.94	9496.69
1736.96	9500.29
1737.98	9498.22
1739.01	9491.61
1740.03	9472.86
1741.05	9455.9
1742.07	9442.46
1743.09	9434.55
1744.12	9432.72
1745.14	9434.39
1746.16	9440.96
1747.18	9432.07
1748.2	9422.74
1749.22	9407.9
1750.24	9405.65
1751.26	9400.86
1752.28	9396.38
1753.3	9391.32
1754.32	9384.17
1755.34	9375.68
1756.36	9365.35
1757.38	9343.07
1758.4	9318.92
1759.42	9308.43
1760.44	9323.14
1761.45	9352.04
1762.47	9352.67
1763.49	9353.08
1764.51	9332.72
1765.53	9317.43
1766.55	9304.92
1767.56	9295.97
1768.58	9288.09
1769.6	9287.4
1770.61	9303.15
1771.63	9309.07
1772.65	9310.88
1773.67	9308.08
1774.68	9300.47
1775.7	9287.41
1776.72	9272.84
1777.73	9258.03
1778.75	9246.73
1779.76	9237.77
1780.78	9238.83
1781.79	9244.85
1782.81	9249.89
1783.83	9252.38
1784.84	9249.42
1785.85	9242.79
1786.87	9232.46
1787.88	9214.31
1788.9	9195.21
1789.91	9175.71
1790.93	9163.22
1791.94	9160.36
1792.95	9171.21
1793.97	9198.88
1794.98	9178.74
1796	9173.69
1797.01	9165.05
1798.02	9151.22
1799.03	9136.84
1800.05	9120.65
1801.06	9104.58
1802.07	9092.14
1803.08	9086.92
1804.1	9097.87
1805.11	9105.16
1806.12	9107.67
1807.13	9102.89
1808.14	9093.34
1809.15	9079.07
1810.17	9060.6
1811.18	9039.7
1812.19	9017.39
1813.2	9012.52
1814.21	9022.48
1815.22	9017.74
1816.23	9007.89
1817.24	8984.85
1818.25	8941.6
1819.26	8966.15
1820.27	8976.03
1821.28	8977.36
1822.29	8972.56
1823.3	8964.61
1824.3	8954.73
1825.31	8938.85
1826.32	8923.7
1827.33	8919.83
1828.34	8913.83
1829.35	8909.8
1830.35	8906.52
1831.36	8902.93
1832.37	8897.67
1833.38	8889.53
1834.38	8876.98
1835.39	8859.25
1836.4	8837.5
1837.41	8824.61
1838.41	8818.35
1839.42	8819.78
1840.43	8827.18
1841.43	8836.94
1842.44	8848.03
1843.44	8845.64
1844.45	8833
1845.46	8825.34
1846.46	8811.17
1847.47	8796.87
1848.47	8785.73
1849.48	8774.72
1850.48	8764.62
1851.49	8755.2
1852.49	8747.22
1853.49	8738.14
1854.5	8727.77
1855.5	8718.23
1856.51	8719.8
1857.51	8730.27
1858.51	8735.47
1859.52	8735.22
1860.52	8709.68
1861.52	8686.54
1862.53	8658.05
1863.53	8635.83
1864.53	8620.71
1865.54	8614.42
1866.54	8618.97
1867.54	8630.8
1868.54	8630.33
1869.54	8627.03
1870.55	8603.52
1871.55	8597.01
1872.55	8595.16
1873.55	8621.85
1874.55	8623.97
1875.55	8616.39
1876.55	8604.93
1877.55	8592.93
1878.55	8575.63
1879.55	8559.53
1880.56	8550.34
1881.55	8547.17
1882.56	8550.52
1883.55	8548.26
1884.55	8543.87
1885.55	8532.18
1886.55	8522.14
1887.55	8513.21
1888.55	8504.33
1889.55	8504.67
1890.55	8508.37
1891.55	8507.63
1892.55	8505.6
1893.54	8500.88
1894.54	8488.15
1895.54	8473.79
1896.54	8457.53
1897.54	8439.91
1898.53	8424.22
1899.53	8410.38
1900.53	8413.52
1901.52	8418.53
1902.52	8420.19
1903.52	8429.64
1904.51	8425.14
1905.51	8414.06
1906.51	8402.74
1907.5	8393.19
1908.5	8383.51
1909.49	8376.56
1910.49	8368.93
1911.49	8362.88
1912.48	8357.81
1913.48	8356.9
1914.47	8343.03
1915.46	8312.09
1916.46	8294.83
1917.45	8308.68
1918.45	8321.57
1919.44	8305.53
1920.44	8299.37
1921.43	8292.09
1922.43	8285.6
1923.42	8278.57
1924.41	8270.68
1925.41	8262.09
1926.4	8262.02
1927.39	8272.48
1928.38	8273.77
1929.38	8270.4
1930.37	8265.13
1931.36	8249.95
1932.35	8235.52
1933.35	8226.64
1934.34	8212.12
1935.33	8203.54
1936.32	8201.67
1937.31	8208.91
1938.3	8208.51
1939.29	8193.6
1940.29	8175.57
1941.28	8157.03
1942.27	8143.47
1943.26	8136.35
1944.25	8128.94
1945.24	8124.58
1946.23	8120.37
1947.22	8115.66
1948.21	8110.77
1949.2	8102.94
1950.19	8096.77
1951.18	8090.34
1952.17	8083.96
1953.16	8077.09
1954.14	8071.67
1955.13	8066.18
1956.12	8060.35
1957.11	8048.3
1958.1	8028.17
1959.09	8004.13
1960.07	7982.67
1961.06	7964.11
1962.05	7950.06
1963.04	7940.16
1964.02	7934.38
1965.01	7932.35
1966	7934.78
1966.99	7941.09
1967.97	7952.05
1968.96	7965.92
1969.95	7978.44
1970.93	7985.63
1971.92	7985.54
1972.9	7977.15
1973.89	7966.36
1974.88	7950.58
1975.86	7932.05
1976.85	7909.28
1977.83	7886.13
1978.82	7865.02
1979.8	7847.38
1980.79	7849.31
1981.77	7860.07
1982.76	7865.54
1983.74	7870.03
1984.72	7868.41
1985.71	7856.12
1986.69	7835.56
1987.67	7826.62
1988.66	7815.34
1989.64	7805.85
1990.62	7802.53
1991.61	7793.25
1992.59	7782.21
1993.57	7770.15
1994.56	7757.14
1995.54	7741.83
1996.52	7732.83
1997.5	7727.96
1998.49	7724.46
1999.47	7723.04
2000.45	7723.32
2001.43	7725.64
2002.41	7729.6
2003.39	7733.55
2004.38	7736.97
2005.36	7738.91
2006.34	7738.07
2007.32	7731.27
2008.3	7719.24
2009.28	7700.02
2010.26	7676.75
2011.24	7656.24
2012.22	7635.44
2013.2	7615.66
2014.18	7597.44
2015.16	7594.43
2016.14	7598.96
2017.12	7616.24
2018.1	7622.26
2019.07	7631.01
2020.05	7623.8
2021.03	7608.78
2022.01	7596.09
2022.99	7586.62
2023.97	7576.47
2024.95	7566.1
2025.92	7555.61
2026.9	7545.29
2027.88	7534.96
2028.86	7525.02
2029.83	7514.74
2030.81	7507.67
2031.79	7516.58
2032.76	7523.89
2033.74	7526.18
2034.72	7519.96
2035.69	7508.05
2036.67	7493.89
2037.65	7480.5
2038.62	7464.62
2039.6	7456.05
2040.57	7453.84
2041.55	7451.35
2042.52	7445.62
2043.5	7439.83
2044.47	7433.89
2045.45	7427.18
2046.42	7417.63
2047.4	7405.45
2048.37	7389.9
2049.35	7366.21
2050.32	7345.51
2051.29	7325.07
2052.27	7313.24
2053.24	7310.39
2054.21	7317.03
2055.19	7321.26
2056.16	7320.23
2057.13	7317.91
2058.11	7304.13
2059.08	7296.9
2060.05	7294.47
2061.02	7291.42
2062	7292.38
2062.97	7293.52
2063.94	7285.06
2064.91	7274.3
2065.89	7257.88
2066.86	7240.49
2067.83	7222.12
2068.8	7205.38
2069.77	7202.32
2070.74	7198.02
2071.71	7209.91
2072.68	7209.97
2073.65	7196.3
2074.62	7180.61
2075.59	7165.83
2076.56	7151.37
2077.53	7140.23
2078.5	7134.34
2079.47	7135.82
2080.44	7142.02
2081.41	7139.29
2082.38	7132.08
2083.35	7125.11
2084.32	7115.45
2085.29	7111.32
2086.26	7108.86
2087.23	7105.63
2088.19	7098.08
2089.16	7086.25
2090.13	7067.61
2091.1	7053.52
2092.07	7049.71
2093.03	7048.38
2094	7046.73
2094.97	7047.74
2095.94	7050.25
2096.9	7052.75
2097.87	7053.6
2098.84	7051.68
2099.8	7048.2
2100.77	7041.07
2101.74	7030.09
2102.7	7016.1
2103.67	7001.1
2104.63	6982.43
2105.6	6963.98
2106.56	6947.53
2107.53	6935.52
2108.49	6931.81
2109.46	6938.51
2110.42	6935.37
2111.39	6931.22
2112.35	6912.91
2113.32	6904.7
2114.28	6893.47
2115.25	6886.66
2116.21	6889.63
2117.17	6889.3
2118.14	6885.13
2119.1	6883.79
2120.07	6880.48
2121.03	6870.56
2121.99	6857.27
2122.96	6841.51
2123.92	6822.27
2124.88	6803.6
2125.84	6785.63
2126.81	6778.23
2127.77	6770.42
2128.73	6780.14
2129.69	6793.75
2130.65	6811.83
2131.62	6820.25
2132.58	6817.03
2133.54	6800.21
2134.5	6780.27
2135.46	6764.05
2136.42	6751.1
2137.38	6741.49
2138.34	6737.67
2139.3	6733.83
2140.26	6728.6
2141.22	6730.15
2142.18	6727.11
2143.14	6720.14
2144.1	6709.49
2145.06	6696.12
2146.02	6685.31
2146.98	6675.44
2147.94	6664.47
2148.9	6654.92
2149.86	6645.87
2150.82	6638.4
2151.78	6636.08
2152.74	6639.39
2153.69	6647.51
2154.65	6645.64
2155.61	6642.93
2156.57	6639.28
2157.53	6621.53
2158.48	6603.27
2159.44	6580.8
2160.4	6557.15
2161.36	6545.43
2162.31	6541.63
2163.27	6542.16
2164.23	6540.97
2165.18	6539.53
2166.14	6540.71
2167.1	6536.44
2168.05	6538.45
2169.01	6528.53
2169.96	6514.74
2170.92	6498.35
2171.88	6479.47
2172.83	6459.44
2173.79	6440.38
2174.74	6426.29
2175.7	6414.19
2176.65	6405.07
2177.6	6398.08
2178.56	6391.56
2179.51	6382.52
2180.47	6381.3
2181.42	6385.08
2182.38	6370.45
2183.33	6359.75
2184.28	6344.54
2185.24	6326.55
2186.19	6309.99
2187.14	6298.11
2188.1	6294.42
2189.05	6292.51
2190	6290.29
2190.96	6286.43
2191.91	6283.86
2192.86	6281.24
2193.81	6278.98
2194.76	6276.31
2195.72	6273.02
2196.67	6267.52
2197.62	6261.01
2198.57	6254.92
2199.52	6248.54
2200.47	6242.16
2201.43	6236.71
2202.38	6231.32
2203.33	6225.72
2204.28	6219.65
2205.23	6213.14
2206.18	6205.15
2207.13	6196.67
2208.08	6187.53
2209.03	6177.67
2209.98	6167.18
2210.93	6156.07
2211.88	6146.56
2212.83	6137.25
2213.78	6130.77
2214.73	6130.12
2215.67	6135.38
2216.62	6141.84
2217.57	6144.29
2218.52	6143.41
2219.47	6135.73
2220.42	6123.72
2221.37	6107.52
2222.31	6088.74
2223.26	6066.65
2224.21	6051.3
2225.16	6062.85
2226.1	6077.62
2227.05	6086.55
2228	6088.32
2228.94	6084.88
2229.89	6070.01
2230.84	6067.72
2231.78	6063.25
2232.73	6058.29
2233.68	6054.74
2234.62	6047.19
2235.57	6038.66
2236.51	6027.78
2237.46	6016.49
2238.41	6004.68
2239.35	5994.72
2240.3	6004.2
2241.24	6009.25
2242.19	6014.11
2243.13	6015.27
2244.07	6013.45
2245.02	6005.87
2245.96	6000.49
2246.91	5996.94
2247.85	6001.1
2248.8	6002.69
2249.74	6000.58
2250.68	5997.6
2251.63	5991.38
2252.57	5985.78
2253.51	5981.23
2254.46	5974.31
2255.4	5965.04
2256.34	5954.24
2257.28	5947.66
2258.23	5945.1
2259.17	5944.55
2260.11	5945.05
2261.05	5946.61
2262	5948.41
2262.94	5949.36
2263.88	5939.49
2264.82	5922.76
2265.76	5892.93
2266.7	5893.22
2267.64	5926.14
2268.58	5918.51
2269.53	5901.26
2270.47	5896.18
2271.41	5893.99
2272.35	5881.41
2273.29	5912
2274.23	5911.43
2275.17	5912.54
2276.11	5904.61
2277.05	5902.37
2277.99	5890.42
2278.93	5892.29
2279.86	5893.48
2280.8	5886.63
2281.74	5880.21
2282.68	5881.34
2283.62	5883.31
2284.56	5881.67
2285.5	5879.1
2286.44	5877.86
2287.37	5874.96
2288.31	5869.83
2289.25	5861.16
2290.19	5849.88
2291.12	5845.68
2292.06	5847.23
2293	5859.33
2293.94	5869.44
2294.87	5871.1
2295.81	5856.79
2296.75	5841.03
2297.68	5825.11
2298.62	5812.77
2299.55	5805.69
2300.49	5805.45
2301.43	5814.37
2302.36	5822.74
2303.3	5828.09
2304.23	5829.18
2305.17	5825.13
2306.1	5816.03
2307.04	5800.65
2307.98	5788.12
2308.91	5784.13
2309.84	5783.31
2310.78	5781.36
2311.71	5776.61
2312.65	5769.04
2313.58	5760.07
2314.52	5749.09
2315.45	5737.71
2316.38	5724.3
2317.32	5714.66
2317.72	5712.42
2318.66	5717.54
2319.6	5711.5
2320.54	5701.18
2321.48	5695
2322.41	5694.47
2323.35	5699.98
2324.29	5707.28
2325.23	5711.05
2326.16	5694.36
2327.1	5679.07
2328.04	5664.25
2328.97	5650.98
2329.91	5640.57
2330.85	5632.5
2331.78	5626.49
2332.72	5622.42
2333.66	5620.37
2334.59	5620.26
2335.53	5621.58
2336.46	5621.33
2337.4	5618.58
2338.33	5609.84
2339.27	5565.24
2340.2	5599.59
2341.14	5604.28
2342.07	5600.43
2343.01	5587.16
2343.94	5567.52
2344.88	5556.65
2345.81	5548.16
2346.75	5540.75
2347.68	5534.37
2348.61	5529.31
2349.55	5524.64
2350.48	5522.7
2351.41	5520.29
2352.35	5517.03
2353.28	5513.22
2354.21	5509.52
2355.15	5507.79
2356.08	5506.62
2357.01	5506.21
2357.94	5506.83
2358.88	5509.38
2359.81	5512.41
2360.74	5517.07
2361.67	5505.93
2362.6	5483.58
2363.54	5482.39
2364.47	5484.95
2365.4	5500.01
2366.33	5505.33
2367.26	5502.09
2368.19	5491.85
2369.12	5478.59
2370.05	5467.44
2370.98	5455.51
2371.91	5447.29
2372.84	5446.34
2373.77	5451.63
2374.7	5457.01
2375.63	5460.89
2376.56	5464.23
2377.49	5467.46
2378.42	5470.23
2379.35	5472.94
2380.28	5474.03
2381.21	5463.96
2382.14	5453.26
2383.07	5440.87
2384	5428.94
2384.92	5418.12
2385.85	5410.06
2386.78	5405.4
2387.71	5402.15
2388.64	5400.49
2389.56	5401.4
2390.49	5403.23
2391.42	5402.07
2392.35	5398.05
2393.27	5393.46
2394.2	5388.57
2395.13	5384.33
2396.05	5380.4
2396.98	5376.83
2397.91	5373.45
2398.83	5369.93
2399.76	5366.14
2400.69	5361.58
2401.61	5355.7
2402.54	5348.75
2403.46	5343.28
2404.39	5337.21
2405.31	5330.62
2406.24	5324.97
2407.17	5320.33
2408.09	5316.93
2409.01	5317.71
2409.94	5321.88
2410.86	5321.46
2411.79	5313.99
2412.71	5304.78
2413.64	5289.5
2414.56	5276.71
2415.49	5269.75
2416.41	5268.92
2417.33	5275.63
2418.26	5280.89
2419.18	5286.88
2420.1	5291.68
2421.03	5285.42
2421.95	5278.93
2422.87	5262.03
2423.79	5245.57
2424.72	5230.92
2425.64	5217.93
2426.56	5205.74
2427.48	5198.53
2428.41	5203.46
2429.33	5201.39
2430.25	5196.81
2431.17	5190.95
2432.09	5184.38
2433.01	5177.36
2433.93	5170.49
2434.86	5164.9
2435.78	5159.21
2436.7	5153.54
2437.62	5148.15
2438.54	5142.92
2439.46	5138.51
2440.38	5139.61
2441.3	5139.68
2442.22	5139.4
2443.14	5139.72
2444.06	5138.61
2444.98	5135.43
2445.9	5130.94
2446.82	5122.41
2447.73	5109.43
2448.65	5091.1
2449.57	5075.81
2450.49	5061.98
2451.41	5049.43
2452.33	5043.34
2453.25	5037.14
2454.17	5032.98
2455.08	5030.78
2456	5027.52
2456.92	5024.39
2457.84	5020.49
2458.75	5016.38
2459.67	5010.64
2460.59	5003.87
2461.51	4996.02
2462.42	4988.48
2463.34	4981.86
2464.26	4975.85
2465.17	4973.4
2466.09	4971.24
2467	4970.4
2467.92	4971.91
2468.84	4972.51
2469.75	4970.71
2470.67	4964.49
2471.58	4958.11
2472.5	4951.21
2473.42	4944.61
2474.33	4939.02
2475.25	4934.03
2476.16	4929.76
2477.08	4926.24
2477.99	4924.23
2478.9	4923.16
2479.82	4923.12
2480.73	4923.61
2481.65	4922.33
2482.56	4920.73
2483.47	4915.45
2484.39	4910.43
2485.3	4905.77
2486.22	4902.12
2487.13	4899.14
2488.04	4897.31
2488.96	4888.13
2489.87	4879.58
2490.78	4869.07
2491.69	4869.18
2492.61	4869.12
2493.52	4872.95
2494.43	4876.8
2495.34	4878.04
2496.25	4876.47
2497.17	4872.27
2498.08	4859.13
2498.99	4833.2
2499.9	4813.83
2500.81	4807.59
2501.72	4806.56
2502.63	4809.65
2503.55	4814.38
2504.46	4815.78
2505.37	4815.25
2506.28	4814.71
2507.19	4812.97
2508.1	4810.05
2509.01	4805.9
2509.92	4801.43
2510.83	4797.34
2511.74	4794.69
2512.65	4793.42
2513.56	4792.99
2514.47	4793.58
2515.37	4794.91
2516.28	4796.94
2517.19	4798.29
2518.1	4792.98
2519.01	4786.23
2519.92	4778.44
2520.83	4770.66
2521.73	4762.59
2522.64	4755.35
2523.55	4751.06
2524.46	4747
2525.37	4743.81
2526.27	4741.5
2527.18	4740.33
2528.09	4740.2
2529	4740.63
2529.9	4741.62
2530.81	4743.13
2531.72	4743.75
2532.62	4741.89
2533.53	4738.06
2534.44	4731.24
2535.34	4722.41
2536.25	4713.56
2537.15	4706.09
2538.06	4696.31
2538.96	4686.55
2539.87	4676.39
2540.78	4668.59
2541.68	4678.11
2542.59	4678.27
2543.49	4676.56
2544.4	4678.61
2545.3	4658.16
2546.21	4663.05
2547.11	4669.93
2548.01	4676.92
2548.92	4681.21
2549.82	4682.7
2550.73	4680.44
2551.63	4674.9
2552.53	4666.41
2553.44	4655.4
2554.34	4641.35
2555.24	4624.39
2556.15	4604.51
2557.05	4587.13
2557.95	4577.02
2558.86	4573.6
2559.76	4576.75
2560.66	4597.54
2561.56	4603.85
2562.46	4618.13
2563.37	4597.77
2564.27	4581.04
2565.17	4571.71
2566.07	4567.67
2566.97	4563.03
2567.88	4556.53
2568.78	4549.54
2569.68	4547.86
2570.58	4534.99
2571.48	4526.34
2572.38	4513.28
2573.28	4502.59
2574.18	4494.84
2575.08	4494.22
2575.98	4493.13
2576.88	4494.46
2577.78	4497.9
2578.68	4503.14
2579.58	4495.01
2580.48	4486.39
2581.38	4476.14
2582.28	4465.73
2583.18	4456.73
2584.08	4450.09
2584.98	4444.73
2585.88	4440.21
2586.77	4436.8
2587.67	4434.49
2588.57	4433.38
2589.47	4431.22
2590.37	4428.03
2591.27	4423.9
2592.16	4419.24
2593.06	4412.54
2593.96	4405.81
2594.86	4396.19
2595.75	4392.88
2596.65	4411.85
2597.55	4444.12
2598.45	4446.08
2599.34	4421.63
2600.24	4386.18
2601.13	4353.05
2602.03	4347.12
2602.93	4342.69
2603.82	4342.77
2604.72	4344.53
2605.62	4347.58
2606.51	4351.73
2607.41	4354.19
2608.3	4356.97
2609.2	4345.55
2610.09	4329.3
2610.99	4316.51
2611.88	4313.2
2612.78	4309.54
2613.67	4306.08
2614.57	4302.19
2615.46	4298.83
2616.36	4296.2
2617.25	4293.96
2618.14	4291.9
2619.04	4290.23
2619.93	4289.25
2620.83	4289.01
2621.72	4294.13
2622.61	4293.45
2623.5	4289.68
2624.4	4280.63
2625.29	4259.14
2626.18	4252.45
2627.08	4260.09
2627.97	4263.66
2628.86	4264.25
2629.75	4264.3
2630.65	4259.42
2631.54	4251.91
2632.43	4240.98
2633.32	4227.84
2634.21	4213.28
2635.11	4198.23
2636	4195.71
2636.89	4193.38
2637.78	4193.89
2638.67	4191.1
2639.56	4187.64
2640.45	4183.4
2641.34	4178.17
2642.23	4171.93
2643.12	4164.85
2644.01	4156.98
2644.9	4148.74
2645.79	4140.37
2646.68	4132.63
2647.57	4125.41
2648.46	4119.75
2649.35	4116.58
2650.24	4115.43
2651.13	4116.22
2652.02	4118.99
2652.91	4123.73
2653.8	4130.33
2654.69	4122.64
2655.58	4112.55
2656.46	4095.99
2657.35	4083.84
2658.24	4078.61
2659.13	4078.64
2660.02	4098.93
2660.9	4096.39
2661.79	4091.61
2662.68	4084.89
2663.57	4075.32
2664.45	4065.77
2665.34	4056.96
2666.23	4049.74
2667.11	4044.03
2668	4039.55
2668.89	4036.4
2669.77	4035
2670.66	4032.98
2671.55	4028.99
2672.43	4024.41
2673.32	4019.28
2674.21	4014.87
2675.09	4009.59
2675.98	4004.67
2676.86	3998.6
2677.75	3992.4
2678.63	3987.51
2679.52	3987.07
2680.4	3984.57
2681.29	4015.85
2682.17	4000.83
2683.06	3985.33
2683.94	3967.12
2684.82	3948.51
2685.71	3933.28
2686.59	3922.73
2687.48	3916.4
2688.36	3914.86
2689.24	3918.34
2690.13	3927.04
2691.01	3928.5
2691.89	3915.96
2692.78	3905.72
2693.66	3898.03
2694.54	3893.77
2695.43	3893.56
2696.31	3898.54
2697.19	3882.05
2698.07	3869.99
2698.96	3857.67
2699.84	3851.4
2700.72	3851.83
2701.6	3859.36
2702.48	3861.23
2703.36	3847.5
2704.25	3841.74
2705.13	3815.32
2706.01	3819.52
2706.89	3826.94
2707.77	3833.3
2708.65	3838.58
2709.53	3841.92
2710.41	3842.63
2711.29	3839.61
2712.17	3827.58
2713.05	3816.45
2713.93	3806.86
2714.81	3798.39
2715.69	3791.15
2716.57	3784.38
2717.45	3777.93
2718.33	3772.45
2719.21	3767.99
2720.09	3764.61
2720.97	3762.41
2721.85	3761.14
2722.73	3760.92
2723.61	3761.98
2724.48	3764.42
2725.36	3769.51
2726.24	3774.42
2727.12	3779.11
2728	3779.81
2728.88	3774.95
2729.75	3770.57
2730.63	3763.48
2731.51	3755.77
2732.39	3747.82
2733.26	3742.27
2734.14	3738.63
2735.02	3735.69
2735.89	3732.49
2736.77	3728.57
2737.65	3723.95
2738.52	3719.57
2739.4	3712.75
2740.28	3706.75
2741.15	3700.64
2742.03	3700.56
2742.9	3714.3
2743.78	3721.35
2744.65	3724.5
2745.53	3723.31
2746.41	3720.33
2747.28	3694.29
2748.16	3664.57
2749.03	3644.91
2749.91	3641.99
2750.78	3675.7
2751.66	3672.5
2752.53	3667.09
2753.4	3664.16
2754.28	3661.79
2755.15	3660.5
2756.02	3660.6
2756.9	3662.35
2757.77	3665
2758.65	3668.11
2759.52	3670.87
2760.39	3664.79
2761.27	3658.9
2762.14	3648.76
2763.01	3635.23
2763.88	3615.36
2764.76	3593.45
2765.63	3611.41
2766.5	3623.43
2767.37	3620.44
2768.25	3611.65
2769.12	3605.36
2769.99	3597.62
2770.86	3587.62
2771.73	3577.7
2772.61	3567.86
2773.48	3558.79
2774.35	3551.08
2775.22	3545.92
2776.09	3549.13
2776.96	3552.26
2777.83	3556.36
2778.7	3559.02
2779.57	3558.83
2780.44	3555.71
2781.31	3549.99
2782.18	3542.06
2783.05	3532.66
2783.92	3520.99
2784.79	3510.83
2785.66	3504.48
2786.53	3501.12
2787.4	3500.93
2788.27	3503.25
2789.14	3507.27
2790.01	3510.77
2790.88	3513.15
2791.75	3513.81
2792.62	3512.65
2793.48	3509.91
2794.35	3504.15
2795.22	3498.07
2796.09	3495.09
2796.96	3493.51
2797.82	3493.46
2798.69	3491.15
2799.56	3463.83
2800.43	3455.84
2801.29	3450.68
2802.16	3458.6
2803.03	3463.67
2803.9	3470.6
2804.76	3465.07
2805.63	3458.54
2806.5	3450.4
2807.36	3441.19
2808.23	3432.94
2809.09	3428.12
2809.96	3425.13
2810.83	3425.68
2811.69	3434.16
2812.56	3441.92
2813.42	3445.18
2814.29	3444.25
2815.15	3439.46
2816.02	3431.26
2816.88	3419.55
2817.75	3405.25
2818.61	3387.21
2819.48	3372.48
2820.34	3375.58
2821.21	3391.04
2822.07	3404.83
2822.94	3403.2
2823.8	3391.88
2824.66	3382.05
2825.53	3373.51
2826.39	3366.34
2827.26	3360.53
2828.12	3355.9
2828.98	3352.2
2829.85	3349.51
2830.71	3347.57
2831.57	3346.33
2832.43	3345.62
2833.3	3345.47
2834.16	3346.02
2835.02	3348.56
2835.88	3358.79
2836.75	3357.8
2837.61	3349.99
2838.47	3341.83
2839.33	3330.01
2840.19	3322.97
2841.06	3319.3
2841.92	3319.24
2842.78	3322.13
2843.64	3329.36
2844.5	3328.97
2845.36	3328.08
2846.22	3320.06
2847.08	3317.47
2847.94	3313.44
2848.81	3309.5
2849.67	3306.42
2850.53	3300.94
2851.39	3295.06
2852.25	3288.82
2853.11	3282.32
2853.97	3276.22
2854.82	3270.25
2855.68	3270.39
2856.54	3265.57
2857.4	3260.25
2858.26	3255.26
2859.12	3250.72
2859.98	3247.04
2860.84	3243.64
2861.7	3243.35
2862.56	3250.76
2863.41	3251.78
2864.27	3249.05
2865.13	3241
2865.99	3232.15
2866.85	3225.19
2867.7	3219.71
2868.56	3215.01
2869.42	3211.17
2870.28	3208.78
2871.13	3207.16
2871.99	3206.92
2872.85	3207.51
2873.7	3208.45
2874.56	3208.96
2875.42	3205.13
2876.27	3200.2
2877.13	3195.11
2877.99	3194.87
2878.84	3198.39
2879.7	3205.18
2880.56	3208.39
2881.41	3209.69
2882.27	3208.54
2883.12	3205.25
2883.98	3199.97
2884.83	3192.9
2885.69	3184.77
2886.54	3177.4
2887.4	3172.49
2888.25	3172.22
2889.11	3172.29
2889.96	3171.16
2890.82	3168.71
2891.67	3165.36
2892.52	3161.37
2893.38	3156.66
2894.23	3151
2895.09	3144.64
2895.94	3137.5
2896.79	3130.62
2897.65	3127.02
2898.5	3124.35
2899.35	3122.57
2900.21	3119.12
2901.06	3113.79
2901.91	3107.89
2902.76	3095.32
2903.62	3091.94
2904.47	3089.76
2905.32	3089.86
2906.17	3093.47
2907.03	3091.25
2907.88	3082.98
2908.73	3075.86
2909.58	3067.97
2910.43	3064.19
2911.28	3061.88
2912.14	3059.67
2912.99	3058.01
2913.84	3056.57
2914.69	3055.06
2915.54	3053.29
2916.39	3049.06
2917.24	3043.65
2918.09	3040.94
2918.94	3039.25
2919.79	3038.11
2920.64	3035.57
2921.49	3031.35
2922.34	3026.22
2923.19	3020.52
2924.04	3014.43
2924.89	3007.66
2925.74	3000.43
2926.59	2994.64
2927.44	2990.89
2928.29	2995.03
2929.14	2991.86
2929.98	2990.08
2930.83	2985.58
2931.68	2979.36
2932.53	2970.96
2933.38	2961.58
2934.23	2953.81
2935.07	2950.46
2935.92	2960.85
2936.77	2961.64
2937.62	2967.98
2938.47	2947.8
2939.31	2943.43
2940.16	2941.08
2941.01	2940.73
2941.85	2942.18
2942.7	2945.56
2943.55	2950.26
2944.39	2951.39
2945.24	2953.13
2946.09	2957.5
2946.93	2952.24
2947.78	2944.63
2948.63	2932.96
2949.47	2924.06
2950.32	2917.33
2951.16	2914.48
2952.01	2913.67
2952.85	2914.43
2953.7	2915.2
2954.55	2913.63
2955.39	2912.59
2956.24	2913.08
2957.08	2913.37
2957.92	2914.29
2958.77	2912.71
2959.61	2898.7
2960.46	2887.33
2961.3	2877.55
2962.15	2873.33
2962.99	2868.83
2963.83	2865.22
2964.68	2861.88
2965.52	2851.39
2966.37	2848.09
2967.21	2843.97
2968.05	2852.24
2968.9	2854.43
2969.74	2849.9
2970.58	2844.38
2971.42	2842.9
2972.27	2841.41
2973.11	2839.44
2973.95	2837.26
2974.79	2834.94
2975.64	2832.42
2976.48	2829.71
2977.32	2826.85
2978.16	2823.82
2979	2820.63
2979.85	2817.26
2980.69	2813.81
2981.53	2810.07
2982.37	2805.26
2983.21	2800.19
2984.05	2795.83
2984.89	2792.01
2985.73	2789.46
2986.57	2787.49
2987.41	2787.39
2988.25	2788.75
2989.1	2791.87
2989.94	2795.62
2990.77	2794.9
2991.62	2792.52
2992.45	2787.33
2993.29	2783.85
2994.13	2780.81
2994.97	2778.87
2995.81	2777.99
2996.65	2778.18
2997.49	2775.45
2998.33	2765.55
2999.17	2762.38
