200.833	10666.1
202.102	10739.6
203.371	10757.5
204.639	10738.4
205.907	10733
207.175	10730
208.442	10731.6
209.71	10738
210.977	10753.3
212.244	10758.9
213.511	10765.3
214.777	10767.8
216.042	10768.6
217.309	10777.1
218.575	10793.5
219.84	10818
221.106	10846.2
222.371	10872.1
223.635	10903.3
224.9	10927.3
226.165	10951.8
227.429	10960.3
228.694	10970.8
229.956	10982.2
231.22	10997.9
232.484	11015.3
233.747	11036.6
235.011	11058.8
236.272	11082.3
237.535	11105.7
238.798	11126.3
240.06	11143.8
241.321	11154.9
242.583	11169.4
243.845	11187.5
245.105	11205.4
246.367	11234.4
247.628	11255.1
248.888	11265.9
250.149	11267.2
251.409	11258.4
252.67	11232.3
253.928	11231.6
255.189	11250.1
256.447	11273.1
257.707	11290.9
258.966	11306.7
260.224	11319.8
261.483	11332.3
262.742	11341.8
263.999	11345.5
265.257	11345.9
266.514	11341.4
267.772	11338.7
269.028	11337.9
270.286	11363
271.543	11393.7
272.799	11433.1
274.056	11468.2
275.311	11481.5
276.568	11485.5
277.823	11479.6
279.079	11479.6
280.333	11482.6
281.589	11487.7
282.843	11511.9
284.099	11530.6
285.352	11552.9
286.607	11572.8
287.86	11590.3
289.114	11605.1
290.368	11615.8
291.621	11624.3
292.875	11626.3
294.127	11628.7
295.38	11639.4
296.632	11653.3
297.884	11677.2
299.137	11699.7
300.388	11716.2
301.641	11727.5
302.891	11734.4
304.142	11736.7
305.394	11734.6
306.644	11729.5
307.894	11721.7
309.146	11719.6
310.395	11721.6
311.645	11733.4
312.895	11749.7
314.144	11765.3
315.393	11779.1
316.642	11791.4
317.892	11802.5
319.14	11812.1
320.388	11820.6
321.637	11827.7
322.885	11833.8
324.132	11838.6
325.38	11843
326.628	11851
327.875	11854.3
329.122	11880.7
330.368	11916.7
331.614	11938.8
332.862	11959.7
334.108	11979
335.353	11995.7
336.599	12008.4
337.844	12017.3
339.089	12022.6
340.335	12023.2
341.58	12019.3
342.824	12018.3
344.068	12016.7
345.312	12027
346.556	12036.5
347.8	12043.2
349.043	12047.9
350.286	12049.8
351.53	12057.8
352.774	12064.7
354.016	12070.7
355.259	12075.7
356.501	12076.7
357.743	12076.1
358.985	12073
360.227	12068.4
361.468	12070.5
362.709	12077
363.95	12090.9
365.191	12098.3
366.432	12107.4
367.672	12103.8
368.912	12101.4
370.152	12089.4
371.392	12087.7
372.632	12097.7
373.871	12124.6
375.11	12140
376.348	12142.9
377.587	12145.6
378.825	12151.2
380.064	12158.3
381.302	12165.8
382.54	12175.4
383.778	12186.6
385.016	12198.6
386.253	12209.8
387.489	12220.2
388.726	12227.7
389.963	12235
391.199	12245.4
392.436	12258.6
393.672	12270.9
394.907	12281.3
396.142	12288.5
397.378	12295.1
398.614	12302.5
399.849	12310.2
401.082	12317.9
402.317	12325.2
403.552	12332
404.786	12338.1
406.019	12343.7
407.253	12347.5
408.487	12353.7
409.721	12361
410.953	12369
412.186	12376.9
413.419	12385.5
414.651	12390.1
415.883	12392.5
417.116	12390.6
418.347	12387.2
419.579	12385.1
420.811	12384.2
422.041	12386.6
423.272	12389.1
424.504	12393.8
425.733	12400.1
426.964	12408.1
428.194	12419.6
429.424	12434.5
430.654	12453.6
431.883	12472.4
433.113	12489
434.341	12503.6
435.571	12504.8
436.799	12502.3
438.028	12495.8
439.257	12482.3
440.484	12466.2
441.713	12452.2
442.94	12449.3
444.168	12448.5
445.394	12452.5
446.622	12460.5
447.848	12475.2
449.076	12494.1
450.301	12518.7
451.528	12543
452.754	12548.6
453.979	12527.4
455.205	12521.6
456.43	12534.6
457.656	12543.6
458.88	12550.8
460.106	12556.7
461.33	12562.2
462.554	12567.4
463.779	12572.4
465.002	12577.7
466.225	12585.8
467.45	12594.9
468.672	12602.1
469.895	12606.7
471.119	12589.8
472.341	12566.9
473.563	12556.4
474.786	12546.8
476.008	12563.9
477.229	12583.2
478.452	12590.5
479.673	12585.7
480.894	12560.1
482.115	12536.3
483.337	12504.3
484.557	12498.3
485.777	12537.6
486.997	12556.3
488.218	12567.9
489.438	12564.8
490.657	12550.7
491.876	12543.9
493.096	12539.3
494.315	12531.6
495.533	12525.3
496.752	12518.2
497.97	12512.1
499.188	12508
500.407	12506.5
501.625	12512.1
502.842	12521.8
504.059	12534.2
505.276	12554.5
506.493	12580.1
507.71	12598.3
508.926	12610.7
510.142	12608.7
511.358	12606
512.575	12604.7
513.791	12603.9
515.006	12596.3
516.222	12590.7
517.437	12588.2
518.651	12593.1
519.866	12611.7
521.081	12632.9
522.295	12647.4
523.509	12657.9
524.723	12668
525.937	12676.4
527.15	12683.2
528.363	12689.1
529.576	12693.7
530.789	12697.2
532.002	12699.6
533.215	12700
534.426	12698
535.638	12701
536.85	12705.8
538.061	12710.5
539.273	12715.4
540.484	12720.3
541.695	12725.1
542.906	12722.8
544.117	12720.6
545.327	12714
546.537	12709
547.747	12705.3
548.957	12708.7
550.167	12713.1
551.377	12724.4
552.585	12742.6
553.794	12756
555.003	12763.7
556.212	12766.5
557.421	12764.3
558.628	12757
559.836	12744.9
561.044	12724.9
562.252	12701.8
563.458	12699.5
564.666	12703.2
565.873	12707.6
567.08	12716.1
568.286	12722.9
569.493	12728.9
570.699	12734
571.904	12737.1
573.111	12742.1
574.317	12746
575.521	12749.8
576.727	12749.4
577.932	12726.5
579.136	12702.5
580.341	12695.3
581.544	12703
582.749	12722.6
583.954	12735.6
585.156	12752.1
586.361	12770.5
587.563	12774.1
588.767	12773.7
589.97	12772.2
591.172	12767.4
592.375	12752.8
593.577	12750.6
594.78	12757.8
595.981	12773.1
597.183	12798.1
598.384	12812.9
599.586	12814.5
600.786	12809.4
601.988	12809.2
603.188	12778
604.389	12734.7
605.589	12700.8
606.79	12752.6
607.989	12779.3
609.188	12751.3
610.389	12734.9
611.587	12718.6
612.787	12682.6
613.986	12668.8
615.184	12660.6
616.383	12656.1
617.581	12656.6
618.78	12661.1
619.977	12664.1
621.174	12666
622.373	12666.5
623.57	12666.3
624.766	12664.3
625.964	12659.6
627.16	12649.7
628.356	12634.8
629.554	12622.9
630.749	12610.3
631.945	12601.7
633.14	12611.2
634.337	12622.1
635.532	12638
636.726	12636.5
637.921	12631.8
639.117	12623.7
640.311	12614.1
641.505	12605.7
642.699	12601.9
643.892	12598.9
645.087	12595.1
646.28	12591.1
647.473	12588.4
648.666	12588.4
649.859	12594.6
651.051	12601.5
652.245	12608.1
653.437	12613.5
654.629	12618.4
655.821	12622.6
657.012	12626.1
658.204	12628.8
659.395	12630
660.586	12630.8
661.777	12632.6
662.967	12638
664.158	12642
665.349	12643.2
666.539	12640.8
667.729	12638
668.919	12628.4
670.109	12632.9
671.298	12640.6
672.487	12652.6
673.676	12663.1
674.865	12670.7
676.053	12675.5
677.242	12676.9
678.43	12674.7
679.616	12669.1
680.804	12660.8
681.992	12653.6
683.179	12651.7
684.366	12653.9
685.554	12652.1
686.74	12649.7
687.927	12646.5
689.114	12642.9
690.3	12638.9
691.486	12634.5
692.671	12629.6
693.856	12624.6
695.042	12618.8
696.227	12611.9
697.413	12603.7
698.598	12593.5
699.781	12581.4
700.966	12567.6
702.15	12552
703.334	12535
704.518	12517
705.701	12500.5
706.885	12487
708.068	12489.9
709.252	12499.5
710.433	12518.2
711.616	12534.9
712.799	12545.7
713.98	12564.9
715.163	12583.5
716.345	12574.4
717.527	12569.1
718.707	12541.8
719.889	12514.5
721.071	12505
722.25	12500.1
723.432	12504.1
724.611	12509.9
725.792	12514.6
726.972	12519.6
728.151	12523.7
729.332	12528.4
730.512	12534.2
731.69	12540.9
732.87	12555.4
734.048	12566.9
735.227	12572.5
736.405	12572.9
737.584	12564.3
738.761	12560.2
739.94	12553.2
741.117	12548
742.295	12548.7
743.471	12554.6
744.649	12561.8
745.825	12569.3
747.003	12575.7
748.179	12581.9
749.356	12583.1
750.531	12585.7
751.708	12586.5
752.883	12585.4
754.059	12581
755.234	12574.2
756.409	12567
757.585	12560.2
758.759	12552.7
759.934	12545.6
761.108	12539.5
762.282	12534.3
763.456	12531.6
764.63	12530.1
765.803	12530.1
766.977	12531.1
768.15	12533
769.323	12533.3
770.496	12524.8
771.668	12509.3
772.841	12488.5
774.014	12472.3
775.185	12471.6
776.357	12485.4
777.528	12499.8
778.701	12499.8
779.872	12492.3
781.042	12479.8
782.213	12465.1
783.383	12447.6
784.555	12429.4
785.725	12412.8
786.895	12397.4
788.064	12387.7
789.234	12378.5
790.404	12373.9
791.573	12372.3
792.742	12372.3
793.911	12371.7
795.08	12369.5
796.248	12365.9
797.416	12361.2
798.584	12355
799.753	12347.4
800.921	12338
802.088	12330.3
803.256	12324.8
804.423	12323.6
805.59	12324.6
806.756	12330.3
807.923	12336.3
809.089	12340.9
810.256	12344.3
811.422	12339.6
812.587	12336.8
813.753	12328.4
814.918	12338.8
816.084	12361.8
817.249	12359.7
818.414	12352.3
819.578	12320.7
820.743	12298.6
821.907	12307.9
823.072	12327.6
824.236	12336.9
825.399	12346.4
826.562	12350.7
827.725	12355.4
828.889	12349.7
830.052	12345.6
831.215	12341.9
832.377	12348.8
833.54	12387.4
834.701	12413.3
835.863	12409.6
837.025	12365.5
838.187	12332.8
839.349	12339.6
840.51	12345.7
841.67	12351.9
842.831	12358.3
843.992	12365.5
845.153	12372.7
846.312	12375.6
847.473	12367.3
848.633	12358
849.793	12350.1
850.951	12341.5
852.111	12333
853.27	12324
854.428	12315
855.588	12305.8
856.747	12297
857.904	12287.5
859.063	12273.4
860.221	12254.6
861.378	12224
862.536	12201.7
863.694	12190.3
864.85	12196.3
866.008	12210.5
867.164	12213
868.321	12224.7
869.478	12218.9
870.633	12204.3
871.79	12184.1
872.945	12157.6
874.101	12129.9
875.256	12117.3
876.412	12112
877.566	12116.8
878.722	12128.5
879.876	12126.8
881.031	12125.2
882.185	12108.3
883.34	12086.4
884.493	12073
885.647	12065.3
886.8	12064.2
887.954	12059.3
889.107	12088.8
890.261	12108.1
891.413	12112.2
892.565	12102.4
893.718	12073.1
894.87	12056
896.023	12044.5
897.174	12035.8
898.326	12034.3
899.478	12044.1
900.629	12058
901.779	12059.1
902.931	12051.2
904.081	12048.2
905.231	12034.5
906.383	12019.6
907.532	12019.2
908.682	12028
909.831	12036.2
910.982	12043
912.131	12049
913.28	12053.4
914.429	12054.7
915.578	12051.6
916.727	12039.2
917.875	12046.5
919.023	12073.5
920.171	12087.6
921.32	12074.5
922.467	12003.9
923.614	12012.9
924.761	12016.8
925.908	12028.1
927.055	12041.4
928.203	12059
929.349	12066.2
930.496	12068.9
931.642	12053.7
932.787	12036.5
933.933	12018.3
935.079	11994.6
936.224	11980.6
937.369	11972.7
938.514	11970.3
939.659	11977.6
940.804	11974.6
941.948	11956.6
943.092	11949.6
944.236	11960.1
945.38	11968.3
946.524	11972.5
947.667	11973
948.811	11970.6
949.954	11934.3
951.097	11920.4
952.24	11907.6
953.383	11896.9
954.525	11901.4
955.667	11904.7
956.81	11920.2
957.952	11922.7
959.093	11907.9
960.235	11893.8
961.376	11877.3
962.516	11858
963.658	11834.1
964.798	11816.1
965.939	11808.3
967.08	11808.3
968.22	11827.2
969.359	11834.1
970.499	11850.2
971.639	11862.1
972.779	11854.3
973.918	11840.8
975.056	11825.7
976.195	11802.6
977.334	11797.4
978.473	11797.6
979.61	11793.9
980.749	11798
981.887	11808.8
983.024	11805.1
984.162	11800.7
985.3	11795
986.437	11789.5
987.573	11781.7
988.711	11785.7
989.848	11787.2
990.983	11796
992.12	11810.8
993.255	11820
994.392	11817.7
995.528	11816.7
996.662	11807.8
997.798	11799.9
998.933	11793
1000.07	11787.9
1001.2	11786
1002.34	11786.3
1003.47	11786.9
1004.61	11786.8
1005.74	11783.9
1006.87	11781.9
1008.01	11778.3
1009.14	11773.7
1010.27	11767.6
1011.41	11759.6
1012.54	11747.9
1013.67	11735.5
1014.81	11728.5
1015.94	11727.3
1017.07	11726.2
1018.2	11737.2
1019.33	11748.2
1020.47	11764.5
1021.6	11765.7
1022.73	11759.7
1023.86	11752.3
1024.99	11742.3
1026.12	11734.3
1027.25	11728.1
1028.38	11720.2
1029.51	11711.1
1030.64	11701.7
1031.77	11691
1032.9	11675.9
1034.03	11658.5
1035.16	11639.1
1036.29	11651.7
1037.42	11669.3
1038.55	11661.5
1039.67	11643.1
1040.8	11621.5
1041.93	11602.6
1043.06	11589.1
1044.19	11577.8
1045.31	11569.8
1046.44	11566.2
1047.57	11566
1048.69	11569.9
1049.82	11575.7
1050.95	11570.8
1052.08	11563.2
1053.2	11553
1054.33	11539.6
1055.45	11524.2
1056.58	11510.6
1057.7	11497
1058.83	11484
1059.95	11471
1061.08	11459.4
1062.2	11455.1
1063.33	11463
1064.45	11464.8
1065.58	11465.9
1066.7	11467
1067.83	11468.6
1068.95	11455.8
1070.07	11453.1
1071.2	11454.9
1072.32	11461.8
1073.44	11465.8
1074.56	11463.8
1075.69	11461.6
1076.81	11459.8
1077.93	11457.3
1079.05	11455.6
1080.17	11455.6
1081.3	11458
1082.42	11461.9
1083.54	11467.1
1084.66	11473.6
1085.78	11480.2
1086.9	11481.5
1088.02	11490.1
1089.14	11474.2
1090.26	11450.3
1091.38	11439.7
1092.5	11424
1093.62	11421.6
1094.74	11424
1095.86	11425.5
1096.98	11424.9
1098.1	11422.6
1099.22	11419.3
1100.34	11415
1101.45	11411.9
1102.57	11414.3
1103.69	11415.8
1104.81	11426.1
1105.93	11431
1107.04	11429.3
1108.16	11422.7
1109.28	11412.2
1110.4	11399.9
1111.51	11388.7
1112.63	11378.1
1113.75	11368.8
1114.86	11360.2
1115.98	11352.8
1117.09	11347
1118.21	11344.9
1119.32	11343.9
1120.44	11339.8
1121.55	11328.3
1122.67	11303.5
1123.78	11286.6
1124.9	11273.3
1126.01	11263.8
1127.13	11258.5
1128.24	11255.4
1129.35	11253
1130.47	11248.5
1131.58	11230.6
1132.7	11211.1
1133.81	11191.3
1134.92	11172.2
1136.03	11154.3
1137.15	11140.8
1138.26	11137.6
1139.37	11148.4
1140.48	11150.3
1141.59	11145.2
1142.71	11094.1
1143.82	11072.2
1144.93	11061.5
1146.04	11053.7
1147.15	11042.2
1148.26	11033.8
1149.37	11028.2
1150.48	11022.4
1151.59	11017.8
1152.7	11012.4
1153.81	11006.4
1154.92	10996.3
1156.03	10981
1157.14	10973
1158.25	10971.5
1159.36	10974.2
1160.47	10979.4
1161.58	10980.6
1162.68	10982.2
1163.79	10982.9
1164.9	10988
1166.01	10992.7
1167.12	10996
1168.22	10997
1169.33	10990.2
1170.44	10983.1
1171.55	10978.6
1172.65	10974.5
1173.76	10971.3
1174.87	10963.4
1175.97	10975
1177.08	10987.8
1178.18	11005
1179.29	11014.2
1180.4	11003.9
1181.5	10989.1
1182.61	10982
1183.71	10974.3
1184.82	10964.3
1185.92	10952.7
1187.02	10960.7
1188.13	10984
1189.23	11003.1
1190.34	11014.4
1191.44	11018.5
1192.54	11014.7
1193.65	11004
1194.75	10994.5
1195.85	10990.8
1196.96	10994.7
1198.06	10997.8
1199.16	10999.3
1200.26	11000
1201.37	10999.3
1202.47	10987.1
1203.57	10975.5
1204.67	10980.6
1205.77	10990.8
1206.87	11007.4
1207.97	11016.9
1209.08	11011.7
1210.18	10990
1211.28	10967.9
1212.38	10955.9
1213.48	10947.9
1214.58	10945.1
1215.68	10946.8
1216.78	10955.3
1217.88	10962.1
1218.98	10953.5
1220.07	10936.8
1221.17	10908.9
1222.27	10910.2
1223.37	10915.6
1224.47	10922.2
1225.57	10934.4
1226.66	10925.4
1227.76	10910.2
1228.86	10894.2
1229.96	10877.7
1231.06	10862.1
1232.15	10848
1233.25	10835.7
1234.35	10825.3
1235.44	10816.1
1236.54	10807.6
1237.63	10800.1
1238.73	10793.5
1239.83	10790.7
1240.92	10788.1
1242.02	10785.3
1243.11	10782.3
1244.21	10776.4
1245.3	10769.1
1246.4	10756.9
1247.49	10743.5
1248.59	10730.8
1249.68	10720.4
1250.78	10722.2
1251.87	10717.4
1252.96	10712
1254.06	10705.3
1255.15	10699.8
1256.24	10693.2
1257.34	10687.3
1258.43	10682
1259.52	10679.9
1260.62	10702.8
1261.71	10708.9
1262.8	10696.6
1263.89	10667.8
1264.98	10640.3
1266.08	10638.7
1267.17	10695.3
1268.26	10691.6
1269.35	10689.1
1270.44	10687.5
1271.53	10685.4
1272.62	10682.4
1273.71	10679.6
1274.8	10675.8
1275.89	10673.2
1276.98	10673.7
1278.07	10672.8
1279.16	10672.5
1280.25	10672.9
1281.34	10674
1282.43	10676.1
1283.52	10679.5
1284.61	10685.1
1285.69	10691.3
1286.78	10697.9
1287.87	10706.7
1288.96	10713.7
1290.05	10720.3
1291.13	10718.5
1292.22	10704.6
1293.31	10697
1294.4	10691.8
1295.48	10691.4
1296.57	10694.6
1297.66	10688.5
1298.74	10684.9
1299.83	10681.2
1300.92	10678.8
1302	10679.9
1303.09	10682.4
1304.17	10690.1
1305.26	10697.1
1306.34	10703.3
1307.43	10703.5
1308.51	10669.2
1309.6	10662.8
1310.68	10663.5
1311.76	10663.7
1312.85	10663.1
1313.93	10661.3
1315.02	10660.6
1316.1	10658.5
1317.18	10654.4
1318.27	10648.8
1319.35	10642.1
1320.43	10634.5
1321.52	10636.4
1322.6	10631.5
1323.68	10619.7
1324.76	10602.4
1325.85	10565
1326.93	10538.1
1328.01	10528
1329.09	10521.8
1330.17	10520.1
1331.25	10523.2
1332.33	10527.9
1333.41	10532.3
1334.49	10534.7
1335.58	10535.2
1336.65	10533.8
1337.74	10531.8
1338.82	10528.9
1339.89	10525.2
1340.97	10521.1
1342.05	10517.5
1343.13	10512.9
1344.21	10505.8
1345.29	10501.7
1346.37	10496.8
1347.45	10493.6
1348.53	10479.7
1349.6	10469.4
1350.68	10471.3
1351.76	10476.9
1352.84	10478.6
1353.92	10479
1354.99	10478.1
1356.07	10476.5
1357.15	10473.1
1358.22	10467.5
1359.3	10450.9
1360.38	10459.2
1361.45	10480.6
1362.53	10489.3
1363.61	10489.2
1364.68	10479.6
1365.76	10470.3
1366.83	10464.7
1367.91	10461.7
1368.98	10456.2
1370.06	10449.6
1371.13	10444.8
1372.21	10436
1373.28	10429.2
1374.35	10427.6
1375.43	10427.7
1376.5	10429.1
1377.58	10436.5
1378.65	10445.3
1379.72	10449.4
1380.8	10451.7
1381.87	10450.7
1382.94	10448
1384.01	10443
1385.09	10435.2
1386.16	10420
1387.23	10403
1388.3	10385.2
1389.38	10374.4
1390.45	10375.8
1391.52	10380.2
1392.59	10383.2
1393.66	10381.8
1393.92	10380.3
1395	10385.9
1396.07	10391.4
1397.15	10376.9
1398.22	10356.8
1399.3	10340.2
1400.38	10334.7
1401.45	10331.5
1402.53	10328
1403.6	10322.1
1404.68	10317.2
1405.75	10312.3
1406.82	10308
1407.9	10304.2
1408.97	10301.1
1410.05	10298.6
1411.12	10297.1
1412.19	10296.3
1413.27	10296.4
1414.34	10297.1
1415.41	10298.3
1416.49	10299.5
1417.56	10298.8
1418.63	10297.3
1419.7	10291.7
1420.78	10282.5
1421.85	10269.8
1422.92	10259.5
1423.99	10251.7
1425.06	10248.5
1426.14	10248.4
1427.21	10244.6
1428.28	10239
1429.35	10229.4
1430.42	10206.6
1431.49	10189
1432.56	10178.8
1433.63	10168.5
1434.7	10160.5
1435.77	10155.8
1436.84	10153.5
1437.91	10154.8
1438.98	10158.6
1440.05	10165.1
1441.12	10173.4
1442.18	10181.2
1443.25	10189.9
1444.32	10198.1
1445.39	10203
1446.46	10185.1
1447.53	10165.5
1448.59	10153.7
1449.66	10137.6
1450.73	10124.8
1451.8	10121.4
1452.86	10123.8
1453.93	10138.9
1455	10151.4
1456.06	10161.3
1457.13	10168
1458.2	10171.2
1459.26	10171.6
1460.33	10167.5
1461.39	10160.6
1462.46	10153.7
1463.52	10145.6
1464.59	10140.1
1465.65	10135.4
1466.72	10131.5
1467.78	10128.9
1468.85	10127.1
1469.91	10125.7
1470.98	10124.2
1472.04	10116.6
1473.1	10100.9
1474.17	10096.1
1475.23	10090.2
1476.3	10088.1
1477.36	10091.6
1478.42	10097.3
1479.48	10101.4
1480.55	10104.5
1481.61	10106.3
1482.67	10106.4
1483.73	10105.9
1484.8	10103.8
1485.86	10099.7
1486.92	10092
1487.98	10078.7
1489.04	10065.6
1490.1	10053.4
1491.17	10044.5
1492.23	10038.1
1493.29	10032.1
1494.35	10026
1495.41	10021.7
1496.47	10017.3
1497.53	10014.7
1498.59	10011.6
1499.65	10003.7
1500.71	9989.06
1501.77	9974.35
1502.83	9965.58
1503.88	9960.56
1504.94	9954.96
1506	9951.61
1507.06	9950.29
1508.12	9951.21
1509.18	9954.91
1510.23	9961.4
1511.29	9968.54
1512.35	9973.15
1513.41	9966.13
1514.47	9950.45
1515.52	9923.08
1516.58	9896.79
1517.64	9904.3
1518.69	9904.07
1519.75	9898.83
1520.81	9899.23
1521.86	9881.93
1522.92	9852.95
1523.97	9844.24
1525.03	9841.18
1526.08	9842.03
1527.14	9846.63
1528.2	9834.38
1529.25	9825.86
1530.31	9816.11
1531.36	9807.62
1532.42	9800.89
1533.47	9797.81
1534.52	9798.2
1535.58	9801.12
1536.63	9807.29
1537.69	9812.63
1538.74	9811.07
1539.79	9803.17
1540.84	9791.56
1541.9	9790.27
1542.95	9789.94
1544	9790.1
1545.06	9791.54
1546.11	9793.72
1547.16	9795.98
1548.21	9798.21
1549.27	9800.25
1550.32	9800.5
1551.37	9800.87
1552.42	9799.9
1553.47	9796.62
1554.52	9788.46
1555.57	9776.67
1556.62	9761.94
1557.67	9752.96
1558.72	9751.56
1559.77	9756.18
1560.82	9762.02
1561.87	9765.36
1562.92	9751.84
1563.97	9751.08
1565.02	9761.39
1566.07	9770.39
1567.12	9779.63
1568.17	9781.16
1569.22	9775.21
1570.27	9768.03
1571.32	9760.56
1572.36	9751.93
1573.41	9742.55
1574.46	9732.75
1575.51	9722.69
1576.56	9712.44
1577.6	9703.07
1578.65	9697.47
1579.7	9693.55
1580.74	9697.56
1581.79	9701.08
1582.84	9716.11
1583.88	9725.19
1584.93	9720.45
1585.98	9707.35
1587.02	9691.47
1588.07	9677.56
1589.11	9666.05
1590.16	9656.48
1591.2	9648.62
1592.25	9642.82
1593.29	9639.22
1594.34	9638.58
1595.38	9650.83
1596.43	9678.44
1597.47	9679.65
1598.52	9655.85
1599.56	9637.19
1600.6	9621.06
1601.65	9606.96
1602.69	9593.43
1603.73	9586.62
1604.78	9582.13
1605.82	9582.22
1606.86	9585.56
1607.91	9593.17
1608.95	9596.2
1609.99	9591.35
1611.03	9578.28
1612.08	9548.96
1613.12	9525.57
1614.16	9508.7
1615.2	9505.49
1616.24	9512.06
1617.28	9517.13
1618.32	9514.38
1619.36	9509.52
1620.41	9503.39
1621.45	9496.27
1622.49	9487.47
1623.53	9476.61
1624.57	9463.79
1625.61	9449.49
1626.65	9433.31
1627.69	9414.64
1628.73	9393.31
1629.76	9369.5
1630.8	9352.53
1631.84	9362.31
1632.88	9384.43
1633.92	9396.53
1634.96	9392.27
1636	9387.92
1637.03	9376.31
1638.07	9360.84
1639.11	9339.58
1640.15	9321.76
1641.19	9307.74
1642.22	9296.78
1643.26	9287.62
1644.3	9280.31
1645.33	9275.48
1646.37	9273.06
1647.41	9272.86
1648.44	9274.74
1649.48	9278.25
1650.52	9283.13
1651.55	9287.2
1652.59	9293.19
1653.62	9295.99
1654.66	9293.88
1655.69	9289.87
1656.73	9285.38
1657.76	9282.75
1658.8	9279.71
1659.83	9276.18
1660.87	9272.14
1661.9	9267.81
1662.93	9263.2
1663.97	9258.74
1665	9253.83
1666.04	9248.44
1667.07	9240.98
1668.1	9232.25
1669.14	9224.18
1670.17	9217.31
1671.2	9211.58
1672.23	9206.85
1673.27	9202.77
1674.3	9199.51
1675.33	9197.55
1676.36	9195.49
1677.39	9191.08
1678.43	9185.31
1679.46	9178.09
1680.49	9169.64
1681.52	9160.19
1682.55	9149.84
1683.58	9144.52
1684.61	9146.09
1685.64	9150.27
1686.67	9153.56
1687.7	9154.29
1688.73	9149.42
1689.76	9141.82
1690.79	9135.76
1691.82	9132.05
1692.85	9131.74
1693.88	9133.45
1694.91	9133.71
1695.94	9131.03
1696.97	9126.9
1698	9121.85
1699.02	9116.02
1700.05	9109.37
1701.08	9102.04
1702.11	9094.42
1703.14	9086.55
1704.16	9077.02
1705.19	9063.75
1706.22	9050.28
1707.25	9037.92
1708.27	9027.34
1709.3	9020.88
1710.33	9017.88
1711.35	9016.93
1712.38	9018.46
1713.41	9022.89
1714.43	9029.06
1715.46	9031.89
1716.48	9030.47
1717.51	9017.5
1718.53	8999.41
1719.56	8981.25
1720.58	8960.06
1721.61	8942.53
1722.63	8928.65
1723.66	8919.48
1724.68	8915.21
1725.71	8913.98
1726.73	8913.96
1727.75	8918.13
1728.78	8924.59
1729.8	8935.3
1730.83	8944.32
1731.85	8930.67
1732.87	8917.14
1733.89	8901.16
1734.92	8884.48
1735.94	8884.74
1736.96	8880.64
1737.98	8884.16
1739.01	8879.48
1740.03	8847.25
1741.05	8809.88
1742.07	8818.68
1743.09	8817.79
1744.12	8814.39
1745.14	8810.3
1746.16	8805.96
1747.18	8801.65
1748.2	8797.51
1749.22	8793.63
1750.24	8791.05
1751.26	8794.4
1752.28	8798.02
1753.3	8802.33
1754.32	8784.23
1755.34	8681.77
1756.36	8713.67
1757.38	8775.38
1758.4	8793.97
1759.42	8771.54
1760.44	8759.62
1761.45	8742.84
1762.47	8722.91
1763.49	8710.36
1764.51	8699.48
1765.53	8691.39
1766.55	8694.09
1767.56	8698.88
1768.58	8709.13
1769.6	8723.56
1770.61	8738.75
1771.63	8744.23
1772.65	8745
1773.67	8664.79
1774.68	8656.64
1775.7	8645.91
1776.72	8642.24
1777.73	8641.65
1778.75	8645.14
1779.76	8649.56
1780.78	8650.84
1781.79	8647.09
1782.81	8641.99
1783.83	8635.64
1784.84	8627.76
1785.85	8618.59
1786.87	8608.03
1787.88	8596.44
1788.9	8592.78
1789.91	8594.17
1790.93	8600.67
1791.94	8601.82
1792.95	8600.71
1793.97	8598.54
1794.98	8583.84
1796	8567.05
1797.01	8548.98
1798.02	8529.36
1799.03	8524.25
1800.05	8519.25
1801.06	8517.97
1802.07	8516.52
1803.08	8514.18
1804.1	8496.82
1805.11	8477.11
1806.12	8458.37
1807.13	8447.88
1808.14	8443.59
1809.15	8442.23
1810.17	8447.54
1811.18	8454.02
1812.19	8460.91
1813.2	8461.41
1814.21	8447.9
1815.22	8433.64
1816.23	8422.48
1817.24	8414.23
1818.25	8412.48
1819.26	8410.07
1820.27	8406.6
1821.28	8403.42
1822.29	8400.03
1823.3	8396.33
1824.3	8392.15
1825.31	8387.62
1826.32	8382.77
1827.33	8378.09
1828.34	8373.28
1829.35	8367.08
1830.35	8358.69
1831.36	8347.3
1832.37	8334.61
1833.38	8319.1
1834.38	8301.79
1835.39	8282.57
1836.4	8262.98
1837.41	8250.1
1838.41	8242.75
1839.42	8249.63
1840.43	8253.25
1841.43	8261.83
1842.44	8270.98
1843.44	8264.15
1844.45	8252.95
1845.46	8243.1
1846.46	8237.48
1847.47	8232.85
1848.47	8226.66
1849.48	8219.92
1850.48	8212.38
1851.49	8204.15
1852.49	8195.72
1853.49	8186.87
1854.5	8178.24
1855.5	8169.93
1856.51	8162.32
1857.51	8156.03
1858.51	8150.82
1859.52	8148.67
1860.52	8148.4
1861.52	8151.8
1862.53	8156.31
1863.53	8155.23
1864.53	8150.8
1865.54	8139.3
1866.54	8124.1
1867.54	8105.74
1868.54	8094.69
1869.54	8086.83
1870.55	8079.28
1871.55	8072.94
1872.55	8069.11
1873.55	8065.78
1874.55	8061.64
1875.55	8054.74
1876.55	8042.56
1877.55	8034.33
1878.55	8029.84
1879.55	8025.07
1880.56	8020.24
1881.55	8015.06
1882.56	8009.43
1883.55	8002.98
1884.55	7995.84
1885.55	7988.54
1886.55	7981.78
1887.55	7978.72
1888.55	7986.55
1889.55	7979.51
1890.55	7971.49
1891.55	7967.61
1892.55	7951.09
1893.54	7933.12
1894.54	7928.29
1895.54	7927.02
1896.54	7928.66
1897.54	7933.11
1898.53	7939.16
1899.53	7936.09
1900.53	7934.15
1901.52	7924.93
1902.52	7912.4
1903.52	7894.51
1904.51	7894.3
1905.51	7890.93
1906.51	7888.11
1907.5	7884.22
1908.5	7877.08
1909.49	7863.86
1910.49	7848.25
1911.49	7829.28
1912.48	7807.88
1913.48	7782.7
1914.47	7772.21
1915.46	7766.66
1916.46	7771.27
1917.45	7771.64
1918.45	7773.29
1919.44	7771.38
1920.44	7766.1
1921.43	7760.31
1922.43	7753.11
1923.42	7744.84
1924.41	7736.36
1925.41	7727.72
1926.4	7729.27
1927.39	7727.76
1928.38	7727.81
1929.38	7725.47
1930.37	7719.37
1931.36	7709.92
1932.35	7696.06
1933.35	7675.14
1934.34	7659.1
1935.33	7644.76
1936.32	7646.31
1937.31	7652.99
1938.3	7648.52
1939.29	7639.33
1940.29	7631.71
1941.28	7624.09
1942.27	7616.58
1943.26	7609.3
1944.25	7605.38
1945.24	7601.03
1946.23	7596.55
1947.22	7591.91
1948.21	7587.03
1949.2	7581.52
1950.19	7575.78
1951.18	7569.64
1952.17	7563.17
1953.16	7556.42
1954.14	7549.07
1955.13	7538.08
1956.12	7524.74
1957.11	7509.37
1958.1	7496.84
1959.09	7492.52
1960.07	7494.22
1961.06	7499.61
1962.05	7501.49
1963.04	7498.63
1964.02	7495.91
1965.01	7479.4
1966	7458.24
1966.99	7443.3
1967.97	7434.74
1968.96	7432.75
1969.95	7430.56
1970.93	7426.94
1971.92	7422.47
1972.9	7420.21
1973.89	7413.27
1974.88	7404.87
1975.86	7396.4
1976.85	7387.63
1977.83	7378.81
1978.82	7369.97
1979.8	7367.13
1980.79	7368.58
1981.77	7372.75
1982.76	7377.26
1983.74	7372.91
1984.72	7349.66
1985.71	7334.35
1986.69	7319.01
1987.67	7304.4
1988.66	7292.12
1989.64	7282.92
1990.62	7276.03
1991.61	7271.48
1992.59	7269.68
1993.57	7269.13
1994.56	7269.42
1995.54	7268.43
1996.52	7268.48
1997.5	7268.52
1998.49	7270.19
1999.47	7272.2
2000.45	7271.77
2001.43	7268.7
2002.41	7260.64
2003.39	7251.96
2004.38	7241.14
2005.36	7228.28
2006.34	7213.19
2007.32	7210.46
2008.3	7209.79
2009.28	7198.17
2010.26	7187.06
2011.24	7166.46
2012.22	7156.41
2013.2	7150.13
2014.18	7148.51
2015.16	7150.92
2016.14	7158.02
2017.12	7167.8
2018.1	7168.39
2019.07	7161.92
2020.05	7147.35
2021.03	7124.91
2022.01	7106.22
2022.99	7090.54
2023.97	7082.44
2024.95	7075.98
2025.92	7080.53
2026.9	7081.79
2027.88	7078.1
2028.86	7066.82
2029.83	7055.18
2030.81	7050.03
2031.79	7041.36
2032.76	7039.46
2033.74	7047.82
2034.72	7044.74
2035.69	7037.1
2036.67	7026.83
2037.65	7015.53
2038.62	7002.21
2039.6	6989.23
2040.57	6977.98
2041.55	6975.74
2042.52	6972.46
2043.5	6974.23
2044.47	6971.85
2045.45	6965.76
2046.42	6955.71
2047.4	6948.78
2048.37	6951.74
2049.35	6953.35
2050.32	6954.83
2051.29	6953.65
2052.27	6946
2053.24	6926.01
2054.21	6894.66
2055.19	6867.51
2056.16	6845.35
2057.13	6828.73
2058.11	6825.44
2059.08	6825.94
2060.05	6825.25
2061.02	6824.36
2062	6823.5
2062.97	6823.1
2063.94	6824.08
2064.91	6820.26
2065.89	6815.29
2066.86	6806.64
2067.83	6792.42
2068.8	6773.35
2069.77	6753.01
2070.74	6734.04
2071.71	6723.89
2072.68	6720.75
2073.65	6719.09
2074.62	6723.49
2075.59	6730.8
2076.56	6742.58
2077.53	6748.87
2078.5	6741.9
2079.47	6732.25
2080.44	6719.24
2081.41	6698.86
2082.38	6681.96
2083.35	6668.77
2084.32	6659.42
2085.29	6656.24
2086.26	6655.98
2087.23	6655.41
2088.19	6656.77
2089.16	6653.07
2090.13	6642.18
2091.1	6628.83
2092.07	6616.12
2093.03	6604.24
2094	6593.94
2094.97	6586.78
2095.94	6588.97
2096.9	6591
2097.87	6596.34
2098.84	6595.12
2099.8	6589.81
2100.77	6588.13
2101.74	6574.74
2102.7	6565.17
2103.67	6557.75
2104.63	6550.27
2105.6	6544.04
2106.56	6538.24
2107.53	6533.1
2108.49	6528.68
2109.46	6524.72
2110.42	6521.38
2111.39	6517.63
2112.35	6514.7
2113.32	6501.71
2114.28	6475.91
2115.25	6459.12
2116.21	6446.91
2117.17	6450.42
2118.14	6454.27
2119.1	6454.76
2120.07	6458.81
2121.03	6452.53
2121.99	6451.51
2122.96	6437.5
2123.92	6418.08
2124.88	6404.76
2125.84	6396.56
2126.81	6392.62
2127.77	6397.97
2128.73	6402.17
2129.69	6405.05
2130.65	6403.39
2131.62	6402.11
2132.58	6391.41
2133.54	6380.86
2134.5	6370.73
2135.46	6360.84
2136.42	6347.18
2137.38	6337.01
2138.34	6328.05
2139.3	6318.94
2140.26	6314.54
2141.22	6316.18
2142.18	6309.4
2143.14	6300.12
2144.1	6282.24
2145.06	6268.64
2146.02	6254.17
2146.98	6248.1
2147.94	6244.58
2148.9	6245.18
2149.86	6244.91
2150.82	6248.78
2151.78	6245.86
2152.74	6231.46
2153.69	6233.63
2154.65	6242.51
2155.61	6253.35
2156.57	6240.8
2157.53	6222.54
2158.48	6193.68
2159.44	6173.71
2160.4	6172.17
2161.36	6168.25
2162.31	6162.55
2163.27	6148.04
2164.23	6131.17
2165.18	6118.72
2166.14	6107.33
2167.1	6103.45
2168.05	6114.1
2169.01	6110.01
2169.96	6105.09
2170.92	6096.47
2171.88	6090.3
2172.83	6072.44
2173.79	6055.92
2174.74	6041.72
2175.7	6038.73
2176.65	6035.23
2177.6	6027.79
2178.56	6020.14
2179.51	6012.42
2180.47	6004.54
2181.42	5995.48
2182.38	5986.08
2183.33	5978.97
2184.28	5973.5
2185.24	5968.66
2186.19	5961.73
2187.14	5954.6
2188.1	5946.94
2189.05	5938.44
2190	5929.04
2190.96	5918.75
2191.91	5907.53
2192.86	5895.33
2193.81	5889.77
2194.76	5887.38
2195.72	5889.29
2196.67	5894.69
2197.62	5890.4
2198.57	5881.83
2199.52	5871.37
2200.47	5857.83
2201.43	5843.15
2202.38	5824.82
2203.33	5816.26
2204.28	5820.5
2205.23	5826.62
2206.18	5837.82
2207.13	5841.91
2208.08	5844.29
2209.03	5842.18
2209.98	5832.3
2210.93	5817.63
2211.88	5803.56
2212.83	5791.95
2213.78	5792.73
2214.73	5790.42
2215.67	5787.55
2216.62	5784.41
2217.57	5783.18
2218.52	5779.14
2219.47	5774.41
2220.42	5765.96
2221.37	5754.13
2222.31	5744.02
2223.26	5734.17
2224.21	5725.39
2225.16	5718.37
2226.1	5717.36
2227.05	5716.53
2228	5716.73
2228.94	5716.42
2229.89	5713.54
2230.84	5708.33
2231.78	5701.19
2232.73	5694.04
2233.68	5687.64
2234.62	5678.45
2235.57	5670.46
2236.51	5664.36
2237.46	5663.45
2238.41	5662.13
2239.35	5662.98
2240.3	5665.29
2241.24	5669.21
2242.19	5673.4
2243.13	5668.5
2244.07	5662.57
2245.02	5653.02
2245.96	5644.63
2246.91	5639.59
2247.85	5637.3
2248.8	5638.04
2249.74	5634.77
2250.68	5630.55
2251.63	5625.26
2252.57	5618.79
2253.51	5611.61
2254.46	5605.47
2255.4	5603.98
2256.34	5605.39
2257.28	5607.41
2258.23	5609.91
2259.17	5612.96
2260.11	5616.34
2261.05	5613.1
2262	5604.82
2262.94	5592.73
2263.88	5583.43
2264.82	5585.79
2265.76	5586.85
2266.7	5586.95
2267.64	5587.91
2268.58	5588.99
2269.53	5589.78
2270.47	5589.46
2271.41	5587.09
2272.35	5583.71
2273.29	5578.12
2274.23	5570.68
2275.17	5560.37
2276.11	5550.54
2277.05	5542.61
2277.99	5537.95
2278.93	5540.23
2279.86	5543.59
2280.8	5545.54
2281.74	5546.05
2282.68	5545.53
2283.62	5543.65
2284.56	5538.01
2285.5	5533.15
2286.44	5530.29
2287.37	5531.58
2288.31	5532.36
2289.25	5530.91
2290.19	5530.47
2291.12	5529.01
2292.06	5527.92
2293	5525.7
2293.94	5522.55
2294.87	5517.17
2295.81	5508.77
2296.75	5500.87
2297.68	5489.55
2298.62	5475.25
2299.55	5461.31
2300.49	5457.18
2301.43	5463.72
2302.36	5470.36
2303.3	5473.63
2304.23	5472.21
2305.17	5468.04
2306.1	5464.28
2307.04	5461.55
2307.98	5459.24
2308.91	5463.85
2309.84	5468.4
2310.78	5466.79
2311.71	5459.18
2312.65	5448.91
2313.58	5437.79
2314.52	5426.5
2315.45	5415.39
2316.38	5404.18
2317.32	5391.91
2317.72	5386.63
2318.66	5376.29
2319.6	5366.11
2320.54	5355.98
2321.48	5346.52
2322.41	5340.47
2323.35	5338.1
2324.29	5336.54
2325.23	5340.71
2326.16	5347.95
2327.1	5357.09
2328.04	5365.84
2328.97	5364.06
2329.91	5359.62
2330.85	5353.97
2331.78	5342.69
2332.72	5326.64
2333.66	5317.38
2334.59	5316.06
2335.53	5316.21
2336.46	5311.95
2337.4	5307.25
2338.33	5303.17
2339.27	5299.02
2340.2	5294.68
2341.14	5290.29
2342.07	5285.12
2343.01	5280.32
2343.94	5275.88
2344.88	5271.56
2345.81	5267.99
2346.75	5264.95
2347.68	5260.85
2348.61	5255.09
2349.55	5245.81
2350.48	5238.22
2351.41	5233.72
2352.35	5229.2
2353.28	5225.38
2354.21	5222.01
2355.15	5219.1
2356.08	5216.56
2357.01	5214.34
2357.94	5212.49
2358.88	5211.11
2359.81	5209.65
2360.74	5207.39
2361.67	5203.18
2362.6	5199.3
2363.54	5196.52
2364.47	5199.39
2365.4	5202.59
2366.33	5206.54
2367.26	5208.81
2368.19	5208.91
2369.12	5204.7
2370.05	5188.35
2370.98	5167.85
2371.91	5153.43
2372.84	5145.96
2373.77	5140.9
2374.7	5138.14
2375.63	5137.59
2376.56	5139.72
2377.49	5141.64
2378.42	5141.55
2379.35	5140.67
2380.28	5136.19
2381.21	5132.74
2382.14	5131.7
2383.07	5130.46
2384	5128.79
2384.92	5126.48
2385.85	5124.01
2386.78	5119.19
2387.71	5112.66
2388.64	5104.65
2389.56	5095.75
2390.49	5090.04
2391.42	5085.07
2392.35	5085.01
2393.27	5080.63
2394.2	5096.38
2395.13	5118.51
2396.05	5099.25
2396.98	5082.18
2397.91	5081.49
2398.83	5076.5
2399.76	5064.7
2400.69	5054.3
2401.61	5044.1
2402.54	5037.37
2403.46	5033.47
2404.39	5035.9
2405.31	5038.92
2406.24	5038.58
2407.17	5037.9
2408.09	5037.41
2409.01	5036.68
2409.94	5035.53
2410.86	5034.31
2411.79	5032.54
2412.71	5030.31
2413.64	5025.4
2414.56	5013.48
2415.49	4998.54
2416.41	4984.76
2417.33	4973.33
2418.26	4963.51
2419.18	4954.62
2420.1	4947.88
2421.03	4943.81
2421.95	4943.44
2422.87	4947.12
2423.79	4953.08
2424.72	4949.03
2425.64	4936.11
2426.56	4909.24
2427.48	4904.51
2428.41	4901.19
2429.33	4905.66
2430.25	4917.86
2431.17	4919.83
2432.09	4915.11
2433.01	4904.64
2433.93	4892.45
2434.86	4886.36
2435.78	4879.4
2436.7	4874.25
2437.62	4869.37
2438.54	4865.49
2439.46	4861.88
2440.38	4859.3
2441.3	4856.99
2442.22	4853.99
2443.14	4848.23
2444.06	4834.68
2444.98	4827.38
2445.9	4820.64
2446.82	4815.19
2447.73	4810.92
2448.65	4807.22
2449.57	4803.47
2450.49	4798.75
2451.41	4790.91
2452.33	4783.28
2453.25	4775.16
2454.17	4766.79
2455.08	4757.6
2456	4749.87
2456.92	4760.12
2457.84	4781.5
2458.75	4789.03
2459.67	4783.65
2460.59	4763.58
2461.51	4726.51
2462.42	4691.58
2463.34	4702.07
2464.26	4716.28
2465.17	4732.52
2466.09	4752.05
2467	4764
2467.92	4735.68
2468.84	4726.63
2469.75	4717.53
2470.67	4708.7
2471.58	4701.01
2472.5	4694.78
2473.42	4694.28
2474.33	4694.11
2475.25	4693.42
2476.16	4689.75
2477.08	4671.69
2477.99	4630.11
2478.9	4595.17
2479.82	4643.71
2480.73	4646.18
2481.65	4646.22
2482.56	4647.69
2483.47	4639.55
2484.39	4637.23
2485.3	4635.82
2486.22	4636.62
2487.13	4636.27
2488.04	4634.44
2488.96	4631.42
2489.87	4627.41
2490.78	4622.37
2491.69	4616.2
2492.61	4609.58
2493.52	4612.12
2494.43	4615.11
2495.34	4616.21
2496.25	4614.79
2497.17	4611.43
2498.08	4606.34
2498.99	4601.04
2499.9	4604.15
2500.81	4601.73
2501.72	4598.89
2502.63	4595.37
2503.55	4590.84
2504.46	4585.38
2505.37	4578.16
2506.28	4573.16
2507.19	4572.64
2508.1	4576.23
2509.01	4585.55
2509.92	4579.88
2510.83	4564.62
2511.74	4571.47
2512.65	4574.4
2513.56	4581.79
2514.47	4600.16
2515.37	4539.72
2516.28	4545.42
2517.19	4542.31
2518.1	4541.78
2519.01	4542.63
2519.92	4543.79
2520.83	4543.77
2521.73	4542.19
2522.64	4539.29
2523.55	4535.16
2524.46	4529.56
2525.37	4522.63
2526.27	4510.83
2527.18	4503.61
2528.09	4505.87
2529	4510.76
2529.9	4501.38
2530.81	4483.98
2531.72	4462.08
2532.62	4451.3
2533.53	4458.56
2534.44	4460.76
2535.34	4465.25
2536.25	4471.51
2537.15	4481.79
2538.06	4486.85
2538.96	4486.32
2539.87	4478.17
2540.78	4469.89
2541.68	4465.85
2542.59	4462.74
2543.49	4460.03
2544.4	4458.35
2545.3	4450.61
2546.21	4444.35
2547.11	4434.77
2548.01	4425.25
2548.92	4415.22
2549.82	4407.32
2550.73	4407.58
2551.63	4403.98
2552.53	4398.23
2553.44	4393.5
2554.34	4388.86
2555.24	4385.19
2556.15	4381.42
2557.05	4377.06
2557.95	4371.82
2558.86	4363.38
2559.76	4350.62
2560.66	4330.26
2561.56	4315.67
2562.46	4311.35
2563.37	4306.85
2564.27	4314.52
2565.17	4319.55
2566.07	4322.74
2566.97	4322.3
2567.88	4322.75
2568.78	4321.95
2569.68	4320.85
2570.58	4318.74
2571.48	4315.47
2572.38	4311.26
2573.28	4306.21
2574.18	4300.28
2575.08	4293.34
2575.98	4285.52
2576.88	4276.83
2577.78	4267.52
2578.68	4258.06
2579.58	4249.94
2580.48	4244.22
2581.38	4238.2
2582.28	4239.59
2583.18	4236.43
2584.08	4235.01
2584.98	4227.7
2585.88	4208.91
2586.77	4210.85
2587.67	4212.76
2588.57	4220.14
2589.47	4219.99
2590.37	4244.91
2591.27	4216.67
2592.16	4213.96
2593.06	4213.89
2593.96	4209.07
2594.86	4199.53
2595.75	4188.73
2596.65	4177.78
2597.55	4166.36
2598.45	4155.77
2599.34	4150.19
2600.24	4149.91
2601.13	4152.04
2602.03	4153.63
2602.93	4152.47
2603.82	4150.69
2604.72	4147.75
2605.62	4142.84
2606.51	4135.42
2607.41	4126.26
2608.3	4114.15
2609.2	4102.76
2610.09	4099.57
2610.99	4107.25
2611.88	4113.52
2612.78	4120.6
2613.67	4124.34
2614.57	4112.86
2615.46	4098.9
2616.36	4085.89
2617.25	4073.71
2618.14	4062.26
2619.04	4050.91
2619.93	4040.63
2620.83	4038.91
2621.72	4049.69
2622.61	4055.78
2623.5	4057.23
2624.4	4050.23
2625.29	4041.7
2626.18	4035.24
2627.08	4029.3
2627.97	4022.67
2628.86	4016.83
2629.75	4011.63
2630.65	4007.18
2631.54	4003.58
2632.43	4001.29
2633.32	4000.36
2634.21	4002.48
2635.11	4006.78
2636	4010.95
2636.89	4012.57
2637.78	3998.9
2638.67	3987.11
2639.56	3978.55
2640.45	3973.04
2641.34	3970.91
2642.23	3963.68
2643.12	3953.45
2644.01	3945.97
2644.9	3938.52
2645.79	3930.91
2646.68	3922.85
2647.57	3922.51
2648.46	3923.76
2649.35	3926.73
2650.24	3932.83
2651.13	3932.81
2652.02	3927.86
2652.91	3923
2653.8	3916.92
2654.69	3909.19
2655.58	3901.22
2656.46	3892.52
2657.35	3883.76
2658.24	3875.31
2659.13	3869.76
2660.02	3863.7
2660.9	3859.85
2661.79	3859.93
2662.68	3864.94
2663.57	3876.97
2664.45	3874.08
2665.34	3859.47
2666.23	3851.93
2667.11	3842.92
2668	3834.28
2668.89	3828.66
2669.77	3830.63
2670.66	3831.01
2671.55	3833.06
2672.43	3831.67
2673.32	3823.95
2674.21	3817.31
2675.09	3810.18
2675.98	3805.02
2676.86	3801.55
2677.75	3797.83
2678.63	3794.97
2679.52	3792.13
2680.4	3788.09
2681.29	3783.81
2682.17	3770.86
2683.06	3754.99
2683.94	3742.73
2684.82	3737.8
2685.71	3738.8
2686.59	3741.66
2687.48	3744.69
2688.36	3744.89
2689.24	3741.71
2690.13	3738.48
2691.01	3734.72
2691.89	3729.9
2692.78	3724.52
2693.66	3719.4
2694.54	3715.18
2695.43	3712.8
2696.31	3711.28
2697.19	3710.22
2698.07	3708.28
2698.96	3706.7
2699.84	3705.26
2700.72	3703.89
2701.6	3702.44
2702.48	3700.66
2703.36	3691.92
2704.25	3676.02
2705.13	3664.97
2706.01	3659.04
2706.89	3655.76
2707.77	3651.59
2708.65	3650.77
2709.53	3655.29
2710.41	3654.51
2711.29	3645.99
2712.17	3631.23
2713.05	3626.53
2713.93	3627.84
2714.81	3628.69
2715.69	3630.23
2716.57	3626.72
2717.45	3619.06
2718.33	3608.39
2719.21	3597.06
2720.09	3588.22
2720.97	3579.25
2721.85	3580.7
2722.73	3590.99
2723.61	3600.35
2724.48	3612.9
2725.36	3616.69
2726.24	3610.8
2727.12	3597.79
2728	3581.34
2728.88	3573.92
2729.75	3569.64
2730.63	3576.1
2731.51	3577.42
2732.39	3577.99
2733.26	3579.38
2734.14	3572.91
2735.02	3561.54
2735.89	3551.18
2736.77	3541.21
2737.65	3532.5
2738.52	3528.09
2739.4	3526.03
2740.28	3524.58
2741.15	3523.83
2742.03	3523.77
2742.9	3525.54
2743.78	3527.35
2744.65	3528.42
2745.53	3527.58
2746.41	3524.94
2747.28	3520.72
2748.16	3515.29
2749.03	3508.14
2749.91	3497.71
2750.78	3482.51
2751.66	3479.26
2752.53	3483.82
2753.4	3488.82
2754.28	3502.37
2755.15	3490.7
2756.02	3484.27
2756.9	3480.34
2757.77	3480.81
2758.65	3479.6
2759.52	3482.87
2760.39	3481.87
2761.27	3474.19
2762.14	3461.41
2763.01	3447.29
2763.88	3434.9
2764.76	3426.03
2765.63	3417.55
2766.5	3419.32
2767.37	3424.37
2768.25	3426.84
2769.12	3430.05
2769.99	3428.94
2770.86	3426.22
2771.73	3422.58
2772.61	3419.03
2773.48	3413.96
2774.35	3407.38
2775.22	3400.72
2776.09	3394.14
2776.96	3388.42
2777.83	3384.02
2778.7	3380.92
2779.57	3378.4
2780.44	3376.8
2781.31	3376.14
2782.18	3376.39
2783.05	3374.02
2783.92	3367.56
2784.79	3361.92
2785.66	3357.24
2786.53	3353.81
2787.4	3351.41
2788.27	3351.57
2789.14	3353.29
2790.01	3352.48
2790.88	3350.9
2791.75	3340.92
2792.62	3329.04
2793.48	3315.27
2794.35	3299.47
2795.22	3281.36
2796.09	3297.53
2796.96	3307.96
2797.82	3320.67
2798.69	3328.94
2799.56	3332.23
2800.43	3310.98
2801.29	3293.3
2802.16	3282.63
2803.03	3275.37
2803.9	3271.68
2804.76	3271.19
2805.63	3274.4
2806.5	3279.9
2807.36	3284.96
2808.23	3291.32
2809.09	3293.75
2809.96	3287.77
2810.83	3282.7
2811.69	3277.32
2812.56	3271.56
2813.42	3263.74
2814.29	3256.73
2815.15	3250.62
2816.02	3245.38
2816.88	3242.46
2817.75	3232.15
2818.61	3223.08
2819.48	3214.94
2820.34	3209.25
2821.21	3212.45
2822.07	3237.1
2822.94	3242.03
2823.8	3205.32
2824.66	3201.47
2825.53	3192.79
2826.39	3187.83
2827.26	3187.4
2828.12	3191.22
2828.98	3198.44
2829.85	3204.84
2830.71	3210.59
2831.57	3213.27
2832.43	3215.69
2833.3	3214.48
2834.16	3208.59
2835.02	3201.75
2835.88	3194.4
2836.75	3187.28
2837.61	3180.09
2838.47	3176.8
2839.33	3173.29
2840.19	3170.83
2841.06	3169.59
2841.92	3168.61
2842.78	3167.43
2843.64	3163.94
2844.5	3160.59
2845.36	3157.04
2846.22	3153.7
2847.08	3150.9
2847.94	3148.3
2848.81	3145.55
2849.67	3142.59
2850.53	3139.29
2851.39	3135.28
2852.25	3131.05
2853.11	3126.65
2853.97	3122.23
2854.82	3120.9
2855.68	3122.83
2856.54	3122.16
2857.4	3118.89
2858.26	3113.91
2859.12	3110.41
2859.98	3106.4
2860.84	3102.24
2861.7	3098.02
2862.56	3094.03
2863.41	3090.19
2864.27	3086.67
2865.13	3083.29
2865.99	3080.32
2866.85	3078.16
2867.7	3076.91
2868.56	3077.93
2869.42	3080.09
2870.28	3081.88
2871.13	3079.55
2871.99	3077.23
2872.85	3073.94
2873.7	3069.47
2874.56	3064.18
2875.42	3058.85
2876.27	3054.08
2877.13	3049.36
2877.99	3047.23
2878.84	3046.84
2879.7	3048.99
2880.56	3049.7
2881.41	3050.41
2882.27	3047.2
2883.12	3032.31
2883.98	3022.08
2884.83	3011.11
2885.69	3010.35
2886.54	3012.59
2887.4	3020.53
2888.25	3031.44
2889.11	3030.73
2889.96	3027.63
2890.82	3016.59
2891.67	3003.65
2892.52	2993.93
2893.38	2986.71
2894.23	2983.38
2895.09	2982.53
2895.94	2983.03
2896.79	2982.77
2897.65	2981.78
2898.5	2980
2899.35	2977.28
2900.21	2974.53
2901.06	2971.11
2901.91	2967
2902.76	2962.18
2903.62	2956.49
2904.47	2950.07
2905.32	2942.65
2906.17	2934.53
2907.03	2926.35
2907.88	2917.28
2908.73	2914.84
2909.58	2915.75
2910.43	2916.9
2911.28	2921.69
2912.14	2925.09
2912.99	2926.3
2913.84	2927.21
2914.69	2921.84
2915.54	2919.91
2916.39	2916.33
2917.24	2916.75
2918.09	2917.21
2918.94	2905.59
2919.79	2890.85
2920.64	2876.23
2921.49	2862.88
2922.34	2871
2923.19	2870.31
2924.04	2867.76
2924.89	2868.99
2925.74	2863.96
2926.59	2861.19
2927.44	2855.8
2928.29	2853.91
2929.14	2856.19
2929.98	2859.82
2930.83	2863.5
2931.68	2861.98
2932.53	2857.26
2933.38	2852.97
2934.23	2847.7
2935.07	2841.45
2935.92	2834.27
2936.77	2825.63
2937.62	2816.93
2938.47	2809.76
2939.31	2804.52
2940.16	2805.86
2941.01	2807.81
2941.85	2809.46
2942.7	2810.54
2943.55	2810.76
2944.39	2810.22
2945.24	2808.94
2946.09	2807.5
2946.93	2805.68
2947.78	2803.89
2948.63	2801.82
2949.47	2799.53
2950.32	2796.72
2951.16	2787.91
2952.01	2780.65
2952.85	2775.29
2953.7	2767.69
2954.55	2766.41
2955.39	2765.82
2956.24	2765.34
2957.08	2764.91
2957.92	2764
2958.77	2762.71
2959.61	2758.19
2960.46	2754.02
2961.3	2749.58
2962.15	2744.94
2962.99	2741.27
2963.83	2737.51
2964.68	2733.53
2965.52	2730.14
2966.37	2727.75
2967.21	2727.11
2968.05	2729.23
2968.9	2731.28
2969.74	2731.51
2970.58	2730.9
2971.42	2728.94
2972.27	2725.84
2973.11	2721.65
2973.95	2716.53
2974.79	2710.92
2975.64	2704.71
2976.48	2698.85
2977.32	2693.48
2978.16	2689.19
2979	2688.16
2979.85	2692.22
2980.69	2694.1
2981.53	2695.11
2982.37	2694.4
2983.21	2690.98
2984.05	2678.5
2984.89	2672
2985.73	2670.26
2986.57	2673.37
2987.41	2681.7
2988.25	2681.76
2989.1	2669.35
2989.94	2661.32
2990.77	2654.41
2991.62	2647.96
2992.45	2641.98
2993.29	2636.45
2994.13	2631.83
2994.97	2627.51
2995.81	2628.87
2996.65	2628.91
2997.49	2669.16
2998.33	2661.44
2999.17	2658.72
