200.833	11574.9
202.102	11709.2
203.371	11673.3
204.639	11674.1
205.907	11704.3
207.175	11720.1
208.442	11717.7
209.71	11721.4
210.977	11718.4
212.244	11718.5
213.511	11721.2
214.777	11726.3
216.042	11734.9
217.309	11749.9
218.575	11771.4
219.84	11798.8
221.106	11826.2
222.371	11852.3
223.635	11877.6
224.9	11901.8
226.165	11925.3
227.429	11948.2
228.694	11970.4
229.956	11995
231.22	12021.2
232.484	12050.3
233.747	12075.5
235.011	12098.6
236.272	12118.4
237.535	12130
238.798	12151.1
240.06	12171.4
241.321	12201.9
242.583	12229.1
243.845	12252.5
245.105	12278
246.367	12293.8
247.628	12300.8
248.888	12305.6
250.149	12309.2
251.409	12311.9
252.67	12313.9
253.928	12314.9
255.189	12315.5
256.447	12316.4
257.707	12318.7
258.966	12322.1
260.224	12326.3
261.483	12344.3
262.742	12363.1
263.999	12386.8
265.257	12414.5
266.514	12433.7
267.772	12427.5
269.028	12449.7
270.286	12471
271.543	12491.3
272.799	12512.5
274.056	12530.1
275.311	12542.7
276.568	12556
277.823	12567.8
279.079	12579.4
280.333	12589.8
281.589	12598
282.843	12604.9
284.099	12611.9
285.352	12618.4
286.607	12645.3
287.86	12666.8
289.114	12692.2
290.368	12717.3
291.621	12742.3
292.875	12747.9
294.127	12742.8
295.38	12744.2
296.632	12748.6
297.884	12750.8
299.137	12757
300.388	12759.9
301.641	12767.3
302.891	12758.9
304.142	12752.5
305.394	12747.1
306.644	12753.4
307.894	12776.9
309.146	12800.7
310.395	12822.4
311.645	12842.8
312.895	12847.5
314.144	12855.4
315.393	12858
316.642	12858.1
317.892	12860.1
319.14	12869.1
320.388	12906.1
321.637	12933.4
322.885	12957.1
324.132	12982.9
325.38	12990.4
326.628	13002
327.875	13010.3
329.122	13016.4
330.368	13022.8
331.614	13030.7
332.862	13039.8
334.108	13049.2
335.353	13059.5
336.599	13071.1
337.844	13084.9
339.089	13104.2
340.335	13127.4
341.58	13140.9
342.824	13145.9
344.068	13140.8
345.312	13138.7
346.556	13134.8
347.8	13134
349.043	13137.5
350.286	13145.6
351.53	13157.4
352.774	13167.1
354.016	13175.1
355.259	13181.8
356.501	13187.9
357.743	13193.1
358.985	13197.3
360.227	13200.5
361.468	13202.8
362.709	13203.4
363.95	13200.4
365.191	13194.2
366.432	13189.3
367.672	13185.5
368.912	13196.3
370.152	13200.1
371.392	13203.5
372.632	13208.1
373.871	13214.1
375.11	13221.6
376.348	13230.7
377.587	13242
378.825	13256.9
380.064	13278.2
381.302	13307.2
382.54	13333.1
383.778	13353.5
385.016	13358.8
386.253	13363.9
387.489	13360.4
388.726	13346.5
389.963	13351.3
391.199	13365.4
392.436	13392.3
393.672	13413.4
394.907	13429.9
396.142	13441
397.378	13454
398.614	13465.7
399.849	13476.6
401.082	13485.9
402.317	13494.3
403.552	13501.7
404.786	13506.5
406.019	13505.5
407.253	13498.4
408.487	13491.8
409.721	13489.2
410.953	13490
412.186	13498.6
413.419	13512.1
414.651	13531.4
415.883	13551.9
417.116	13569.4
418.347	13573.8
419.579	13569.6
420.811	13565.9
422.041	13568.5
423.272	13575.9
424.504	13586.3
425.733	13599.8
426.964	13612.1
428.194	13619.2
429.424	13620.2
430.654	13615.1
431.883	13603.5
433.113	13587.9
434.341	13580.1
435.571	13589.4
436.799	13605.5
438.028	13616.7
439.257	13630.6
440.484	13636.9
441.713	13640.6
442.94	13646
444.168	13653.7
445.394	13666.9
446.622	13680.8
447.848	13694.4
449.076	13707.9
450.301	13723.4
451.528	13737.1
452.754	13745.7
453.979	13749.5
455.205	13749
456.43	13745.6
457.656	13742.3
458.88	13738.6
460.106	13736.6
461.33	13743.6
462.554	13747.2
463.779	13747.8
465.002	13745.9
466.225	13738.1
467.45	13730.3
468.672	13737.3
469.895	13739.8
471.119	13741.5
472.341	13743.8
473.563	13745.8
474.786	13748.2
476.008	13750.2
477.229	13749.8
478.452	13744
479.673	13727.9
480.894	13720.4
482.115	13713.6
483.337	13710.8
484.557	13720.7
485.777	13727.6
486.997	13729.6
488.218	13726.8
489.438	13719
490.657	13706.5
491.876	13689.4
493.096	13671.9
494.315	13661.8
495.533	13669.6
496.752	13674.7
497.97	13681.1
499.188	13689.8
500.407	13694.5
501.625	13699.7
502.842	13702.3
504.059	13704.6
505.276	13709.1
506.493	13717
507.71	13732.5
508.926	13748.6
510.142	13766.7
511.358	13787.9
512.575	13803.4
513.791	13807.3
515.006	13808.9
516.222	13806.5
517.437	13803
518.651	13804.1
519.866	13812.5
521.081	13828
522.295	13849.3
523.509	13870.5
524.723	13890.3
525.937	13903
527.15	13909.8
528.363	13911.2
529.576	13909
530.789	13904.9
532.002	13898.4
533.215	13893.7
534.426	13895.7
535.638	13897.4
536.85	13903.5
538.061	13903.6
539.273	13905
540.484	13906.9
541.695	13907.7
542.906	13911.3
544.117	13916.4
545.327	13922.5
546.537	13928
547.747	13933
548.957	13936.7
550.167	13940.5
551.377	13943.5
552.585	13946.6
553.794	13944.9
555.003	13934.2
556.212	13923.4
557.421	13915.7
558.628	13909.9
559.836	13905.6
561.044	13910.5
562.252	13919.1
563.458	13929.7
564.666	13941.8
565.873	13949.5
567.08	13956.1
568.286	13952.8
569.493	13944.6
570.699	13933.8
571.904	13920.8
573.111	13907.8
574.317	13904.2
575.521	13902.8
576.727	13904.7
577.932	13909.6
579.136	13917.6
580.341	13929.1
581.544	13940.9
582.749	13950.1
583.954	13951.2
585.156	13952.7
586.361	13954.7
587.563	13947.1
588.767	13954.9
589.97	13963.9
591.172	13972.4
592.375	13982.9
593.577	13986.7
594.78	13984.7
595.981	13981.6
597.183	13977.5
598.384	13972.6
599.586	13966.7
600.786	13966.9
601.988	13965.9
603.188	13965.8
604.389	13966.3
605.589	13963.5
606.79	13958.5
607.989	13938.2
609.188	13925
610.389	13918.7
611.587	13913.6
612.787	13907.6
613.986	13899
615.184	13889.7
616.383	13881
617.581	13872.6
618.78	13863.5
619.977	13854
621.174	13843.3
622.373	13831.4
623.57	13817.3
624.766	13800.7
625.964	13783.2
627.16	13770.9
628.356	13767.6
629.554	13766.5
630.749	13767.2
631.945	13769.2
633.14	13773.3
634.337	13779.1
635.532	13785.6
636.726	13790
637.921	13791.9
639.117	13784.2
640.311	13765.5
641.505	13738.4
642.699	13719.7
643.892	13711.3
645.087	13712.2
646.28	13728
647.473	13746.8
648.666	13764.8
649.859	13771.2
651.051	13765.4
652.245	13753.2
653.437	13743
654.629	13741.7
655.821	13742
657.012	13744.5
658.204	13748.8
659.395	13756
660.586	13766.4
661.777	13780
662.967	13800.4
664.158	13819
665.349	13829.3
666.539	13834.4
667.729	13834.8
668.919	13829.9
670.109	13822
671.298	13815.6
672.487	13817.1
673.676	13827.9
674.865	13837.2
676.053	13846.1
677.242	13853.1
678.43	13855
679.616	13852.8
680.804	13845.2
681.992	13828.6
683.179	13810.4
684.366	13792
685.554	13781.2
686.74	13776.6
687.927	13780.7
689.114	13790.9
690.3	13802.1
691.486	13809.4
692.671	13812.8
693.856	13812
695.042	13807.7
696.227	13798.8
697.413	13784.8
698.598	13767.8
699.781	13747.4
700.966	13723.8
702.15	13698.5
703.334	13688.9
704.518	13678.9
705.701	13696.6
706.885	13731.2
708.068	13773.7
709.252	13736.1
710.433	13711.4
711.616	13709.3
712.799	13708.3
713.98	13695.6
715.163	13681.4
716.345	13664.3
717.527	13655.6
718.707	13650.1
719.889	13673.8
721.071	13673.8
722.25	13675.8
723.432	13679.4
724.611	13684.2
725.792	13689.1
726.972	13693.5
728.151	13695.2
729.332	13694.3
730.512	13685.2
731.69	13679.4
732.87	13669.2
734.048	13670.2
735.227	13679.6
736.405	13695.3
737.584	13718.9
738.761	13724.6
739.94	13730.7
741.117	13736.5
742.295	13742.4
743.471	13748.1
744.649	13755.5
745.825	13771.7
747.003	13774.6
748.179	13767.5
749.356	13747.5
750.531	13721.3
751.708	13691.6
752.883	13677.3
754.059	13705.8
755.234	13721
756.409	13734.2
757.585	13742
758.759	13744.9
759.934	13744.4
761.108	13742.8
762.282	13740.9
763.456	13737.7
764.63	13739.1
765.803	13723.8
766.977	13706.9
768.15	13690.5
769.323	13673.5
770.496	13661.8
771.668	13653.2
772.841	13649.4
774.014	13648.7
775.185	13648.7
776.357	13650.9
777.528	13630.6
778.701	13614.7
779.872	13603.1
781.042	13595.8
782.213	13593.7
783.383	13591.8
784.555	13588.7
785.725	13583
786.895	13570.2
788.064	13556.8
789.234	13535.7
790.404	13517.6
791.573	13503.3
792.742	13490.7
793.911	13479.1
795.08	13469.5
796.248	13462
797.416	13456.7
798.584	13454
799.753	13454.2
800.921	13456
802.088	13462.4
803.256	13471.2
804.423	13476.9
805.59	13479.6
806.756	13475.2
807.923	13474.1
809.089	13472.4
810.256	13471.6
811.422	13472.1
812.587	13473.5
813.753	13474.9
814.918	13476.2
816.084	13477
817.249	13477.8
818.414	13478.4
819.578	13479.4
820.743	13479.9
821.907	13480.7
823.072	13481.2
824.236	13482.1
825.399	13484.5
826.562	13489.1
827.725	13495.6
828.889	13501.1
830.052	13506.8
831.215	13512
832.377	13512
833.54	13513.3
834.701	13513.3
835.863	13516.6
837.025	13518.8
838.187	13521.2
839.349	13520.2
840.51	13515.6
841.67	13502.7
842.831	13486.2
843.992	13476
845.153	13471.6
846.312	13472.3
847.473	13475.2
848.633	13475.2
849.793	13476.3
850.951	13478.9
852.111	13463.3
853.27	13439.6
854.428	13416.9
855.588	13396.9
856.747	13373.1
857.904	13355
859.063	13343.9
860.221	13341.4
861.378	13345.7
862.536	13347.1
863.694	13343.4
864.85	13324.5
866.008	13308.4
867.164	13294.4
868.321	13282.5
869.478	13269.7
870.633	13260.5
871.79	13260.1
872.945	13265.5
874.101	13252.4
875.256	13244.3
876.412	13227.2
877.566	13208.6
878.722	13202
879.876	13200.7
881.031	13200.5
882.185	13201.7
883.34	13202.9
884.493	13196
885.647	13180.6
886.8	13163.6
887.954	13147.3
889.107	13135.7
890.261	13126.4
891.413	13112.6
892.565	13115.4
893.718	13116.7
894.87	13121.1
896.023	13131.5
897.174	13146.7
898.326	13144.4
899.478	13125.1
900.629	13113.4
901.779	13108.7
902.931	13099.5
904.081	13095.7
905.231	13106.9
906.383	13115.6
907.532	13130.6
908.682	13136.3
909.831	13121.7
910.982	13115.3
912.131	13112
913.28	13113.2
914.429	13115.2
915.578	13119.1
916.727	13121.6
917.875	13121.5
919.023	13120.7
920.171	13119.5
921.32	13117.1
922.467	13113.8
923.614	13109.6
924.761	13105.1
925.908	13104.6
927.055	13107.2
928.203	13113.9
929.349	13114.6
930.496	13115.5
931.642	13116.3
932.787	13117.1
933.933	13119.1
935.079	13124.7
936.224	13124.8
937.369	13124.2
938.514	13120.1
939.659	13113.9
940.804	13105
941.948	13094
943.092	13080.2
944.236	13065.8
945.38	13053.9
946.524	13048.2
947.667	13052
948.811	13047.8
949.954	13040.6
951.097	13035.7
952.24	13025.1
953.383	13003.2
954.525	12988.1
955.667	12980
956.81	12978.6
957.952	12977.8
959.093	12995.6
960.235	12943.5
961.376	12920.4
962.516	12916.2
963.658	12926.5
964.798	12931.4
965.939	12930.1
967.08	12927.7
968.22	12926.8
969.359	12925.5
970.499	12923.4
971.639	12920.4
972.779	12925.7
973.918	12917.6
975.056	12914.1
976.195	12906
977.334	12896.2
978.473	12903.8
979.61	12905.9
980.749	12900.1
981.887	12877.7
983.024	12853.9
984.162	12843.5
985.3	12835.2
986.437	12839.9
987.573	12861
988.711	12873.7
989.848	12894
990.983	12906.5
992.12	12907.6
993.255	12898.1
994.392	12888.9
995.528	12882.7
996.662	12876.4
997.798	12869.8
998.933	12863.1
1000.07	12856.8
1001.2	12850.5
1002.34	12844.7
1003.47	12839.1
1004.61	12834.3
1005.74	12831.8
1006.87	12831.3
1008.01	12846.6
1009.14	12853.8
1010.27	12851
1011.41	12839.7
1012.54	12833.8
1013.67	12814.2
1014.81	12786.1
1015.94	12773.5
1017.07	12778.3
1018.2	12793.4
1019.33	12827.4
1020.47	12843.7
1021.6	12847.5
1022.73	12817.6
1023.86	12788.4
1024.99	12758.6
1026.12	12729.6
1027.25	12711.6
1028.38	12709.2
1029.51	12702.7
1030.64	12699.4
1031.77	12696.8
1032.9	12693
1034.03	12690.1
1035.16	12687.2
1036.29	12685.8
1037.42	12686.2
1038.55	12689.8
1039.67	12700
1040.8	12698.8
1041.93	12682.5
1043.06	12658.2
1044.19	12641.7
1045.31	12625.2
1046.44	12612.3
1047.57	12601.1
1048.69	12593.5
1049.82	12587.4
1050.95	12581.9
1052.08	12576.9
1053.2	12568.7
1054.33	12561.2
1055.45	12553
1056.58	12544.3
1057.7	12535.3
1058.83	12526.7
1059.95	12520.6
1061.08	12517.4
1062.2	12511.3
1063.33	12503.9
1064.45	12498.8
1065.58	12486.2
1066.7	12471.6
1067.83	12468.7
1068.95	12471.7
1070.07	12484.2
1071.2	12493.1
1072.32	12501.1
1073.44	12497
1074.56	12493.6
1075.69	12486
1076.81	12481.8
1077.93	12479.1
1079.05	12477.4
1080.17	12478.4
1081.3	12479.6
1082.42	12482
1083.54	12482.5
1084.66	12483.1
1085.78	12485.5
1086.9	12489.4
1088.02	12493.2
1089.14	12496.2
1090.26	12493.9
1091.38	12488
1092.5	12469
1093.62	12446
1094.74	12430.9
1095.86	12424.9
1096.98	12435.3
1098.1	12450.5
1099.22	12470.6
1100.34	12491.9
1101.45	12506.3
1102.57	12505.2
1103.69	12477.4
1104.81	12467.9
1105.93	12459.4
1107.04	12452.6
1108.16	12447.3
1109.28	12439.8
1110.4	12436
1111.51	12431.9
1112.63	12428.9
1113.75	12424.4
1114.86	12416.1
1115.98	12405.4
1117.09	12385.8
1118.21	12356.3
1119.32	12322
1120.44	12299
1121.55	12300.1
1122.67	12302.5
1123.78	12294.1
1124.9	12280.6
1126.01	12263.3
1127.13	12245.5
1128.24	12226.5
1129.35	12218.8
1130.47	12210
1131.58	12203.9
1132.7	12198.7
1133.81	12195.9
1134.92	12190.1
1136.03	12177.7
1137.15	12164
1138.26	12142.7
1139.37	12117.2
1140.48	12106.5
1141.59	12097.4
1142.71	12090.6
1143.82	12088.5
1144.93	12082.3
1146.04	12070.1
1147.15	12059.1
1148.26	12044.7
1149.37	12028.1
1150.48	12011.6
1151.59	12003.1
1152.7	12009.5
1153.81	12015.5
1154.92	12024
1156.03	12034.8
1157.14	12038.9
1158.25	12038.1
1159.36	12033.1
1160.47	12023.9
1161.58	12010.7
1162.68	11993.1
1163.79	11970.7
1164.9	11944.5
1166.01	11925.6
1167.12	11932.2
1168.22	11936.6
1169.33	11937.2
1170.44	11941.2
1171.55	11947.4
1172.65	11954.9
1173.76	11962.5
1174.87	11969.2
1175.97	11975.1
1177.08	11978.2
1178.18	11983.5
1179.29	11996.4
1180.4	12000.7
1181.5	11981.1
1182.61	11958.9
1183.71	11956.2
1184.82	11952.4
1185.92	11962.3
1187.02	11974
1188.13	11981.8
1189.23	11988.1
1190.34	11993.4
1191.44	11993
1192.54	11991.6
1193.65	11988
1194.75	11982.7
1195.85	11976.6
1196.96	11971.3
1198.06	11975.5
1199.16	11977.9
1200.26	11982.6
1201.37	11988.6
1202.47	11995
1203.57	11997.7
1204.67	11995
1205.77	11987.1
1206.87	11977.7
1207.97	11970
1209.08	11961.5
1210.18	11951.1
1211.28	11940.1
1212.38	11930.9
1213.48	11932
1214.58	11944.3
1215.68	11940.8
1216.78	11932.5
1217.88	11922.9
1218.98	11914.1
1220.07	11903.1
1221.17	11891
1222.27	11877.8
1223.37	11863.5
1224.47	11848.2
1225.57	11831.8
1226.66	11814.4
1227.76	11796.8
1228.86	11789.6
1229.96	11795
1231.06	11809.5
1232.15	11817.4
1233.25	11817.8
1234.35	11813.7
1235.44	11805.5
1236.54	11796.8
1237.63	11786
1238.73	11774.1
1239.83	11763
1240.92	11751.9
1242.02	11737.6
1243.11	11723.5
1244.21	11705.5
1245.3	11685.7
1246.4	11670.6
1247.49	11670.1
1248.59	11667.2
1249.68	11666
1250.78	11666.3
1251.87	11668.6
1252.96	11667.1
1254.06	11665.9
1255.15	11664.2
1256.24	11661.8
1257.34	11659.5
1258.43	11659.3
1259.52	11658.7
1260.62	11660.5
1261.71	11662.6
1262.8	11664.2
1263.89	11665.2
1264.98	11665
1266.08	11663.9
1267.17	11651.7
1268.26	11634.9
1269.35	11619.8
1270.44	11603.6
1271.53	11597.1
1272.62	11597.5
1273.71	11603.7
1274.8	11618.7
1275.89	11628.7
1276.98	11638.1
1278.07	11647.1
1279.16	11656
1280.25	11661.2
1281.34	11664.3
1282.43	11664.7
1283.52	11662.6
1284.61	11659
1285.69	11653.2
1286.78	11643.5
1287.87	11630.2
1288.96	11617.7
1290.05	11610.8
1291.13	11622.1
1292.22	11629.7
1293.31	11637.2
1294.4	11642
1295.48	11644.8
1296.57	11652.8
1297.66	11642.9
1298.74	11628.5
1299.83	11616.6
1300.92	11613
1302	11610.1
1303.09	11608
1304.17	11605.4
1305.26	11602.8
1306.34	11600.1
1307.43	11598
1308.51	11595.9
1309.6	11594.3
1310.68	11593.7
1311.76	11596.8
1312.85	11599.3
1313.93	11598.2
1315.02	11587.3
1316.1	11575.2
1317.18	11562.3
1318.27	11542.7
1319.35	11527.1
1320.43	11520
1321.52	11518.8
1322.6	11519.7
1323.68	11519.1
1324.76	11519.5
1325.85	11510
1326.93	11483.3
1328.01	11474.6
1329.09	11472.7
1330.17	11479.9
1331.25	11487.2
1332.33	11476.7
1333.41	11463.9
1334.49	11453.9
1335.58	11441.7
1336.65	11431.5
1337.74	11422.6
1338.82	11416.6
1339.89	11415.7
1340.97	11418.8
1342.05	11416.6
1343.13	11411.5
1344.21	11399.7
1345.29	11392.3
1346.37	11377.4
1347.45	11379.9
1348.53	11381.3
1349.6	11377.6
1350.68	11375.4
1351.76	11372.8
1352.84	11371
1353.92	11370.7
1354.99	11366.5
1356.07	11366.7
1357.15	11360.4
1358.22	11352
1359.3	11340
1360.38	11331.5
1361.45	11327
1362.53	11330.6
1363.61	11338.8
1364.68	11346.5
1365.76	11350.6
1366.83	11352.4
1367.91	11352.4
1368.98	11350.5
1370.06	11349.5
1371.13	11347.5
1372.21	11345.4
1373.28	11345.6
1374.35	11346.4
1375.43	11348.6
1376.5	11353.3
1377.58	11364.6
1378.65	11375.6
1379.72	11372.2
1380.8	11355.1
1381.87	11334.2
1382.94	11314.3
1384.01	11298.6
1385.09	11285.6
1386.16	11275
1387.23	11265.6
1388.3	11258.9
1389.38	11253.2
1390.45	11246.5
1391.52	11231.1
1392.59	11201.2
1393.66	11218.7
1393.92	11226.1
1395	11261.1
1396.07	11255.4
1397.15	11230
1398.22	11203
1399.3	11205.1
1400.38	11207.8
1401.45	11210.4
1402.53	11214.3
1403.6	11226.2
1404.68	11239.2
1405.75	11237.6
1406.82	11234.1
1407.9	11229.6
1408.97	11225.3
1410.05	11222.3
1411.12	11222.5
1412.19	11208.7
1413.27	11188.3
1414.34	11169.6
1415.41	11156.1
1416.49	11149.8
1417.56	11147.5
1418.63	11147.5
1419.7	11148.7
1420.78	11149.6
1421.85	11149.5
1422.92	11140.8
1423.99	11129.4
1425.06	11107.3
1426.14	11095
1427.21	11093.4
1428.28	11102.2
1429.35	11120.2
1430.42	11127.7
1431.49	11122.1
1432.56	11111.9
1433.63	11091.5
1434.7	11069.1
1435.77	11057.5
1436.84	11051.5
1437.91	11055.8
1438.98	11058.5
1440.05	11061.6
1441.12	11065.4
1442.18	11065.1
1443.25	11063.7
1444.32	11063
1445.39	11061.9
1446.46	11060.2
1447.53	11058.1
1448.59	11054.6
1449.66	11049.4
1450.73	11041.5
1451.8	11031.8
1452.86	11019.7
1453.93	11006
1455	10995.4
1456.06	10987.3
1457.13	10986.9
1458.2	10984.8
1459.26	10985.7
1460.33	10988.1
1461.39	10992.5
1462.46	10998.1
1463.52	10993.3
1464.59	10986.3
1465.65	10980.5
1466.72	10987.7
1467.78	10994.1
1468.85	10987.8
1469.91	10976.1
1470.98	10965.8
1472.04	10946.3
1473.1	10938.8
1474.17	10925.6
1475.23	10930.3
1476.3	10942.6
1477.36	10955.7
1478.42	10950.4
1479.48	10934.9
1480.55	10910.2
1481.61	10884.8
1482.67	10876
1483.73	10916.7
1484.8	10924
1485.86	10934.9
1486.92	10934.4
1487.98	10933.8
1489.04	10916
1490.1	10900
1491.17	10887.4
1492.23	10878.5
1493.29	10878.1
1494.35	10876.9
1495.41	10875.6
1496.47	10874.1
1497.53	10872.2
1498.59	10868.6
1499.65	10861.1
1500.71	10851.1
1501.77	10830.8
1502.83	10810.2
1503.88	10800.2
1504.94	10799.4
1506	10794.2
1507.06	10791.1
1508.12	10785.8
1509.18	10776.5
1510.23	10766.5
1511.29	10756.7
1512.35	10746.7
1513.41	10736.9
1514.47	10730.1
1515.52	10739.5
1516.58	10747.7
1517.64	10755.8
1518.69	10755.6
1519.75	10754.2
1520.81	10750.9
1521.86	10741.2
1522.92	10728.4
1523.97	10715.9
1525.03	10705
1526.08	10696.4
1527.14	10689.2
1528.2	10683.7
1529.25	10680.6
1530.31	10676.1
1531.36	10668.4
1532.42	10660.3
1533.47	10650.1
1534.52	10647.9
1535.58	10646.1
1536.63	10648.2
1537.69	10652.5
1538.74	10656
1539.79	10662.7
1540.84	10658.7
1541.9	10652
1542.95	10644.4
1544	10622.4
1545.06	10604.6
1546.11	10587.4
1547.16	10590.8
1548.21	10591.2
1549.27	10591.2
1550.32	10603.3
1551.37	10607.6
1552.42	10607.7
1553.47	10603.1
1554.52	10596.9
1555.57	10591.5
1556.62	10587.7
1557.67	10587.1
1558.72	10587.4
1559.77	10589
1560.82	10592.4
1561.87	10596.7
1562.92	10600.7
1563.97	10598.1
1565.02	10592.5
1566.07	10591
1567.12	10589
1568.17	10584.5
1569.22	10580.5
1570.27	10575.7
1571.32	10571.5
1572.36	10571.1
1573.41	10574.8
1574.46	10578
1575.51	10575.8
1576.56	10570.2
1577.6	10563
1578.65	10554.2
1579.7	10546.8
1580.74	10538.2
1581.79	10535.8
1582.84	10548.1
1583.88	10533.3
1584.93	10516.7
1585.98	10480.3
1587.02	10448.5
1588.07	10424.8
1589.11	10429.8
1590.16	10459.9
1591.2	10497.4
1592.25	10529.5
1593.29	10532.2
1594.34	10515.7
1595.38	10459.9
1596.43	10448
1597.47	10441.4
1598.52	10441.9
1599.56	10449.2
1600.6	10444.3
1601.65	10440.4
1602.69	10431.3
1603.73	10416.3
1604.78	10395.3
1605.82	10378.1
1606.86	10365.1
1607.91	10355.8
1608.95	10350.2
1609.99	10348
1611.03	10349.1
1612.08	10353.2
1613.12	10352.7
1614.16	10338.1
1615.2	10325.6
1616.24	10316.8
1617.28	10309
1618.32	10301.7
1619.36	10294.6
1620.41	10288.2
1621.45	10281.7
1622.49	10274.5
1623.53	10266.3
1624.57	10256
1625.61	10244.1
1626.65	10230.8
1627.69	10215.7
1628.73	10198.8
1629.76	10181.1
1630.8	10165
1631.84	10152.3
1632.88	10203.3
1633.92	10197.1
1634.96	10177.4
1636	10152.6
1637.03	10129.4
1638.07	10112.1
1639.11	10099.7
1640.15	10090.5
1641.19	10083.7
1642.22	10079.5
1643.26	10078.8
1644.3	10080.6
1645.33	10084.4
1646.37	10090.4
1647.41	10096.2
1648.44	10101.5
1649.48	10102.1
1650.52	10101.9
1651.55	10099.7
1652.59	10095.5
1653.62	10084.4
1654.66	10071.6
1655.69	10059.4
1656.73	10048.9
1657.76	10044.7
1658.8	10043.1
1659.83	10038.5
1660.87	10028.2
1661.9	10018.2
1662.93	10007.6
1663.97	10001.1
1665	9996.52
1666.04	9994.33
1667.07	9995.8
1668.1	9999.06
1669.14	10001
1670.17	10000.7
1671.2	9992.2
1672.23	9985.63
1673.27	9979.26
1674.3	9973.94
1675.33	9969.05
1676.36	9965.02
1677.39	9961.47
1678.43	9957.64
1679.46	9951.98
1680.49	9942.2
1681.52	9930.37
1682.55	9920.11
1683.58	9916.85
1684.61	9927.92
1685.64	9935.72
1686.67	9946.39
1687.7	9945.46
1688.73	9930.72
1689.76	9902.1
1690.79	9871.21
1691.82	9856.27
1692.85	9850.61
1693.88	9877.89
1694.91	9912.67
1695.94	9871.82
1696.97	9861.36
1698	9854.26
1699.02	9852.29
1700.05	9853.99
1701.08	9859.2
1702.11	9865.74
1703.14	9868.52
1704.16	9869.88
1705.19	9868.4
1706.22	9851.75
1707.25	9831.45
1708.27	9820.72
1709.3	9808.84
1710.33	9803.68
1711.35	9792.09
1712.38	9774.29
1713.41	9752.54
1714.43	9734.24
1715.46	9726.84
1716.48	9720.31
1717.51	9714.03
1718.53	9719.94
1719.56	9723.91
1720.58	9721.89
1721.61	9718.39
1722.63	9714.12
1723.66	9709.95
1724.68	9706.31
1725.71	9702.47
1726.73	9698.34
1727.75	9694.54
1728.78	9681.12
1729.8	9665.4
1730.83	9652.65
1731.85	9637.28
1732.87	9644.08
1733.89	9644.91
1734.92	9640.2
1735.94	9628.42
1736.96	9596.42
1737.98	9594.23
1739.01	9604.86
1740.03	9608.45
1741.05	9605.2
1742.07	9597.19
1743.09	9590.8
1744.12	9580.87
1745.14	9569.24
1746.16	9557.43
1747.18	9546.48
1748.2	9535.69
1749.22	9528.17
1750.24	9519.47
1751.26	9512.01
1752.28	9505.92
1753.3	9501.13
1754.32	9498.85
1755.34	9497.91
1756.36	9499.32
1757.38	9502.59
1758.4	9507.31
1759.42	9512.02
1760.44	9511.18
1761.45	9505.04
1762.47	9487.76
1763.49	9468.95
1764.51	9448.72
1765.53	9422.39
1766.55	9407.73
1767.56	9401.84
1768.58	9402.44
1769.6	9399.01
1770.61	9394.24
1771.63	9389.11
1772.65	9384.53
1773.67	9379.96
1774.68	9375.27
1775.7	9370.62
1776.72	9365.94
1777.73	9361.23
1778.75	9356.58
1779.76	9351.65
1780.78	9346.56
1781.79	9341.44
1782.81	9337.41
1783.83	9340.49
1784.84	9345.83
1785.85	9341.77
1786.87	9345.06
1787.88	9341.05
1788.9	9327.44
1789.91	9309.05
1790.93	9290.06
1791.94	9286.34
1792.95	9288.9
1793.97	9291.84
1794.98	9292.05
1796	9281.79
1797.01	9269.84
1798.02	9256.25
1799.03	9240.91
1800.05	9224.28
1801.06	9204.29
1802.07	9209.75
1803.08	9207.75
1804.1	9205.27
1805.11	9201.36
1806.12	9203.5
1807.13	9182.07
1808.14	9187.02
1809.15	9273.74
1810.17	9129.12
1811.18	9158.8
1812.19	9158.38
1813.2	9151.71
1814.21	9142.91
1815.22	9139.9
1816.23	9134.82
1817.24	9128.61
1818.25	9121.36
1819.26	9113.44
1820.27	9104.38
1821.28	9096.14
1822.29	9083.91
1823.3	9033.91
1824.3	9036.64
1825.31	9045.62
1826.32	9045.42
1827.33	9035.86
1828.34	9019.33
1829.35	9002.6
1830.35	8973.43
1831.36	8949.64
1832.37	8935.92
1833.38	8923
1834.38	8935.2
1835.39	8962.86
1836.4	8997.94
1837.41	8979.54
1838.41	8966.01
1839.42	8968.09
1840.43	8960.73
1841.43	8952.13
1842.44	8938.57
1843.44	8923.47
1844.45	8909.4
1845.46	8895.73
1846.46	8882.6
1847.47	8871.03
1848.47	8864.46
1849.48	8859.44
1850.48	8858.15
1851.49	8858.88
1852.49	8860.06
1853.49	8856.59
1854.5	8851.41
1855.5	8844.18
1856.51	8835.27
1857.51	8824.23
1858.51	8812.07
1859.52	8801.98
1860.52	8788.67
1861.52	8776.27
1862.53	8767.39
1863.53	8762.76
1864.53	8761.12
1865.54	8762.19
1866.54	8760.5
1867.54	8761.83
1868.54	8763.05
1869.54	8765.08
1870.55	8767.24
1871.55	8768.61
1872.55	8767.7
1873.55	8751.73
1874.55	8728.27
1875.55	8706.08
1876.55	8687.86
1877.55	8674.72
1878.55	8667.22
1879.55	8664.51
1880.56	8672.82
1881.55	8689.85
1882.56	8705.38
1883.55	8714.37
1884.55	8664.1
1885.55	8643
1886.55	8624.79
1887.55	8621.93
1888.55	8626.43
1889.55	8629.89
1890.55	8635.59
1891.55	8636.14
1892.55	8622.66
1893.54	8614.82
1894.54	8606.32
1895.54	8598.34
1896.54	8591.11
1897.54	8584.95
1898.53	8579.6
1899.53	8575.8
1900.53	8573.41
1901.52	8571.73
1902.52	8570.49
1903.52	8567.08
1904.51	8555.08
1905.51	8542.01
1906.51	8526.63
1907.5	8508.94
1908.5	8488.71
1909.49	8474.26
1910.49	8464.37
1911.49	8453.38
1912.48	8456.45
1913.48	8469.71
1914.47	8466.85
1915.46	8461.35
1916.46	8454.04
1917.45	8443.51
1918.45	8437.49
1919.44	8438.76
1920.44	8436.89
1921.43	8431.54
1922.43	8422.3
1923.42	8409.46
1924.41	8393.19
1925.41	8373.77
1926.4	8351.44
1927.39	8326.82
1928.38	8315.61
1929.38	8316.65
1930.37	8324.46
1931.36	8332.38
1932.35	8317.36
1933.35	8300.64
1934.34	8281.25
1935.33	8270.98
1936.32	8262.41
1937.31	8259.15
1938.3	8257.36
1939.29	8258.06
1940.29	8259.68
1941.28	8259.48
1942.27	8250.05
1943.26	8239.22
1944.25	8225.85
1945.24	8208.92
1946.23	8190.86
1947.22	8175.43
1948.21	8172.91
1949.2	8171.76
1950.19	8171.54
1951.18	8169.84
1952.17	8165.2
1953.16	8157.64
1954.14	8147.56
1955.13	8137.18
1956.12	8129.64
1957.11	8122.62
1958.1	8116.29
1959.09	8110.2
1960.07	8103.42
1961.06	8095.79
1962.05	8086.75
1963.04	8075.55
1964.02	8063.16
1965.01	8053.51
1966	8044.64
1966.99	8040.29
1967.97	8046.45
1968.96	8043
1969.95	8038.83
1970.93	8032.96
1971.92	8026.56
1972.9	8018.62
1973.89	8017.43
1974.88	8021.5
1975.86	8013.75
1976.85	8010.12
1977.83	8002.14
1978.82	7991.43
1979.8	7978.75
1980.79	7971.16
1981.77	7965.74
1982.76	7968.15
1983.74	7977.61
1984.72	7986.39
1985.71	7987.81
1986.69	7979.91
1987.67	7964
1988.66	7945.71
1989.64	7922.94
1990.62	7900.5
1991.61	7878.01
1992.59	7872.32
1993.57	7871.09
1994.56	7868.15
1995.54	7864.71
1996.52	7858.87
1997.5	7852.08
1998.49	7844.61
1999.47	7837.69
2000.45	7831.63
2001.43	7826.24
2002.41	7825.89
2003.39	7825.17
2004.38	7824.99
2005.36	7826.06
2006.34	7824.04
2007.32	7815.37
2008.3	7799.92
2009.28	7785.91
2010.26	7772.14
2011.24	7758.97
2012.22	7746.55
2013.2	7735.17
2014.18	7725.55
2015.16	7716.44
2016.14	7708.53
2017.12	7701.58
2018.1	7695.88
2019.07	7691.52
2020.05	7689.41
2021.03	7691.35
2022.01	7702.46
2022.99	7712.18
2023.97	7720.37
2024.95	7722.56
2025.92	7702.01
2026.9	7651.85
2027.88	7626.84
2028.86	7610.21
2029.83	7608.81
2030.81	7607.29
2031.79	7612.77
2032.76	7610.9
2033.74	7603.03
2034.72	7584.1
2035.69	7571.66
2036.67	7560.96
2037.65	7559.72
2038.62	7557.21
2039.6	7553.78
2040.57	7549.3
2041.55	7544.11
2042.52	7537.5
2043.5	7529.65
2044.47	7521.01
2045.45	7511.89
2046.42	7507.82
2047.4	7520
2048.37	7491.66
2049.35	7461.66
2050.32	7449.6
2051.29	7446.89
2052.27	7450.32
2053.24	7443.15
2054.21	7437.57
2055.19	7430.48
2056.16	7422.25
2057.13	7412.13
2058.11	7400.89
2059.08	7388.19
2060.05	7379.94
2061.02	7375.46
2062	7374.46
2062.97	7372.84
2063.94	7367.65
2064.91	7360.53
2065.89	7352.48
2066.86	7341.17
2067.83	7335.43
2068.8	7332.52
2069.77	7333.07
2070.74	7333.62
2071.71	7327.76
2072.68	7313.65
2073.65	7300.65
2074.62	7290.54
2075.59	7282.43
2076.56	7275.02
2077.53	7269.79
2078.5	7266.32
2079.47	7264.35
2080.44	7265.35
2081.41	7264.48
2082.38	7255.26
2083.35	7241.74
2084.32	7226.79
2085.29	7218.87
2086.26	7209.21
2087.23	7200.43
2088.19	7193.45
2089.16	7186.9
2090.13	7182.24
2091.1	7179.67
2092.07	7175.51
2093.03	7168.67
2094	7147.65
2094.97	7143.34
2095.94	7140.12
2096.9	7136.27
2097.87	7131.31
2098.84	7118.65
2099.8	7103.83
2100.77	7089.65
2101.74	7076.9
2102.7	7069.73
2103.67	7073.82
2104.63	7073.57
2105.6	7070.33
2106.56	7065
2107.53	7058.01
2108.49	7050.14
2109.46	7040.26
2110.42	7028.32
2111.39	7016.61
2112.35	7006.93
2113.32	6999.38
2114.28	6993.75
2115.25	6989.39
2116.21	6985.88
2117.17	6983.39
2118.14	6980.85
2119.1	6976.94
2120.07	6971.55
2121.03	6964.4
2121.99	6955.18
2122.96	6944.19
2123.92	6931.23
2124.88	6916.23
2125.84	6899.87
2126.81	6882.78
2127.77	6875.83
2128.73	6880.66
2129.69	6889.27
2130.65	6900.99
2131.62	6901.02
2132.58	6887.34
2133.54	6874.85
2134.5	6865.93
2135.46	6859.27
2136.42	6854.71
2137.38	6850.43
2138.34	6843.67
2139.3	6834.44
2140.26	6821.58
2141.22	6804.88
2142.18	6782.85
2143.14	6768
2144.1	6761.36
2145.06	6763.88
2146.02	6763.78
2146.98	6768.11
2147.94	6774.81
2148.9	6776.53
2149.86	6773.35
2150.82	6763.99
2151.78	6752.17
2152.74	6741.62
2153.69	6732.25
2154.65	6725.25
2155.61	6720.28
2156.57	6716.69
2157.53	6713.99
2158.48	6702.35
2159.44	6688.67
2160.4	6674.68
2161.36	6661.16
2162.31	6648.33
2163.27	6635.54
2164.23	6623.05
2165.18	6610.5
2166.14	6598.03
2167.1	6585.06
2168.05	6572.29
2169.01	6558.95
2169.96	6546.08
2170.92	6533.94
2171.88	6524.65
2172.83	6522.99
2173.79	6520.05
2174.74	6503.53
2175.7	6499.25
2176.65	6494.93
2177.6	6490.19
2178.56	6485.02
2179.51	6479.09
2180.47	6472.51
2181.42	6461.09
2182.38	6460.11
2183.33	6456.32
2184.28	6451.12
2185.24	6441.82
2186.19	6427.26
2187.14	6415.13
2188.1	6401.36
2189.05	6392.51
2190	6386.04
2190.96	6384.11
2191.91	6382.41
2192.86	6382.12
2193.81	6376.95
2194.76	6369.81
2195.72	6362.48
2196.67	6354.28
2197.62	6344.66
2198.57	6335.25
2199.52	6330.02
2200.47	6331.14
2201.43	6330.5
2202.38	6326.4
2203.33	6320.37
2204.28	6313.85
2205.23	6305.53
2206.18	6295.65
2207.13	6284.6
2208.08	6272.08
2209.03	6260.06
2209.98	6254.57
2210.93	6249.6
2211.88	6250.85
2212.83	6250.58
2213.78	6246.41
2214.73	6232.28
2215.67	6218.95
2216.62	6203.88
2217.57	6191.88
2218.52	6189.03
2219.47	6202.03
2220.42	6199.78
2221.37	6194.75
2222.31	6192.34
2223.26	6189.55
2224.21	6186.26
2225.16	6181.86
2226.1	6176.33
2227.05	6169.59
2228	6161.25
2228.94	6151.65
2229.89	6139.6
2230.84	6131.37
2231.78	6130.26
2232.73	6128.59
2233.68	6124.09
2234.62	6118.71
2235.57	6112
2236.51	6105.13
2237.46	6098.95
2238.41	6092.25
2239.35	6086.86
2240.3	6084.16
2241.24	6087.15
2242.19	6087.84
2243.13	6085.01
2244.07	6082.1
2245.02	6075.8
2245.96	6076.69
2246.91	6080.41
2247.85	6082.56
2248.8	6084.03
2249.74	6080.55
2250.68	6076.24
2251.63	6072.74
2252.57	6070.79
2253.51	6063.9
2254.46	6053.92
2255.4	6043.16
2256.34	6034.91
2257.28	6029.25
2258.23	6024.63
2259.17	6021.7
2260.11	6019.25
2261.05	6018.85
2262	6019.82
2262.94	6015.37
2263.88	6005.33
2264.82	5995.86
2265.76	5989.02
2266.7	5983.01
2267.64	5979.48
2268.58	5977.65
2269.53	5977.44
2270.47	5978.13
2271.41	5979.51
2272.35	5980.2
2273.29	5980.2
2274.23	5980.62
2275.17	5981.68
2276.11	5981.9
2277.05	5980.91
2277.99	5978.53
2278.93	5975.32
2279.86	5969.88
2280.8	5964.63
2281.74	5960.31
2282.68	5957.23
2283.62	5956.52
2284.56	5955.64
2285.5	5952.21
2286.44	5946.91
2287.37	5943.14
2288.31	5940.99
2289.25	5938.69
2290.19	5937.15
2291.12	5936.29
2292.06	5936.42
2293	5938.15
2293.94	5942.53
2294.87	5958.68
2295.81	5956.64
2296.75	5946.8
2297.68	5936.29
2298.62	5929.18
2299.55	5924.76
2300.49	5920.58
2301.43	5919.11
2302.36	5918.28
2303.3	5913.85
2304.23	5905.02
2305.17	5892.06
2306.1	5875.19
2307.04	5856.7
2307.98	5851.13
2308.91	5849.87
2309.84	5852.53
2310.78	5858.88
2311.71	5867.22
2312.65	5874.45
2313.58	5869.85
2314.52	5857.23
2315.45	5845.39
2316.38	5834.84
2317.32	5825.65
2317.72	5821.95
2318.66	5814.76
2319.6	5808.23
2320.54	5802.51
2321.48	5797.66
2322.41	5793.9
2323.35	5790.61
2324.29	5787.13
2325.23	5781.3
2326.16	5772.19
2327.1	5760.34
2328.04	5748.1
2328.97	5738.45
2329.91	5728.37
2330.85	5716.18
2331.78	5702.44
2332.72	5702.31
2333.66	5698.93
2334.59	5700.66
2335.53	5706.08
2336.46	5709.55
2337.4	5707.79
2338.33	5704.11
2339.27	5696.85
2340.2	5686.97
2341.14	5672.56
2342.07	5660.24
2343.01	5651
2343.94	5644.53
2344.88	5640.72
2345.81	5639.79
2346.75	5642.57
2347.68	5638.72
2348.61	5631.11
2349.55	5618.07
2350.48	5611.58
2351.41	5613.8
2352.35	5623.35
2353.28	5639.58
2354.21	5623.41
2355.15	5624.06
2356.08	5625.49
2357.01	5625.61
2357.94	5623.88
2358.88	5621.16
2359.81	5627.64
2360.74	5619
2361.67	5598.67
2362.6	5578.08
2363.54	5557.64
2364.47	5537.61
2365.4	5529.07
2366.33	5537.88
2367.26	5539.14
2368.19	5539.22
2369.12	5539.44
2370.05	5537.47
2370.98	5534.91
2371.91	5529.47
2372.84	5522.02
2373.77	5518.86
2374.7	5517.76
2375.63	5522.01
2376.56	5522.26
2377.49	5519.09
2378.42	5515.67
2379.35	5512.63
2380.28	5509.2
2381.21	5505.78
2382.14	5500.93
2383.07	5499.54
2384	5508.34
2384.92	5533.47
2385.85	5532.3
2386.78	5520.41
2387.71	5500.47
2388.64	5469.88
2389.56	5473.18
2390.49	5470.49
2391.42	5466.85
2392.35	5462.49
2393.27	5460.88
2394.2	5460.5
2395.13	5454.42
2396.05	5445.53
2396.98	5433.06
2397.91	5422.01
2398.83	5416.03
2399.76	5412.56
2400.69	5410.34
2401.61	5409.9
2402.54	5410.55
2403.46	5413.48
2404.39	5415.83
2405.31	5415.21
2406.24	5413.5
2407.17	5407.45
2408.09	5404.69
2409.01	5401.77
2409.94	5398.62
2410.86	5395.22
2411.79	5391.56
2412.71	5387.69
2413.64	5383.62
2414.56	5379.34
2415.49	5373.9
2416.41	5367.58
2417.33	5360.18
2418.26	5351.63
2419.18	5341.51
2420.1	5330.25
2421.03	5317.63
2421.95	5304.19
2422.87	5288.71
2423.79	5281.97
2424.72	5283.49
2425.64	5285.76
2426.56	5288.71
2427.48	5287.84
2428.41	5286.15
2429.33	5282.95
2430.25	5278.79
2431.17	5273.83
2432.09	5267.93
2433.01	5261.33
2433.93	5253.78
2434.86	5245.15
2435.78	5235.09
2436.7	5223.88
2437.62	5211.46
2438.54	5197.61
2439.46	5184.52
2440.38	5176.6
2441.3	5180.28
2442.22	5184.88
2443.14	5193.6
2444.06	5200.01
2444.98	5199.78
2445.9	5192.14
2446.82	5180.23
2447.73	5167.99
2448.65	5153.6
2449.57	5133.57
2450.49	5125.53
2451.41	5124.87
2452.33	5121.8
2453.25	5118.98
2454.17	5120.88
2455.08	5118.09
2456	5112.56
2456.92	5107.99
2457.84	5101.62
2458.75	5089.71
2459.67	5081.89
2460.59	5085.77
2461.51	5088.56
2462.42	5094.08
2463.34	5097.36
2464.26	5092.46
2465.17	5083.9
2466.09	5072.39
2467	5058.11
2467.92	5040.78
2468.84	5034.2
2469.75	5039.58
2470.67	5044.27
2471.58	5048.99
2472.5	5048.86
2473.42	5044.97
2474.33	5035.02
2475.25	5012.65
2476.16	4995.17
2477.08	4978.64
2477.99	4972.22
2478.9	4965
2479.82	5007.74
2480.73	5015.2
2481.65	5012.03
2482.56	5012.77
2483.47	5007.68
2484.39	5001.17
2485.3	4993.46
2486.22	4987.22
2487.13	4981.32
2488.04	4976.36
2488.96	4971.05
2489.87	4966.74
2490.78	4963.05
2491.69	4961.67
2492.61	4965.19
2493.52	4969
2494.43	4971.76
2495.34	4962.1
2496.25	4949.06
2497.17	4938.56
2498.08	4923.97
2498.99	4911.27
2499.9	4904.84
2500.81	4904.99
2501.72	4910.66
2502.63	4915.22
2503.55	4918.22
2504.46	4920.17
2505.37	4918.33
2506.28	4910.87
2507.19	4899.38
2508.1	4883.97
2509.01	4877.58
2509.92	4872.19
2510.83	4872.82
2511.74	4875.12
2512.65	4881.84
2513.56	4888.21
2514.47	4887.77
2515.37	4885.25
2516.28	4878.15
2517.19	4869.47
2518.1	4858.21
2519.01	4846.21
2519.92	4848.46
2520.83	4850.38
2521.73	4851.32
2522.64	4849.33
2523.55	4846.11
2524.46	4842.37
2525.37	4838.65
2526.27	4834.11
2527.18	4828.83
2528.09	4822.32
2529	4815.6
2529.9	4808.3
2530.81	4801.01
2531.72	4795.71
2532.62	4793.37
2533.53	4796.24
2534.44	4796.51
2535.34	4795.15
2536.25	4792.13
2537.15	4787.34
2538.06	4780.94
2538.96	4772.88
2539.87	4763.33
2540.78	4751.92
2541.68	4745.15
2542.59	4754.33
2543.49	4754.94
2544.4	4755.94
2545.3	4753.54
2546.21	4749.2
2547.11	4742.64
2548.01	4735.02
2548.92	4726.43
2549.82	4717.34
2550.73	4718.63
2551.63	4719.89
2552.53	4717.83
2553.44	4712.83
2554.34	4704.63
2555.24	4693.99
2556.15	4681.24
2557.05	4673.68
2557.95	4670.48
2558.86	4672.42
2559.76	4679.87
2560.66	4678
2561.56	4668.21
2562.46	4650.82
2563.37	4635.96
2564.27	4622.91
2565.17	4612.77
2566.07	4610.75
2566.97	4606.67
2567.88	4600.64
2568.78	4594.96
2569.68	4590.55
2570.58	4587.19
2571.48	4584.9
2572.38	4583.67
2573.28	4583.76
2574.18	4585.14
2575.08	4587.89
2575.98	4585.56
2576.88	4576.52
2577.78	4567.36
2578.68	4556.79
2579.58	4543.39
2580.48	4530.37
2581.38	4522.1
2582.28	4518.41
2583.18	4516.89
2584.08	4516.35
2584.98	4516.25
2585.88	4516.6
2586.77	4517.51
2587.67	4518.89
2588.57	4520.05
2589.47	4521.18
2590.37	4521
2591.27	4518.51
2592.16	4512.87
2593.06	4502.95
2593.96	4491.44
2594.86	4478.89
2595.75	4467.99
2596.65	4457.31
2597.55	4459.92
2598.45	4459.95
2599.34	4462.15
2600.24	4465.07
2601.13	4469.13
2602.03	4466.24
2602.93	4456.62
2603.82	4440.5
2604.72	4419.11
2605.62	4390
2606.51	4408.1
2607.41	4413.04
2608.3	4415.84
2609.2	4417.08
2610.09	4416.31
2610.99	4412.76
2611.88	4406.74
2612.78	4398.63
2613.67	4389.08
2614.57	4380.06
2615.46	4378.03
2616.36	4379.4
2617.25	4379.35
2618.14	4382.78
2619.04	4385.14
2619.93	4385.59
2620.83	4384.16
2621.72	4380.34
2622.61	4374.63
2623.5	4367.14
2624.4	4358.28
2625.29	4348.69
2626.18	4337.31
2627.08	4326.14
2627.97	4322.51
2628.86	4323.16
2629.75	4328.47
2630.65	4337.39
2631.54	4331.9
2632.43	4316.93
2633.32	4303.18
2634.21	4288.62
2635.11	4274
2636	4256.87
2636.89	4243.26
2637.78	4234.18
2638.67	4228.98
2639.56	4227.7
2640.45	4230.2
2641.34	4237.07
2642.23	4240.84
2643.12	4234.21
2644.01	4219.37
2644.9	4202.85
2645.79	4188.81
2646.68	4179.86
2647.57	4174.31
2648.46	4171.63
2649.35	4173.72
2650.24	4179
2651.13	4188.63
2652.02	4198.99
2652.91	4191.59
2653.8	4173.46
2654.69	4166.52
2655.58	4161.9
2656.46	4158.45
2657.35	4156.73
2658.24	4152.25
2659.13	4138.33
2660.02	4116.98
2660.9	4116.82
2661.79	4139.05
2662.68	4131.25
2663.57	4116.51
2664.45	4110.09
2665.34	4107.88
2666.23	4108.44
2667.11	4109.96
2668	4112.23
2668.89	4114.8
2669.77	4118.48
2670.66	4122.83
2671.55	4117.28
2672.43	4114.7
2673.32	4102.95
2674.21	4088.33
2675.09	4081.26
2675.98	4078.26
2676.86	4083.95
2677.75	4092.66
2678.63	4099.91
2679.52	4106.32
2680.4	4016.71
2681.29	4029.65
2682.17	4036.3
2683.06	4032.3
2683.94	4022.9
2684.82	4016.11
2685.71	4012.72
2686.59	4012.04
2687.48	4013.85
2688.36	4011.26
2689.24	4007.83
2690.13	4002.03
2691.01	3994.25
2691.89	3984.77
2692.78	3976.68
2693.66	3969.48
2694.54	3962.97
2695.43	3957.1
2696.31	3951.91
2697.19	3947.35
2698.07	3943.73
2698.96	3941.05
2699.84	3945.95
2700.72	3949.29
2701.6	3943.63
2702.48	3936.45
2703.36	3927.58
2704.25	3918.27
2705.13	3909.84
2706.01	3901.04
2706.89	3892.4
2707.77	3884.45
2708.65	3877.43
2709.53	3871.58
2710.41	3867.2
2711.29	3864.63
2712.17	3864.62
2713.05	3866.6
2713.93	3870.63
2714.81	3875.58
2715.69	3878.74
2716.57	3880.64
2717.45	3875.03
2718.33	3867.02
2719.21	3850.85
2720.09	3844.11
2720.97	3835.12
2721.85	3831.5
2722.73	3833.13
2723.61	3834.49
2724.48	3836.64
2725.36	3835.21
2726.24	3832.91
2727.12	3828.46
2728	3822.23
2728.88	3814.08
2729.75	3804.01
2730.63	3791.95
2731.51	3784.07
2732.39	3783.99
2733.26	3785.31
2734.14	3788.71
2735.02	3800.14
2735.89	3796.95
2736.77	3785.84
2737.65	3780.63
2738.52	3776.64
2739.4	3773.64
2740.28	3771.93
2741.15	3771.45
2742.03	3772.1
2742.9	3774.47
2743.78	3776.74
2744.65	3765.6
2745.53	3758.04
2746.41	3746.69
2747.28	3737.64
2748.16	3729.59
2749.03	3729.2
2749.91	3731.54
2750.78	3738.57
2751.66	3741.22
2752.53	3736.5
2753.4	3727.09
2754.28	3720.78
2755.15	3716.03
2756.02	3716.36
2756.9	3715.13
2757.77	3713.06
2758.65	3709.69
2759.52	3705.66
2760.39	3705.45
2761.27	3693.37
2762.14	3678.05
2763.01	3668.31
2763.88	3666.87
2764.76	3673.38
2765.63	3680.83
2766.5	3672.31
2767.37	3663.44
2768.25	3657.59
2769.12	3654.8
2769.99	3653.85
2770.86	3654.08
2771.73	3650.99
2772.61	3647.21
2773.48	3643.29
2774.35	3636.92
2775.22	3630.16
2776.09	3622.19
2776.96	3613.67
2777.83	3607.86
2778.7	3606.5
2779.57	3605.45
2780.44	3601.08
2781.31	3596.24
2782.18	3591.21
2783.05	3585.13
2783.92	3580.36
2784.79	3577.23
2785.66	3577.15
2786.53	3577.31
2787.4	3579.15
2788.27	3582.46
2789.14	3586.04
2790.01	3586.44
2790.88	3581.27
2791.75	3575.17
2792.62	3569.05
2793.48	3563.05
2794.35	3557.33
2795.22	3551.85
2796.09	3546.43
2796.96	3541.21
2797.82	3536.18
2798.69	3531.39
2799.56	3526.8
2800.43	3522.42
2801.29	3518.16
2802.16	3513.98
2803.03	3509.71
2803.9	3505.85
2804.76	3501.38
2805.63	3496.48
2806.5	3490.85
2807.36	3485.18
2808.23	3479.74
2809.09	3474.69
2809.96	3469.65
2810.83	3464.54
2811.69	3462.22
2812.56	3462.08
2813.42	3462.22
2814.29	3463.65
2815.15	3460.66
2816.02	3457.08
2816.88	3452.86
2817.75	3448.31
2818.61	3443.37
2819.48	3439.13
2820.34	3436.02
2821.21	3435.59
2822.07	3434.5
2822.94	3433.54
2823.8	3432.24
2824.66	3430.91
2825.53	3427.69
2826.39	3422.89
2827.26	3422.97
2828.12	3424.65
2828.98	3428.46
2829.85	3429.01
2830.71	3429.02
2831.57	3425.81
2832.43	3419.6
2833.3	3410.46
2834.16	3400.15
2835.02	3384.7
2835.88	3384.32
2836.75	3395.39
2837.61	3390.97
2838.47	3385.39
2839.33	3379.9
2840.19	3375.87
2841.06	3371.87
2841.92	3368.17
2842.78	3364.67
2843.64	3361.28
2844.5	3358.16
2845.36	3354.41
2846.22	3345.6
2847.08	3344.68
2847.94	3343.56
2848.81	3347.61
2849.67	3355.79
2850.53	3360.39
2851.39	3360.44
2852.25	3357.18
2853.11	3349.58
2853.97	3343.67
2854.82	3339.24
2855.68	3335.46
2856.54	3331.84
2857.4	3328.33
2858.26	3324.68
2859.12	3319.9
2859.98	3312.89
2860.84	3304.04
2861.7	3297.19
2862.56	3291.23
2863.41	3286.91
2864.27	3285.64
2865.13	3286.35
2865.99	3290.28
2866.85	3295.54
2867.7	3300.38
2868.56	3305.28
2869.42	3304.01
2870.28	3303.92
2871.13	3295.41
2871.99	3286.59
2872.85	3274.48
2873.7	3263.27
2874.56	3254.43
2875.42	3247.16
2876.27	3241.27
2877.13	3237.89
2877.99	3235.97
2878.84	3236.54
2879.7	3240.32
2880.56	3244.48
2881.41	3246.64
2882.27	3241.44
2883.12	3234.54
2883.98	3225.18
2884.83	3215.4
2885.69	3200.56
2886.54	3211.83
2887.4	3223.34
2888.25	3219.52
2889.11	3213.11
2889.96	3202.96
2890.82	3191.42
2891.67	3180.73
2892.52	3170.72
2893.38	3162.86
2894.23	3160.8
2895.09	3160.07
2895.94	3160.85
2896.79	3163.22
2897.65	3167.72
2898.5	3173.4
2899.35	3168.67
2900.21	3160.09
2901.06	3151.79
2901.91	3144.84
2902.76	3139.49
2903.62	3132.77
2904.47	3128.18
2905.32	3128.13
2906.17	3131.79
2907.03	3139.17
2907.88	3140.9
2908.73	3143.78
2909.58	3145.86
2910.43	3143.07
2911.28	3134.95
2912.14	3122.38
2912.99	3111.66
2913.84	3104.52
2914.69	3100.93
2915.54	3097.41
2916.39	3094.04
2917.24	3090.73
2918.09	3086.52
2918.94	3082.92
2919.79	3079.39
2920.64	3075.61
2921.49	3071.43
2922.34	3066.39
2923.19	3060.61
2924.04	3052.82
2924.89	3046.81
2925.74	3047.2
2926.59	3049.67
2927.44	3052.15
2928.29	3055.03
2929.14	3057.73
2929.98	3054.48
2930.83	3047.5
2931.68	3037.98
2932.53	3028.02
2933.38	3017.63
2934.23	3011.05
2935.07	3006.96
2935.92	3003.68
2936.77	3006.11
2937.62	3005.9
2938.47	3004.37
2939.31	3001.54
2940.16	2997.49
2941.01	2992.37
2941.85	2985.78
2942.7	2979.12
2943.55	2974.54
2944.39	2971.85
2945.24	2969.89
2946.09	2968.17
2946.93	2966.06
2947.78	2964.96
2948.63	2964.02
2949.47	2963.39
2950.32	2962.98
2951.16	2962.51
2952.01	2961.91
2952.85	2959.23
2953.7	2954.24
2954.55	2949.73
2955.39	2945.36
2956.24	2940.27
2957.08	2936.66
2957.92	2933.12
2958.77	2930.47
2959.61	2927.32
2960.46	2921.4
2961.3	2911.26
2962.15	2905.94
2962.99	2905.91
2963.83	2906.1
2964.68	2910.27
2965.52	2910.71
2966.37	2913.34
2967.21	2914.9
2968.05	2908.88
2968.9	2896.28
2969.74	2890.85
2970.58	2893.6
2971.42	2893.65
2972.27	2893.63
2973.11	2897.34
2973.95	2893.99
2974.79	2889.91
2975.64	2883.1
2976.48	2874.07
2977.32	2864.28
2978.16	2856.94
2979	2857.01
2979.85	2857.93
2980.69	2860.67
2981.53	2864.29
2982.37	2864.47
2983.21	2861.9
2984.05	2857.93
2984.89	2854.52
2985.73	2850.48
2986.57	2846.05
2987.41	2841.46
2988.25	2836.31
2989.1	2831.05
2989.94	2825.86
2990.77	2821.79
2991.62	2820.72
2992.45	2822.55
2993.29	2824.41
2994.13	2825.3
2994.97	2826.11
2995.81	2827.24
2996.65	2828.15
2997.49	2850.42
2998.33	2799.89
2999.17	2806.69
