200.833	11132.6
202.102	11235.3
203.371	11180.9
204.639	11191.8
205.907	11194.7
207.175	11213.8
208.442	11232
209.71	11247.3
210.977	11260.5
212.244	11272.4
213.511	11281.4
214.777	11281.6
216.042	11278.4
217.309	11282
218.575	11290.1
219.84	11304.5
221.106	11323.5
222.371	11350.4
223.635	11384.7
224.9	11420.3
226.165	11451.3
227.429	11461.3
228.694	11475.2
229.956	11490
231.22	11507.9
232.484	11529.6
233.747	11554.3
235.011	11581.5
236.272	11616.2
237.535	11646.6
238.798	11671.7
240.06	11685.5
241.321	11694.6
242.583	11696.4
243.845	11707
245.105	11726.1
246.367	11756.5
247.628	11779.5
248.888	11796
250.149	11804.7
251.409	11805.5
252.67	11793.3
253.928	11783.6
255.189	11797.8
256.447	11816
257.707	11836.2
258.966	11863.9
260.224	11868.3
261.483	11865.5
262.742	11859.1
263.999	11849.6
265.257	11883.1
266.514	11920.9
267.772	11945.9
269.028	11949.9
270.286	11954.7
271.543	11951.4
272.799	11986.9
274.056	12007.1
275.311	12018.9
276.568	12025.7
277.823	12036.8
279.079	12043.8
280.333	12054.7
281.589	12065.3
282.843	12080.6
284.099	12097.5
285.352	12116.3
286.607	12135.3
287.86	12152
289.114	12163.9
290.368	12173.8
291.621	12184.5
292.875	12195.2
294.127	12205.9
295.38	12216.7
296.632	12227.2
297.884	12237.8
299.137	12248.5
300.388	12259.5
301.641	12270.7
302.891	12282.2
304.142	12293.7
305.394	12305.1
306.644	12315.9
307.894	12324.3
309.146	12331.4
310.395	12334.6
311.645	12336.9
312.895	12321.5
314.144	12309.9
315.393	12299.8
316.642	12300.9
317.892	12348.2
319.14	12384.6
320.388	12422.5
321.637	12416.9
322.885	12425
324.132	12430.6
325.38	12430.2
326.628	12430.6
327.875	12440
329.122	12452.3
330.368	12465.9
331.614	12479.8
332.862	12496.8
334.108	12499.9
335.353	12495.9
336.599	12493.7
337.844	12495.3
339.089	12506.3
340.335	12527.8
341.58	12549.7
342.824	12569.1
344.068	12588.3
345.312	12604.3
346.556	12617.9
347.8	12628
349.043	12636
350.286	12641.4
351.53	12644.3
352.774	12644.4
354.016	12643.3
355.259	12644.9
356.501	12646.9
357.743	12649.2
358.985	12651.5
360.227	12654.2
361.468	12657.1
362.709	12660.6
363.95	12664.9
365.191	12671.4
366.432	12678.3
367.672	12685.4
368.912	12690.7
370.152	12694.1
371.392	12694
372.632	12686
373.871	12679.2
375.11	12672.9
376.348	12669.7
377.587	12674.9
378.825	12682.7
380.064	12694.1
381.302	12709.3
382.54	12728
383.778	12751.1
385.016	12775.6
386.253	12799.8
387.489	12823
388.726	12843.7
389.963	12852.3
391.199	12859.8
392.436	12863.7
393.672	12865.5
394.907	12865.9
396.142	12866
397.378	12866.7
398.614	12868.6
399.849	12871.9
401.082	12876.5
402.317	12883.2
403.552	12891.9
404.786	12901.7
406.019	12912.6
407.253	12922
408.487	12916.7
409.721	12918.2
410.953	12934.2
412.186	12946.1
413.419	12971.1
414.651	12983.4
415.883	12983.1
417.116	12982.6
418.347	12981.2
419.579	12979.9
420.811	12977
422.041	12989.2
423.272	13002.2
424.504	13022.2
425.733	13040.3
426.964	13055.8
428.194	13068.4
429.424	13076.9
430.654	13056.8
431.883	13044.1
433.113	13031.1
434.341	13031.2
435.571	13035.9
436.799	13048.4
438.028	13061.7
439.257	13072.2
440.484	13088.1
441.713	13094.6
442.94	13082.9
444.168	13084.2
445.394	13090.2
446.622	13099.7
447.848	13110.1
449.076	13121.4
450.301	13131.7
451.528	13142
452.754	13156.2
453.979	13156.6
455.205	13154.1
456.43	13158.3
457.656	13162.3
458.88	13161.9
460.106	13157
461.33	13148.4
462.554	13135.3
463.779	13125.2
465.002	13143.8
466.225	13161.3
467.45	13177.3
468.672	13193.1
469.895	13212.2
471.119	13206.5
472.341	13195.7
473.563	13185.5
474.786	13173.2
476.008	13166
477.229	13168.6
478.452	13166
479.673	13146.8
480.894	13130.2
482.115	13125.9
483.337	13118.5
484.557	13130.1
485.777	13140.8
486.997	13147.7
488.218	13153.1
489.438	13158.1
490.657	13158.7
491.876	13156.1
493.096	13149.1
494.315	13136.7
495.533	13120.2
496.752	13106.5
497.97	13107.4
499.188	13112.6
500.407	13120.5
501.625	13130.5
502.842	13137.8
504.059	13136
505.276	13131.8
506.493	13123.2
507.71	13128
508.926	13139.2
510.142	13157
511.358	13177.5
512.575	13196.2
513.791	13210
515.006	13224.7
516.222	13237.2
517.437	13246.6
518.651	13252.5
519.866	13252.2
521.081	13246.8
522.295	13243.4
523.509	13241.8
524.723	13244.6
525.937	13250.5
527.15	13259.1
528.363	13269.4
529.576	13281
530.789	13293.2
532.002	13304.8
533.215	13316.6
534.426	13328.2
535.638	13339.7
536.85	13349.7
538.061	13348.9
539.273	13331.1
540.484	13321.5
541.695	13318
542.906	13313.7
544.117	13314.1
545.327	13319
546.537	13321.8
547.747	13324.7
548.957	13326.4
550.167	13321.3
551.377	13325.6
552.585	13330.5
553.794	13336.9
555.003	13344.4
556.212	13357.5
557.421	13365.2
558.628	13364.5
559.836	13360.8
561.044	13350
562.252	13346.1
563.458	13344.5
564.666	13346.3
565.873	13357.1
567.08	13363.1
568.286	13367
569.493	13370.1
570.699	13372.6
571.904	13374
573.111	13373.7
574.317	13373
575.521	13372.3
576.727	13372
577.932	13374.3
579.136	13377.2
580.341	13381.1
581.544	13385.8
582.749	13392.8
583.954	13398.4
585.156	13397.9
586.361	13394.3
587.563	13387.5
588.767	13384.3
589.97	13385.9
591.172	13391.6
592.375	13397
593.577	13400.8
594.78	13404.4
595.981	13397.7
597.183	13391.8
598.384	13383.3
599.586	13373.2
600.786	13361.5
601.988	13349.3
603.188	13341.6
604.389	13335.5
605.589	13351.8
606.79	13362.9
607.989	13364.7
609.188	13366.7
610.389	13359.1
611.587	13346.5
612.787	13327.5
613.986	13303.8
615.184	13275.9
616.383	13245.9
617.581	13254.6
618.78	13264.3
619.977	13273.8
621.174	13287.9
622.373	13289.2
623.57	13285.7
624.766	13270.9
625.964	13251.8
627.16	13248.8
628.356	13250.7
629.554	13256.9
630.749	13257.9
631.945	13255
633.14	13246.7
634.337	13237.7
635.532	13226
636.726	13214
637.921	13203.2
639.117	13195.7
640.311	13190.1
641.505	13187.1
642.699	13186.8
643.892	13188.9
645.087	13193.6
646.28	13200.9
647.473	13211.2
648.666	13224.9
649.859	13241.1
651.051	13243.6
652.245	13234.1
653.437	13221.2
654.629	13208.9
655.821	13200.7
657.012	13194.4
658.204	13191
659.395	13189.8
660.586	13195.3
661.777	13205.4
662.967	13211.2
664.158	13212.6
665.349	13199.1
666.539	13187.6
667.729	13184
668.919	13196.4
670.109	13208.3
671.298	13225.7
672.487	13244.7
673.676	13268.8
674.865	13294.7
676.053	13312.7
677.242	13313.4
678.43	13193.8
679.616	13187.3
680.804	13243.3
681.992	13279.6
683.179	13271.8
684.366	13255.3
685.554	13244.4
686.74	13229.8
687.927	13213
689.114	13194.2
690.3	13173.9
691.486	13185.3
692.671	13214.6
693.856	13217.7
695.042	13210.7
696.227	13204.4
697.413	13199.3
698.598	13194.3
699.781	13188.7
700.966	13181.9
702.15	13180.3
703.334	13177
704.518	13172.6
705.701	13158.3
706.885	13134.9
708.068	13124.2
709.252	13119.1
710.433	13121
711.616	13126.5
712.799	13134.6
713.98	13144.7
715.163	13149.5
716.345	13147.9
717.527	13132.3
718.707	13110.9
719.889	13087.7
721.071	13074.3
722.25	13073.9
723.432	13082.4
724.611	13096
725.792	13115.7
726.972	13133.3
728.151	13131.1
729.332	13125.8
730.512	13120
731.69	13116.9
732.87	13115.8
734.048	13117.1
735.227	13121.3
736.405	13125.7
737.584	13128.9
738.761	13137.5
739.94	13149
741.117	13166.1
742.295	13184.5
743.471	13199.1
744.649	13210.4
745.825	13217
747.003	13212
748.179	13206.8
749.356	13202.4
750.531	13207.1
751.708	13212.2
752.883	13217.2
754.059	13217.6
755.234	13212.8
756.409	13203
757.585	13187.3
758.759	13167.1
759.934	13148.9
761.108	13142.9
762.282	13140.7
763.456	13140.3
764.63	13129.9
765.803	13113.5
766.977	13096.8
768.15	13081.3
769.323	13066.9
770.496	13056.7
771.668	13053
772.841	13054.7
774.014	13059.9
775.185	13061.3
776.357	13062.8
777.528	13061.7
778.701	13056.6
779.872	13038.2
781.042	13011.6
782.213	12991.3
783.383	12986.3
784.555	12984.5
785.725	12982.7
786.895	12977.4
788.064	12981.2
789.234	12966.2
790.404	12953.2
791.573	12943.6
792.742	12936.8
793.911	12933.4
795.08	12932.4
796.248	12924.8
797.416	12917.6
798.584	12902.5
799.753	12908.7
800.921	12919.5
802.088	12932.3
803.256	12934.9
804.423	12935.2
805.59	12933.3
806.756	12930.1
807.923	12925.6
809.089	12920.3
810.256	12915.1
811.422	12910.9
812.587	12910.9
813.753	12912
814.918	12915.1
816.084	12921.1
817.249	12929.8
818.414	12937
819.578	12941.6
820.743	12943.6
821.907	12942.9
823.072	12939.9
824.236	12934.4
825.399	12927.1
826.562	12919.4
827.725	12912.2
828.889	12917.2
830.052	12925.2
831.215	12936.7
832.377	12951.2
833.54	12968.4
834.701	12980.8
835.863	12973.4
837.025	12972.6
838.187	12963.9
839.349	12958.5
840.51	12948.8
841.67	12943.3
842.831	12950.6
843.992	12962.7
845.153	12970.6
846.312	12965.5
847.473	12960.1
848.633	12945.7
849.793	12919.4
850.951	12893.9
852.111	12879.8
853.27	12873
854.428	12872.4
855.588	12890.1
856.747	12884.8
857.904	12877.8
859.063	12861.8
860.221	12843.7
861.378	12810.2
862.536	12787.1
863.694	12762.2
864.85	12734.9
866.008	12717.1
867.164	12705
868.321	12697.1
869.478	12696.1
870.633	12696
871.79	12695.3
872.945	12693.5
874.101	12690.5
875.256	12684.4
876.412	12677.5
877.566	12669
878.722	12659.3
879.876	12648
881.031	12635.5
882.185	12622.6
883.34	12610.9
884.493	12604.7
885.647	12601.5
886.8	12601.3
887.954	12603.3
889.107	12607.1
890.261	12614.1
891.413	12614.3
892.565	12616.5
893.718	12618.4
894.87	12601.1
896.023	12580.8
897.174	12550.3
898.326	12537.5
899.478	12536.4
900.629	12549.9
901.779	12557
902.931	12562.1
904.081	12564.3
905.231	12566.1
906.383	12555
907.532	12548
908.682	12538.9
909.831	12555.7
910.982	12576.3
912.131	12603
913.28	12595.2
914.429	12595.7
915.578	12595.7
916.727	12590.7
917.875	12567.5
919.023	12570.9
920.171	12575
921.32	12587
922.467	12592.9
923.614	12594.7
924.761	12581.4
925.908	12574.9
927.055	12588.5
928.203	12597.1
929.349	12600.3
930.496	12598
931.642	12590.2
932.787	12576.9
933.933	12561.7
935.079	12545.5
936.224	12534.6
937.369	12529.8
938.514	12527.2
939.659	12525.2
940.804	12524.9
941.948	12527.1
943.092	12530.8
944.236	12534.9
945.38	12531.1
946.524	12511.2
947.667	12498.7
948.811	12485.8
949.954	12472.8
951.097	12458.7
952.24	12449.4
953.383	12443
954.525	12445.2
955.667	12445.6
956.81	12443.9
957.952	12440
959.093	12433.6
960.235	12425.2
961.376	12409.2
962.516	12386.9
963.658	12367.9
964.798	12353
965.939	12342.5
967.08	12342.4
968.22	12345.3
969.359	12353.4
970.499	12366.1
971.639	12384.9
972.779	12388
973.918	12388.1
975.056	12378.1
976.195	12357.3
977.334	12335.8
978.473	12322.6
979.61	12312.5
980.749	12302.8
981.887	12303.9
983.024	12313.6
984.162	12320.9
985.3	12330.1
986.437	12332.1
987.573	12335.8
988.711	12338
989.848	12336.5
990.983	12334.8
992.12	12334.1
993.255	12333.4
994.392	12335.4
995.528	12339.6
996.662	12346.4
997.798	12352.7
998.933	12359.3
1000.07	12366
1001.2	12372.3
1002.34	12370.4
1003.47	12354.3
1004.61	12331.5
1005.74	12289.5
1006.87	12320.7
1008.01	12340.5
1009.14	12353.3
1010.27	12359.2
1011.41	12359
1012.54	12354.3
1013.67	12342.5
1014.81	12334.4
1015.94	12322.3
1017.07	12312.5
1018.2	12315.7
1019.33	12316.3
1020.47	12314.3
1021.6	12310.1
1022.73	12303.7
1023.86	12295.3
1024.99	12285.2
1026.12	12272.5
1027.25	12257.8
1028.38	12242
1029.51	12226.7
1030.64	12212.3
1031.77	12198.2
1032.9	12184.9
1034.03	12171.5
1035.16	12158.5
1036.29	12146.3
1037.42	12135.8
1038.55	12129.2
1039.67	12124.5
1040.8	12123.2
1041.93	12127.7
1043.06	12130.6
1044.19	12129.3
1045.31	12112.6
1046.44	12105.3
1047.57	12098.1
1048.69	12092.3
1049.82	12090.7
1050.95	12090.7
1052.08	12087.8
1053.2	12084.5
1054.33	12064.7
1055.45	12039.3
1056.58	12018.2
1057.7	12000.6
1058.83	11986.9
1059.95	11965.2
1061.08	11965.2
1062.2	11959.3
1063.33	11959.7
1064.45	11955.5
1065.58	11950.3
1066.7	11945.4
1067.83	11941.1
1068.95	11953.5
1070.07	11983.8
1071.2	11998.1
1072.32	12007.6
1073.44	11991.5
1074.56	11982.1
1075.69	11967.7
1076.81	11954.4
1077.93	11944.8
1079.05	11933.4
1080.17	11932
1081.3	11940.2
1082.42	11957.3
1083.54	11984.9
1084.66	12004.5
1085.78	12008.7
1086.9	11980.9
1088.02	11945
1089.14	11934.7
1090.26	11931.8
1091.38	11938.2
1092.5	11941.2
1093.62	11940.7
1094.74	11937.3
1095.86	11935.2
1096.98	11921.9
1098.1	11912.3
1099.22	11907.5
1100.34	11901.8
1101.45	11907.6
1102.57	11910.5
1103.69	11910.4
1104.81	11901.4
1105.93	11896.3
1107.04	11901.9
1108.16	11916.9
1109.28	11926.8
1110.4	11923.2
1111.51	11916.5
1112.63	11902.7
1113.75	11881.1
1114.86	11856.2
1115.98	11839.2
1117.09	11830.9
1118.21	11829.1
1119.32	11828.9
1120.44	11829.1
1121.55	11825.9
1122.67	11810.6
1123.78	11794.9
1124.9	11778
1126.01	11760.1
1127.13	11741.1
1128.24	11721.1
1129.35	11701
1130.47	11720.6
1131.58	11735
1132.7	11743.7
1133.81	11714.4
1134.92	11681.9
1136.03	11649.8
1137.15	11620.9
1138.26	11604.9
1139.37	11593.1
1140.48	11581.9
1141.59	11584.9
1142.71	11600.1
1143.82	11609.3
1144.93	11603.6
1146.04	11601.4
1147.15	11581.1
1148.26	11557.7
1149.37	11517.8
1150.48	11494.9
1151.59	11491.3
1152.7	11495.2
1153.81	11499.1
1154.92	11499.2
1156.03	11494.5
1157.14	11489.7
1158.25	11482.9
1159.36	11474.8
1160.47	11464.5
1161.58	11455.4
1162.68	11453.6
1163.79	11458.1
1164.9	11461
1166.01	11464.2
1167.12	11467.8
1168.22	11472.5
1169.33	11477.5
1170.44	11482.4
1171.55	11486.3
1172.65	11463.5
1173.76	11447.2
1174.87	11441.3
1175.97	11440.2
1177.08	11440
1178.18	11440.2
1179.29	11440.4
1180.4	11442.6
1181.5	11444.6
1182.61	11447.9
1183.71	11450.9
1184.82	11453.2
1185.92	11454.1
1187.02	11452
1188.13	11450
1189.23	11447.9
1190.34	11446.1
1191.44	11450.5
1192.54	11452.8
1193.65	11465.4
1194.75	11478.8
1195.85	11484
1196.96	11473.6
1198.06	11464.1
1199.16	11457.5
1200.26	11452.5
1201.37	11449.4
1202.47	11445.9
1203.57	11443.9
1204.67	11442.3
1205.77	11441.6
1206.87	11441.4
1207.97	11440.9
1209.08	11440.7
1210.18	11439.3
1211.28	11439.1
1212.38	11439.5
1213.48	11440.3
1214.58	11441
1215.68	11442
1216.78	11441.9
1217.88	11435.6
1218.98	11426.7
1220.07	11417
1221.17	11407.3
1222.27	11398
1223.37	11390.5
1224.47	11392.1
1225.57	11391.1
1226.66	11385.2
1227.76	11372.9
1228.86	11351.2
1229.96	11335.3
1231.06	11323.3
1232.15	11311
1233.25	11300.2
1234.35	11290.9
1235.44	11283.4
1236.54	11276.2
1237.63	11268.8
1238.73	11261.5
1239.83	11252.9
1240.92	11245.1
1242.02	11238
1243.11	11232.3
1244.21	11228
1245.3	11225.9
1246.4	11221.7
1247.49	11204.3
1248.59	11192.1
1249.68	11182
1250.78	11178.2
1251.87	11177.8
1252.96	11181.5
1254.06	11189
1255.15	11200.3
1256.24	11215.2
1257.34	11233
1258.43	11204.7
1259.52	11187.5
1260.62	11172.5
1261.71	11160.7
1262.8	11151.3
1263.89	11148.5
1264.98	11164
1266.08	11185.5
1267.17	11205.4
1268.26	11213.1
1269.35	11199.1
1270.44	11187.6
1271.53	11159.7
1272.62	11134.8
1273.71	11113.7
1274.8	11108.8
1275.89	11117.3
1276.98	11128.2
1278.07	11144.7
1279.16	11164.8
1280.25	11164.8
1281.34	11154.8
1282.43	11147.3
1283.52	11142.6
1284.61	11149
1285.69	11152.9
1286.78	11161.1
1287.87	11171.5
1288.96	11175.8
1290.05	11173.5
1291.13	11168.6
1292.22	11160.9
1293.31	11153.1
1294.4	11141.7
1295.48	11148.1
1296.57	11154.3
1297.66	11172.7
1298.74	11190.2
1299.83	11174.6
1300.92	11123
1302	11122.5
1303.09	11135.9
1304.17	11134.6
1305.26	11128.5
1306.34	11120.9
1307.43	11112.5
1308.51	11110.4
1309.6	11108.1
1310.68	11102.4
1311.76	11092.6
1312.85	11095.7
1313.93	11104.2
1315.02	11091.8
1316.1	11083.7
1317.18	11075.8
1318.27	11071.1
1319.35	11067.3
1320.43	11067.7
1321.52	11076.9
1322.6	11078.3
1323.68	11074.2
1324.76	11059.1
1325.85	11043.4
1326.93	11030.7
1328.01	11020.7
1329.09	11016.6
1330.17	11014.3
1331.25	11012
1332.33	11004.1
1333.41	10992.9
1334.49	10977.6
1335.58	10968.2
1336.65	10961.5
1337.74	10960
1338.82	10963.2
1339.89	10967.6
1340.97	10969.1
1342.05	10968.8
1343.13	10960.1
1344.21	10944.6
1345.29	10926.6
1346.37	10908.9
1347.45	10895.9
1348.53	10888.3
1349.6	10888.3
1350.68	10899.3
1351.76	10910
1352.84	10919.4
1353.92	10924.8
1354.99	10925.1
1356.07	10917.6
1357.15	10916.8
1358.22	10911.7
1359.3	10903.5
1360.38	10895.9
1361.45	10887.2
1362.53	10873.9
1363.61	10873.2
1364.68	10881.4
1365.76	10891.4
1366.83	10901.4
1367.91	10915
1368.98	10921.3
1370.06	10919.6
1371.13	10904.1
1372.21	10891.2
1373.28	10881.8
1374.35	10880.4
1375.43	10885.4
1376.5	10893.4
1377.58	10900.5
1378.65	10900.8
1379.72	10898
1380.8	10892.2
1381.87	10882.2
1382.94	10868.9
1384.01	10858.7
1385.09	10853.9
1386.16	10850.3
1387.23	10846.4
1388.3	10844.3
1389.38	10842.8
1390.45	10842.5
1391.52	10843.9
1392.59	10846.6
1393.66	10847.6
1393.92	10847.6
1395	10853
1396.07	10842.3
1397.15	10820.3
1398.22	10794.5
1399.3	10771.8
1400.38	10747.6
1401.45	10752
1402.53	10761.8
1403.6	10776.8
1404.68	10801
1405.75	10796.8
1406.82	10781.5
1407.9	10770.2
1408.97	10758.2
1410.05	10742.7
1411.12	10728.4
1412.19	10713
1413.27	10699.2
1414.34	10687.5
1415.41	10682.4
1416.49	10708.3
1417.56	10724.6
1418.63	10737.6
1419.7	10733.7
1420.78	10701.3
1421.85	10670.1
1422.92	10678.3
1423.99	10676.6
1425.06	10675.1
1426.14	10673.6
1427.21	10671.6
1428.28	10667.2
1429.35	10663.2
1430.42	10643.8
1431.49	10619.2
1432.56	10601
1433.63	10602
1434.7	10613.4
1435.77	10626.1
1436.84	10641.6
1437.91	10648.6
1438.98	10645.3
1440.05	10640.4
1441.12	10632
1442.18	10620.7
1443.25	10608.4
1444.32	10597.5
1445.39	10588.5
1446.46	10580.6
1447.53	10573.8
1448.59	10567.8
1449.66	10563
1450.73	10559.7
1451.8	10559.6
1452.86	10563.1
1453.93	10566.7
1455	10570.2
1456.06	10572.6
1457.13	10573.7
1458.2	10572.1
1459.26	10570.6
1460.33	10567.2
1461.39	10563.4
1462.46	10558.1
1463.52	10549.8
1464.59	10534.4
1465.65	10506.7
1466.72	10507.8
1467.78	10545.8
1468.85	10586.6
1469.91	10574.4
1470.98	10565.2
1472.04	10548.6
1473.1	10528.6
1474.17	10509.1
1475.23	10494.6
1476.3	10487.3
1477.36	10483.5
1478.42	10483.8
1479.48	10489.6
1480.55	10502.5
1481.61	10512.5
1482.67	10517.9
1483.73	10506
1484.8	10496.3
1485.86	10490.4
1486.92	10484.9
1487.98	10478.9
1489.04	10475.2
1490.1	10472.2
1491.17	10470.6
1492.23	10461.6
1493.29	10432.8
1494.35	10436.8
1495.41	10463.8
1496.47	10477.5
1497.53	10458.3
1498.59	10430.7
1499.65	10398.4
1500.71	10378.3
1501.77	10374.7
1502.83	10366.4
1503.88	10361.2
1504.94	10357.5
1506	10356.5
1507.06	10355
1508.12	10351.7
1509.18	10347
1510.23	10340.8
1511.29	10333.2
1512.35	10324.2
1513.41	10314.6
1514.47	10316
1515.52	10331.3
1516.58	10344
1517.64	10348.4
1518.69	10342.7
1519.75	10331.5
1520.81	10316.9
1521.86	10302
1522.92	10288.3
1523.97	10280.7
1525.03	10277.3
1526.08	10275.8
1527.14	10272.5
1528.2	10270.2
1529.25	10268.6
1530.31	10267
1531.36	10264.9
1532.42	10262.4
1533.47	10259.3
1534.52	10255
1535.58	10249.5
1536.63	10240.5
1537.69	10228.3
1538.74	10216.7
1539.79	10207.3
1540.84	10202.3
1541.9	10200.6
1542.95	10201.9
1544	10205.4
1545.06	10212.7
1546.11	10222.6
1547.16	10234.7
1548.21	10245.3
1549.27	10243
1550.32	10230.5
1551.37	10199.2
1552.42	10187.3
1553.47	10182.7
1554.52	10186.2
1555.57	10197
1556.62	10214.5
1557.67	10229.7
1558.72	10232.7
1559.77	10220.7
1560.82	10202.2
1561.87	10179.2
1562.92	10163.5
1563.97	10155.2
1565.02	10158.5
1566.07	10158.5
1567.12	10158.7
1568.17	10156.9
1569.22	10153
1570.27	10148
1571.32	10141.3
1572.36	10133.2
1573.41	10123.5
1574.46	10112.8
1575.51	10102.7
1576.56	10096.5
1577.6	10100.6
1578.65	10103.5
1579.7	10110.5
1580.74	10116
1581.79	10120
1582.84	10114.3
1583.88	10108.8
1584.93	10094.6
1585.98	10082.7
1587.02	10078.9
1588.07	10079.6
1589.11	10083
1590.16	10088.4
1591.2	10096.1
1592.25	10101.9
1593.29	10103.1
1594.34	10096.9
1595.38	10081.5
1596.43	10067.6
1597.47	10062.8
1598.52	10059.5
1599.56	10057.9
1600.6	10057.1
1601.65	10054.2
1602.69	10046
1603.73	10025.6
1604.78	9989.24
1605.82	9961.57
1606.86	9941.3
1607.91	9929.52
1608.95	9927.09
1609.99	9933.62
1611.03	9927.1
1612.08	9917.82
1613.12	9910.26
1614.16	9884.94
1615.2	9860.94
1616.24	9851.22
1617.28	9860.84
1618.32	9870.33
1619.36	9878.01
1620.41	9882.16
1621.45	9878.56
1622.49	9869.17
1623.53	9855.94
1624.57	9838.19
1625.61	9815.71
1626.65	9790.57
1627.69	9777.18
1628.73	9765.29
1629.76	9758.17
1630.8	9755.62
1631.84	9756.67
1632.88	9760.54
1633.92	9766.99
1634.96	9775.82
1636	9778.94
1637.03	9763.61
1638.07	9754.27
1639.11	9745.53
1640.15	9739
1641.19	9733.14
1642.22	9728.18
1643.26	9724.54
1644.3	9722.7
1645.33	9720.6
1646.37	9718.24
1647.41	9714.06
1648.44	9707.77
1649.48	9699.15
1650.52	9689.2
1651.55	9677.46
1652.59	9663.57
1653.62	9648
1654.66	9641.22
1655.69	9644.8
1656.73	9642.13
1657.76	9640.2
1658.8	9640.35
1659.83	9640.5
1660.87	9642.54
1661.9	9644.05
1662.93	9644.73
1663.97	9642.04
1665	9635.23
1666.04	9627.26
1667.07	9608.76
1668.1	9598.02
1669.14	9596.87
1670.17	9608.85
1671.2	9612.62
1672.23	9610.59
1673.27	9602.23
1674.3	9583.84
1675.33	9564.39
1676.36	9553.5
1677.39	9546.54
1678.43	9542.92
1679.46	9541.3
1680.49	9540.59
1681.52	9540.01
1682.55	9531.38
1683.58	9518.97
1684.61	9515.38
1685.64	9518.87
1686.67	9522.62
1687.7	9525.71
1688.73	9526.77
1689.76	9524.74
1690.79	9520.06
1691.82	9510.93
1692.85	9500.02
1693.88	9491.15
1694.91	9482.86
1695.94	9484.88
1696.97	9485.82
1698	9487.42
1699.02	9491.5
1700.05	9495.91
1701.08	9485.38
1702.11	9476.02
1703.14	9466.62
1704.16	9459.17
1705.19	9455.5
1706.22	9447.9
1707.25	9433.27
1708.27	9413.93
1709.3	9391.98
1710.33	9371.13
1711.35	9354.93
1712.38	9344.72
1713.41	9341.11
1714.43	9344.56
1715.46	9356.46
1716.48	9362.2
1717.51	9351.59
1718.53	9329
1719.56	9317.69
1720.58	9318.27
1721.61	9323.84
1722.63	9311.42
1723.66	9303.1
1724.68	9292.41
1725.71	9288.38
1726.73	9285.94
1727.75	9283.64
1728.78	9280.59
1729.8	9264.96
1730.83	9259.22
1731.85	9256
1732.87	9254.02
1733.89	9255.89
1734.92	9248.88
1735.94	9241.13
1736.96	9231.11
1737.98	9219.16
1739.01	9204.72
1740.03	9192.28
1741.05	9195.85
1742.07	9197.84
1743.09	9202.51
1744.12	9209.2
1745.14	9201.18
1746.16	9191.82
1747.18	9181.92
1748.2	9171.27
1749.22	9159.83
1750.24	9149.53
1751.26	9146.4
1752.28	9140.7
1753.3	9133.4
1754.32	9124.24
1755.34	9113.47
1756.36	9101.52
1757.38	9088.99
1758.4	9075.83
1759.42	9060.77
1760.44	9050.3
1761.45	9050.96
1762.47	9055.21
1763.49	9057.73
1764.51	9059.29
1765.53	9059.78
1766.55	9059.18
1767.56	9057.53
1768.58	9055.23
1769.6	9051.4
1770.61	9045.5
1771.63	9035.19
1772.65	9021.86
1773.67	9008.19
1774.68	8995.28
1775.7	8983.7
1776.72	8977.75
1777.73	8986.99
1778.75	8992.88
1779.76	8998.41
1780.78	9003.25
1781.79	9006.26
1782.81	9005.35
1783.83	9002.08
1784.84	8997.04
1785.85	8989.11
1786.87	8978.72
1787.88	8965
1788.9	8946.65
1789.91	8923.92
1790.93	8900.76
1791.94	8882.04
1792.95	8874.08
1793.97	8869.86
1794.98	8872.09
1796	8882.45
1797.01	8889.81
1798.02	8885.58
1799.03	8872.2
1800.05	8862.31
1801.06	8853.48
1802.07	8842.54
1803.08	8839.26
1804.1	8844.36
1805.11	8846.18
1806.12	8845.52
1807.13	8841.68
1808.14	8834.83
1809.15	8825.24
1810.17	8813.59
1811.18	8799.77
1812.19	8783.57
1813.2	8767.87
1814.21	8753.79
1815.22	8742.16
1816.23	8735.32
1817.24	8729.85
1818.25	8727.49
1819.26	8727.05
1820.27	8726.73
1821.28	8719.96
1822.29	8711.23
1823.3	8701.35
1824.3	8692.35
1825.31	8681.77
1826.32	8684.27
1827.33	8685.5
1828.34	8689.24
1829.35	8677.68
1830.35	8662.55
1831.36	8642.73
1832.37	8621.56
1833.38	8601
1834.38	8584.49
1835.39	8579.06
1836.4	8584.28
1837.41	8586.67
1838.41	8587.11
1839.42	8584.96
1840.43	8580.93
1841.43	8575.28
1842.44	8568.6
1843.44	8561.09
1844.45	8553.32
1845.46	8545.91
1846.46	8539.44
1847.47	8534.29
1848.47	8529.99
1849.48	8527.07
1850.48	8521.07
1851.49	8506.73
1852.49	8487.21
1853.49	8466.24
1854.5	8431.29
1855.5	8500.29
1856.51	8500.49
1857.51	8504.88
1858.51	8477.86
1859.52	8459.62
1860.52	8446.67
1861.52	8440.41
1862.53	8440.08
1863.53	8440.39
1864.53	8451.21
1865.54	8460.92
1866.54	8463.43
1867.54	8458.84
1868.54	8447.5
1869.54	8431.08
1870.55	8409.41
1871.55	8385.21
1872.55	8362.8
1873.55	8344.2
1874.55	8335.41
1875.55	8333.06
1876.55	8319.13
1877.55	8447.13
1878.55	8400.19
1879.55	8362.72
1880.56	8359.51
1881.55	8361.43
1882.56	8362.1
1883.55	8348.84
1884.55	8334.63
1885.55	8314.37
1886.55	8295.89
1887.55	8268.04
1888.55	8259.9
1889.55	8287.41
1890.55	8282.47
1891.55	8273.78
1892.55	8264.41
1893.54	8256.42
1894.54	8250.95
1895.54	8245.2
1896.54	8240.05
1897.54	8236.11
1898.53	8232.66
1899.53	8230.26
1900.53	8228.04
1901.52	8225.39
1902.52	8222.09
1903.52	8217.17
1904.51	8211.65
1905.51	8204.7
1906.51	8196.36
1907.5	8185.6
1908.5	8172.64
1909.49	8158.1
1910.49	8142.51
1911.49	8127.46
1912.48	8116.95
1913.48	8108.6
1914.47	8104.18
1915.46	8105.51
1916.46	8112.69
1917.45	8112.4
1918.45	8093.83
1919.44	8078.4
1920.44	8060.77
1921.43	8069.9
1922.43	8076.5
1923.42	8066.05
1924.41	8049.37
1925.41	8033.31
1926.4	8018.68
1927.39	8006.56
1928.38	7997.89
1929.38	7994.25
1930.37	7993.66
1931.36	7992.06
1932.35	7987.32
1933.35	7979
1934.34	7967.15
1935.33	7948.27
1936.32	7936.68
1937.31	7935.72
1938.3	7945.12
1939.29	7958.43
1940.29	7962.3
1941.28	7952.54
1942.27	7946.37
1943.26	7937.17
1944.25	7925.02
1945.24	7911.41
1946.23	7897.66
1947.22	7882.66
1948.21	7867.43
1949.2	7852.37
1950.19	7843.35
1951.18	7835.48
1952.17	7829.37
1953.16	7828.16
1954.14	7823.97
1955.13	7818.92
1956.12	7812.69
1957.11	7805.75
1958.1	7798.84
1959.09	7790.36
1960.07	7791.53
1961.06	7791.36
1962.05	7788.41
1963.04	7782.67
1964.02	7772.28
1965.01	7762.29
1966	7752.14
1966.99	7741.29
1967.97	7730.31
1968.96	7723
1969.95	7718.25
1970.93	7713.03
1971.92	7708.3
1972.9	7704.15
1973.89	7700.6
1974.88	7697.82
1975.86	7695.53
1976.85	7691.4
1977.83	7680.69
1978.82	7668.25
1979.8	7658.35
1980.79	7648.53
1981.77	7638.36
1982.76	7629.12
1983.74	7620.51
1984.72	7612.65
1985.71	7605.48
1986.69	7599.57
1987.67	7594.28
1988.66	7592.45
1989.64	7593.69
1990.62	7601.72
1991.61	7605.73
1992.59	7604.23
1993.57	7599.71
1994.56	7591.8
1995.54	7582.02
1996.52	7570.39
1997.5	7556.91
1998.49	7545.09
1999.47	7532.77
2000.45	7524.43
2001.43	7516.2
2002.41	7510.99
2003.39	7515.81
2004.38	7521.11
2005.36	7523.84
2006.34	7518.98
2007.32	7510.48
2008.3	7501.61
2009.28	7491.89
2010.26	7481.25
2011.24	7469.95
2012.22	7460.67
2013.2	7451.03
2014.18	7441.52
2015.16	7432.09
2016.14	7419.85
2017.12	7407.04
2018.1	7396.86
2019.07	7391.55
2020.05	7388.91
2021.03	7390.05
2022.01	7392.01
2022.99	7393.52
2023.97	7392.02
2024.95	7394.92
2025.92	7382.64
2026.9	7368.47
2027.88	7359.15
2028.86	7350.54
2029.83	7343.44
2030.81	7336.31
2031.79	7329.17
2032.76	7321.84
2033.74	7315.84
2034.72	7308.58
2035.69	7300.89
2036.67	7291.91
2037.65	7278.27
2038.62	7270.38
2039.6	7264.08
2040.57	7257.98
2041.55	7252.15
2042.52	7247.73
2043.5	7240.21
2044.47	7229.79
2045.45	7216.26
2046.42	7198.21
2047.4	7187.08
2048.37	7175.19
2049.35	7174.12
2050.32	7168.27
2051.29	7174.38
2052.27	7183.07
2053.24	7184.12
2054.21	7176.49
2055.19	7160.32
2056.16	7135.4
2057.13	7114.42
2058.11	7096.32
2059.08	7095.08
2060.05	7089.35
2061.02	7084.38
2062	7080.63
2062.97	7074.16
2063.94	7067.72
2064.91	7061.06
2065.89	7054.51
2066.86	7048.5
2067.83	7043.92
2068.8	7048.27
2069.77	7048.61
2070.74	7047.46
2071.71	7043.54
2072.68	7035.61
2073.65	7021.04
2074.62	6993.3
2075.59	6966.8
2076.56	6951.98
2077.53	6950.32
2078.5	6951.02
2079.47	6955.1
2080.44	6962.35
2081.41	6965.77
2082.38	6965.66
2083.35	6962.67
2084.32	6957.5
2085.29	6950.07
2086.26	6940.75
2087.23	6929.59
2088.19	6916.35
2089.16	6903.04
2090.13	6890.57
2091.1	6878.88
2092.07	6869.11
2093.03	6864
2094	6859.18
2094.97	6855.07
2095.94	6851.74
2096.9	6849.07
2097.87	6846.52
2098.84	6843.45
2099.8	6839.37
2100.77	6833.89
2101.74	6827.08
2102.7	6818.91
2103.67	6809.13
2104.63	6797.6
2105.6	6782.35
2106.56	6766.87
2107.53	6750.94
2108.49	6737.35
2109.46	6728.99
2110.42	6721.59
2111.39	6716.85
2112.35	6713.77
2113.32	6711.88
2114.28	6710.98
2115.25	6710.7
2116.21	6710.89
2117.17	6712.44
2118.14	6714.69
2119.1	6717.62
2120.07	6720.11
2121.03	6708.81
2121.99	6699.03
2122.96	6680.67
2123.92	6661.65
2124.88	6644.54
2125.84	6635.38
2126.81	6626.68
2127.77	6629.09
2128.73	6636.11
2129.69	6638.82
2130.65	6638.05
2131.62	6635.56
2132.58	6619.97
2133.54	6603.59
2134.5	6582.86
2135.46	6569.91
2136.42	6558.03
2137.38	6564.22
2138.34	6573.36
2139.3	6577.79
2140.26	6578.07
2141.22	6584.43
2142.18	6576.98
2143.14	6566.57
2144.1	6551.19
2145.06	6533.09
2146.02	6515.93
2146.98	6500.42
2147.94	6499.55
2148.9	6500.48
2149.86	6498.23
2150.82	6492.36
2151.78	6484.91
2152.74	6475.79
2153.69	6466.57
2154.65	6456.93
2155.61	6447.22
2156.57	6443.88
2157.53	6447.39
2158.48	6437.91
2159.44	6433.66
2160.4	6414.55
2161.36	6395.86
2162.31	6390.23
2163.27	6386.97
2164.23	6380.39
2165.18	6372.93
2166.14	6364.36
2167.1	6354.9
2168.05	6344.52
2169.01	6333.32
2169.96	6321.49
2170.92	6309.19
2171.88	6296.83
2172.83	6284.38
2173.79	6271.86
2174.74	6259.9
2175.7	6249.06
2176.65	6239.18
2177.6	6230.79
2178.56	6223.86
2179.51	6219.14
2180.47	6215.62
2181.42	6211.46
2182.38	6206.72
2183.33	6200.29
2184.28	6193.46
2185.24	6182.23
2186.19	6171.2
2187.14	6157.62
2188.1	6144.11
2189.05	6131.75
2190	6121.5
2190.96	6118.53
2191.91	6119.33
2192.86	6123.08
2193.81	6122.95
2194.76	6116.44
2195.72	6108.64
2196.67	6098.86
2197.62	6086.83
2198.57	6072.94
2199.52	6061.84
2200.47	6058.64
2201.43	6059.06
2202.38	6056.21
2203.33	6052.97
2204.28	6049.31
2205.23	6045.08
2206.18	6040.04
2207.13	6034.38
2208.08	6027.65
2209.03	6019.93
2209.98	6010.45
2210.93	5999.91
2211.88	5988.16
2212.83	5976.55
2213.78	5968.3
2214.73	5964.6
2215.67	5960.75
2216.62	5953.91
2217.57	5947.43
2218.52	5941.16
2219.47	5935.15
2220.42	5931.92
2221.37	5932.62
2222.31	5934.65
2223.26	5939
2224.21	5945.98
2225.16	5951.28
2226.1	5951.03
2227.05	5946.28
2228	5940.12
2228.94	5930.41
2229.89	5918.29
2230.84	5903.96
2231.78	5888.47
2232.73	5883.63
2233.68	5883.49
2234.62	5882.23
2235.57	5880.28
2236.51	5879.42
2237.46	5879.21
2238.41	5878.86
2239.35	5878.74
2240.3	5873.72
2241.24	5866.05
2242.19	5856.9
2243.13	5848.65
2244.07	5840.24
2245.02	5834.52
2245.96	5837.63
2246.91	5840.18
2247.85	5845.64
2248.8	5848.94
2249.74	5848.19
2250.68	5846.16
2251.63	5838.26
2252.57	5827.14
2253.51	5815.12
2254.46	5801.23
2255.4	5800.39
2256.34	5804.73
2257.28	5810.94
2258.23	5818.25
2259.17	5819.09
2260.11	5815.51
2261.05	5808.09
2262	5801.67
2262.94	5797.33
2263.88	5793.43
2264.82	5791.86
2265.76	5792.63
2266.7	5792.49
2267.64	5790.62
2268.58	5788.43
2269.53	5785.17
2270.47	5781.44
2271.41	5778.56
2272.35	5779.39
2273.29	5781.08
2274.23	5779.87
2275.17	5776.64
2276.11	5772.65
2277.05	5763.82
2277.99	5754.56
2278.93	5745.32
2279.86	5736.68
2280.8	5734.23
2281.74	5736.8
2282.68	5740.63
2283.62	5746.76
2284.56	5754.9
2285.5	5762.3
2286.44	5747.47
2287.37	5731.47
2288.31	5720.09
2289.25	5710.66
2290.19	5709.25
2291.12	5711.07
2292.06	5713.41
2293	5714.64
2293.94	5713.44
2294.87	5707.73
2295.81	5700.39
2296.75	5693.71
2297.68	5687.4
2298.62	5682.78
2299.55	5678.66
2300.49	5674.91
2301.43	5670.74
2302.36	5667.75
2303.3	5665.73
2304.23	5662.49
2305.17	5659.97
2306.1	5660.63
2307.04	5661.46
2307.98	5661.79
2308.91	5660.24
2309.84	5654.43
2310.78	5645.42
2311.71	5632.02
2312.65	5614.8
2313.58	5607.21
2314.52	5608.22
2315.45	5610.86
2316.38	5609.65
2317.32	5602.44
2317.72	5598.41
2318.66	5581.91
2319.6	5568.89
2320.54	5560
2321.48	5554.19
2322.41	5550.81
2323.35	5547.15
2324.29	5543.96
2325.23	5541.3
2326.16	5535.34
2327.1	5529.93
2328.04	5521.46
2328.97	5511.24
2329.91	5503.66
2330.85	5499.85
2331.78	5505.03
2332.72	5503.7
2333.66	5501.01
2334.59	5497.93
2335.53	5494.3
2336.46	5490.47
2337.4	5485.16
2338.33	5478.72
2339.27	5472.4
2340.2	5466.74
2341.14	5462.97
2342.07	5459.41
2343.01	5455.63
2343.94	5451.61
2344.88	5447.2
2345.81	5442.58
2346.75	5437.9
2347.68	5432.47
2348.61	5426.84
2349.55	5422.06
2350.48	5420.44
2351.41	5428.71
2352.35	5433.64
2353.28	5428.73
2354.21	5418.44
2355.15	5410.49
2356.08	5401.71
2357.01	5395.64
2357.94	5392.65
2358.88	5389.84
2359.81	5388.11
2360.74	5387.06
2361.67	5386.1
2362.6	5384.57
2363.54	5372.91
2364.47	5362.07
2365.4	5354.98
2366.33	5357.14
2367.26	5362.39
2368.19	5364.61
2369.12	5365.92
2370.05	5366.05
2370.98	5365.04
2371.91	5362.68
2372.84	5359.32
2373.77	5351.72
2374.7	5342.97
2375.63	5335
2376.56	5330.2
2377.49	5321.7
2378.42	5324.28
2379.35	5328.3
2380.28	5337.61
2381.21	5348.46
2382.14	5367.17
2383.07	5371.88
2384	5360.68
2384.92	5313.27
2385.85	5294.97
2386.78	5270.79
2387.71	5270.79
2388.64	5265.09
2389.56	5262.91
2390.49	5259.46
2391.42	5264.63
2392.35	5273.17
2393.27	5258.53
2394.2	5238.73
2395.13	5228.93
2396.05	5225.88
2396.98	5224.75
2397.91	5222.31
2398.83	5220.87
2399.76	5220.74
2400.69	5220.82
2401.61	5220.31
2402.54	5218.57
2403.46	5215.51
2404.39	5209.98
2405.31	5203.79
2406.24	5196.36
2407.17	5187.62
2408.09	5178.31
2409.01	5177.14
2409.94	5186.4
2410.86	5190.19
2411.79	5194.44
2412.71	5193.24
2413.64	5191.22
2414.56	5184.76
2415.49	5176.06
2416.41	5166.74
2417.33	5155.63
2418.26	5149.02
2419.18	5142.95
2420.1	5137.4
2421.03	5132.32
2421.95	5127.43
2422.87	5122.75
2423.79	5117.86
2424.72	5112.34
2425.64	5107.36
2426.56	5103.39
2427.48	5101.68
2428.41	5101.93
2429.33	5104.06
2430.25	5092.15
2431.17	5084.47
2432.09	5074.93
2433.01	5063.93
2433.93	5048.98
2434.86	5040.59
2435.78	5041.94
2436.7	5049.46
2437.62	5049.85
2438.54	5046.78
2439.46	5042.26
2440.38	5036.52
2441.3	5028.26
2442.22	5018.74
2443.14	5007.76
2444.06	4997.88
2444.98	5005.07
2445.9	5000.49
2446.82	4972.6
2447.73	4929
2448.65	4935.48
2449.57	4933.04
2450.49	4935.46
2451.41	4938.75
2452.33	4942.29
2453.25	4946.81
2454.17	4944.66
2455.08	4940.19
2456	4933.95
2456.92	4926.01
2457.84	4918.88
2458.75	4911.63
2459.67	4907.61
2460.59	4902.7
2461.51	4897.88
2462.42	4892.84
2463.34	4887.62
2464.26	4882.57
2465.17	4877.71
2466.09	4872.9
2467	4868.24
2467.92	4863.51
2468.84	4859.01
2469.75	4858.52
2470.67	4860.54
2471.58	4867.6
2472.5	4876.11
2473.42	4874.9
2474.33	4868.1
2475.25	4852.68
2476.16	4824.13
2477.08	4798.64
2477.99	4784.52
2478.9	4810.76
2479.82	4819.45
2480.73	4825.63
2481.65	4828.64
2482.56	4825.75
2483.47	4811.71
2484.39	4802.91
2485.3	4794.6
2486.22	4786.43
2487.13	4783.74
2488.04	4784.54
2488.96	4787.69
2489.87	4791.2
2490.78	4794.54
2491.69	4795.1
2492.61	4773.77
2493.52	4760.6
2494.43	4746.89
2495.34	4738
2496.25	4737.2
2497.17	4740.35
2498.08	4747.49
2498.99	4757.97
2499.9	4771.26
2500.81	4784.06
2501.72	4781.33
2502.63	4772.97
2503.55	4754.85
2504.46	4739.26
2505.37	4724.45
2506.28	4710.37
2507.19	4698.11
2508.1	4691.89
2509.01	4694.24
2509.92	4699.59
2510.83	4714.81
2511.74	4695.32
2512.65	4682.12
2513.56	4702.28
2514.47	4710.96
2515.37	4716.37
2516.28	4719.26
2517.19	4719.84
2518.1	4718.68
2519.01	4715.22
2519.92	4709.69
2520.83	4701.91
2521.73	4692.47
2522.64	4682.41
2523.55	4676.41
2524.46	4674.63
2525.37	4672.49
2526.27	4669.5
2527.18	4666.01
2528.09	4661.95
2529	4657.53
2529.9	4652.62
2530.81	4647.39
2531.72	4641.83
2532.62	4636.73
2533.53	4642.91
2534.44	4634.14
2535.34	4620.12
2536.25	4601.83
2537.15	4593.93
2538.06	4592.37
2538.96	4596.86
2539.87	4606.12
2540.78	4607.77
2541.68	4603.93
2542.59	4594.95
2543.49	4569.09
2544.4	4551.15
2545.3	4538.73
2546.21	4525.24
2547.11	4529.38
2548.01	4548.53
2548.92	4561.2
2549.82	4559.4
2550.73	4547.26
2551.63	4530.19
2552.53	4526.97
2553.44	4522.08
2554.34	4517.73
2555.24	4514.03
2556.15	4511.47
2557.05	4509.88
2557.95	4508.98
2558.86	4508.54
2559.76	4500.82
2560.66	4489.9
2561.56	4483.27
2562.46	4476.7
2563.37	4468.26
2564.27	4455.82
2565.17	4444.29
2566.07	4413.84
2566.97	4431.79
2567.88	4460.89
2568.78	4464.58
2569.68	4454.65
2570.58	4443.8
2571.48	4433.58
2572.38	4423.34
2573.28	4414.21
2574.18	4408.14
2575.08	4406.41
2575.98	4404.08
2576.88	4402.58
2577.78	4401.56
2578.68	4395.11
2579.58	4391.43
2580.48	4387.96
2581.38	4384.63
2582.28	4381.39
2583.18	4378.25
2584.08	4375.19
2584.98	4372.31
2585.88	4369.33
2586.77	4366
2587.67	4362.07
2588.57	4357.21
2589.47	4350.78
2590.37	4343.92
2591.27	4336.52
2592.16	4328.05
2593.06	4320.46
2593.96	4317
2594.86	4319.31
2595.75	4322.79
2596.65	4322.8
2597.55	4316
2598.45	4307.8
2599.34	4298.09
2600.24	4287.35
2601.13	4275.48
2602.03	4263.35
2602.93	4252.01
2603.82	4243.82
2604.72	4237.36
2605.62	4235.08
2606.51	4236.46
2607.41	4242.09
2608.3	4245.17
2609.2	4240.36
2610.09	4237.63
2610.99	4218.37
2611.88	4216.74
2612.78	4222
2613.67	4224.85
2614.57	4238.2
2615.46	4239.99
2616.36	4235.15
2617.25	4219.52
2618.14	4201.97
2619.04	4184.84
2619.93	4173.87
2620.83	4166.8
2621.72	4162.48
2622.61	4160.8
2623.5	4161.58
2624.4	4165.48
2625.29	4172.04
2626.18	4179.31
2627.08	4185.45
2627.97	4182.87
2628.86	4178.31
2629.75	4167.46
2630.65	4156.16
2631.54	4151.52
2632.43	4146.28
2633.32	4147.22
2634.21	4145.53
2635.11	4141.34
2636	4133.83
2636.89	4124.37
2637.78	4104.92
2638.67	4098.61
2639.56	4094.72
2640.45	4094.79
2641.34	4090.52
2642.23	4054.58
2643.12	4045.6
2644.01	4043.47
2644.9	4051.42
2645.79	4059.39
2646.68	4064.11
2647.57	4050.15
2648.46	4044.2
2649.35	4040.41
2650.24	4036.4
2651.13	4031.73
2652.02	4026.9
2652.91	4022.06
2653.8	4017.83
2654.69	4011.41
2655.58	4004.01
2656.46	3995.44
2657.35	3987.98
2658.24	3982.5
2659.13	3979.43
2660.02	3979.87
2660.9	3983.16
2661.79	3987.7
2662.68	3992.43
2663.57	3996.22
2664.45	3996.43
2665.34	3995.67
2666.23	3993.74
2667.11	3990.52
2668	3986.58
2668.89	3976.89
2669.77	3965.07
2670.66	3951.97
2671.55	3938.92
2672.43	3929.2
2673.32	3922.88
2674.21	3920.85
2675.09	3923.7
2675.98	3929.34
2676.86	3936.23
2677.75	3937.55
2678.63	3935.92
2679.52	3931.78
2680.4	3925.46
2681.29	3916.75
2682.17	3905.11
2683.06	3890.89
2683.94	3874.15
2684.82	3857.29
2685.71	3853.02
2686.59	3852.61
2687.48	3853.86
2688.36	3855.65
2689.24	3856.34
2690.13	3854.81
2691.01	3849.12
2691.89	3842
2692.78	3836.7
2693.66	3833.06
2694.54	3829.87
2695.43	3822.81
2696.31	3815.01
2697.19	3807.41
2698.07	3800.67
2698.96	3799.67
2699.84	3797.47
2700.72	3795.48
2701.6	3794.08
2702.48	3793.04
2703.36	3780.89
2704.25	3769.03
2705.13	3768.11
2706.01	3770.46
2706.89	3777.28
2707.77	3777.27
2708.65	3772.58
2709.53	3767.75
2710.41	3761.6
2711.29	3754.41
2712.17	3745.69
2713.05	3736.15
2713.93	3728.98
2714.81	3724.74
2715.69	3726.71
2716.57	3718.12
2717.45	3709.71
2718.33	3702.21
2719.21	3694.63
2720.09	3695.4
2720.97	3697.54
2721.85	3716.74
2722.73	3726.34
2723.61	3730.07
2724.48	3716.36
2725.36	3672.83
2726.24	3677.45
2727.12	3671.79
2728	3672.13
2728.88	3670.13
2729.75	3666.75
2730.63	3665.22
2731.51	3664.28
2732.39	3663.64
2733.26	3663.12
2734.14	3662.6
2735.02	3661.81
2735.89	3660.37
2736.77	3658.7
2737.65	3656.53
2738.52	3653.66
2739.4	3650.5
2740.28	3647
2741.15	3643.18
2742.03	3639.23
2742.9	3635.26
2743.78	3632.3
2744.65	3631.36
2745.53	3630.95
2746.41	3630.13
2747.28	3628.68
2748.16	3626.34
2749.03	3621.47
2749.91	3615.46
2750.78	3607.5
2751.66	3594.45
2752.53	3584.01
2753.4	3577.72
2754.28	3577.67
2755.15	3578.63
2756.02	3578.69
2756.9	3577.62
2757.77	3574.3
2758.65	3571.95
2759.52	3569.84
2760.39	3568.21
2761.27	3568.96
2762.14	3567.63
2763.01	3561.92
2763.88	3553.05
2764.76	3546.92
2765.63	3538.71
2766.5	3533.45
2767.37	3532.58
2768.25	3531.59
2769.12	3530.17
2769.99	3527.77
2770.86	3524.63
2771.73	3520.41
2772.61	3515.42
2773.48	3510.5
2774.35	3507.01
2775.22	3503.48
2776.09	3499.97
2776.96	3495.43
2777.83	3490.47
2778.7	3484.77
2779.57	3478.86
2780.44	3472.17
2781.31	3464.58
2782.18	3454.7
2783.05	3462.5
2783.92	3471.21
2784.79	3469.51
2785.66	3464.39
2786.53	3462.22
2787.4	3460.57
2788.27	3458.66
2789.14	3456.64
2790.01	3455.21
2790.88	3451.53
2791.75	3448.84
2792.62	3443.97
2793.48	3434.03
2794.35	3427.51
2795.22	3424.23
2796.09	3422.81
2796.96	3422.17
2797.82	3422.53
2798.69	3424.36
2799.56	3424.5
2800.43	3414.85
2801.29	3402.12
2802.16	3388.21
2803.03	3379.63
2803.9	3374.05
2804.76	3369.39
2805.63	3365.55
2806.5	3362.59
2807.36	3360.07
2808.23	3358.12
2809.09	3356.33
2809.96	3354.26
2810.83	3351.62
2811.69	3347.34
2812.56	3342.7
2813.42	3343.86
2814.29	3353.18
2815.15	3359.66
2816.02	3363.86
2816.88	3365.39
2817.75	3364.96
2818.61	3354.3
2819.48	3343.29
2820.34	3329.36
2821.21	3322.91
2822.07	3314.8
2822.94	3310.75
2823.8	3307.25
2824.66	3304.86
2825.53	3303.85
2826.39	3300.02
2827.26	3297.68
2828.12	3296.42
2828.98	3295.96
2829.85	3295.64
2830.71	3295.69
2831.57	3295.78
2832.43	3295.47
2833.3	3293.93
2834.16	3289.66
2835.02	3282.78
2835.88	3272.07
2836.75	3262.07
2837.61	3253.58
2838.47	3246.25
2839.33	3243.68
2840.19	3249.63
2841.06	3250.25
2841.92	3249.55
2842.78	3247.77
2843.64	3245.17
2844.5	3241.71
2845.36	3237.46
2846.22	3232.81
2847.08	3227.65
2847.94	3228.93
2848.81	3233.89
2849.67	3234.28
2850.53	3232.22
2851.39	3225.43
2852.25	3219.22
2853.11	3213.68
2853.97	3209.37
2854.82	3207.34
2855.68	3206.5
2856.54	3211.32
2857.4	3215.5
2858.26	3213.19
2859.12	3205.01
2859.98	3197.8
2860.84	3191.89
2861.7	3186.7
2862.56	3184.28
2863.41	3187.24
2864.27	3184.47
2865.13	3178.93
2865.99	3169.76
2866.85	3160.16
2867.7	3152.22
2868.56	3145.29
2869.42	3143.87
2870.28	3146.84
2871.13	3151.52
2871.99	3151.67
2872.85	3151.52
2873.7	3150.92
2874.56	3149.03
2875.42	3146.2
2876.27	3142.06
2877.13	3135.89
2877.99	3127.79
2878.84	3119.14
2879.7	3113.63
2880.56	3113.34
2881.41	3114.46
2882.27	3118.11
2883.12	3120.05
2883.98	3118.03
2884.83	3114.62
2885.69	3108.02
2886.54	3099.44
2887.4	3088.85
2888.25	3076.1
2889.11	3067.96
2889.96	3064.1
2890.82	3063.28
2891.67	3064.47
2892.52	3067.28
2893.38	3070.97
2894.23	3072.73
2895.09	3073.13
2895.94	3071.62
2896.79	3067.64
2897.65	3047.09
2898.5	3038.53
2899.35	3034.38
2900.21	3029.85
2901.06	3042.48
2901.91	3062.18
2902.76	3056.08
2903.62	3045.36
2904.47	3035.85
2905.32	3027.85
2906.17	3021.1
2907.03	3015.49
2907.88	3011.12
2908.73	3013.85
2909.58	3018.92
2910.43	3022.59
2911.28	3017.47
2912.14	3011.61
2912.99	3001.42
2913.84	2996.48
2914.69	2991.8
2915.54	2987.25
2916.39	2983.33
2917.24	2980.2
2918.09	2977.77
2918.94	2976.42
2919.79	2975.9
2920.64	2979.52
2921.49	2974.93
2922.34	2971.64
2923.19	2966.35
2924.04	2955.07
2924.89	2946.71
2925.74	2937.61
2926.59	2934.93
2927.44	2936.91
2928.29	2940.09
2929.14	2944.02
2929.98	2944.14
2930.83	2946.49
2931.68	2947.69
2932.53	2942.41
2933.38	2930.02
2934.23	2918.8
2935.07	2909.59
2935.92	2901.78
2936.77	2903.87
2937.62	2907.91
2938.47	2910.08
2939.31	2910.59
2940.16	2910.49
2941.01	2909.2
2941.85	2906.48
2942.7	2902.86
2943.55	2897.96
2944.39	2892.18
2945.24	2885.79
2946.09	2879.16
2946.93	2873.4
2947.78	2866.71
2948.63	2859.55
2949.47	2852.17
2950.32	2844.56
2951.16	2837.37
2952.01	2831.97
2952.85	2828.87
2953.7	2836.63
2954.55	2835.09
2955.39	2833.51
2956.24	2831.36
2957.08	2829.06
2957.92	2830.28
2958.77	2831.01
2959.61	2832.78
2960.46	2835.16
2961.3	2838.75
2962.15	2841.09
2962.99	2830.8
2963.83	2823.74
2964.68	2815.59
2965.52	2808.37
2966.37	2805.73
2967.21	2804.99
2968.05	2804.71
2968.9	2809.12
2969.74	2810.15
2970.58	2802.83
2971.42	2792.53
2972.27	2780.83
2973.11	2773.11
2973.95	2768.6
2974.79	2762.21
2975.64	2762.67
2976.48	2770.97
2977.32	2777.54
2978.16	2774.23
2979	2768.18
2979.85	2765.47
2980.69	2759.73
2981.53	2752.58
2982.37	2743.71
2983.21	2743.39
2984.05	2751.22
2984.89	2757.5
2985.73	2760.31
2986.57	2758.22
2987.41	2754.31
2988.25	2750.11
2989.1	2745.03
2989.94	2739.06
2990.77	2732.93
2991.62	2726.8
2992.45	2720.89
2993.29	2716.21
2994.13	2711.51
2994.97	2710.06
2995.81	2710.33
2996.65	2719.15
2997.49	2727.33
2998.33	2737.39
2999.17	2708.69
