200.833	11986.6
202.102	12009.2
203.371	12079.6
204.639	12091
205.907	12108.1
207.175	12115
208.442	12114
209.71	12109.8
210.977	12104.6
212.244	12101.4
213.511	12101.1
214.777	12109.1
216.042	12121.1
217.309	12133.5
218.575	12145.1
219.84	12158.9
221.106	12175.5
222.371	12195.1
223.635	12217.9
224.9	12243.9
226.165	12273.5
227.429	12310.3
228.694	12346.9
229.956	12371.2
231.22	12384.6
232.484	12408.3
233.747	12434.9
235.011	12476.6
236.272	12561.7
237.535	12534.4
238.798	12527.6
240.06	12534.2
241.321	12560.2
242.583	12580.5
243.845	12598.7
245.105	12615.2
246.367	12633.3
247.628	12648.5
248.888	12660.8
250.149	12664.5
251.409	12665
252.67	12663.9
253.928	12666.9
255.189	12673.5
256.447	12678.5
257.707	12686.7
258.966	12706.9
260.224	12732.4
261.483	12768.1
262.742	12796.2
263.999	12816.8
265.257	12826.2
266.514	12826.9
267.772	12828.8
269.028	12830.3
270.286	12833.6
271.543	12839.2
272.799	12847.2
274.056	12857.8
275.311	12871.9
276.568	12890.8
277.823	12915.5
279.079	12952.2
280.333	12995.6
281.589	13018.7
282.843	13020.6
284.099	13006.4
285.352	13000
286.607	13002.4
287.86	13026.7
289.114	13051.5
290.368	13075.5
291.621	13097.2
292.875	13116.4
294.127	13132.2
295.38	13144.8
296.632	13153.7
297.884	13159.6
299.137	13162.2
300.388	13161.5
301.641	13158
302.891	13156.7
304.142	13159.6
305.394	13171.6
306.644	13185.2
307.894	13197.1
309.146	13203.4
310.395	13208.1
311.645	13209.7
312.895	13208.7
314.144	13203.7
315.393	13199.1
316.642	13208
317.892	13225.9
319.14	13252.8
320.388	13298.1
321.637	13332.2
322.885	13363.4
324.132	13389.1
325.38	13407.8
326.628	13421.9
327.875	13429.6
329.122	13433.3
330.368	13435.1
331.614	13435.6
332.862	13447.3
334.108	13471.6
335.353	13469.9
336.599	13470
337.844	13464.3
339.089	13479.8
340.335	13503.8
341.58	13527.9
342.824	13546.1
344.068	13562.2
345.312	13576.2
346.556	13587.2
347.8	13595.5
349.043	13601.1
350.286	13603.9
351.53	13603.9
352.774	13601
354.016	13595.2
355.259	13590.2
356.501	13587.5
357.743	13594.3
358.985	13601.1
360.227	13608.7
361.468	13615
362.709	13619.3
363.95	13622.1
365.191	13622.3
366.432	13621.8
367.672	13629.8
368.912	13637.8
370.152	13646.3
371.392	13654.7
372.632	13662.2
373.871	13666
375.11	13670.1
376.348	13675
377.587	13681.4
378.825	13687.1
380.064	13706.7
381.302	13714.8
382.54	13722.7
383.778	13733.6
385.016	13746.2
386.253	13765.2
387.489	13782.6
388.726	13796.5
389.963	13803.6
391.199	13775.2
392.436	13777.1
393.672	13801.6
394.907	13816
396.142	13829.9
397.378	13844.1
398.614	13857.9
399.849	13870.5
401.082	13881.8
402.317	13891.4
403.552	13899.6
404.786	13904.9
406.019	13908.6
407.253	13910.4
408.487	13913.2
409.721	13927.1
410.953	13951.8
412.186	13967.5
413.419	13968.3
414.651	13953.5
415.883	13936.8
417.116	13918
418.347	13946
419.579	13953.9
420.811	13960.5
422.041	13968.9
423.272	13978.1
424.504	13988.4
425.733	13998.8
426.964	14009.4
428.194	14020.8
429.424	14033.1
430.654	14047.6
431.883	14061.6
433.113	14066
434.341	14048.1
435.571	14037.1
436.799	14033.6
438.028	14032.9
439.257	14031
440.484	14050.2
441.713	14079.3
442.94	14104.4
444.168	14122.5
445.394	14137
446.622	14147.9
447.848	14154.2
449.076	14155
450.301	14152
451.528	14145.8
452.754	14137.5
453.979	14133
455.205	14133
456.43	14134.2
457.656	14134.9
458.88	14135.2
460.106	14133.8
461.33	14125.9
462.554	14135.5
463.779	14146.4
465.002	14172.4
466.225	14193.6
467.45	14203.9
468.672	14212.3
469.895	14194.7
471.119	14183.1
472.341	14162.3
473.563	14147.8
474.786	14154.3
476.008	14167.9
477.229	14184.5
478.452	14203.3
479.673	14224
480.894	14241.4
482.115	14227.7
483.337	14209.5
484.557	14190.7
485.777	14181.9
486.997	14178.3
488.218	14173.8
489.438	14170.2
490.657	14166.9
491.876	14164.4
493.096	14162.2
494.315	14160.6
495.533	14159.4
496.752	14159.8
497.97	14163.6
499.188	14171.4
500.407	14181.5
501.625	14184.3
502.842	14169.6
504.059	14159
505.276	14144.5
506.493	14134.1
507.71	14130.1
508.926	14133.1
510.142	14152.4
511.358	14180.4
512.575	14205.9
513.791	14228
515.006	14240.5
516.222	14248.2
517.437	14252.7
518.651	14256.2
519.866	14258.1
521.081	14254.5
522.295	14260.6
523.509	14273.2
524.723	14284.5
525.937	14304.4
527.15	14321.2
528.363	14332.6
529.576	14347.6
530.789	14345.9
532.002	14339.8
533.215	14324.8
534.426	14316.5
535.638	14316.8
536.85	14318.3
538.061	14330.7
539.273	14332.2
540.484	14332.4
541.695	14328.1
542.906	14322.6
544.117	14323.2
545.327	14327.4
546.537	14333
547.747	14340.8
548.957	14349
550.167	14356.6
551.377	14362.6
552.585	14366.3
553.794	14367.5
555.003	14366.2
556.212	14363.6
557.421	14362.2
558.628	14360.1
559.836	14364.8
561.044	14372
562.252	14380.4
563.458	14388.4
564.666	14395.7
565.873	14401.4
567.08	14404.4
568.286	14407
569.493	14408.4
570.699	14408.3
571.904	14406.9
573.111	14404.6
574.317	14402.7
575.521	14402.9
576.727	14405.5
577.932	14401.5
579.136	14395.9
580.341	14392.4
581.544	14386.8
582.749	14389
583.954	14396.3
585.156	14398.2
586.361	14401.3
587.563	14405
588.767	14391.4
589.97	14393.5
591.172	14396.8
592.375	14400.3
593.577	14404.1
594.78	14412.7
595.981	14413
597.183	14411.3
598.384	14408.8
599.586	14399.8
600.786	14385.5
601.988	14394.6
603.188	14399.9
604.389	14402.7
605.589	14404.4
606.79	14401.2
607.989	14392.1
609.188	14380.6
610.389	14366.8
611.587	14351.1
612.787	14337
613.986	14351.9
615.184	14344.4
616.383	14325.3
617.581	14312.5
618.78	14287.7
619.977	14267.3
621.174	14256.3
622.373	14254.1
623.57	14260.3
624.766	14283.9
625.964	14294
627.16	14285.9
628.356	14280.8
629.554	14257.7
630.749	14236.7
631.945	14218.5
633.14	14220.9
634.337	14216
635.532	14212.5
636.726	14208.6
637.921	14205.8
639.117	14195.2
640.311	14190.6
641.505	14190.6
642.699	14193.9
643.892	14200.2
645.087	14204.8
646.28	14208.3
647.473	14213
648.666	14218.7
649.859	14224.5
651.051	14230.4
652.245	14236.5
653.437	14241.8
654.629	14246.9
655.821	14248.8
657.012	14248.3
658.204	14241.5
659.395	14241.7
660.586	14260.5
661.777	14270.9
662.967	14272.4
664.158	14271
665.349	14271
666.539	14273.3
667.729	14277.3
668.919	14282.4
670.109	14288.2
671.298	14294.9
672.487	14302.3
673.676	14310.7
674.865	14316.4
676.053	14307.4
677.242	14291.1
678.43	14252.9
679.616	14262.2
680.804	14274.5
681.992	14288.5
683.179	14305.2
684.366	14313.5
685.554	14315.2
686.74	14307.7
687.927	14290.8
689.114	14283.8
690.3	14279.4
691.486	14276.9
692.671	14272.9
693.856	14268.4
695.042	14262.3
696.227	14249.5
697.413	14236.1
698.598	14223.5
699.781	14211.3
700.966	14201.5
702.15	14196.7
703.334	14193.6
704.518	14191.9
705.701	14190.1
706.885	14187.2
708.068	14178.5
709.252	14169.3
710.433	14154.8
711.616	14139.4
712.799	14123.2
713.98	14107.1
715.163	14109.9
716.345	14113
717.527	14121.3
718.707	14133.6
719.889	14147.1
721.071	14159.3
722.25	14146.4
723.432	14136.2
724.611	14129.4
725.792	14126.7
726.972	14136.8
728.151	14148.8
729.332	14155.4
730.512	14165
731.69	14156.1
732.87	14142.3
734.048	14135
735.227	14128.9
736.405	14130.9
737.584	14141.8
738.761	14158.3
739.94	14178.6
741.117	14190.7
742.295	14205.6
743.471	14221.5
744.649	14236.2
745.825	14254.4
747.003	14242.2
748.179	14225.6
749.356	14216.7
750.531	14215.9
751.708	14230.4
752.883	14237.2
754.059	14237.7
755.234	14231.5
756.409	14219
757.585	14205.7
758.759	14187.4
759.934	14167.9
761.108	14140.2
762.282	14132.6
763.456	14148.4
764.63	14163.7
765.803	14179.8
766.977	14199.1
768.15	14203.5
769.323	14199.3
770.496	14166.4
771.668	14133.9
772.841	14115.1
774.014	14106.8
775.185	14108.2
776.357	14104.4
777.528	14099
778.701	14099.7
779.872	14098.7
781.042	14095.8
782.213	14090.2
783.383	14079.8
784.555	14064
785.725	14048.1
786.895	14032.7
788.064	14017.6
789.234	14002.5
790.404	13988.9
791.573	13978.1
792.742	13968.7
793.911	13960.2
795.08	13952.5
796.248	13946.2
797.416	13941.1
798.584	13937.2
799.753	13934.4
800.921	13932.7
802.088	13932
803.256	13932.6
804.423	13934.5
805.59	13937.2
806.756	13937.6
807.923	13935.6
809.089	13934.8
810.256	13937.1
811.422	13939.4
812.587	13942.9
813.753	13947.7
814.918	13954.1
816.084	13962.7
817.249	13974.3
818.414	13987.6
819.578	13991.2
820.743	13965.3
821.907	13937.3
823.072	13944.8
824.236	13941.3
825.399	13937.5
826.562	13937.7
827.725	13938.5
828.889	13933.9
830.052	13936.4
831.215	13951.8
832.377	13970.7
833.54	13993.6
834.701	14013.1
835.863	14017
837.025	14009.5
838.187	14006.8
839.349	14000.3
840.51	13991.2
841.67	13981.5
842.831	13976.2
843.992	13972.5
845.153	13969.8
846.312	13967.8
847.473	13967.8
848.633	13972.3
849.793	13989.2
850.951	13985.6
852.111	13982.7
853.27	13971.1
854.428	13949.8
855.588	13918.3
856.747	13889.6
857.904	13866.3
859.063	13839.6
860.221	13838.8
861.378	13843.6
862.536	13842.9
863.694	13835.8
864.85	13826.6
866.008	13814.8
867.164	13802.4
868.321	13787.9
869.478	13771.5
870.633	13753.7
871.79	13735.2
872.945	13716.8
874.101	13703
875.256	13691.3
876.412	13684.1
877.566	13677.9
878.722	13672.8
879.876	13668.6
881.031	13663.5
882.185	13658.9
883.34	13649.9
884.493	13635.4
885.647	13623.5
886.8	13612.3
887.954	13603.6
889.107	13597.9
890.261	13597
891.413	13592.9
892.565	13588.1
893.718	13582.3
894.87	13569.7
896.023	13571.6
897.174	13568.9
898.326	13578.6
899.478	13604.1
900.629	13622.8
901.779	13633.9
902.931	13633.8
904.081	13623.6
905.231	13619.7
906.383	13620.8
907.532	13621.8
908.682	13623.8
909.831	13627
910.982	13632.4
912.131	13638
913.28	13640.3
914.429	13632.6
915.578	13620.6
916.727	13612
917.875	13605.8
919.023	13601.9
920.171	13597.4
921.32	13599.5
922.467	13601.9
923.614	13605.3
924.761	13604.2
925.908	13599
927.055	13578.9
928.203	13583.2
929.349	13593.6
930.496	13605.1
931.642	13590.9
932.787	13569.4
933.933	13549.9
935.079	13560.9
936.224	13564.8
937.369	13565.9
938.514	13566.3
939.659	13568.5
940.804	13573
941.948	13579.2
943.092	13583.7
944.236	13581.3
945.38	13572.4
946.524	13556.5
947.667	13534.7
948.811	13508.8
949.954	13494.2
951.097	13477.6
952.24	13471.3
953.383	13466.7
954.525	13462.7
955.667	13457.6
956.81	13450.4
957.952	13441.7
959.093	13429.2
960.235	13419.2
961.376	13406.6
962.516	13400.5
963.658	13397.9
964.798	13401.7
965.939	13403.5
967.08	13402.6
968.22	13398.2
969.359	13391.2
970.499	13384.7
971.639	13377.8
972.779	13371
973.918	13364.7
975.056	13357.9
976.195	13351.5
977.334	13344.8
978.473	13338.3
979.61	13332.5
980.749	13328.2
981.887	13333.5
983.024	13346.8
984.162	13362.2
985.3	13371.6
986.437	13378.6
987.573	13381.9
988.711	13384.5
989.848	13383
990.983	13380.6
992.12	13376.9
993.255	13372.6
994.392	13371.3
995.528	13373.5
996.662	13380.4
997.798	13384.1
998.933	13384.7
1000.07	13383.8
1001.2	13376.1
1002.34	13366.7
1003.47	13354.3
1004.61	13339.8
1005.74	13324.5
1006.87	13315
1008.01	13336
1009.14	13357.1
1010.27	13335
1011.41	13299.8
1012.54	13283.5
1013.67	13272.1
1014.81	13265.5
1015.94	13262
1017.07	13270.3
1018.2	13280.5
1019.33	13293.9
1020.47	13292.8
1021.6	13280.4
1022.73	13256.7
1023.86	13262.7
1024.99	13261.3
1026.12	13257.3
1027.25	13263.4
1028.38	13261.2
1029.51	13253.8
1030.64	13240.8
1031.77	13222.3
1032.9	13195.5
1034.03	13159.2
1035.16	13148.1
1036.29	13138.9
1037.42	13131.9
1038.55	13130.1
1039.67	13121.7
1040.8	13112.8
1041.93	13112.2
1043.06	13124.3
1044.19	13160.2
1045.31	13136.4
1046.44	13129.7
1047.57	13121.6
1048.69	13105.3
1049.82	13086
1050.95	13065.9
1052.08	13055
1053.2	13047.1
1054.33	13040.4
1055.45	13037.7
1056.58	13036.4
1057.7	13036.6
1058.83	13036.6
1059.95	13033.3
1061.08	13029.4
1062.2	13024.1
1063.33	13017.6
1064.45	13010.3
1065.58	13000.9
1066.7	12976.8
1067.83	12949.9
1068.95	12931.9
1070.07	12918.4
1071.2	12913
1072.32	12936.7
1073.44	12954.9
1074.56	12965.3
1075.69	12967.7
1076.81	12962.8
1077.93	12940.7
1079.05	12959.1
1080.17	12960.8
1081.3	12963
1082.42	12965.8
1083.54	12969.4
1084.66	12973.3
1085.78	12974.5
1086.9	12974.3
1088.02	12973.4
1089.14	12971.5
1090.26	12968
1091.38	12961.8
1092.5	12952
1093.62	12938.8
1094.74	12923
1095.86	12904
1096.98	12897.5
1098.1	12896.8
1099.22	12908.2
1100.34	12921.8
1101.45	12952
1102.57	13000.2
1103.69	13007.8
1104.81	12993.3
1105.93	12957.1
1107.04	12926.1
1108.16	12906.9
1109.28	12903.3
1110.4	12913.6
1111.51	12914.5
1112.63	12919.1
1113.75	12885.6
1114.86	12876.7
1115.98	12870.2
1117.09	12861.7
1118.21	12846.7
1119.32	12832.8
1120.44	12814.3
1121.55	12795.8
1122.67	12775
1123.78	12752.3
1124.9	12732.2
1126.01	12718.3
1127.13	12717.6
1128.24	12713.6
1129.35	12709.4
1130.47	12705
1131.58	12699.9
1132.7	12693.7
1133.81	12687.3
1134.92	12679.6
1136.03	12670.1
1137.15	12658.9
1138.26	12641.2
1139.37	12619.8
1140.48	12593.7
1141.59	12570.1
1142.71	12549.1
1143.82	12536.8
1144.93	12529.4
1146.04	12524.6
1147.15	12516.9
1148.26	12509.7
1149.37	12502.4
1150.48	12494.4
1151.59	12485.3
1152.7	12475.2
1153.81	12464.6
1154.92	12453.7
1156.03	12443.8
1157.14	12439.1
1158.25	12437.9
1159.36	12438.1
1160.47	12440.3
1161.58	12444.4
1162.68	12450.8
1163.79	12459.1
1164.9	12467.2
1166.01	12473.5
1167.12	12478.2
1168.22	12479.1
1169.33	12466.1
1170.44	12482.4
1171.55	12491.4
1172.65	12504.5
1173.76	12499.4
1174.87	12482.1
1175.97	12444.9
1177.08	12439.4
1178.18	12434.3
1179.29	12433.6
1180.4	12436
1181.5	12445.9
1182.61	12457.3
1183.71	12469.8
1184.82	12475.7
1185.92	12479.4
1187.02	12480.7
1188.13	12479.7
1189.23	12473.1
1190.34	12473.1
1191.44	12478.5
1192.54	12489.9
1193.65	12493.1
1194.75	12498.6
1195.85	12498.7
1196.96	12490.5
1198.06	12479.7
1199.16	12470.6
1200.26	12467.4
1201.37	12468
1202.47	12469
1203.57	12471.2
1204.67	12477.7
1205.77	12480.8
1206.87	12469.7
1207.97	12445.3
1209.08	12407.3
1210.18	12383.1
1211.28	12362.5
1212.38	12365.8
1213.48	12372
1214.58	12395.6
1215.68	12411.5
1216.78	12420.9
1217.88	12422.6
1218.98	12415.1
1220.07	12397.9
1221.17	12381.4
1222.27	12366.1
1223.37	12352.1
1224.47	12339.6
1225.57	12328.8
1226.66	12320.1
1227.76	12314.3
1228.86	12309.4
1229.96	12305.8
1231.06	12301.2
1232.15	12294
1233.25	12283.6
1234.35	12271.1
1235.44	12258.4
1236.54	12244.5
1237.63	12229.6
1238.73	12215.4
1239.83	12201.7
1240.92	12192
1242.02	12186.1
1243.11	12183.9
1244.21	12186
1245.3	12187.3
1246.4	12187.7
1247.49	12182
1248.59	12175.4
1249.68	12168.4
1250.78	12160.8
1251.87	12154.7
1252.96	12150.5
1254.06	12148.1
1255.15	12149
1256.24	12135.5
1257.34	12127.8
1258.43	12118.7
1259.52	12110
1260.62	12107.5
1261.71	12111.4
1262.8	12125.9
1263.89	12125.2
1264.98	12119
1266.08	12106.9
1267.17	12087.4
1268.26	12082.8
1269.35	12069.1
1270.44	12073
1271.53	12091.5
1272.62	12126
1273.71	12163.9
1274.8	12149.7
1275.89	12122
1276.98	12106.9
1278.07	12090.9
1279.16	12108.4
1280.25	12125.4
1281.34	12138.3
1282.43	12127.6
1283.52	12129.5
1284.61	12113.4
1285.69	12102.1
1286.78	12088.6
1287.87	12113.8
1288.96	12110.3
1290.05	12107
1291.13	12105
1292.22	12102.2
1293.31	12099
1294.4	12096.4
1295.48	12096.4
1296.57	12095.8
1297.66	12095.3
1298.74	12094.1
1299.83	12088.9
1300.92	12086.9
1302	12088.1
1303.09	12090.3
1304.17	12093.5
1305.26	12096.1
1306.34	12098.6
1307.43	12095.3
1308.51	12087.3
1309.6	12081.6
1310.68	12082.7
1311.76	12070.5
1312.85	12058.4
1313.93	12045.7
1315.02	12034.6
1316.1	12026
1317.18	12019.2
1318.27	12013.3
1319.35	12008.5
1320.43	12006.4
1321.52	12004.8
1322.6	12002.8
1323.68	12003.7
1324.76	12003.4
1325.85	12001
1326.93	11996.5
1328.01	11988.8
1329.09	11973.1
1330.17	11960.2
1331.25	11944.1
1332.33	11930.5
1333.41	11921
1334.49	11916
1335.58	11908.3
1336.65	11903.6
1337.74	11902.8
1338.82	11904.5
1339.89	11901.1
1340.97	11898.1
1342.05	11896.6
1343.13	11899.6
1344.21	11899.4
1345.29	11892.9
1346.37	11877.1
1347.45	11867.4
1348.53	11860.6
1349.6	11857.2
1350.68	11856.9
1351.76	11856.1
1352.84	11852
1353.92	11845.9
1354.99	11843.3
1356.07	11846.3
1357.15	11846.1
1358.22	11854.3
1359.3	11850.8
1360.38	11849.4
1361.45	11846.2
1362.53	11843.7
1363.61	11849.8
1364.68	11846.1
1365.76	11842.5
1366.83	11838.5
1367.91	11830
1368.98	11822.8
1370.06	11814.6
1371.13	11803.8
1372.21	11806.6
1373.28	11817.1
1374.35	11827.3
1375.43	11832.8
1376.5	11834.5
1377.58	11832.4
1378.65	11825.3
1379.72	11815.6
1380.8	11801.6
1381.87	11786.4
1382.94	11787
1384.01	11793
1385.09	11793.3
1386.16	11787.2
1387.23	11780.7
1388.3	11767.1
1389.38	11751.4
1390.45	11744.9
1391.52	11738.9
1392.59	11731.5
1393.66	11723.2
1393.92	11720
1395	11706.2
1396.07	11691.6
1397.15	11691.7
1398.22	11691.6
1399.3	11697.5
1400.38	11714.7
1401.45	11727.2
1402.53	11745
1403.6	11753
1404.68	11744.8
1405.75	11738.1
1406.82	11725.2
1407.9	11705.9
1408.97	11683
1410.05	11675.4
1411.12	11672.7
1412.19	11672.5
1413.27	11677
1414.34	11677.1
1415.41	11669.4
1416.49	11663.5
1417.56	11644.3
1418.63	11630.1
1419.7	11624.5
1420.78	11627.5
1421.85	11631.6
1422.92	11627.4
1423.99	11622.2
1425.06	11614.6
1426.14	11606
1427.21	11598.1
1428.28	11591.1
1429.35	11585
1430.42	11579.6
1431.49	11574.9
1432.56	11571.1
1433.63	11567.9
1434.7	11565.7
1435.77	11563
1436.84	11553.4
1437.91	11541.2
1438.98	11531.1
1440.05	11522.4
1441.12	11522.2
1442.18	11522.1
1443.25	11522.8
1444.32	11523.9
1445.39	11525.4
1446.46	11525.6
1447.53	11519.8
1448.59	11513.9
1449.66	11501.5
1450.73	11487.4
1451.8	11480.8
1452.86	11483.2
1453.93	11498.1
1455	11513.8
1456.06	11526.8
1457.13	11535.2
1458.2	11539.1
1459.26	11536.6
1460.33	11529.7
1461.39	11518.1
1462.46	11501.7
1463.52	11480.5
1464.59	11454.9
1465.65	11431.5
1466.72	11433.2
1467.78	11432.3
1468.85	11442
1469.91	11447.1
1470.98	11447.6
1472.04	11442.7
1473.1	11434.4
1474.17	11429.9
1475.23	11428.7
1476.3	11430.7
1477.36	11436.1
1478.42	11435.5
1479.48	11433.8
1480.55	11428.7
1481.61	11419.6
1482.67	11413.5
1483.73	11406.5
1484.8	11402.3
1485.86	11398.2
1486.92	11394.9
1487.98	11391.9
1489.04	11388.9
1490.1	11384.8
1491.17	11372.9
1492.23	11361.7
1493.29	11342
1494.35	11328.6
1495.41	11339.9
1496.47	11350.9
1497.53	11347.8
1498.59	11330.6
1499.65	11325.1
1500.71	11322.8
1501.77	11322
1502.83	11323.3
1503.88	11322.1
1504.94	11330.1
1506	11330.7
1507.06	11319.8
1508.12	11301.9
1509.18	11289.7
1510.23	11277.5
1511.29	11264.9
1512.35	11252.3
1513.41	11240.1
1514.47	11228.1
1515.52	11216.5
1516.58	11205.3
1517.64	11194
1518.69	11182.5
1519.75	11175.5
1520.81	11171.9
1521.86	11172.2
1522.92	11174.8
1523.97	11170.7
1525.03	11146.8
1526.08	11136.2
1527.14	11126
1528.2	11115.8
1529.25	11107.8
1530.31	11103.5
1531.36	11102
1532.42	11102.9
1533.47	11107
1534.52	11110.7
1535.58	11113.5
1536.63	11116.4
1537.69	11110.3
1538.74	11101.7
1539.79	11093.4
1540.84	11084.1
1541.9	11073
1542.95	11063
1544	11058
1545.06	11065.1
1546.11	11069.9
1547.16	11071.7
1548.21	11070.8
1549.27	11066.1
1550.32	11059.4
1551.37	11051.2
1552.42	11036.8
1553.47	11026.5
1554.52	11024.7
1555.57	11054.2
1556.62	11082.5
1557.67	11103.4
1558.72	11074.2
1559.77	11032.6
1560.82	11008.2
1561.87	11000.3
1562.92	11013.3
1563.97	11025.3
1565.02	11037.2
1566.07	11045.4
1567.12	11049.3
1568.17	11046.9
1569.22	11039.8
1570.27	11025
1571.32	11018.3
1572.36	11015.6
1573.41	11014.6
1574.46	11016.8
1575.51	10999.7
1576.56	10983.7
1577.6	10965.2
1578.65	11000.9
1579.7	11030.9
1580.74	11001.5
1581.79	10993.6
1582.84	10967
1583.88	10937.5
1584.93	10980.3
1585.98	10981.8
1587.02	10973
1588.07	10966
1589.11	10958.5
1590.16	10948.8
1591.2	10938.5
1592.25	10925.8
1593.29	10912.7
1594.34	10898.4
1595.38	10887.4
1596.43	10896.1
1597.47	10905.9
1598.52	10921.9
1599.56	10932.1
1600.6	10918.7
1601.65	10897.5
1602.69	10861.1
1603.73	10837.5
1604.78	10821.9
1605.82	10815.5
1606.86	10811.3
1607.91	10810.2
1608.95	10810.3
1609.99	10810.1
1611.03	10807.8
1612.08	10802.3
1613.12	10794.9
1614.16	10786.3
1615.2	10774.5
1616.24	10760.5
1617.28	10745
1618.32	10728.8
1619.36	10713.3
1620.41	10699
1621.45	10688.8
1622.49	10679.6
1623.53	10678.2
1624.57	10677
1625.61	10674.5
1626.65	10673
1627.69	10673.6
1628.73	10677
1629.76	10672
1630.8	10661.8
1631.84	10652.6
1632.88	10644.4
1633.92	10635.9
1634.96	10626.6
1636	10617.1
1637.03	10607.5
1638.07	10597.9
1639.11	10589
1640.15	10586.1
1641.19	10591.3
1642.22	10590.8
1643.26	10584.8
1644.3	10574.3
1645.33	10563.7
1646.37	10546.3
1647.41	10535.8
1648.44	10531.2
1649.48	10537.8
1650.52	10546.8
1651.55	10552
1652.59	10556.2
1653.62	10556.3
1654.66	10549.8
1655.69	10537.9
1656.73	10518.5
1657.76	10504.4
1658.8	10487.3
1659.83	10467.8
1660.87	10445.6
1661.9	10431.7
1662.93	10425.6
1663.97	10426.6
1665	10438
1666.04	10452.6
1667.07	10461.6
1668.1	10465.6
1669.14	10462.9
1670.17	10447.3
1671.2	10445.9
1672.23	10448.7
1673.27	10451.6
1674.3	10453
1675.33	10452.2
1676.36	10449.5
1677.39	10442.3
1678.43	10431.8
1679.46	10417.4
1680.49	10402.1
1681.52	10401.2
1682.55	10405.3
1683.58	10406.2
1684.61	10406
1685.64	10400.9
1686.67	10391
1687.7	10367.7
1688.73	10352.7
1689.76	10343.7
1690.79	10342.3
1691.82	10343.1
1692.85	10341.6
1693.88	10339.1
1694.91	10337.8
1695.94	10336.8
1696.97	10338.3
1698	10339.6
1699.02	10367.9
1700.05	10355.6
1701.08	10338.7
1702.11	10313.3
1703.14	10268.1
1704.16	10257.4
1705.19	10246.2
1706.22	10262.4
1707.25	10263
1708.27	10263.6
1709.3	10236.7
1710.33	10187.1
1711.35	10173.9
1712.38	10169.9
1713.41	10174.1
1714.43	10176.1
1715.46	10156.3
1716.48	10150.8
1717.51	10146.5
1718.53	10138
1719.56	10128.7
1720.58	10116.1
1721.61	10105.8
1722.63	10098.1
1723.66	10093.8
1724.68	10092.1
1725.71	10091.2
1726.73	10090.2
1727.75	10089.2
1728.78	10086.7
1729.8	10079.6
1730.83	10068.8
1731.85	10054.5
1732.87	10037.3
1733.89	10023.5
1734.92	10021.9
1735.94	10041.2
1736.96	10051.5
1737.98	10060.6
1739.01	10061.9
1740.03	10045.5
1741.05	10037
1742.07	10027.9
1743.09	10016.4
1744.12	10010.8
1745.14	10006.9
1746.16	10006.9
1747.18	10006.6
1748.2	10004.6
1749.22	9999.33
1750.24	9977.32
1751.26	9955.92
1752.28	9925.51
1753.3	9916.18
1754.32	9911.18
1755.34	9911
1756.36	9909.03
1757.38	9905.33
1758.4	9901.56
1759.42	9896.88
1760.44	9891.27
1761.45	9883.93
1762.47	9875.59
1763.49	9866.02
1764.51	9856.53
1765.53	9852.13
1766.55	9855.62
1767.56	9859.79
1768.58	9867
1769.6	9878.72
1770.61	9887.96
1771.63	9870.91
1772.65	9848.43
1773.67	9834.52
1774.68	9824.45
1775.7	9820.23
1776.72	9812.6
1777.73	9805.77
1778.75	9798.3
1779.76	9793.69
1780.78	9787.19
1781.79	9770.8
1782.81	9749.78
1783.83	9735.05
1784.84	9725.72
1785.85	9736.82
1786.87	9730.01
1787.88	9723.24
1788.9	9713.56
1789.91	9706.22
1790.93	9689.42
1791.94	9678.08
1792.95	9673.28
1793.97	9666.82
1794.98	9676.95
1796	9684.93
1797.01	9688.06
1798.02	9681.57
1799.03	9666.35
1800.05	9650.33
1801.06	9635.48
1802.07	9624.89
1803.08	9615.88
1804.1	9608.95
1805.11	9604.9
1806.12	9603.26
1807.13	9604
1808.14	9606.61
1809.15	9607.13
1810.17	9605.52
1811.18	9595.36
1812.19	9583.75
1813.2	9569.59
1814.21	9551.45
1815.22	9533.37
1816.23	9533.67
1817.24	9529.33
1818.25	9519.64
1819.26	9506.97
1820.27	9498.23
1821.28	9493.39
1822.29	9490.12
1823.3	9488.22
1824.3	9485.35
1825.31	9480.89
1826.32	9473.02
1827.33	9455.24
1828.34	9434.56
1829.35	9417.19
1830.35	9403.12
1831.36	9392.68
1832.37	9384.86
1833.38	9380.01
1834.38	9376.94
1835.39	9395.65
1836.4	9401.63
1837.41	9392.46
1838.41	9365.74
1839.42	9342.88
1840.43	9324.87
1841.43	9309.34
1842.44	9290.38
1843.44	9274.07
1844.45	9280.41
1845.46	9293.54
1846.46	9309.6
1847.47	9314.11
1848.47	9310.71
1849.48	9300.74
1850.48	9269.72
1851.49	9251.91
1852.49	9248.67
1853.49	9319.08
1854.5	9257.89
1855.5	9226.6
1856.51	9216.21
1857.51	9244.65
1858.51	9246.4
1859.52	9228.21
1860.52	9221.57
1861.52	9214
1862.53	9206.37
1863.53	9222.08
1864.53	9226.79
1865.54	9219.83
1866.54	9205.4
1867.54	9189.18
1868.54	9158.24
1869.54	9130.63
1870.55	9116.22
1871.55	9112.87
1872.55	9108.93
1873.55	9110.57
1874.55	9109.15
1875.55	9105.04
1876.55	9097.84
1877.55	9089.06
1878.55	9077.85
1879.55	9068.12
1880.56	9065.98
1881.55	9064.3
1882.56	9063.31
1883.55	9063.29
1884.55	9055.25
1885.55	9048.82
1886.55	9041.96
1887.55	9036.68
1888.55	9032.87
1889.55	9034.81
1890.55	9034.7
1891.55	9032.76
1892.55	9028.38
1893.54	9022.36
1894.54	9014.89
1895.54	9007.44
1896.54	8999.06
1897.54	8989.85
1898.53	8979.82
1899.53	8969.42
1900.53	8958.48
1901.52	8947.39
1902.52	8936.56
1903.52	8925.37
1904.51	8913.91
1905.51	8902.84
1906.51	8892.97
1907.5	8885.01
1908.5	8882.68
1909.49	8875.31
1910.49	8865.24
1911.49	8855.53
1912.48	8844.93
1913.48	8834.41
1914.47	8825.57
1915.46	8817.76
1916.46	8815.01
1917.45	8809.65
1918.45	8804.23
1919.44	8798.73
1920.44	8793.06
1921.43	8787.36
1922.43	8778.69
1923.42	8768.12
1924.41	8757.28
1925.41	8746.23
1926.4	8735.74
1927.39	8724.66
1928.38	8717.47
1929.38	8710.9
1930.37	8711.43
1931.36	8709.63
1932.35	8705.97
1933.35	8700.08
1934.34	8691.72
1935.33	8681.17
1936.32	8669.75
1937.31	8655.77
1938.3	8638.15
1939.29	8611.88
1940.29	8583.22
1941.28	8598.96
1942.27	8616.98
1943.26	8629.04
1944.25	8629.28
1945.24	8626.46
1946.23	8624.8
1947.22	8618.04
1948.21	8609.25
1949.2	8598.64
1950.19	8586.78
1951.18	8574.17
1952.17	8560.94
1953.16	8549.06
1954.14	8535.14
1955.13	8521.13
1956.12	8508.86
1957.11	8499.6
1958.1	8496.29
1959.09	8493.11
1960.07	8488.51
1961.06	8484.34
1962.05	8479.98
1963.04	8476.03
1964.02	8470.91
1965.01	8462.19
1966	8447.65
1966.99	8433.07
1967.97	8430.89
1968.96	8431.86
1969.95	8429.5
1970.93	8423.81
1971.92	8414.79
1972.9	8405.5
1973.89	8392.56
1974.88	8378.01
1975.86	8355.54
1976.85	8314.67
1977.83	8328.72
1978.82	8352.97
1979.8	8372.08
1980.79	8370.35
1981.77	8351.31
1982.76	8329.81
1983.74	8315.61
1984.72	8295.86
1985.71	8309.3
1986.69	8305.76
1987.67	8300.98
1988.66	8296.45
1989.64	8293.38
1990.62	8286.1
1991.61	8275.73
1992.59	8274.16
1993.57	8280.1
1994.56	8273.22
1995.54	8265.47
1996.52	8256.1
1997.5	8239.75
1998.49	8215.24
1999.47	8200.18
2000.45	8200.43
2001.43	8203.33
2002.41	8201.44
2003.39	8197.35
2004.38	8191.22
2005.36	8184.27
2006.34	8177.47
2007.32	8170.15
2008.3	8162.4
2009.28	8154.57
2010.26	8146.82
2011.24	8139.45
2012.22	8132.53
2013.2	8125.96
2014.18	8119.7
2015.16	8115.04
2016.14	8110.86
2017.12	8106.78
2018.1	8098.12
2019.07	8082.36
2020.05	8070.55
2021.03	8060.35
2022.01	8051.85
2022.99	8045.27
2023.97	8041.01
2024.95	8038.75
2025.92	8037.4
2026.9	8037.63
2027.88	8039.02
2028.86	8039.92
2029.83	8039.51
2030.81	8037.46
2031.79	8032.87
2032.76	8028.18
2033.74	8014.38
2034.72	7986.95
2035.69	7940.43
2036.67	7923.33
2037.65	7920.86
2038.62	7924.71
2039.6	7939.54
2040.57	7920.41
2041.55	7909.99
2042.52	7900.45
2043.5	7892.97
2044.47	7884.08
2045.45	7881.74
2046.42	7873.08
2047.4	7860.86
2048.37	7846.72
2049.35	7832.56
2050.32	7821.42
2051.29	7819.82
2052.27	7816.95
2053.24	7810.54
2054.21	7799.16
2055.19	7789.13
2056.16	7777.11
2057.13	7763.69
2058.11	7750.39
2059.08	7737.99
2060.05	7732.66
2061.02	7729.82
2062	7724.96
2062.97	7719.88
2063.94	7714.79
2064.91	7709.82
2065.89	7705.23
2066.86	7701.07
2067.83	7697.64
2068.8	7694.81
2069.77	7692.9
2070.74	7685.26
2071.71	7672.06
2072.68	7653.08
2073.65	7630.89
2074.62	7608.49
2075.59	7593.48
2076.56	7592.39
2077.53	7607.47
2078.5	7615.06
2079.47	7618.25
2080.44	7622.99
2081.41	7614.39
2082.38	7598.35
2083.35	7581.8
2084.32	7563.97
2085.29	7554.18
2086.26	7546.83
2087.23	7540.49
2088.19	7535.74
2089.16	7532.04
2090.13	7530.85
2091.1	7522.69
2092.07	7515.16
2093.03	7495.71
2094	7479.09
2094.97	7466.45
2095.94	7492.62
2096.9	7478.26
2097.87	7465.96
2098.84	7434.59
2099.8	7434.15
2100.77	7445.82
2101.74	7467.75
2102.7	7458.67
2103.67	7461.46
2104.63	7391.06
2105.6	7384.7
2106.56	7380.78
2107.53	7378.5
2108.49	7366.52
2109.46	7354.32
2110.42	7344.19
2111.39	7335.49
2112.35	7329.57
2113.32	7323.14
2114.28	7317.12
2115.25	7311.46
2116.21	7305.16
2117.17	7297.08
2118.14	7289.23
2119.1	7280.09
2120.07	7272.69
2121.03	7267.18
2121.99	7265.28
2122.96	7266.39
2123.92	7265.72
2124.88	7264.66
2125.84	7259.45
2126.81	7254.89
2127.77	7249.25
2128.73	7243.38
2129.69	7236.53
2130.65	7229.34
2131.62	7221.42
2132.58	7213.06
2133.54	7203.86
2134.5	7195.17
2135.46	7185.67
2136.42	7173.87
2137.38	7161.81
2138.34	7159.34
2139.3	7153.32
2140.26	7146.45
2141.22	7140.72
2142.18	7135.14
2143.14	7131.73
2144.1	7128.2
2145.06	7124.84
2146.02	7120.51
2146.98	7108.88
2147.94	7098.47
2148.9	7087.83
2149.86	7076.15
2150.82	7065.63
2151.78	7061.27
2152.74	7060.68
2153.69	7060.06
2154.65	7056.49
2155.61	7054.57
2156.57	7051.81
2157.53	7048.86
2158.48	7044.62
2159.44	7038.92
2160.4	7031.66
2161.36	7020.79
2162.31	7008.26
2163.27	6992.99
2164.23	6978.64
2165.18	6966.37
2166.14	6959.81
2167.1	6951.25
2168.05	6941.03
2169.01	6928.45
2169.96	6916.53
2170.92	6900.81
2171.88	6884.77
2172.83	6868.85
2173.79	6853.33
2174.74	6838.79
2175.7	6827.38
2176.65	6819.89
2177.6	6812.57
2178.56	6805.55
2179.51	6798.45
2180.47	6790.19
2181.42	6778.78
2182.38	6766.23
2183.33	6751.67
2184.28	6745.37
2185.24	6738.04
2186.19	6732.74
2187.14	6734.27
2188.1	6721.75
2189.05	6708.36
2190	6695.47
2190.96	6684.32
2191.91	6674.42
2192.86	6664.67
2193.81	6655.81
2194.76	6654.68
2195.72	6655.79
2196.67	6657.1
2197.62	6657.46
2198.57	6657.62
2199.52	6656.3
2200.47	6652.87
2201.43	6647.49
2202.38	6640.09
2203.33	6631.97
2204.28	6623.2
2205.23	6614.16
2206.18	6605.3
2207.13	6594.35
2208.08	6582.65
2209.03	6570.04
2209.98	6557.21
2210.93	6552.52
2211.88	6548.42
2212.83	6546.39
2213.78	6547.67
2214.73	6543.12
2215.67	6533.46
2216.62	6501.24
2217.57	6476.32
2218.52	6486.22
2219.47	6499.29
2220.42	6531.59
2221.37	6523.84
2222.31	6515.39
2223.26	6505.66
2224.21	6495.62
2225.16	6483.85
2226.1	6460.65
2227.05	6453.69
2228	6451.92
2228.94	6454.12
2229.89	6453.57
2230.84	6447.68
2231.78	6438.8
2232.73	6435.05
2233.68	6432.67
2234.62	6430.34
2235.57	6427.29
2236.51	6424.5
2237.46	6421.98
2238.41	6420.84
2239.35	6419.06
2240.3	6417.08
2241.24	6414.27
2242.19	6409.89
2243.13	6397.37
2244.07	6385.74
2245.02	6371.06
2245.96	6354.02
2246.91	6342.52
2247.85	6330.06
2248.8	6424.41
2249.74	6332.5
2250.68	6341.8
2251.63	6374.44
2252.57	6365.13
2253.51	6360.94
2254.46	6359.75
2255.4	6357.92
2256.34	6354.95
2257.28	6353.23
2258.23	6353.17
2259.17	6351.83
2260.11	6349.07
2261.05	6348.44
2262	6341.37
2262.94	6334.75
2263.88	6328.42
2264.82	6321.9
2265.76	6319.72
2266.7	6320.73
2267.64	6324.69
2268.58	6311.26
2269.53	6285.69
2270.47	6286.19
2271.41	6287.94
2272.35	6289.06
2273.29	6290.2
2274.23	6291.56
2275.17	6291.69
2276.11	6289.91
2277.05	6285.99
2277.99	6278.97
2278.93	6271.17
2279.86	6268.25
2280.8	6268.04
2281.74	6262.81
2282.68	6256
2283.62	6245.99
2284.56	6234.18
2285.5	6231.06
2286.44	6231.99
2287.37	6236.18
2288.31	6240.8
2289.25	6246.25
2290.19	6252.49
2291.12	6257.41
2292.06	6258.47
2293	6254.24
2293.94	6243.92
2294.87	6234.59
2295.81	6225.28
2296.75	6216.25
2297.68	6203.53
2298.62	6196.18
2299.55	6194.48
2300.49	6194.29
2301.43	6197.32
2302.36	6197.58
2303.3	6195.99
2304.23	6190.31
2305.17	6181.57
2306.1	6172.04
2307.04	6162.24
2307.98	6153.62
2308.91	6146.21
2309.84	6139.68
2310.78	6133.96
2311.71	6130.37
2312.65	6128.75
2313.58	6128.82
2314.52	6130.1
2315.45	6128.56
2316.38	6120.44
2317.32	6105.89
2317.72	6099.06
2318.66	6078.41
2319.6	6066.29
2320.54	6059.88
2321.48	6060.78
2322.41	6064.01
2323.35	6067.36
2324.29	6065.9
2325.23	6063.97
2326.16	6059.9
2327.1	6052.43
2328.04	6043.42
2328.97	6036.31
2329.91	6029.32
2330.85	6030.32
2331.78	6035.21
2332.72	6039.08
2333.66	6025.76
2334.59	6009.38
2335.53	5990.65
2336.46	5975.7
2337.4	5967.61
2338.33	5962.62
2339.27	5958.79
2340.2	5957.29
2341.14	5957.62
2342.07	5959.41
2343.01	5961.22
2343.94	5962.42
2344.88	5961.84
2345.81	5963.37
2346.75	5961.47
2347.68	5949.95
2348.61	5937.51
2349.55	5924.08
2350.48	5908.28
2351.41	5894.56
2352.35	5886.83
2353.28	5886.24
2354.21	5902.41
2355.15	5892.19
2356.08	5880.85
2357.01	5878.42
2357.94	5876.46
2358.88	5878.03
2359.81	5880.27
2360.74	5890.25
2361.67	5900.41
2362.6	5910.88
2363.54	5915.48
2364.47	5878.03
2365.4	5862.13
2366.33	5851.32
2367.26	5848.7
2368.19	5884.86
2369.12	5859.37
2370.05	5841.34
2370.98	5829.9
2371.91	5825.14
2372.84	5827.68
2373.77	5835.68
2374.7	5826.88
2375.63	5819.53
2376.56	5812.32
2377.49	5805.24
2378.42	5796.78
2379.35	5788.77
2380.28	5781.72
2381.21	5777.14
2382.14	5773.93
2383.07	5770.33
2384	5764.4
2384.92	5756.41
2385.85	5748.42
2386.78	5746.54
2387.71	5744.99
2388.64	5747.7
2389.56	5756.16
2390.49	5762.64
2391.42	5763.87
2392.35	5763.11
2393.27	5760.63
2394.2	5756.22
2395.13	5750.85
2396.05	5743.86
2396.98	5735.77
2397.91	5726.52
2398.83	5716.61
2399.76	5705.94
2400.69	5695.47
2401.61	5689.42
2402.54	5689.35
2403.46	5690.22
2404.39	5693.82
2405.31	5693.31
2406.24	5691.99
2407.17	5689.41
2408.09	5684.31
2409.01	5677.82
2409.94	5670.09
2410.86	5662.39
2411.79	5668.09
2412.71	5668.06
2413.64	5656.94
2414.56	5640.17
2415.49	5628.9
2416.41	5619.65
2417.33	5610.23
2418.26	5602.95
2419.18	5596.45
2420.1	5592.01
2421.03	5590.94
2421.95	5593.01
2422.87	5595.5
2423.79	5592.64
2424.72	5584.4
2425.64	5572.46
2426.56	5538.02
2427.48	5569.18
2428.41	5568.89
2429.33	5570.4
2430.25	5573.79
2431.17	5570.48
2432.09	5561.89
2433.01	5550.87
2433.93	5539.18
2434.86	5526.92
2435.78	5514.65
2436.7	5507.5
2437.62	5500.99
2438.54	5495.6
2439.46	5491.09
2440.38	5487.18
2441.3	5483.69
2442.22	5476
2443.14	5470.6
2444.06	5465.85
2444.98	5461.39
2445.9	5456.69
2446.82	5451.96
2447.73	5446.19
2448.65	5441.17
2449.57	5431.76
2450.49	5426.5
2451.41	5425.01
2452.33	5427.69
2453.25	5411.5
2454.17	5398.31
2455.08	5391.7
2456	5386.99
2456.92	5383.68
2457.84	5381.16
2458.75	5379.26
2459.67	5376.3
2460.59	5369.58
2461.51	5360.87
2462.42	5352.88
2463.34	5346.89
2464.26	5342.58
2465.17	5339.26
2466.09	5336.56
2467	5332.89
2467.92	5326.75
2468.84	5316.86
2469.75	5299.89
2470.67	5288.39
2471.58	5281.63
2472.5	5278.94
2473.42	5279.28
2474.33	5282.54
2475.25	5288.23
2476.16	5288.61
2477.08	5284.8
2477.99	5277.28
2478.9	5269.65
2479.82	5277.51
2480.73	5271.23
2481.65	5268.02
2482.56	5258.71
2483.47	5246.44
2484.39	5239.97
2485.3	5235.89
2486.22	5246.26
2487.13	5252.88
2488.04	5286.97
2488.96	5261.57
2489.87	5223.41
2490.78	5211.6
2491.69	5216.5
2492.61	5223.08
2493.52	5219.84
2494.43	5221.96
2495.34	5224.09
2496.25	5225.81
2497.17	5227.07
2498.08	5227.77
2498.99	5227.56
2499.9	5222.42
2500.81	5217.75
2501.72	5212.01
2502.63	5204.15
2503.55	5196.61
2504.46	5196.13
2505.37	5196.96
2506.28	5199.86
2507.19	5201.26
2508.1	5193.62
2509.01	5181.93
2509.92	5168.4
2510.83	5162.43
2511.74	5159.5
2512.65	5156.47
2513.56	5154.18
2514.47	5149.97
2515.37	5147.64
2516.28	5144.72
2517.19	5142.19
2518.1	5139.29
2519.01	5135.76
2519.92	5129.78
2520.83	5122.3
2521.73	5115.24
2522.64	5108.3
2523.55	5101.7
2524.46	5095.31
2525.37	5091.71
2526.27	5088.33
2527.18	5086.12
2528.09	5084.19
2529	5082.22
2529.9	5079.89
2530.81	5073.01
2531.72	5065.11
2532.62	5055.79
2533.53	5039.96
2534.44	5038.75
2535.34	5036.28
2536.25	5039.59
2537.15	5039.07
2538.06	5034.68
2538.96	5023.48
2539.87	5013.61
2540.78	5007.46
2541.68	5002.64
2542.59	4998.26
2543.49	4995.54
2544.4	4994.01
2545.3	4992.7
2546.21	4990.11
2547.11	4985.69
2548.01	4975.54
2548.92	4972.14
2549.82	4969.73
2550.73	4972.13
2551.63	4971.74
2552.53	4969.27
2553.44	4969.14
2554.34	4961.92
2555.24	4946.43
2556.15	4933.59
2557.05	4918.11
2557.95	4913.79
2558.86	4913.87
2559.76	4914.23
2560.66	4914.79
2561.56	4912.91
2562.46	4907.44
2563.37	4899.92
2564.27	4889.48
2565.17	4869.2
2566.07	4872.25
2566.97	4880.44
2567.88	4893.84
2568.78	4903.9
2569.68	4903.19
2570.58	4893.92
2571.48	4873.14
2572.38	4856
2573.28	4852.1
2574.18	4844.42
2575.08	4834.83
2575.98	4823.59
2576.88	4812.02
2577.78	4800.58
2578.68	4789.61
2579.58	4786.18
2580.48	4782.91
2581.38	4780.58
2582.28	4779
2583.18	4779.85
2584.08	4779.91
2584.98	4773.43
2585.88	4762.7
2586.77	4753.91
2587.67	4749.4
2588.57	4749.91
2589.47	4752.12
2590.37	4750.81
2591.27	4748.12
2592.16	4743.88
2593.06	4739.27
2593.96	4730.78
2594.86	4721.67
2595.75	4710.49
2596.65	4699.19
2597.55	4689.28
2598.45	4685.63
2599.34	4686.52
2600.24	4689.54
2601.13	4693.16
2602.03	4700.2
2602.93	4707.19
2603.82	4698.18
2604.72	4685.12
2605.62	4669.82
2606.51	4655.52
2607.41	4644.08
2608.3	4635.76
2609.2	4630.68
2610.09	4627.23
2610.99	4625.01
2611.88	4623.94
2612.78	4622.57
2613.67	4621.98
2614.57	4622.19
2615.46	4622.84
2616.36	4623.64
2617.25	4614.76
2618.14	4601.75
2619.04	4601.04
2619.93	4606.9
2620.83	4609.61
2621.72	4610.75
2622.61	4609.82
2623.5	4606.68
2624.4	4602.1
2625.29	4580.97
2626.18	4558.43
2627.08	4546.92
2627.97	4546.19
2628.86	4561.59
2629.75	4566.75
2630.65	4569.27
2631.54	4566.49
2632.43	4559.58
2633.32	4549.83
2634.21	4538.45
2635.11	4523.89
2636	4508.54
2636.89	4496.2
2637.78	4485.86
2638.67	4486.87
2639.56	4484.09
2640.45	4474.03
2641.34	4458.67
2642.23	4453.51
2643.12	4451.63
2644.01	4450.16
2644.9	4448.79
2645.79	4446.72
2646.68	4445
2647.57	4442.86
2648.46	4432.11
2649.35	4414.36
2650.24	4401.75
2651.13	4395.89
2652.02	4393.42
2652.91	4391.88
2653.8	4391.99
2654.69	4394.13
2655.58	4392.53
2656.46	4393.99
2657.35	4387.77
2658.24	4376.57
2659.13	4371.06
2660.02	4365
2660.9	4359.31
2661.79	4353.76
2662.68	4348.72
2663.57	4349.66
2664.45	4339.58
2665.34	4329.02
2666.23	4318.91
2667.11	4308.84
2668	4303.68
2668.89	4303.68
2669.77	4350.61
2670.66	4292.27
2671.55	4288.85
2672.43	4295.77
2673.32	4305.88
2674.21	4311.51
2675.09	4315.02
2675.98	4316.5
2676.86	4316.12
2677.75	4313.05
2678.63	4307.44
2679.52	4299.12
2680.4	4287.4
2681.29	4274.1
2682.17	4262.77
2683.06	4252.86
2683.94	4243.09
2684.82	4234.43
2685.71	4226.66
2686.59	4219.99
2687.48	4214.46
2688.36	4210.6
2689.24	4207.97
2690.13	4205.91
2691.01	4204.45
2691.89	4203.88
2692.78	4201.66
2693.66	4196.73
2694.54	4190.2
2695.43	4182.96
2696.31	4174.64
2697.19	4169.93
2698.07	4166.16
2698.96	4163.99
2699.84	4161.86
2700.72	4159.59
2701.6	4156.33
2702.48	4151.25
2703.36	4144.49
2704.25	4136.84
2705.13	4128.11
2706.01	4118.06
2706.89	4107.82
2707.77	4100.88
2708.65	4111.14
2709.53	4122.2
2710.41	4124.41
2711.29	4115.86
2712.17	4103.54
2713.05	4094.36
2713.93	4085.46
2714.81	4077.67
2715.69	4068.95
2716.57	4080.32
2717.45	4090.83
2718.33	4106.62
2719.21	4059.52
2720.09	4046.3
2720.97	4054.64
2721.85	4063.56
2722.73	4070.33
2723.61	4074.56
2724.48	4075.94
2725.36	4071.18
2726.24	4050.26
2727.12	4035.37
2728	4022.25
2728.88	4013.27
2729.75	4008.99
2730.63	4007.4
2731.51	4010.24
2732.39	4016.21
2733.26	4025.34
2734.14	4035.63
2735.02	4028.2
2735.89	4019.43
2736.77	4005.56
2737.65	3986.17
2738.52	3978.06
2739.4	3969.25
2740.28	3979.37
2741.15	3983.2
2742.03	3979.5
2742.9	3964.06
2743.78	3950.84
2744.65	3947.72
2745.53	3947.84
2746.41	3952.39
2747.28	3963.46
2748.16	3964.64
2749.03	3963.17
2749.91	3961.69
2750.78	3950.14
2751.66	3945.08
2752.53	3940.85
2753.4	3936.49
2754.28	3931.83
2755.15	3926.79
2756.02	3921.73
2756.9	3916.41
2757.77	3911.49
2758.65	3908.89
2759.52	3905.96
2760.39	3902.83
2761.27	3899.41
2762.14	3894.9
2763.01	3889.64
2763.88	3883.39
2764.76	3876.4
2765.63	3868.76
2766.5	3860.42
2767.37	3851.11
2768.25	3841.19
2769.12	3834.37
2769.99	3834.29
2770.86	3841.42
2771.73	3850.63
2772.61	3856
2773.48	3860.86
2774.35	3863.86
2775.22	3867.27
2776.09	3862.16
2776.96	3848.35
2777.83	3838.55
2778.7	3831.55
2779.57	3822.48
2780.44	3819.15
2781.31	3814.61
2782.18	3808.01
2783.05	3801.25
2783.92	3795.07
2784.79	3789.51
2785.66	3784.64
2786.53	3780.68
2787.4	3777.74
2788.27	3775.52
2789.14	3773.83
2790.01	3772.51
2790.88	3770.83
2791.75	3769.11
2792.62	3771.95
2793.48	3774.05
2794.35	3776.91
2795.22	3779.39
2796.09	3776.97
2796.96	3770.32
2797.82	3758.59
2798.69	3744.1
2799.56	3733.41
2800.43	3726.04
2801.29	3722.94
2802.16	3722.47
2803.03	3724.82
2803.9	3729.47
2804.76	3735.02
2805.63	3740.36
2806.5	3732.65
2807.36	3721.72
2808.23	3707
2809.09	3688.33
2809.96	3674.5
2810.83	3663.47
2811.69	3656.81
2812.56	3658.35
2813.42	3660.14
2814.29	3665
2815.15	3666.87
2816.02	3669.23
2816.88	3666.59
2817.75	3664.5
2818.61	3661.96
2819.48	3659.28
2820.34	3655.62
2821.21	3654.83
2822.07	3656.18
2822.94	3655.11
2823.8	3647.55
2824.66	3640.29
2825.53	3632.8
2826.39	3625.81
2827.26	3619.7
2828.12	3614.19
2828.98	3609.27
2829.85	3605.58
2830.71	3598.29
2831.57	3590.33
2832.43	3581.34
2833.3	3572
2834.16	3567
2835.02	3569.6
2835.88	3570.52
2836.75	3573.68
2837.61	3577.74
2838.47	3584.17
2839.33	3584.84
2840.19	3582.94
2841.06	3578.53
2841.92	3569.84
2842.78	3562.7
2843.64	3557.55
2844.5	3553.98
2845.36	3551.51
2846.22	3550.19
2847.08	3549.92
2847.94	3550.3
2848.81	3550.62
2849.67	3549.48
2850.53	3546.89
2851.39	3542.64
2852.25	3538.49
2853.11	3536.48
2853.97	3534.45
2854.82	3531.88
2855.68	3529.03
2856.54	3525.41
2857.4	3521.22
2858.26	3515.16
2859.12	3507.86
2859.98	3499.99
2860.84	3492.13
2861.7	3487.76
2862.56	3483.42
2863.41	3479.79
2864.27	3477.61
2865.13	3476.09
2865.99	3475.7
2866.85	3476.26
2867.7	3476.9
2868.56	3477.97
2869.42	3477.65
2870.28	3478.25
2871.13	3479.39
2871.99	3480.69
2872.85	3490.75
2873.7	3469.33
2874.56	3448.31
2875.42	3438.31
2876.27	3433.66
2877.13	3437.76
2877.99	3442.62
2878.84	3444.99
2879.7	3444.35
2880.56	3430.52
2881.41	3426.65
2882.27	3423.34
2883.12	3420.84
2883.98	3419.08
2884.83	3418.08
2885.69	3418.16
2886.54	3417.58
2887.4	3414.24
2888.25	3399.08
2889.11	3387.13
2889.96	3386.55
2890.82	3390.22
2891.67	3391.04
2892.52	3386.99
2893.38	3377.83
2894.23	3370.23
2895.09	3363.92
2895.94	3358.69
2896.79	3354.76
2897.65	3359.14
2898.5	3370.86
2899.35	3378.73
2900.21	3376.49
2901.06	3364.48
2901.91	3358.34
2902.76	3348.06
2903.62	3337.08
2904.47	3324.14
2905.32	3317.96
2906.17	3311.64
2907.03	3305.46
2907.88	3305.07
2908.73	3303.9
2909.58	3302.03
2910.43	3298.33
2911.28	3289.64
2912.14	3282.11
2912.99	3274.37
2913.84	3268.8
2914.69	3267.83
2915.54	3267.93
2916.39	3271.66
2917.24	3278.51
2918.09	3299.27
2918.94	3307.82
2919.79	3238.24
2920.64	3235.9
2921.49	3225.65
2922.34	3241.13
2923.19	3250.65
2924.04	3243.87
2924.89	3236.14
2925.74	3230.28
2926.59	3224.86
2927.44	3221.01
2928.29	3218.1
2929.14	3216.48
2929.98	3215.91
2930.83	3216.55
2931.68	3218.22
2932.53	3220.94
2933.38	3224
2934.23	3226.42
2935.07	3221.7
2935.92	3214.76
2936.77	3198.97
2937.62	3178.25
2938.47	3163.36
2939.31	3159.18
2940.16	3152.26
2941.01	3151.39
2941.85	3153.18
2942.7	3157.81
2943.55	3162.69
2944.39	3164.06
2945.24	3160.26
2946.09	3151.7
2946.93	3145.59
2947.78	3139.42
2948.63	3130.1
2949.47	3124.68
2950.32	3124.93
2951.16	3125.97
2952.01	3129.4
2952.85	3133.81
2953.7	3138.72
2954.55	3142.27
2955.39	3137.54
2956.24	3132.14
2957.08	3124.48
2957.92	3114.9
2958.77	3106.35
2959.61	3100
2960.46	3096.12
2961.3	3095.15
2962.15	3095.56
2962.99	3096.49
2963.83	3096.27
2964.68	3096.38
2965.52	3096.31
2966.37	3095.93
2967.21	3095.01
2968.05	3094.72
2968.9	3091.53
2969.74	3084.59
2970.58	3073.63
2971.42	3061.93
2972.27	3055.2
2973.11	3051.42
2973.95	3050.13
2974.79	3050.18
2975.64	3051.44
2976.48	3053.02
2977.32	3049.69
2978.16	3047.02
2979	3044.29
2979.85	3042.3
2980.69	3040.26
2981.53	3038.8
2982.37	3038.77
2983.21	3037.45
2984.05	3032.78
2984.89	3025.84
2985.73	3025.28
2986.57	3027.82
2987.41	3029.64
2988.25	3029.22
2989.1	3026.66
2989.94	3022.51
2990.77	3017.32
2991.62	3011.53
2992.45	3004.84
2993.29	2998.2
2994.13	2991
2994.97	2983.75
2995.81	2976.25
2996.65	2972.54
2997.49	2977.99
2998.33	2983.19
2999.17	2949.51
