200.833	7880.5
202.102	7901.46
203.371	7817.46
204.639	7868.95
205.907	7888.83
207.175	7915.41
208.442	7923.21
209.71	7917.95
210.977	7914.25
212.244	7912.72
213.511	7913.46
214.777	7917.04
216.042	7922.57
217.309	7930.82
218.575	7941.66
219.84	7955.67
221.106	7972.03
222.371	7993.35
223.635	8024.14
224.9	8042.34
226.165	8060.61
227.429	8065.23
228.694	8062.79
229.956	8065.46
231.22	8072.41
232.484	8084.43
233.747	8100.46
235.011	8118.93
236.272	8143.11
237.535	8168.98
238.798	8195.65
240.06	8215.66
241.321	8231.4
242.583	8244.68
243.845	8253.55
245.105	8258.98
246.367	8261
247.628	8260.73
248.888	8263.32
250.149	8269.1
251.409	8273.44
252.67	8281.09
253.928	8289.31
255.189	8297.94
256.447	8306.07
257.707	8309.18
258.966	8309.88
260.224	8311.96
261.483	8314.35
262.742	8317.37
263.999	8321.55
265.257	8327.36
266.514	8336.21
267.772	8349.13
269.028	8365.89
270.286	8386.89
271.543	8412.95
272.799	8446.69
274.056	8461.7
275.311	8465.24
276.568	8458.21
277.823	8445.19
279.079	8445.45
280.333	8465.28
281.589	8465.86
282.843	8462.61
284.099	8459.79
285.352	8455.62
286.607	8455.19
287.86	8462.39
289.114	8481.4
290.368	8503.15
291.621	8529.67
292.875	8560.21
294.127	8586.67
295.38	8601.03
296.632	8611.14
297.884	8616.91
299.137	8618.43
300.388	8615.29
301.641	8611.15
302.891	8601.89
304.142	8599
305.394	8596.3
306.644	8597.37
307.894	8602.57
309.146	8611.67
310.395	8624.23
311.645	8639.23
312.895	8657.89
314.144	8660.84
315.393	8642.58
316.642	8635.16
317.892	8636.13
319.14	8651.54
320.388	8666.24
321.637	8678.14
322.885	8688.51
324.132	8702.44
325.38	8715.01
326.628	8725.01
327.875	8733.21
329.122	8739.9
330.368	8745.45
331.614	8753.7
332.862	8762.66
334.108	8771.74
335.353	8780.54
336.599	8789.07
337.844	8797.05
339.089	8804.2
340.335	8805.37
341.58	8808.4
342.824	8812.66
344.068	8818.86
345.312	8826.55
346.556	8823.38
347.8	8820.59
349.043	8822.34
350.286	8827.15
351.53	8832.51
352.774	8833.21
354.016	8834.05
355.259	8834.76
356.501	8835.38
357.743	8835.25
358.985	8835.15
360.227	8837.25
361.468	8845.51
362.709	8859.1
363.95	8872.36
365.191	8885.16
366.432	8892.62
367.672	8881.65
368.912	8874.25
370.152	8893.78
371.392	8894.82
372.632	8896.67
373.871	8899.62
375.11	8902.19
376.348	8903.67
377.587	8902.46
378.825	8918.67
380.064	8924.96
381.302	8931.54
382.54	8932.27
383.778	8928.63
385.016	8929.35
386.253	8932.11
387.489	8936.98
388.726	8944.6
389.963	8954.12
391.199	8966.72
392.436	8981.04
393.672	8996.86
394.907	9011.33
396.142	9011.79
397.378	9017.92
398.614	9024.25
399.849	9029.98
401.082	9035.32
402.317	9035.73
403.552	9035.87
404.786	9034.8
406.019	9035.95
407.253	9046.21
408.487	9053.47
409.721	9058.02
410.953	9058.83
412.186	9059.56
413.419	9060.05
414.651	9060.33
415.883	9060.44
417.116	9060.47
418.347	9060.43
419.579	9060.4
420.811	9060.42
422.041	9060.61
423.272	9060.39
424.504	9065.04
425.733	9072.97
426.964	9084.75
428.194	9105.84
429.424	9109.69
430.654	9106.43
431.883	9104.29
433.113	9103.79
434.341	9105.79
435.571	9109.97
436.799	9115.9
438.028	9123.43
439.257	9132.74
440.484	9144.06
441.713	9152.17
442.94	9154.18
444.168	9138.25
445.394	9117.63
446.622	9140.07
447.848	9160.39
449.076	9167.98
450.301	9163.8
451.528	9149.46
452.754	9138.27
453.979	9130.29
455.205	9124.85
456.43	9122.34
457.656	9123.22
458.88	9129.94
460.106	9146.63
461.33	9174.53
462.554	9205.95
463.779	9214.54
465.002	9216.96
466.225	9210.03
467.45	9210.85
468.672	9210.91
469.895	9210.4
471.119	9212.01
472.341	9214.61
473.563	9219.08
474.786	9215.45
476.008	9194.22
477.229	9179.71
478.452	9170.69
479.673	9168.1
480.894	9166.56
482.115	9167.7
483.337	9171.85
484.557	9176.94
485.777	9180.32
486.997	9171.21
488.218	9155.29
489.438	9142.14
490.657	9132.3
491.876	9125.22
493.096	9118.7
494.315	9126.95
495.533	9140.46
496.752	9154.15
497.97	9169.27
499.188	9178.79
500.407	9180.74
501.625	9175.69
502.842	9158.19
504.059	9167.18
505.276	9196.88
506.493	9195.18
507.71	9193.35
508.926	9175.25
510.142	9165.97
511.358	9169.63
512.575	9186.95
513.791	9223.45
515.006	9208.8
516.222	9211
517.437	9214.31
518.651	9220.35
519.866	9228.89
521.081	9240.05
522.295	9249.25
523.509	9256.87
524.723	9261.64
525.937	9244.94
527.15	9248.77
528.363	9251.02
529.576	9258.47
530.789	9267.29
532.002	9275.78
533.215	9283.37
534.426	9289.18
535.638	9295.4
536.85	9300.52
538.061	9304.05
539.273	9305.15
540.484	9301.07
541.695	9295.61
542.906	9291.42
544.117	9288.52
545.327	9286.28
546.537	9285.11
547.747	9285.75
548.957	9288.04
550.167	9291.68
551.377	9295.86
552.585	9291.49
553.794	9291.17
555.003	9297.19
556.212	9302.02
557.421	9306.49
558.628	9311.01
559.836	9315.2
561.044	9316.28
562.252	9310.79
563.458	9284.46
564.666	9278.06
565.873	9278.7
567.08	9279.95
568.286	9282.08
569.493	9285.58
570.699	9291.86
571.904	9299.88
573.111	9309.67
574.317	9322.02
575.521	9335.26
576.727	9342.16
577.932	9333.45
579.136	9311.17
580.341	9300.75
581.544	9294.08
582.749	9295.56
583.954	9297.4
585.156	9307.94
586.361	9324.57
587.563	9340.74
588.767	9355.09
589.97	9352.45
591.172	9348.11
592.375	9342.75
593.577	9335.59
594.78	9326.63
595.981	9315.86
597.183	9304.66
598.384	9297.47
599.586	9302.49
600.786	9304.83
601.988	9304.56
603.188	9301.72
604.389	9296.87
605.589	9291.96
606.79	9287.98
607.989	9286.74
609.188	9288.7
610.389	9294
611.587	9297.04
612.787	9300.43
613.986	9303.88
615.184	9308.76
616.383	9312.35
617.581	9288.03
618.78	9261.67
619.977	9223.86
621.174	9203.15
622.373	9208.46
623.57	9213.53
624.766	9220.04
625.964	9227.84
627.16	9239.72
628.356	9248.75
629.554	9242.34
630.749	9223.86
631.945	9205.96
633.14	9194.15
634.337	9188.18
635.532	9213.91
636.726	9227.46
637.921	9202.48
639.117	9192.19
640.311	9180.78
641.505	9170.21
642.699	9160
643.892	9151.32
645.087	9161.83
646.28	9173.81
647.473	9186.63
648.666	9196.14
649.859	9201.17
651.051	9202.53
652.245	9199.89
653.437	9199.93
654.629	9197.86
655.821	9194.88
657.012	9188.66
658.204	9181.74
659.395	9172.48
660.586	9166.67
661.777	9177.02
662.967	9227.39
664.158	9219.74
665.349	9220.79
666.539	9223.22
667.729	9225.88
668.919	9229.48
670.109	9234.09
671.298	9239.83
672.487	9246.82
673.676	9255.47
674.865	9261.9
676.053	9246.63
677.242	9234.48
678.43	9222.45
679.616	9208.37
680.804	9199.91
681.992	9200.4
683.179	9206.78
684.366	9218.44
685.554	9234.94
686.74	9230.46
687.927	9220.36
689.114	9207.77
690.3	9190.69
691.486	9184.16
692.671	9186.42
693.856	9188.09
695.042	9188.47
696.227	9186.76
697.413	9184.52
698.598	9176.96
699.781	9169.1
700.966	9160.21
702.15	9151.78
703.334	9148.61
704.518	9148.58
705.701	9152.87
706.885	9151.36
708.068	9149.07
709.252	9145.39
710.433	9137.82
711.616	9130.17
712.799	9118.5
713.98	9108.56
715.163	9106.27
716.345	9114.16
717.527	9119.32
718.707	9125.04
719.889	9130.56
721.071	9135.81
722.25	9140.63
723.432	9144.6
724.611	9147.67
725.792	9149.99
726.972	9151.75
728.151	9151.26
729.332	9138.42
730.512	9119.89
731.69	9107.79
732.87	9100.36
734.048	9100.82
735.227	9107.64
736.405	9118.89
737.584	9132.25
738.761	9152.39
739.94	9160.79
741.117	9166.2
742.295	9169.73
743.471	9167.84
744.649	9171.19
745.825	9185.56
747.003	9195.88
748.179	9202.38
749.356	9203.64
750.531	9197.57
751.708	9188.33
752.883	9176.33
754.059	9174.56
755.234	9178.85
756.409	9188.65
757.585	9190.64
758.759	9188.4
759.934	9186.29
761.108	9181.14
762.282	9174.51
763.456	9164.3
764.63	9157.34
765.803	9157.19
766.977	9159.49
768.15	9158.82
769.323	9155.41
770.496	9151.43
771.668	9146.48
772.841	9140.7
774.014	9133.94
775.185	9125.93
776.357	9116.58
777.528	9106.01
778.701	9094.77
779.872	9087.1
781.042	9087.39
782.213	9073.41
783.383	9060.33
784.555	9047.49
785.725	9035.64
786.895	9023.89
788.064	9011.63
789.234	8998.69
790.404	9000.77
791.573	9009.52
792.742	9026.49
793.911	9037.85
795.08	9044.16
796.248	9050.35
797.416	9048.53
798.584	9038.16
799.753	9027.63
800.921	9014.63
802.088	9002.86
803.256	8992.02
804.423	8992.91
805.59	8991.55
806.756	8990.88
807.923	8992.51
809.089	8991.65
810.256	8990.33
811.422	8993.88
812.587	8997.59
813.753	9001.92
814.918	9006.45
816.084	9011.48
817.249	9016.34
818.414	9018.09
819.578	9017.59
820.743	9009.17
821.907	9002.69
823.072	9012.65
824.236	9035.82
825.399	9050.19
826.562	9063.1
827.725	9072.09
828.889	9077.19
830.052	9078.72
831.215	9075.53
832.377	9068.83
833.54	9058.63
834.701	9046.63
835.863	9046.09
837.025	9041.85
838.187	9039.66
839.349	9038.53
840.51	9037.93
841.67	9036.89
842.831	9034.7
843.992	9031.05
845.153	9023.77
846.312	9011.82
847.473	9001.8
848.633	8990.04
849.793	8994.57
850.951	9007.39
852.111	9005.05
853.27	8994.45
854.428	8969.72
855.588	8951.6
856.747	8947.92
857.904	8947.68
859.063	8956.75
860.221	8971.96
861.378	8981.69
862.536	8982.12
863.694	8966.12
864.85	8956.13
866.008	8943.25
867.164	8927.41
868.321	8909.97
869.478	8895.15
870.633	8889.12
871.79	8884.05
872.945	8879.01
874.101	8867.9
875.256	8859.16
876.412	8849.51
877.566	8840.38
878.722	8832
879.876	8824.32
881.031	8817.29
882.185	8811.48
883.34	8806.54
884.493	8802.46
885.647	8799.26
886.8	8797.04
887.954	8795.83
889.107	8795.54
890.261	8796.09
891.413	8794.77
892.565	8792.44
893.718	8789.23
894.87	8785.65
896.023	8782.28
897.174	8781.62
898.326	8782.91
899.478	8782.01
900.629	8769.16
901.779	8757.22
902.931	8757.57
904.081	8768
905.231	8782.24
906.383	8795.42
907.532	8809.06
908.682	8819.11
909.831	8819.85
910.982	8816.91
912.131	8814.6
913.28	8813.34
914.429	8814.42
915.578	8822.49
916.727	8828.44
917.875	8820.05
919.023	8800.61
920.171	8767.44
921.32	8805.05
922.467	8807.87
923.614	8804.63
924.761	8798.54
925.908	8788.78
927.055	8780.08
928.203	8772.85
929.349	8769.02
930.496	8769.33
931.642	8777.63
932.787	8787.54
933.933	8795.93
935.079	8793.1
936.224	8785.25
937.369	8776.12
938.514	8767
939.659	8759.95
940.804	8755.9
941.948	8752.88
943.092	8750.74
944.236	8752.73
945.38	8754.75
946.524	8757.11
947.667	8758.82
948.811	8759.19
949.954	8755.59
951.097	8748.91
952.24	8734.79
953.383	8719.3
954.525	8705.73
955.667	8695.22
956.81	8686.95
957.952	8680.28
959.093	8676.56
960.235	8674.99
961.376	8676.1
962.516	8680.38
963.658	8688.24
964.798	8688.6
965.939	8681.92
967.08	8669.56
968.22	8655.32
969.359	8647.56
970.499	8642.37
971.639	8640.79
972.779	8641.11
973.918	8641.76
975.056	8642.33
976.195	8641.56
977.334	8639.92
978.473	8637.24
979.61	8634.33
980.749	8630.74
981.887	8626.4
983.024	8621.12
984.162	8616.28
985.3	8613.16
986.437	8614.6
987.573	8629.1
988.711	8648.87
989.848	8669.61
990.983	8676.58
992.12	8672.62
993.255	8637.55
994.392	8654.13
995.528	8656.55
996.662	8653.94
997.798	8643.96
998.933	8635.81
1000.07	8631.33
1001.2	8639.46
1002.34	8662.41
1003.47	8667.85
1004.61	8670.24
1005.74	8670.83
1006.87	8668.06
1008.01	8664.11
1009.14	8651.04
1010.27	8637.05
1011.41	8623.39
1012.54	8611.08
1013.67	8607.14
1014.81	8604.05
1015.94	8604.69
1017.07	8607.32
1018.2	8613.96
1019.33	8621.91
1020.47	8629.91
1021.6	8636.72
1022.73	8640.96
1023.86	8641.61
1024.99	8634.57
1026.12	8625.62
1027.25	8614.95
1028.38	8603.32
1029.51	8591.83
1030.64	8584.7
1031.77	8578.92
1032.9	8574.93
1034.03	8572.03
1035.16	8566.87
1036.29	8553.75
1037.42	8522.57
1038.55	8487.12
1039.67	8481.96
1040.8	8488.58
1041.93	8495.07
1043.06	8497.4
1044.19	8497.24
1045.31	8489.94
1046.44	8469.95
1047.57	8459.14
1048.69	8448.17
1049.82	8438.46
1050.95	8433.5
1052.08	8430.14
1053.2	8429.63
1054.33	8431.04
1055.45	8434.38
1056.58	8437.78
1057.7	8424.99
1058.83	8419.32
1059.95	8417.78
1061.08	8420.52
1062.2	8426
1063.33	8436.33
1064.45	8435.38
1065.58	8439.09
1066.7	8431.08
1067.83	8413.65
1068.95	8395.98
1070.07	8387.73
1071.2	8383.56
1072.32	8393.33
1073.44	8403.35
1074.56	8411.97
1075.69	8406.3
1076.81	8398.4
1077.93	8390.76
1079.05	8385.64
1080.17	8384.47
1081.3	8390.29
1082.42	8412.33
1083.54	8419.83
1084.66	8426.41
1085.78	8425.73
1086.9	8425.06
1088.02	8421.88
1089.14	8420.92
1090.26	8420.03
1091.38	8418.76
1092.5	8417.64
1093.62	8416.16
1094.74	8414.89
1095.86	8413.94
1096.98	8413.34
1098.1	8413.53
1099.22	8414.16
1100.34	8415.24
1101.45	8417.15
1102.57	8419.48
1103.69	8422.72
1104.81	8426.01
1105.93	8426.75
1107.04	8425.23
1108.16	8415.03
1109.28	8403.23
1110.4	8388.85
1111.51	8374.42
1112.63	8361.15
1113.75	8351.08
1114.86	8341.57
1115.98	8333.09
1117.09	8325.58
1118.21	8318.91
1119.32	8313.76
1120.44	8309.82
1121.55	8306.57
1122.67	8304.01
1123.78	8301.25
1124.9	8299.03
1126.01	8296.95
1127.13	8293.4
1128.24	8288.01
1129.35	8280.02
1130.47	8269.11
1131.58	8255
1132.7	8238.6
1133.81	8221.41
1134.92	8204.4
1136.03	8198.73
1137.15	8194.57
1138.26	8189.2
1139.37	8182.83
1140.48	8174.47
1141.59	8165.13
1142.71	8156.47
1143.82	8148.83
1144.93	8143.88
1146.04	8139.3
1147.15	8135.92
1148.26	8133.42
1149.37	8132.06
1150.48	8131.53
1151.59	8131.69
1152.7	8130.98
1153.81	8119.93
1154.92	8098.85
1156.03	8101.33
1157.14	8138.89
1158.25	8131.75
1159.36	8120.61
1160.47	8112.04
1161.58	8093.33
1162.68	8077.04
1163.79	8054.33
1164.9	8042.28
1166.01	8056.24
1167.12	8079.3
1168.22	8087.43
1169.33	8093.31
1170.44	8097.13
1171.55	8097.61
1172.65	8095
1173.76	8088.62
1174.87	8079.16
1175.97	8069.35
1177.08	8062.18
1178.18	8068.15
1179.29	8078.91
1180.4	8097.94
1181.5	8123.16
1182.61	8135.64
1183.71	8144.22
1184.82	8147.38
1185.92	8128.68
1187.02	8093.83
1188.13	8049.38
1189.23	8041.45
1190.34	8048.38
1191.44	8064.92
1192.54	8079.26
1193.65	8089.41
1194.75	8096.26
1195.85	8100.69
1196.96	8102.63
1198.06	8102
1199.16	8099.27
1200.26	8095.92
1201.37	8091.75
1202.47	8087.95
1203.57	8086.18
1204.67	8082.73
1205.77	8078.46
1206.87	8073.14
1207.97	8066.09
1209.08	8052.56
1210.18	8053.13
1211.28	8066.37
1212.38	8071.82
1213.48	8074.77
1214.58	8077.12
1215.68	8076.9
1216.78	8074.72
1217.88	8071.05
1218.98	8068.34
1220.07	8068.54
1221.17	8073.56
1222.27	8070.19
1223.37	8054.4
1224.47	8045.22
1225.57	8046.58
1226.66	8041.99
1227.76	8046.08
1228.86	8045.49
1229.96	8042.74
1231.06	8037.82
1232.15	8028.58
1233.25	8014.05
1234.35	7989.84
1235.44	7973.6
1236.54	7965.24
1237.63	7957.7
1238.73	7958.52
1239.83	7959.85
1240.92	7959.3
1242.02	7959.23
1243.11	7959.16
1244.21	7959.53
1245.3	7956.66
1246.4	7951
1247.49	7943.08
1248.59	7935.02
1249.68	7929.52
1250.78	7926.24
1251.87	7924.98
1252.96	7927.04
1254.06	7930.27
1255.15	7934.67
1256.24	7939.99
1257.34	7938.92
1258.43	7934.19
1259.52	7929.97
1260.62	7926.77
1261.71	7924.12
1262.8	7922.94
1263.89	7926.78
1264.98	7926.53
1266.08	7925.17
1267.17	7923.39
1268.26	7921.06
1269.35	7917.94
1270.44	7912.65
1271.53	7907.95
1272.62	7904.57
1273.71	7902.34
1274.8	7901.83
1275.89	7901.59
1276.98	7903.69
1278.07	7906.22
1279.16	7910.24
1280.25	7912.48
1281.34	7913.05
1282.43	7912.01
1283.52	7910.15
1284.61	7907.42
1285.69	7903.42
1286.78	7899.29
1287.87	7896.05
1288.96	7904.34
1290.05	7911.18
1291.13	7918.46
1292.22	7918.27
1293.31	7920.79
1294.4	7917.22
1295.48	7904.47
1296.57	7899.68
1297.66	7898.45
1298.74	7900.94
1299.83	7905.09
1300.92	7910.33
1302	7917.42
1303.09	7914.33
1304.17	7911.95
1305.26	7904.34
1306.34	7897.93
1307.43	7893.86
1308.51	7891
1309.6	7893.04
1310.68	7899.42
1311.76	7915.54
1312.85	7927.13
1313.93	7928.95
1315.02	7917.78
1316.1	7895.38
1317.18	7879.76
1318.27	7867.67
1319.35	7858.34
1320.43	7849.51
1321.52	7846.2
1322.6	7844.83
1323.68	7844.24
1324.76	7844.19
1325.85	7841.79
1326.93	7838.83
1328.01	7833.87
1329.09	7828.06
1330.17	7821.42
1331.25	7816.9
1332.33	7815.08
1333.41	7814.95
1334.49	7813.84
1335.58	7811.72
1336.65	7809.82
1337.74	7808.8
1338.82	7804.34
1339.89	7801.7
1340.97	7800.04
1342.05	7798.69
1343.13	7796.96
1344.21	7795.78
1345.29	7788.65
1346.37	7780.16
1347.45	7768.91
1348.53	7758.18
1349.6	7747.88
1350.68	7742.35
1351.76	7745.08
1352.84	7746.33
1353.92	7752.7
1354.99	7758.99
1356.07	7763.36
1357.15	7766.09
1358.22	7767.2
1359.3	7766.96
1360.38	7765.17
1361.45	7762.26
1362.53	7757.45
1363.61	7750.05
1364.68	7750.46
1365.76	7755.49
1366.83	7764.38
1367.91	7778.24
1368.98	7772.91
1370.06	7750.06
1371.13	7740.98
1372.21	7736.73
1373.28	7737.55
1374.35	7739.58
1375.43	7741.93
1376.5	7746.27
1377.58	7752.72
1378.65	7760.78
1379.72	7763.92
1380.8	7758.88
1381.87	7740.38
1382.94	7726.43
1384.01	7717.94
1385.09	7713.92
1386.16	7711.94
1387.23	7711.45
1388.3	7712.62
1389.38	7715.74
1390.45	7720.07
1391.52	7724.01
1392.59	7727.56
1393.66	7729.81
1393.92	7729.89
1395	7730.26
1396.07	7724.08
1397.15	7711.08
1398.22	7701.52
1399.3	7692.25
1400.38	7683.09
1401.45	7675.03
1402.53	7672.54
1403.6	7670.39
1404.68	7673.2
1405.75	7680.27
1406.82	7675.78
1407.9	7664.09
1408.97	7656.19
1410.05	7650.02
1411.12	7645.23
1412.19	7641.45
1413.27	7638.33
1414.34	7637.03
1415.41	7636.97
1416.49	7640.29
1417.56	7649.05
1418.63	7654.06
1419.7	7646.47
1420.78	7622.35
1421.85	7604.88
1422.92	7588.55
1423.99	7585.7
1425.06	7582.04
1426.14	7582.5
1427.21	7585.1
1428.28	7588.99
1429.35	7593.8
1430.42	7599.02
1431.49	7605.84
1432.56	7613.01
1433.63	7612.62
1434.7	7596.24
1435.77	7578.3
1436.84	7563.58
1437.91	7552.6
1438.98	7548.22
1440.05	7545.08
1441.12	7543.97
1442.18	7544.64
1443.25	7546.62
1444.32	7546.68
1445.39	7547.75
1446.46	7547.56
1447.53	7545.66
1448.59	7542.32
1449.66	7538.28
1450.73	7534.12
1451.8	7529.26
1452.86	7523.47
1453.93	7516.94
1455	7509.13
1456.06	7501.57
1457.13	7499.2
1458.2	7509.43
1459.26	7530.19
1460.33	7533.93
1461.39	7538.58
1462.46	7538.74
1463.52	7538.86
1464.59	7539.35
1465.65	7540.09
1466.72	7541.18
1467.78	7542.39
1468.85	7545.24
1469.91	7532.82
1470.98	7504.62
1472.04	7495.58
1473.1	7514.53
1474.17	7524.85
1475.23	7508.3
1476.3	7475.22
1477.36	7465.42
1478.42	7464.22
1479.48	7475.38
1480.55	7484.86
1481.61	7493.08
1482.67	7497.39
1483.73	7498.4
1484.8	7491.24
1485.86	7483.79
1486.92	7480.78
1487.98	7477.3
1489.04	7475.87
1490.1	7474.18
1491.17	7475.17
1492.23	7477.21
1493.29	7474.39
1494.35	7464.68
1495.41	7445.49
1496.47	7439.82
1497.53	7433.47
1498.59	7427.52
1499.65	7423.46
1500.71	7420.66
1501.77	7419.33
1502.83	7418.91
1503.88	7420.07
1504.94	7422.21
1506	7426.82
1507.06	7435.96
1508.12	7434.09
1509.18	7425.75
1510.23	7411.21
1511.29	7400.37
1512.35	7391.19
1513.41	7383.75
1514.47	7381.41
1515.52	7380.71
1516.58	7380.92
1517.64	7384.61
1518.69	7372.69
1519.75	7359.22
1520.81	7351.52
1521.86	7346.14
1522.92	7342.77
1523.97	7342.23
1525.03	7344.1
1526.08	7348.31
1527.14	7354.96
1528.2	7363.37
1529.25	7353.38
1530.31	7346.48
1531.36	7344.74
1532.42	7343.43
1533.47	7341.9
1534.52	7339.78
1535.58	7334.41
1536.63	7325.86
1537.69	7316.44
1538.74	7306.6
1539.79	7296.72
1540.84	7289.81
1541.9	7286.24
1542.95	7291.45
1544	7297.81
1545.06	7301.82
1546.11	7303.67
1547.16	7303.09
1548.21	7300.54
1549.27	7294.39
1550.32	7278.39
1551.37	7268.04
1552.42	7261.16
1553.47	7258.1
1554.52	7258.74
1555.57	7260.91
1556.62	7264.96
1557.67	7270.2
1558.72	7275.51
1559.77	7277.19
1560.82	7279.17
1561.87	7276.06
1562.92	7272.39
1563.97	7267.35
1565.02	7260.04
1566.07	7253.65
1567.12	7248.5
1568.17	7244.8
1569.22	7242.34
1570.27	7241.19
1571.32	7240.97
1572.36	7242.19
1573.41	7244.51
1574.46	7247.93
1575.51	7251.85
1576.56	7253.47
1577.6	7253.69
1578.65	7246.55
1579.7	7238.23
1580.74	7228.66
1581.79	7223.24
1582.84	7219.95
1583.88	7222.17
1584.93	7225.99
1585.98	7226.28
1587.02	7224.04
1588.07	7220.07
1589.11	7214.77
1590.16	7207.21
1591.2	7196.77
1592.25	7193.69
1593.29	7203.43
1594.34	7214.3
1595.38	7213.48
1596.43	7200.49
1597.47	7179.07
1598.52	7158.94
1599.56	7144.43
1600.6	7160.49
1601.65	7156.56
1602.69	7154.2
1603.73	7153.12
1604.78	7152.25
1605.82	7146.12
1606.86	7138
1607.91	7136.33
1608.95	7142.51
1609.99	7144.43
1611.03	7136.57
1612.08	7123.94
1613.12	7111.91
1614.16	7091.71
1615.2	7082.93
1616.24	7076.8
1617.28	7073.55
1618.32	7073.69
1619.36	7075.88
1620.41	7078.07
1621.45	7081.03
1622.49	7074.47
1623.53	7065.03
1624.57	7051.18
1625.61	7035.5
1626.65	7019.29
1627.69	7015.33
1628.73	7014.85
1629.76	7016.21
1630.8	7019.68
1631.84	7023.06
1632.88	7023.97
1633.92	7024.49
1634.96	7024.36
1636	7022.97
1637.03	7019.31
1638.07	7012.71
1639.11	6998.03
1640.15	6977.83
1641.19	6960.98
1642.22	6947.77
1643.26	6937.48
1644.3	6932.62
1645.33	6936.69
1646.37	6948.42
1647.41	6956.95
1648.44	6961.29
1649.48	6961.42
1650.52	6956.63
1651.55	6947.07
1652.59	6931.62
1653.62	6921.28
1654.66	6919.26
1655.69	6922.83
1656.73	6929.64
1657.76	6939.07
1658.8	6949.69
1659.83	6946.83
1660.87	6930.76
1661.9	6908.78
1662.93	6892.95
1663.97	6885.71
1665	6883.55
1666.04	6884.76
1667.07	6893.92
1668.1	6899.94
1669.14	6901.17
1670.17	6899.42
1671.2	6897
1672.23	6895.27
1673.27	6893.39
1674.3	6891.24
1675.33	6888.81
1676.36	6885.98
1677.39	6882.76
1678.43	6878.69
1679.46	6874.12
1680.49	6869.17
1681.52	6864.03
1682.55	6858.66
1683.58	6853.35
1684.61	6847.84
1685.64	6842.14
1686.67	6835.99
1687.7	6829.74
1688.73	6823.37
1689.76	6818.98
1690.79	6825.35
1691.82	6830.1
1692.85	6831.82
1693.88	6825.92
1694.91	6819.09
1695.94	6812.06
1696.97	6804.8
1698	6796.85
1699.02	6789.18
1700.05	6782.53
1701.08	6777.8
1702.11	6774.21
1703.14	6771.52
1704.16	6769.69
1705.19	6768.82
1706.22	6768.59
1707.25	6768.78
1708.27	6768.64
1709.3	6767.34
1710.33	6765.3
1711.35	6761.5
1712.38	6755.82
1713.41	6746.86
1714.43	6734.74
1715.46	6720.88
1716.48	6713.9
1717.51	6718.14
1718.53	6715.68
1719.56	6712.83
1720.58	6708.94
1721.61	6706.61
1722.63	6695.35
1723.66	6677.18
1724.68	6679.72
1725.71	6682.51
1726.73	6691.21
1727.75	6686.91
1728.78	6680.79
1729.8	6659.41
1730.83	6643.11
1731.85	6642.77
1732.87	6646.8
1733.89	6646.16
1734.92	6648.72
1735.94	6645.81
1736.96	6633.73
1737.98	6621.14
1739.01	6611.9
1740.03	6602.9
1741.05	6595.94
1742.07	6590.99
1743.09	6586.99
1744.12	6586.54
1745.14	6586.95
1746.16	6589.51
1747.18	6592.64
1748.2	6592.32
1749.22	6591.17
1750.24	6587.75
1751.26	6582.89
1752.28	6575.73
1753.3	6566.94
1754.32	6556.27
1755.34	6545.7
1756.36	6545.14
1757.38	6543.01
1758.4	6540.92
1759.42	6540.46
1760.44	6538.01
1761.45	6526.88
1762.47	6517.06
1763.49	6508.43
1764.51	6501.84
1765.53	6498.12
1766.55	6513.47
1767.56	6523.13
1768.58	6534.42
1769.6	6533.55
1770.61	6521.83
1771.63	6510.68
1772.65	6490.7
1773.67	6483.26
1774.68	6475.54
1775.7	6472.23
1776.72	6480.84
1777.73	6482.23
1778.75	6485.67
1779.76	6477.58
1780.78	6468.53
1781.79	6453.09
1782.81	6436.99
1783.83	6426.78
1784.84	6421.13
1785.85	6423.92
1786.87	6425.29
1787.88	6425.96
1788.9	6425.83
1789.91	6425.21
1790.93	6424.13
1791.94	6422.94
1792.95	6421.15
1793.97	6419.44
1794.98	6423.28
1796	6429.85
1797.01	6412.66
1798.02	6394.34
1799.03	6378.27
1800.05	6364.5
1801.06	6353.01
1802.07	6347.69
1803.08	6358.76
1804.1	6361.02
1805.11	6361.96
1806.12	6361.41
1807.13	6357.42
1808.14	6352.34
1809.15	6351.33
1810.17	6348.6
1811.18	6342.99
1812.19	6335.02
1813.2	6325.13
1814.21	6312.81
1815.22	6306
1816.23	6301.44
1817.24	6299.49
1818.25	6295.7
1819.26	6289.74
1820.27	6284.21
1821.28	6279.25
1822.29	6274.46
1823.3	6270.08
1824.3	6265.22
1825.31	6264.47
1826.32	6263.43
1827.33	6259.13
1828.34	6247.99
1829.35	6228.9
1830.35	6218.5
1831.36	6213.49
1832.37	6209.61
1833.38	6208.06
1834.38	6207.09
1835.39	6205.26
1836.4	6203.36
1837.41	6202.57
1838.41	6201.3
1839.42	6196.66
1840.43	6185.93
1841.43	6157.68
1842.44	6149.71
1843.44	6168.28
1844.45	6172.13
1845.46	6165.55
1846.46	6145.98
1847.47	6133.98
1848.47	6118.53
1849.48	6100.9
1850.48	6085.78
1851.49	6137.61
1852.49	6125.67
1853.49	6131.64
1854.5	6134.74
1855.5	6136.72
1856.51	6137.96
1857.51	6138.35
1858.51	6136.46
1859.52	6134.07
1860.52	6129.98
1861.52	6124.7
1862.53	6116.06
1863.53	6099.77
1864.53	6076.21
1865.54	6056.15
1866.54	6051.29
1867.54	6056.31
1868.54	6061.02
1869.54	6062.86
1870.55	6064.8
1871.55	6070.96
1872.55	6069.98
1873.55	6060.31
1874.55	6048.9
1875.55	6037.87
1876.55	6026.71
1877.55	6023.99
1878.55	6018.56
1879.55	6016.93
1880.56	6018.97
1881.55	6016.62
1882.56	6013.68
1883.55	6000.66
1884.55	5982.24
1885.55	5969.54
1886.55	5962.32
1887.55	5972.61
1888.55	5977.99
1889.55	5982.35
1890.55	5982.74
1891.55	5978.35
1892.55	5972.66
1893.54	5960.91
1894.54	5949.03
1895.54	5936.51
1896.54	5935.95
1897.54	5936.25
1898.53	5939.59
1899.53	5938.76
1900.53	5934.78
1901.52	5930.77
1902.52	5923.77
1903.52	5912.82
1904.51	5901.07
1905.51	5889.76
1906.51	5880.25
1907.5	5874.44
1908.5	5868.99
1909.49	5864.88
1910.49	5861.89
1911.49	5860.87
1912.48	5859.1
1913.48	5847.35
1914.47	5834.55
1915.46	5822.41
1916.46	5814.3
1917.45	5809.73
1918.45	5809.15
1919.44	5811.78
1920.44	5820.79
1921.43	5828.5
1922.43	5833.99
1923.42	5830.05
1924.41	5823.05
1925.41	5811.51
1926.4	5805.66
1927.39	5799.53
1928.38	5793.75
1929.38	5790.05
1930.37	5779.77
1931.36	5768.31
1932.35	5761.18
1933.35	5754.43
1934.34	5749.45
1935.33	5746.75
1936.32	5744.55
1937.31	5742.76
1938.3	5740.91
1939.29	5738.61
1940.29	5734.7
1941.28	5730.95
1942.27	5726.34
1943.26	5720.86
1944.25	5713.51
1945.24	5696.85
1946.23	5689.05
1947.22	5681.57
1948.21	5687.15
1949.2	5694.91
1950.19	5705.04
1951.18	5707.19
1952.17	5701.27
1953.16	5694.13
1954.14	5682.74
1955.13	5670.28
1956.12	5660.46
1957.11	5651.47
1958.1	5643.59
1959.09	5637.37
1960.07	5632.52
1961.06	5630.2
1962.05	5628.89
1963.04	5628.55
1964.02	5627.57
1965.01	5620.81
1966	5613.87
1966.99	5610.31
1967.97	5607.17
1968.96	5604.09
1969.95	5601.11
1970.93	5597.88
1971.92	5594.59
1972.9	5588.26
1973.89	5577.14
1974.88	5567.23
1975.86	5557.33
1976.85	5548.31
1977.83	5538.52
1978.82	5528.67
1979.8	5520.41
1980.79	5518.92
1981.77	5527.18
1982.76	5533.95
1983.74	5544.48
1984.72	5547.5
1985.71	5542.98
1986.69	5531.47
1987.67	5512.28
1988.66	5497.04
1989.64	5485.12
1990.62	5477.3
1991.61	5470.09
1992.59	5467.32
1993.57	5466.12
1994.56	5465.63
1995.54	5465.96
1996.52	5467.15
1997.5	5468.79
1998.49	5465.91
1999.47	5459.75
2000.45	5450.11
2001.43	5439.69
2002.41	5430.99
2003.39	5425.46
2004.38	5422.28
2005.36	5422
2006.34	5423.93
2007.32	5420.73
2008.3	5416.1
2009.28	5410
2010.26	5402.7
2011.24	5393.57
2012.22	5384.63
2013.2	5386.15
2014.18	5393.24
2015.16	5402.91
2016.14	5406.56
2017.12	5404.55
2018.1	5396.4
2019.07	5383.74
2020.05	5380.26
2021.03	5373.95
2022.01	5370.53
2022.99	5364.36
2023.97	5356.43
2024.95	5346.72
2025.92	5335.73
2026.9	5323.61
2027.88	5310.9
2028.86	5299.32
2029.83	5296.29
2030.81	5292.15
2031.79	5289.36
2032.76	5287.37
2033.74	5287.96
2034.72	5281.93
2035.69	5276.63
2036.67	5274.13
2037.65	5274.47
2038.62	5274.13
2039.6	5272.84
2040.57	5265.89
2041.55	5259.82
2042.52	5247.39
2043.5	5247.84
2044.47	5248.48
2045.45	5249.42
2046.42	5252.46
2047.4	5249.4
2048.37	5238.09
2049.35	5211.8
2050.32	5195.14
2051.29	5185.73
2052.27	5173.66
2053.24	5205.82
2054.21	5206.09
2055.19	5187.56
2056.16	5173.1
2057.13	5165.69
2058.11	5159.74
2059.08	5154.21
2060.05	5149.24
2061.02	5144.24
2062	5139.71
2062.97	5135.28
2063.94	5131.15
2064.91	5127.66
2065.89	5125.07
2066.86	5125.21
2067.83	5125.97
2068.8	5127.66
2069.77	5129.72
2070.74	5132.18
2071.71	5130.57
2072.68	5104.87
2073.65	5085.47
2074.62	5070.4
2075.59	5067.17
2076.56	5071.76
2077.53	5069.99
2078.5	5064.92
2079.47	5056.33
2080.44	5047.01
2081.41	5034.9
2082.38	5021.2
2083.35	5006.17
2084.32	4991.22
2085.29	4998.76
2086.26	5028.77
2087.23	5046.85
2088.19	5050.86
2089.16	5027.72
2090.13	5015.39
2091.1	5004.08
2092.07	4991.69
2093.03	4988.08
2094	4985.95
2094.97	4986.26
2095.94	4989.05
2096.9	4994.34
2097.87	4992.36
2098.84	4988.04
2099.8	4982.62
2100.77	4968
2101.74	4952.17
2102.7	4937.05
2103.67	4922.3
2104.63	4908.63
2105.6	4899.73
2106.56	4895.96
2107.53	4895.95
2108.49	4895.15
2109.46	4910.67
2110.42	4938.8
2111.39	4955.4
2112.35	4945.6
2113.32	4873.44
2114.28	4888.63
2115.25	4881.11
2116.21	4872.2
2117.17	4865.83
2118.14	4860.05
2119.1	4858.06
2120.07	4860.54
2121.03	4865.13
2121.99	4862.86
2122.96	4858.12
2123.92	4852.1
2124.88	4844.58
2125.84	4835.53
2126.81	4825.14
2127.77	4813.85
2128.73	4801.73
2129.69	4800.25
2130.65	4799.61
2131.62	4799.73
2132.58	4800.86
2133.54	4803.85
2134.5	4802.38
2135.46	4799.27
2136.42	4789.59
2137.38	4780.83
2138.34	4773.61
2139.3	4767.63
2140.26	4763.96
2141.22	4763.39
2142.18	4767.03
2143.14	4759.05
2144.1	4745.16
2145.06	4725.98
2146.02	4713.93
2146.98	4711.27
2147.94	4731.66
2148.9	4764.66
2149.86	4743.29
2150.82	4732.86
2151.78	4714.6
2152.74	4698.17
2153.69	4685.08
2154.65	4674.74
2155.61	4668.24
2156.57	4665.46
2157.53	4668.6
2158.48	4670.54
2159.44	4667.85
2160.4	4652.76
2161.36	4632.83
2162.31	4624.5
2163.27	4620.89
2164.23	4623.66
2165.18	4632.11
2166.14	4634.81
2167.1	4632.82
2168.05	4626.09
2169.01	4616.04
2169.96	4602.87
2170.92	4588.71
2171.88	4591.83
2172.83	4592.07
2173.79	4587.39
2174.74	4576.18
2175.7	4557.52
2176.65	4537.13
2177.6	4541.67
2178.56	4540.98
2179.51	4537.61
2180.47	4532.65
2181.42	4529.69
2182.38	4519.61
2183.33	4508.83
2184.28	4499.97
2185.24	4494.2
2186.19	4489.02
2187.14	4482.5
2188.1	4483.89
2189.05	4481.61
2190	4479.23
2190.96	4475.9
2191.91	4473.59
2192.86	4462.58
2193.81	4450.85
2194.76	4437.71
2195.72	4421.62
2196.67	4412.27
2197.62	4409.07
2198.57	4412.43
2199.52	4417.3
2200.47	4418.48
2201.43	4416.65
2202.38	4408.8
2203.33	4396.64
2204.28	4395.19
2205.23	4393.22
2206.18	4392.58
2207.13	4394.08
2208.08	4395.18
2209.03	4392.12
2209.98	4387.49
2210.93	4382.45
2211.88	4377.79
2212.83	4374.59
2213.78	4372.97
2214.73	4371.71
2215.67	4370.92
2216.62	4370.16
2217.57	4368.7
2218.52	4357.03
2219.47	4346.39
2220.42	4332.93
2221.37	4317.9
2222.31	4313.46
2223.26	4310.71
2224.21	4310.88
2225.16	4314.18
2226.1	4323.5
2227.05	4330.86
2228	4328.25
2228.94	4325.87
2229.89	4318.17
2230.84	4315.58
2231.78	4310.1
2232.73	4304.49
2233.68	4300.12
2234.62	4298.04
2235.57	4300.52
2236.51	4303.54
2237.46	4305.98
2238.41	4304.44
2239.35	4303.4
2240.3	4301.07
2241.24	4294.09
2242.19	4284.93
2243.13	4277.96
2244.07	4273.96
2245.02	4273.25
2245.96	4274.43
2246.91	4277.25
2247.85	4279.52
2248.8	4281.7
2249.74	4280.7
2250.68	4276.9
2251.63	4271.44
2252.57	4265.84
2253.51	4261.33
2254.46	4258.07
2255.4	4256.74
2256.34	4254.68
2257.28	4251.11
2258.23	4247.44
2259.17	4243.14
2260.11	4239.03
2261.05	4234.58
2262	4230.85
2262.94	4233.06
2263.88	4236.04
2264.82	4239.68
2265.76	4241.04
2266.7	4235.34
2267.64	4232.24
2268.58	4236.1
2269.53	4235.48
2270.47	4231.66
2271.41	4226.74
2272.35	4223.25
2273.29	4222.25
2274.23	4224.31
2275.17	4225.22
2276.11	4223.08
2277.05	4220.47
2277.99	4213.34
2278.93	4204.5
2279.86	4196.77
2280.8	4192.29
2281.74	4190.56
2282.68	4191.41
2283.62	4192.39
2284.56	4191.14
2285.5	4189.28
2286.44	4186.93
2287.37	4184.11
2288.31	4181.52
2289.25	4179.46
2290.19	4178.52
2291.12	4178.66
2292.06	4179.67
2293	4180.57
2293.94	4181.02
2294.87	4176.81
2295.81	4169.37
2296.75	4161.86
2297.68	4155.26
2298.62	4149.6
2299.55	4146.41
2300.49	4151.48
2301.43	4159.08
2302.36	4168.84
2303.3	4174.88
2304.23	4173.73
2305.17	4166.25
2306.1	4154.14
2307.04	4143.73
2307.98	4136.15
2308.91	4127.78
2309.84	4120.07
2310.78	4117.69
2311.71	4121.45
2312.65	4128.06
2313.58	4132.79
2314.52	4125.88
2315.45	4116.4
2316.38	4109
2317.32	4102.33
2317.72	4099.85
2318.66	4096.62
2319.6	4094.36
2320.54	4089.76
2321.48	4084.84
2322.41	4080.19
2323.35	4073.43
2324.29	4065.93
2325.23	4058.82
2326.16	4052.62
2327.1	4052.41
2328.04	4056.85
2328.97	4055.28
2329.91	4052.42
2330.85	4047.86
2331.78	4041.56
2332.72	4033.42
2333.66	4023.23
2334.59	4017.66
2335.53	4014.54
2336.46	4026.4
2337.4	4028.69
2338.33	4026.59
2339.27	4022.21
2340.2	4016.45
2341.14	4014.59
2342.07	4012.45
2343.01	4009.99
2343.94	4007.33
2344.88	4004.69
2345.81	4001.64
2346.75	3997.21
2347.68	3992.38
2348.61	3987.42
2349.55	3982.21
2350.48	3976.72
2351.41	3970.38
2352.35	3963.73
2353.28	3956.69
2354.21	3949.83
2355.15	3948.41
2356.08	3944.78
2357.01	3947.91
2357.94	3956.04
2358.88	3964.86
2359.81	3964.12
2360.74	3956.66
2361.67	3947.82
2362.6	3933.49
2363.54	3916.29
2364.47	3910.19
2365.4	3909.64
2366.33	3915.02
2367.26	3926.81
2368.19	3938.48
2369.12	3933.69
2370.05	3884.49
2370.98	3889.34
2371.91	3901.5
2372.84	3900.01
2373.77	3898.26
2374.7	3896.33
2375.63	3898.01
2376.56	3900.28
2377.49	3900.55
2378.42	3899.56
2379.35	3897.92
2380.28	3893.09
2381.21	3887.38
2382.14	3880.98
2383.07	3874.03
2384	3868.93
2384.92	3866.89
2385.85	3865.63
2386.78	3865.6
2387.71	3866.3
2388.64	3868.85
2389.56	3870.16
2390.49	3867.02
2391.42	3862.88
2392.35	3854.69
2393.27	3845.63
2394.2	3842.54
2395.13	3839.85
2396.05	3841.78
2396.98	3846.29
2397.91	3854.11
2398.83	3863.19
2399.76	3851.64
2400.69	3834.04
2401.61	3816.08
2402.54	3798.33
2403.46	3805.07
2404.39	3802.27
2405.31	3803.21
2406.24	3805.93
2407.17	3811.7
2408.09	3816.19
2409.01	3816.13
2409.94	3813.96
2410.86	3809.41
2411.79	3803.95
2412.71	3802.9
2413.64	3800.3
2414.56	3804.1
2415.49	3804.38
2416.41	3801.58
2417.33	3792.94
2418.26	3779.95
2419.18	3768.97
2420.1	3760.79
2421.03	3752.87
2421.95	3748.14
2422.87	3744.96
2423.79	3743.1
2424.72	3742.59
2425.64	3743.14
2426.56	3744.54
2427.48	3744.78
2428.41	3744.71
2429.33	3743.62
2430.25	3739.68
2431.17	3733.82
2432.09	3723.4
2433.01	3714.67
2433.93	3708.1
2434.86	3703.77
2435.78	3699.54
2436.7	3697.79
2437.62	3696.52
2438.54	3694.94
2439.46	3693.53
2440.38	3684.9
2441.3	3678.32
2442.22	3673.75
2443.14	3671.66
2444.06	3677.15
2444.98	3681.85
2445.9	3686.14
2446.82	3673.19
2447.73	3665.61
2448.65	3655.7
2449.57	3648.13
2450.49	3645.46
2451.41	3643.31
2452.33	3641.01
2453.25	3638.66
2454.17	3634.9
2455.08	3629.29
2456	3622.26
2456.92	3619.28
2457.84	3614.99
2458.75	3612.44
2459.67	3608.69
2460.59	3603.37
2461.51	3598
2462.42	3592.42
2463.34	3586.67
2464.26	3580.57
2465.17	3574.41
2466.09	3568.6
2467	3563.41
2467.92	3559.02
2468.84	3556.1
2469.75	3554.18
2470.67	3551.73
2471.58	3547.69
2472.5	3543.56
2473.42	3540.41
2474.33	3544.06
2475.25	3551.13
2476.16	3550.27
2477.08	3545.37
2477.99	3540.38
2478.9	3531.94
2479.82	3525.79
2480.73	3523.29
2481.65	3524.07
2482.56	3526.54
2483.47	3534.95
2484.39	3543.42
2485.3	3547.5
2486.22	3546.2
2487.13	3541.96
2488.04	3532.28
2488.96	3521.76
2489.87	3510.91
2490.78	3502.28
2491.69	3497.49
2492.61	3496.94
2493.52	3502.03
2494.43	3510.58
2495.34	3521.94
2496.25	3539.1
2497.17	3494.4
2498.08	3492.71
2498.99	3489.62
2499.9	3487.31
2500.81	3484.59
2501.72	3480.73
2502.63	3476.5
2503.55	3471.93
2504.46	3466.98
2505.37	3461.95
2506.28	3456.44
2507.19	3450.52
2508.1	3446.94
2509.01	3447.79
2509.92	3453.04
2510.83	3455.35
2511.74	3456.96
2512.65	3457.76
2513.56	3457.29
2514.47	3455.37
2515.37	3451.72
2516.28	3447.12
2517.19	3443.29
2518.1	3439.47
2519.01	3438.25
2519.92	3436.02
2520.83	3437.18
2521.73	3440.99
2522.64	3443.44
2523.55	3444.67
2524.46	3437.99
2525.37	3427.29
2526.27	3412.07
2527.18	3402.04
2528.09	3403.33
2529	3407.3
2529.9	3409.35
2530.81	3409.91
2531.72	3406.92
2532.62	3406.3
2533.53	3404.08
2534.44	3401.19
2535.34	3393.86
2536.25	3374.71
2537.15	3370.2
2538.06	3366.31
2538.96	3364.24
2539.87	3362.65
2540.78	3363
2541.68	3363.42
2542.59	3363.01
2543.49	3362.03
2544.4	3361.22
2545.3	3359.54
2546.21	3356.77
2547.11	3352.28
2548.01	3343.05
2548.92	3339.35
2549.82	3335.9
2550.73	3335.59
2551.63	3335.12
2552.53	3334.82
2553.44	3335.02
2554.34	3334.25
2555.24	3330.47
2556.15	3324.84
2557.05	3315.49
2557.95	3301.98
2558.86	3286.83
2559.76	3272.26
2560.66	3266.73
2561.56	3262.45
2562.46	3270.58
2563.37	3278.75
2564.27	3289.61
2565.17	3293.28
2566.07	3293.67
2566.97	3292.03
2567.88	3288.11
2568.78	3282.14
2569.68	3274.06
2570.58	3263.75
2571.48	3254.24
2572.38	3249.62
2573.28	3248.35
2574.18	3251.59
2575.08	3252.64
2575.98	3255.3
2576.88	3251.38
2577.78	3247.05
2578.68	3233.54
2579.58	3217.53
2580.48	3202.6
2581.38	3187.02
2582.28	3184.61
2583.18	3190.13
2584.08	3193.42
2584.98	3202.43
2585.88	3210.18
2586.77	3217.87
2587.67	3214.4
2588.57	3205.26
2589.47	3194.05
2590.37	3189.88
2591.27	3188.49
2592.16	3190.39
2593.06	3190.5
2593.96	3189.17
2594.86	3186.67
2595.75	3182.21
2596.65	3170.19
2597.55	3162.79
2598.45	3159.15
2599.34	3157.26
2600.24	3156.21
2601.13	3156.25
2602.03	3154.33
2602.93	3152.75
2603.82	3151.42
2604.72	3150.42
2605.62	3149.78
2606.51	3149.75
2607.41	3150.47
2608.3	3153.14
2609.2	3134.58
2610.09	3114.01
2610.99	3096.12
2611.88	3121.68
2612.78	3136.25
2613.67	3121.58
2614.57	3112.35
2615.46	3104.3
2616.36	3097.26
2617.25	3091.63
2618.14	3087.07
2619.04	3087.31
2619.93	3086.58
2620.83	3084.28
2621.72	3080.96
2622.61	3076.48
2623.5	3072.02
2624.4	3074.24
2625.29	3076.87
2626.18	3080.2
2627.08	3084.59
2627.97	3089.28
2628.86	3087.08
2629.75	3081.65
2630.65	3071.98
2631.54	3061.51
2632.43	3054.14
2633.32	3047.47
2634.21	3044.11
2635.11	3046.59
2636	3049.5
2636.89	3045.59
2637.78	3015.85
2638.67	3006.32
2639.56	3003.34
2640.45	3001.67
2641.34	3009.75
2642.23	2999.47
2643.12	2986.88
2644.01	2970.8
2644.9	2960.62
2645.79	2953.52
2646.68	2956.43
2647.57	2961.31
2648.46	2963.55
2649.35	2967.98
2650.24	2971.19
2651.13	2970.71
2652.02	2967.9
2652.91	2964.25
2653.8	2959.73
2654.69	2954.6
2655.58	2949.34
2656.46	2944.2
2657.35	2939.53
2658.24	2935.55
2659.13	2932.81
2660.02	2930.65
2660.9	2930.82
2661.79	2932.56
2662.68	2936.41
2663.57	2940.77
2664.45	2945.05
2665.34	2943.72
2666.23	2934.08
2667.11	2922.3
2668	2906.28
2668.89	2892.84
2669.77	2888.42
2670.66	2882.51
2671.55	2882.99
2672.43	2888.97
2673.32	2896.45
2674.21	2903.07
2675.09	2909.75
2675.98	2913.39
2676.86	2913.85
2677.75	2911.09
2678.63	2906.41
2679.52	2896.97
2680.4	2885.04
2681.29	2871.72
2682.17	2858.96
2683.06	2854.21
2683.94	2851.41
2684.82	2849.86
2685.71	2850.49
2686.59	2851.72
2687.48	2846.76
2688.36	2837.94
2689.24	2832.73
2690.13	2827.89
2691.01	2823.74
2691.89	2820.14
2692.78	2818.5
2693.66	2817.87
2694.54	2817.03
2695.43	2815.16
2696.31	2811.78
2697.19	2808.19
2698.07	2805.86
2698.96	2803.45
2699.84	2801.04
2700.72	2798.73
2701.6	2796.52
2702.48	2794.38
2703.36	2792.33
2704.25	2790.25
2705.13	2788.36
2706.01	2786.51
2706.89	2784.57
2707.77	2782.42
2708.65	2778.6
2709.53	2773.27
2710.41	2765.92
2711.29	2759.35
2712.17	2752.48
2713.05	2746.78
2713.93	2744.88
2714.81	2742.51
2715.69	2741.7
2716.57	2739.94
2717.45	2738.31
2718.33	2735.49
2719.21	2735.66
2720.09	2736.24
2720.97	2737.57
2721.85	2739.63
2722.73	2742.8
2723.61	2740.43
2724.48	2735.52
2725.36	2728.99
2726.24	2721.05
2727.12	2712.69
2728	2706.38
2728.88	2704.1
2729.75	2704.15
2730.63	2705.44
2731.51	2701.58
2732.39	2698.41
2733.26	2695.01
2734.14	2691.7
2735.02	2687.92
2735.89	2685.62
2736.77	2687.18
2737.65	2688.96
2738.52	2691.51
2739.4	2694.06
2740.28	2691.7
2741.15	2687.66
2742.03	2682.41
2742.9	2676.02
2743.78	2668.02
2744.65	2661.75
2745.53	2661.71
2746.41	2662.96
2747.28	2665.58
2748.16	2668.38
2749.03	2669.91
2749.91	2670.16
2750.78	2668.7
2751.66	2670.3
2752.53	2659.47
2753.4	2655.77
2754.28	2655.35
2755.15	2657.7
2756.02	2659.17
2756.9	2658.41
2757.77	2656.15
2758.65	2652.19
2759.52	2646.92
2760.39	2640.83
2761.27	2633.35
2762.14	2627.75
2763.01	2626.92
2763.88	2627.31
2764.76	2627.54
2765.63	2627.96
2766.5	2628.11
2767.37	2627.72
2768.25	2628.39
2769.12	2629.05
2769.99	2629.69
2770.86	2629.39
2771.73	2625.41
2772.61	2618.86
2773.48	2604.03
2774.35	2588.38
2775.22	2578.8
2776.09	2574.77
2776.96	2577.6
2777.83	2578.21
2778.7	2583.16
2779.57	2585.78
2780.44	2582.75
2781.31	2580.09
2782.18	2574.93
2783.05	2570.04
2783.92	2565.45
2784.79	2561.16
2785.66	2556.03
2786.53	2552.09
2787.4	2549.81
2788.27	2548.92
2789.14	2549.29
2790.01	2547.48
2790.88	2545.64
2791.75	2543.87
2792.62	2542.06
2793.48	2540.28
2794.35	2538.78
2795.22	2537.79
2796.09	2538.08
2796.96	2541.35
2797.82	2533.01
2798.69	2525.05
2799.56	2518.33
2800.43	2512.41
2801.29	2507.16
2802.16	2502.89
2803.03	2499.99
2803.9	2497.72
2804.76	2495.81
2805.63	2494.1
2806.5	2490.68
2807.36	2487.65
2808.23	2484.48
2809.09	2481.18
2809.96	2477.57
2810.83	2474.33
2811.69	2472.88
2812.56	2472.89
2813.42	2473.84
2814.29	2472.49
2815.15	2472.91
2816.02	2473.85
2816.88	2475.08
2817.75	2476.87
2818.61	2479.1
2819.48	2481.68
2820.34	2484.06
2821.21	2485.29
2822.07	2484.76
2822.94	2476.69
2823.8	2467.19
2824.66	2450.21
2825.53	2434.84
2826.39	2421.85
2827.26	2416.8
2828.12	2426.18
2828.98	2428.53
2829.85	2430.75
2830.71	2432.12
2831.57	2430.57
2832.43	2426.72
2833.3	2419.16
2834.16	2410.75
2835.02	2402.05
2835.88	2394.26
2836.75	2397.63
2837.61	2398.1
2838.47	2399.96
2839.33	2403.73
2840.19	2408.67
2841.06	2414.12
2841.92	2418.27
2842.78	2420.13
2843.64	2419.65
2844.5	2416.34
2845.36	2411.56
2846.22	2409.59
2847.08	2409.23
2847.94	2409.38
2848.81	2403.98
2849.67	2398.71
2850.53	2393.34
2851.39	2387.95
2852.25	2382.23
2853.11	2376.46
2853.97	2371.27
2854.82	2367.95
2855.68	2367.33
2856.54	2370.27
2857.4	2377.93
2858.26	2384
2859.12	2388.99
2859.98	2392.91
2860.84	2388.76
2861.7	2382.08
2862.56	2373.78
2863.41	2363.98
2864.27	2353.19
2865.13	2340.84
2865.99	2337.4
2866.85	2334.52
2867.7	2334.26
2868.56	2336.02
2869.42	2341.25
2870.28	2346.6
2871.13	2350.65
2871.99	2353.43
2872.85	2355.08
2873.7	2355.76
2874.56	2356.13
2875.42	2340.06
2876.27	2326.74
2877.13	2316.74
2877.99	2310.24
2878.84	2309.26
2879.7	2311.15
2880.56	2311.91
2881.41	2312.69
2882.27	2312.51
2883.12	2311.05
2883.98	2307.83
2884.83	2302.97
2885.69	2297.17
2886.54	2294.78
2887.4	2291.15
2888.25	2290.09
2889.11	2294.46
2889.96	2298.95
2890.82	2302.75
2891.67	2302.46
2892.52	2297.86
2893.38	2294.13
2894.23	2290.05
2895.09	2284.85
2895.94	2279.42
2896.79	2282.05
2897.65	2284.36
2898.5	2286.98
2899.35	2287.8
2900.21	2283.47
2901.06	2263.58
2901.91	2261.93
2902.76	2261.15
2903.62	2259.13
2904.47	2257.78
2905.32	2256.79
2906.17	2254.9
2907.03	2251.95
2907.88	2248.59
2908.73	2244.53
2909.58	2239.98
2910.43	2234.53
2911.28	2228.51
2912.14	2222
2912.99	2215.87
2913.84	2212.23
2914.69	2209.87
2915.54	2208.93
2916.39	2208.97
2917.24	2211.05
2918.09	2212.02
2918.94	2205.48
2919.79	2201.72
2920.64	2200.94
2921.49	2200.81
2922.34	2199.74
2923.19	2199.9
2924.04	2199.46
2924.89	2198.09
2925.74	2195.82
2926.59	2189.61
2927.44	2182.84
2928.29	2170.83
2929.14	2172.79
2929.98	2182.64
2930.83	2161.09
2931.68	2151.51
2932.53	2138.86
2933.38	2134.68
2934.23	2150.27
2935.07	2152.18
2935.92	2154.85
2936.77	2156
2937.62	2156.31
2938.47	2157.07
2939.31	2157.36
2940.16	2157.22
2941.01	2156.52
2941.85	2155.42
2942.7	2153.25
2943.55	2148.61
2944.39	2142.54
2945.24	2134.65
2946.09	2124.44
2946.93	2119.59
2947.78	2114.7
2948.63	2113.29
2949.47	2121.61
2950.32	2126.19
2951.16	2124.59
2952.01	2121.56
2952.85	2117.3
2953.7	2112.47
2954.55	2107.86
2955.39	2110.45
2956.24	2116.9
2957.08	2127.4
2957.92	2130.62
2958.77	2128.02
2959.61	2100.9
2960.46	2092.47
2961.3	2089.16
2962.15	2087.53
2962.99	2085.89
2963.83	2084.62
2964.68	2083.71
2965.52	2083.32
2966.37	2081.04
2967.21	2081.41
2968.05	2076.04
2968.9	2071.97
2969.74	2073.03
2970.58	2077.48
2971.42	2076.57
2972.27	2075.28
2973.11	2072.88
2973.95	2070.19
2974.79	2065.64
2975.64	2061.34
2976.48	2057.24
2977.32	2053.85
2978.16	2052.75
2979	2055.51
2979.85	2055.77
2980.69	2057.52
2981.53	2059.96
2982.37	2061.56
2983.21	2061.53
2984.05	2059.87
2984.89	2056.62
2985.73	2051.61
2986.57	2043.58
2987.41	2033.83
2988.25	2027.13
2989.1	2022.93
2989.94	2020.44
2990.77	2019.47
2991.62	2019.51
2992.45	2020.15
2993.29	2021.28
2994.13	2023.55
2994.97	2026.59
2995.81	2030.3
2996.65	2033.81
2997.49	2033.5
2998.33	2024.78
2999.17	2026.26
