200.833	8610.89
202.102	8621.06
203.371	8625.74
204.639	8629.85
205.907	8636.11
207.175	8652.14
208.442	8678.65
209.71	8692.61
210.977	8701.6
212.244	8706.23
213.511	8705.56
214.777	8709.43
216.042	8714.1
217.309	8721.86
218.575	8732.81
219.84	8747.37
221.106	8762.94
222.371	8778.79
223.635	8794.31
224.9	8810.48
226.165	8824.89
227.429	8839.96
228.694	8851
229.956	8861.99
231.22	8874.41
232.484	8889.51
233.747	8913.05
235.011	8939.61
236.272	8963.16
237.535	8978.26
238.798	8995.2
240.06	8986.85
241.321	8991.79
242.583	9012.71
243.845	9045.01
245.105	9070.31
246.367	9086.74
247.628	9092.83
248.888	9091.43
250.149	9055.36
251.409	9043.7
252.67	9040.23
253.928	9059.77
255.189	9100.92
256.447	9115.15
257.707	9128.44
258.966	9138.92
260.224	9146.89
261.483	9151.56
262.742	9150.35
263.999	9148.63
265.257	9149.61
266.514	9164.73
267.772	9181.3
269.028	9198.95
270.286	9216.51
271.543	9232.62
272.799	9239.51
274.056	9242.4
275.311	9241.26
276.568	9239.78
277.823	9239.88
279.079	9240.56
280.333	9242.93
281.589	9246.16
282.843	9250.12
284.099	9254.87
285.352	9260.26
286.607	9266.89
287.86	9293.36
289.114	9310.52
290.368	9329.59
291.621	9329.34
292.875	9337.04
294.127	9351.27
295.38	9373.22
296.632	9392.22
297.884	9409.35
299.137	9424.01
300.388	9438.72
301.641	9444.41
302.891	9441.78
304.142	9439.47
305.394	9437.95
306.644	9437.18
307.894	9437.21
309.146	9437.49
310.395	9438.02
311.645	9439.13
312.895	9439.96
314.144	9441.59
315.393	9444.6
316.642	9451.75
317.892	9462.41
319.14	9476.83
320.388	9495.75
321.637	9507.9
322.885	9517.5
324.132	9522.33
325.38	9530.64
326.628	9541.85
327.875	9555.5
329.122	9573.64
330.368	9584.61
331.614	9588.2
332.862	9584.91
334.108	9571.19
335.353	9575.24
336.599	9595.8
337.844	9614.67
339.089	9635.07
340.335	9657.49
341.58	9668.99
342.824	9672.17
344.068	9671.81
345.312	9665.26
346.556	9659.87
347.8	9659.35
349.043	9664.66
350.286	9671.64
351.53	9678.5
352.774	9683.18
354.016	9683.92
355.259	9679.46
356.501	9669.98
357.743	9657.78
358.985	9660.42
360.227	9667.36
361.468	9676.58
362.709	9686.85
363.95	9697.17
365.191	9708.3
366.432	9719.67
367.672	9731.13
368.912	9742.68
370.152	9752.83
371.392	9761.92
372.632	9763.71
373.871	9754.66
375.11	9747.84
376.348	9741.23
377.587	9736.46
378.825	9732.38
380.064	9749.99
381.302	9780.28
382.54	9796.04
383.778	9798.8
385.016	9789.73
386.253	9774.46
387.489	9763.51
388.726	9757.03
389.963	9791.12
391.199	9812.99
392.436	9832.97
393.672	9849.82
394.907	9861.94
396.142	9869.9
397.378	9874.81
398.614	9877.15
399.849	9877.35
401.082	9878.86
402.317	9894.91
403.552	9905.34
404.786	9909.04
406.019	9907.24
407.253	9906.88
408.487	9907.54
409.721	9908.59
410.953	9909.9
412.186	9911.43
413.419	9912.77
414.651	9914.14
415.883	9914.98
417.116	9915.1
418.347	9911.72
419.579	9904.53
420.811	9902.15
422.041	9902.3
423.272	9908.59
424.504	9922.68
425.733	9934.91
426.964	9948.35
428.194	9965.21
429.424	9982.94
430.654	9999.56
431.883	10011.4
433.113	9985.6
434.341	9953.23
435.571	9928.19
436.799	9927.02
438.028	9938.88
439.257	9955.84
440.484	9974.71
441.713	9994.32
442.94	10002.9
444.168	10006.9
445.394	10007.2
446.622	10007.9
447.848	10009
449.076	10014.4
450.301	10020.5
451.528	10026.8
452.754	10030.9
453.979	10033.4
455.205	10032.3
456.43	10018
457.656	10047.6
458.88	10052.1
460.106	10048.3
461.33	10035.7
462.554	10014.7
463.779	10004
465.002	10002.2
466.225	10006.9
467.45	10017.3
468.672	10029.7
469.895	10041.7
471.119	10051.3
472.341	10055.6
473.563	10056.9
474.786	10055
476.008	10049.9
477.229	10041.8
478.452	10032.3
479.673	10024.2
480.894	10014.3
482.115	10004.3
483.337	9996.21
484.557	9990.63
485.777	9988.61
486.997	9990.02
488.218	9995.45
489.438	10004.1
490.657	10015.8
491.876	10028.8
493.096	10039.4
494.315	10046.3
495.533	10036.7
496.752	10027.3
497.97	10020.3
499.188	10018.2
500.407	10017.8
501.625	10020.8
502.842	10026.3
504.059	10035
505.276	10046.2
506.493	10059.6
507.71	10072.9
508.926	10069.5
510.142	10053.2
511.358	10041.7
512.575	10033.6
513.791	10031.4
515.006	10039.5
516.222	10053.5
517.437	10068.2
518.651	10085.2
519.866	10100.5
521.081	10109.1
522.295	10113.3
523.509	10115.1
524.723	10114.9
525.937	10114.8
527.15	10115
528.363	10121.3
529.576	10127.1
530.789	10131.7
532.002	10135.4
533.215	10137.3
534.426	10132.8
535.638	10139.5
536.85	10148.9
538.061	10158.7
539.273	10160.5
540.484	10153.7
541.695	10143.9
542.906	10136.1
544.117	10131.5
545.327	10129.1
546.537	10137.4
547.747	10140.6
548.957	10145.3
550.167	10149.7
551.377	10152.8
552.585	10154.7
553.794	10154
555.003	10152.3
556.212	10150.2
557.421	10148.4
558.628	10150.4
559.836	10154.7
561.044	10163.3
562.252	10173.1
563.458	10184.6
564.666	10191.2
565.873	10172.2
567.08	10163.6
568.286	10160.8
569.493	10176.3
570.699	10186.1
571.904	10202
573.111	10206.2
574.317	10185.2
575.521	10163.6
576.727	10149.8
577.932	10143.7
579.136	10145.5
580.341	10149
581.544	10155.2
582.749	10165.5
583.954	10178.1
585.156	10186.9
586.361	10193.3
587.563	10193.9
588.767	10192.9
589.97	10190.1
591.172	10186
592.375	10181.1
593.577	10176.5
594.78	10170.3
595.981	10163.5
597.183	10155.3
598.384	10148.1
599.586	10172.8
600.786	10205.5
601.988	10239.7
603.188	10181.7
604.389	10145.9
605.589	10105.7
606.79	10115.8
607.989	10121
609.188	10129.4
610.389	10138
611.587	10146.3
612.787	10152.7
613.986	10152.3
615.184	10146.6
616.383	10136
617.581	10123.7
618.78	10113.1
619.977	10104.7
621.174	10096.3
622.373	10087.9
623.57	10079.9
624.766	10072.2
625.964	10064.9
627.16	10058.2
628.356	10051.8
629.554	10046.9
630.749	10043.6
631.945	10040.3
633.14	10037
634.337	10029.9
635.532	10023.2
636.726	10017.1
637.921	10012.1
639.117	10008.4
640.311	10005.7
641.505	10004
642.699	10003.5
643.892	10004.5
645.087	10006.7
646.28	10010.5
647.473	10015.8
648.666	10023.1
649.859	10031.7
651.051	10041.4
652.245	10051.8
653.437	10045.1
654.629	10030.3
655.821	10020.6
657.012	10014.2
658.204	10011.3
659.395	10011.1
660.586	10012.8
661.777	10014.4
662.967	10016.9
664.158	10020.1
665.349	10024.2
666.539	10028.3
667.729	10033.4
668.919	10039.5
670.109	10046.7
671.298	10055.8
672.487	10065.5
673.676	10073.5
674.865	10078.2
676.053	10083
677.242	10084.7
678.43	10084.5
679.616	10081.6
680.804	10076.6
681.992	10070.7
683.179	10065.6
684.366	10064.7
685.554	10064.2
686.74	10063
687.927	10061.9
689.114	10060.8
690.3	10059.8
691.486	10059.1
692.671	10058.3
693.856	10057.3
695.042	10055.4
696.227	10052.5
697.413	10047.4
698.598	10041.1
699.781	10033.5
700.966	10025.6
702.15	10018.1
703.334	10011.3
704.518	10006.1
705.701	10001.6
706.885	9997.5
708.068	9993.32
709.252	9987.82
710.433	9981.47
711.616	9975.06
712.799	9968.28
713.98	9960.99
715.163	9953.86
716.345	9949.6
717.527	9947.54
718.707	9952.01
719.889	9957.26
721.071	9965.04
722.25	9975.32
723.432	9987.46
724.611	9991.31
725.792	9982.94
726.972	9975.89
728.151	9959.49
729.332	9937.79
730.512	9920.8
731.69	9910.45
732.87	9912.69
734.048	9929.79
735.227	9946.81
736.405	9968.9
737.584	9989.01
738.761	10008.3
739.94	10019.6
741.117	10024.2
742.295	10020.7
743.471	10020
744.649	10012.6
745.825	10004.2
747.003	9994.01
748.179	9983.54
749.356	9978.41
750.531	9977.06
751.708	9977.54
752.883	9980.59
754.059	9985.18
755.234	9993.98
756.409	9996.53
757.585	9987.33
758.759	9969.22
759.934	9951.15
761.108	9948.41
762.282	9964.64
763.456	9976.02
764.63	9984.12
765.803	9987.79
766.977	9990.54
768.15	9978.81
769.323	9960.18
770.496	9947.3
771.668	9939.88
772.841	9937.66
774.014	9938.97
775.185	9929.41
776.357	9914.4
777.528	9897.16
778.701	9890.29
779.872	9881.81
781.042	9875.35
782.213	9870.74
783.383	9868.23
784.555	9866.98
785.725	9866.74
786.895	9863.96
788.064	9858.39
789.234	9855.66
790.404	9851.36
791.573	9847.09
792.742	9841.62
793.911	9834.56
795.08	9822.73
796.248	9789.35
797.416	9745.69
798.584	9747.8
799.753	9762.99
800.921	9795.24
802.088	9810.87
803.256	9819.34
804.423	9823.12
805.59	9822.13
806.756	9816.83
807.923	9807.27
809.089	9794.43
810.256	9801.05
811.422	9810.82
812.587	9820
813.753	9829.09
814.918	9831.99
816.084	9832.12
817.249	9830.66
818.414	9827.1
819.578	9821.81
820.743	9813.33
821.907	9804.41
823.072	9796.51
824.236	9790.91
825.399	9787.08
826.562	9784.63
827.725	9783.21
828.889	9783.42
830.052	9785.01
831.215	9788.28
832.377	9792.84
833.54	9791.8
834.701	9789.29
835.863	9786.38
837.025	9792.68
838.187	9799.65
839.349	9805.99
840.51	9815.7
841.67	9826.76
842.831	9829.49
843.992	9826.15
845.153	9811.91
846.312	9810
847.473	9806.39
848.633	9801.16
849.793	9794.12
850.951	9784.95
852.111	9774
853.27	9763.85
854.428	9759.61
855.588	9764.51
856.747	9765.2
857.904	9766.03
859.063	9763.86
860.221	9764.23
861.378	9757.83
862.536	9739.19
863.694	9715.33
864.85	9691.54
866.008	9674.55
867.164	9664.42
868.321	9660.8
869.478	9661.03
870.633	9665.07
871.79	9671.1
872.945	9666.95
874.101	9649.71
875.256	9624.57
876.412	9615.11
877.566	9608.68
878.722	9606.7
879.876	9605.41
881.031	9602.89
882.185	9599.22
883.34	9591.32
884.493	9582.72
885.647	9575.83
886.8	9579.26
887.954	9588.5
889.107	9581.68
890.261	9568.05
891.413	9553.26
892.565	9541.2
893.718	9535.95
894.87	9532.69
896.023	9531.92
897.174	9533.4
898.326	9536.9
899.478	9542.01
900.629	9547.44
901.779	9552.1
902.931	9556.23
904.081	9559.84
905.231	9561.1
906.383	9557.75
907.532	9551
908.682	9540.86
909.831	9533.98
910.982	9530.33
912.131	9530.15
913.28	9536.76
914.429	9547.71
915.578	9560.35
916.727	9571.72
917.875	9580.63
919.023	9583.94
920.171	9585.54
921.32	9584.6
922.467	9580.82
923.614	9574.53
924.761	9565.52
925.908	9555.59
927.055	9546.43
928.203	9538.14
929.349	9537.18
930.496	9542.71
931.642	9547.59
932.787	9549.98
933.933	9547.96
935.079	9544.15
936.224	9540.79
937.369	9537.36
938.514	9534.12
939.659	9531.37
940.804	9528.74
941.948	9527.29
943.092	9525.08
944.236	9517.94
945.38	9507.65
946.524	9488.64
947.667	9477.18
948.811	9471.29
949.954	9468.83
951.097	9469.85
952.24	9474.24
953.383	9482.64
954.525	9495.55
955.667	9486.31
956.81	9466.49
957.952	9443.52
959.093	9424.81
960.235	9409.83
961.376	9401.32
962.516	9411.99
963.658	9416.61
964.798	9426.45
965.939	9432.06
967.08	9431.86
968.22	9418.62
969.359	9405.71
970.499	9392.37
971.639	9379.22
972.779	9383.1
973.918	9389.75
975.056	9399.63
976.195	9405.36
977.334	9405.36
978.473	9401.4
979.61	9393.05
980.749	9381.12
981.887	9366.1
983.024	9349.41
984.162	9347.22
985.3	9348.32
986.437	9350.97
987.573	9355.45
988.711	9360.45
989.848	9368.15
990.983	9362.7
992.12	9354.99
993.255	9351.67
994.392	9350.75
995.528	9352.07
996.662	9355.19
997.798	9361.36
998.933	9369.74
1000.07	9380.28
1001.2	9392.45
1002.34	9395.35
1003.47	9396.96
1004.61	9394.82
1005.74	9388.72
1006.87	9379.63
1008.01	9366.83
1009.14	9354.26
1010.27	9346.44
1011.41	9339.17
1012.54	9333.13
1013.67	9334.32
1014.81	9336.48
1015.94	9340.42
1017.07	9346.13
1018.2	9351.57
1019.33	9357.01
1020.47	9342.9
1021.6	9321.11
1022.73	9304.6
1023.86	9306.49
1024.99	9326.45
1026.12	9341.66
1027.25	9330.07
1028.38	9301.32
1029.51	9298.64
1030.64	9296.96
1031.77	9292.63
1032.9	9286.19
1034.03	9279.24
1035.16	9269.55
1036.29	9258.62
1037.42	9246.17
1038.55	9231.75
1039.67	9216.48
1040.8	9201.82
1041.93	9190.53
1043.06	9181.56
1044.19	9175.45
1045.31	9172.67
1046.44	9173.48
1047.57	9177.29
1048.69	9184.5
1049.82	9194.68
1050.95	9189.63
1052.08	9179.91
1053.2	9160.58
1054.33	9148.49
1055.45	9132.79
1056.58	9111.83
1057.7	9097.68
1058.83	9090.12
1059.95	9084.34
1061.08	9089.57
1062.2	9102.64
1063.33	9115.9
1064.45	9120.65
1065.58	9119.75
1066.7	9113.69
1067.83	9106.1
1068.95	9100.12
1070.07	9095.26
1071.2	9090.45
1072.32	9086.31
1073.44	9082.32
1074.56	9078.77
1075.69	9076
1076.81	9074.33
1077.93	9075.05
1079.05	9077.55
1080.17	9081.72
1081.3	9092.66
1082.42	9104.42
1083.54	9116.54
1084.66	9125.85
1085.78	9130.61
1086.9	9132.56
1088.02	9129.92
1089.14	9120.92
1090.26	9111.92
1091.38	9102.46
1092.5	9096.85
1093.62	9093.91
1094.74	9088.42
1095.86	9082.1
1096.98	9076.83
1098.1	9073.19
1099.22	9073.18
1100.34	9073.52
1101.45	9077.04
1102.57	9082.11
1103.69	9089.43
1104.81	9095.47
1105.93	9094.96
1107.04	9090.2
1108.16	9080.34
1109.28	9066.33
1110.4	9049.07
1111.51	9030.6
1112.63	9012.38
1113.75	9004.24
1114.86	9000.6
1115.98	9017.48
1117.09	9031.28
1118.21	9001.73
1119.32	8982.47
1120.44	8971.98
1121.55	8977.17
1122.67	8988.15
1123.78	8993.33
1124.9	8988.59
1126.01	8982.17
1127.13	8970.6
1128.24	8953.2
1129.35	8931.13
1130.47	8902.05
1131.58	8867.74
1132.7	8826.45
1133.81	8784.33
1134.92	8850.28
1136.03	8864.47
1137.15	8867.55
1138.26	8863.89
1139.37	8853.5
1140.48	8827.9
1141.59	8816.21
1142.71	8806.25
1143.82	8800.16
1144.93	8796.48
1146.04	8794.69
1147.15	8794.02
1148.26	8794.82
1149.37	8793.7
1150.48	8778.23
1151.59	8766.02
1152.7	8756.8
1153.81	8747.38
1154.92	8741.7
1156.03	8737.97
1157.14	8736.42
1158.25	8736.6
1159.36	8738.36
1160.47	8740.7
1161.58	8733.97
1162.68	8732.38
1163.79	8730.89
1164.9	8728.81
1166.01	8726.53
1167.12	8721.92
1168.22	8715.91
1169.33	8708.86
1170.44	8701.49
1171.55	8693.64
1172.65	8689.12
1173.76	8703.41
1174.87	8708.5
1175.97	8719.37
1177.08	8724.67
1178.18	8722.89
1179.29	8716.82
1180.4	8714.18
1181.5	8712.45
1182.61	8721.96
1183.71	8737.01
1184.82	8756.16
1185.92	8762.31
1187.02	8763.8
1188.13	8759.12
1189.23	8749.07
1190.34	8733.28
1191.44	8713.5
1192.54	8704.33
1193.65	8703.01
1194.75	8703.11
1195.85	8714.73
1196.96	8726.18
1198.06	8739.57
1199.16	8755.42
1200.26	8762.15
1201.37	8759.9
1202.47	8752.72
1203.57	8744.08
1204.67	8732.24
1205.77	8719.17
1206.87	8707.4
1207.97	8702.19
1209.08	8704.8
1210.18	8794.69
1211.28	8642.15
1212.38	8695.61
1213.48	8691.41
1214.58	8697.97
1215.68	8705.25
1216.78	8709.39
1217.88	8711.9
1218.98	8713.71
1220.07	8713.4
1221.17	8711.01
1222.27	8706.14
1223.37	8698.66
1224.47	8686.97
1225.57	8648.86
1226.66	8636.13
1227.76	8637.11
1228.86	8633.29
1229.96	8630.06
1231.06	8630.42
1232.15	8630.57
1233.25	8631.18
1234.35	8631.39
1235.44	8629.45
1236.54	8625.3
1237.63	8603.31
1238.73	8584.34
1239.83	8561.99
1240.92	8544.57
1242.02	8533.47
1243.11	8528.83
1244.21	8530.69
1245.3	8543.03
1246.4	8549.14
1247.49	8552.74
1248.59	8548.68
1249.68	8540.29
1250.78	8534.39
1251.87	8530.45
1252.96	8527.98
1254.06	8530.17
1255.15	8532.49
1256.24	8534.2
1257.34	8535.36
1258.43	8531.79
1259.52	8525.81
1260.62	8517.84
1261.71	8508.66
1262.8	8497.93
1263.89	8485.47
1264.98	8474.66
1266.08	8468.61
1267.17	8476.95
1268.26	8498.08
1269.35	8505.81
1270.44	8488.9
1271.53	8462.74
1272.62	8519.49
1273.71	8529.78
1274.8	8532.07
1275.89	8533.41
1276.98	8534.86
1278.07	8534.47
1279.16	8531.14
1280.25	8526.99
1281.34	8521.73
1282.43	8515.59
1283.52	8508.88
1284.61	8503.55
1285.69	8498.77
1286.78	8496.13
1287.87	8496.11
1288.96	8498.97
1290.05	8504.41
1291.13	8508.83
1292.22	8512.91
1293.31	8517.43
1294.4	8521.77
1295.48	8524.05
1296.57	8524.38
1297.66	8524.09
1298.74	8527.97
1299.83	8530.85
1300.92	8532.98
1302	8532.61
1303.09	8520.57
1304.17	8510.84
1305.26	8499.46
1306.34	8484.78
1307.43	8473.45
1308.51	8469.1
1309.6	8470.85
1310.68	8473.28
1311.76	8476.68
1312.85	8478.38
1313.93	8476.19
1315.02	8471.56
1316.1	8467.51
1317.18	8463.15
1318.27	8463
1319.35	8459.22
1320.43	8455.36
1321.52	8450.74
1322.6	8445.4
1323.68	8440.17
1324.76	8435.1
1325.85	8429.46
1326.93	8422.11
1328.01	8407.99
1329.09	8405.44
1330.17	8399.3
1331.25	8390.06
1332.33	8385.63
1333.41	8382.51
1334.49	8379.11
1335.58	8375.59
1336.65	8371.57
1337.74	8367.94
1338.82	8364.11
1339.89	8361.32
1340.97	8358.86
1342.05	8357.29
1343.13	8355.79
1344.21	8354.54
1345.29	8353.31
1346.37	8351.94
1347.45	8350.26
1348.53	8347.86
1349.6	8343.94
1350.68	8338.64
1351.76	8334.2
1352.84	8331.17
1353.92	8330.49
1354.99	8333.42
1356.07	8336.75
1357.15	8338.05
1358.22	8339.68
1359.3	8332.58
1360.38	8325.45
1361.45	8315.42
1362.53	8314.05
1363.61	8314.83
1364.68	8315.16
1365.76	8318.89
1366.83	8326.51
1367.91	8333.87
1368.98	8338.17
1370.06	8334.9
1371.13	8330.4
1372.21	8311.93
1373.28	8296.04
1374.35	8285.68
1375.43	8281.85
1376.5	8292.49
1377.58	8297.35
1378.65	8291.52
1379.72	8289.11
1380.8	8293.56
1381.87	8294.05
1382.94	8298.25
1384.01	8300.34
1385.09	8300.36
1386.16	8298.81
1387.23	8295.92
1388.3	8288.57
1389.38	8281.3
1390.45	8267.49
1391.52	8260.63
1392.59	8256.02
1393.66	8252.54
1393.92	8251.18
1395	8251.65
1396.07	8257.96
1397.15	8258.38
1398.22	8256.63
1399.3	8256.48
1400.38	8250.53
1401.45	8243.61
1402.53	8239.64
1403.6	8235.14
1404.68	8230.29
1405.75	8224.86
1406.82	8219.23
1407.9	8213.29
1408.97	8207.97
1410.05	8194.87
1411.12	8289.46
1412.19	8195.24
1413.27	8190.53
1414.34	8184.09
1415.41	8180.24
1416.49	8187.74
1417.56	8203.49
1418.63	8195.12
1419.7	8189.39
1420.78	8182.75
1421.85	8175.34
1422.92	8164.1
1423.99	8157.62
1425.06	8155.26
1426.14	8156.89
1427.21	8162.42
1428.28	8170.52
1429.35	8172.72
1430.42	8167.94
1431.49	8157.5
1432.56	8142.25
1433.63	8127.04
1434.7	8121.33
1435.77	8116.43
1436.84	8112.12
1437.91	8108.44
1438.98	8105.52
1440.05	8102.96
1441.12	8100.75
1442.18	8097.94
1443.25	8095.97
1444.32	8093.49
1445.39	8091.38
1446.46	8088.77
1447.53	8085.53
1448.59	8081.97
1449.66	8080.14
1450.73	8079.27
1451.8	8078.97
1452.86	8078.92
1453.93	8079.72
1455	8078.11
1456.06	8062.47
1457.13	8063.99
1458.2	8071.42
1459.26	8081.01
1460.33	8092.29
1461.39	8104.47
1462.46	8115.65
1463.52	8066.11
1464.59	8063.4
1465.65	8061.6
1466.72	8058.3
1467.78	8054.18
1468.85	8049.89
1469.91	8046.2
1470.98	8043.83
1472.04	8046.93
1473.1	8053.09
1474.17	8056.56
1475.23	8059.47
1476.3	8058.47
1477.36	8055.3
1478.42	8049.92
1479.48	8044.31
1480.55	8039.56
1481.61	8034.86
1482.67	8029.96
1483.73	8022.58
1484.8	8015.06
1485.86	8007.82
1486.92	8000.94
1487.98	7994.13
1489.04	7993.4
1490.1	7991.84
1491.17	7993.34
1492.23	7994.11
1493.29	7994.53
1494.35	7987.86
1495.41	7973.96
1496.47	7963.88
1497.53	7954.1
1498.59	7945.58
1499.65	7938.13
1500.71	7931.85
1501.77	7926.6
1502.83	7930.95
1503.88	7936.4
1504.94	7944.09
1506	7950.05
1507.06	7955.41
1508.12	7959.67
1509.18	7952.98
1510.23	7938.81
1511.29	7921.33
1512.35	7910.74
1513.41	7901.22
1514.47	7891.53
1515.52	7891.51
1516.58	7888.82
1517.64	7886.03
1518.69	7883.46
1519.75	7880.65
1520.81	7877.82
1521.86	7874.76
1522.92	7871.5
1523.97	7867.96
1525.03	7864.01
1526.08	7860.05
1527.14	7855.26
1528.2	7849.3
1529.25	7840.06
1530.31	7828.28
1531.36	7815.27
1532.42	7807.91
1533.47	7806.04
1534.52	7808.65
1535.58	7811.28
1536.63	7813.68
1537.69	7816.53
1538.74	7818.09
1539.79	7816.98
1540.84	7817.48
1541.9	7817.66
1542.95	7817.4
1544	7816.54
1545.06	7814.96
1546.11	7812.99
1547.16	7809.41
1548.21	7812.27
1549.27	7817.31
1550.32	7819.73
1551.37	7817.63
1552.42	7812.54
1553.47	7805.68
1554.52	7799.57
1555.57	7794.71
1556.62	7791.45
1557.67	7789.46
1558.72	7788.63
1559.77	7789.02
1560.82	7790.89
1561.87	7793.99
1562.92	7794.7
1563.97	7787.11
1565.02	7778.24
1566.07	7765.53
1567.12	7751.76
1568.17	7749.16
1569.22	7757.93
1570.27	7765.24
1571.32	7779.51
1572.36	7786.21
1573.41	7784.42
1574.46	7775.5
1575.51	7763.85
1576.56	7755.1
1577.6	7752.7
1578.65	7760.87
1579.7	7771.45
1580.74	7769.2
1581.79	7760.29
1582.84	7745.9
1583.88	7739.54
1584.93	7732.16
1585.98	7723.23
1587.02	7716.16
1588.07	7709.52
1589.11	7705.34
1590.16	7703.51
1591.2	7706.36
1592.25	7715.15
1593.29	7719.26
1594.34	7725.58
1595.38	7731.63
1596.43	7726.23
1597.47	7717.65
1598.52	7715.74
1599.56	7713.19
1600.6	7708.2
1601.65	7699.93
1602.69	7686.72
1603.73	7670.38
1604.78	7653.78
1605.82	7640.05
1606.86	7630.97
1607.91	7626.7
1608.95	7624.66
1609.99	7618.84
1611.03	7607.36
1612.08	7592.99
1613.12	7579.44
1614.16	7568.49
1615.2	7556.26
1616.24	7549.54
1617.28	7554.47
1618.32	7562.85
1619.36	7568.1
1620.41	7570.05
1621.45	7569.96
1622.49	7569.05
1623.53	7565.59
1624.57	7559.5
1625.61	7550.6
1626.65	7538.75
1627.69	7522.01
1628.73	7501.87
1629.76	7472.7
1630.8	7466.42
1631.84	7468.79
1632.88	7476.23
1633.92	7483.54
1634.96	7491.73
1636	7494.82
1637.03	7499.51
1638.07	7499.46
1639.11	7494.86
1640.15	7482.93
1641.19	7459.31
1642.22	7452.4
1643.26	7443.31
1644.3	7440.55
1645.33	7442.29
1646.37	7445.19
1647.41	7445.44
1648.44	7441.44
1649.48	7437.66
1650.52	7430.29
1651.55	7421.49
1652.59	7412.24
1653.62	7402.02
1654.66	7401.02
1655.69	7404.56
1656.73	7405.41
1657.76	7400.69
1658.8	7397.89
1659.83	7393.86
1660.87	7390.22
1661.9	7386.97
1662.93	7384.49
1663.97	7383.03
1665	7386.74
1666.04	7389.66
1667.07	7394.72
1668.1	7388.59
1669.14	7374.03
1670.17	7358.07
1671.2	7342.77
1672.23	7328.42
1673.27	7319.1
1674.3	7311.41
1675.33	7305.49
1676.36	7301.82
1677.39	7299.81
1678.43	7300.95
1679.46	7336.67
1680.49	7348.84
1681.52	7344.09
1682.55	7336.47
1683.58	7333.38
1684.61	7330.2
1685.64	7326.79
1686.67	7323.49
1687.7	7320.4
1688.73	7317.2
1689.76	7313.67
1690.79	7308.5
1691.82	7301.63
1692.85	7293.01
1693.88	7283.13
1694.91	7271.78
1695.94	7259.32
1696.97	7249.52
1698	7243.83
1699.02	7247.33
1700.05	7255.81
1701.08	7260.1
1702.11	7262.78
1703.14	7247.06
1704.16	7243.37
1705.19	7242.26
1706.22	7240.5
1707.25	7241.85
1708.27	7247.06
1709.3	7246.62
1710.33	7247.81
1711.35	7246.89
1712.38	7237.81
1713.41	7224.53
1714.43	7208.03
1715.46	7191.13
1716.48	7175.05
1717.51	7160.25
1718.53	7148.75
1719.56	7138.51
1720.58	7129.89
1721.61	7122.85
1722.63	7117.53
1723.66	7114.2
1724.68	7113.1
1725.71	7112.25
1726.73	7111.2
1727.75	7109.95
1728.78	7106.86
1729.8	7101.31
1730.83	7095.14
1731.85	7088
1732.87	7077.79
1733.89	7068.94
1734.92	7062.89
1735.94	7058.51
1736.96	7057.54
1737.98	7054.56
1739.01	7053.06
1740.03	7052.07
1741.05	7051.99
1742.07	7052.62
1743.09	7054.14
1744.12	7056.62
1745.14	7060.04
1746.16	7060.63
1747.18	7055.6
1748.2	7044.51
1749.22	7024.34
1750.24	7003.54
1751.26	6999.56
1752.28	6988.56
1753.3	6990.5
1754.32	6992.68
1755.34	6992.88
1756.36	6989.81
1757.38	6986.11
1758.4	6982.55
1759.42	6980.05
1760.44	6977.86
1761.45	6978.28
1762.47	6982.52
1763.49	6986.89
1764.51	6988.1
1765.53	6990.2
1766.55	6983.21
1767.56	6966.63
1768.58	6946.1
1769.6	6921.23
1770.61	6900.56
1771.63	6887.75
1772.65	6902.31
1773.67	6920.26
1774.68	6941.03
1775.7	6956.17
1776.72	6929.24
1777.73	6918.51
1778.75	6908.85
1779.76	6896.71
1780.78	6884.85
1781.79	6876.15
1782.81	6868.65
1783.83	6862.82
1784.84	6858.93
1785.85	6856.61
1786.87	6857.67
1787.88	6860.39
1788.9	6864.8
1789.91	6869.49
1790.93	6861.75
1791.94	6855.67
1792.95	6843.54
1793.97	6829.42
1794.98	6815.88
1796	6801.81
1797.01	6797.22
1798.02	6795.23
1799.03	6791.41
1800.05	6786.69
1801.06	6780.94
1802.07	6774.65
1803.08	6766.88
1804.1	6759.53
1805.11	6753.9
1806.12	6749.18
1807.13	6753.02
1808.14	6756.38
1809.15	6754.47
1810.17	6750.37
1811.18	6745.2
1812.19	6740.16
1813.2	6737.12
1814.21	6738.18
1815.22	6738.63
1816.23	6741.23
1817.24	6744.58
1818.25	6750.13
1819.26	6758.42
1820.27	6773.52
1821.28	6784.49
1822.29	6765.6
1823.3	6704.01
1824.3	6666.24
1825.31	6654.38
1826.32	6662.27
1827.33	6666.24
1828.34	6671.89
1829.35	6662.39
1830.35	6650.62
1831.36	6638.82
1832.37	6624.68
1833.38	6613.01
1834.38	6604.58
1835.39	6601.21
1836.4	6601.47
1837.41	6603.3
1838.41	6596.95
1839.42	6590.54
1840.43	6582.42
1841.43	6573.11
1842.44	6561.59
1843.44	6550.34
1844.45	6547.06
1845.46	6545.19
1846.46	6546.44
1847.47	6549.9
1848.47	6554.86
1849.48	6555.51
1850.48	6554.58
1851.49	6552.7
1852.49	6549.5
1853.49	6545.28
1854.5	6540.15
1855.5	6534.24
1856.51	6527.92
1857.51	6520.93
1858.51	6513.26
1859.52	6504.55
1860.52	6495.48
1861.52	6488.76
1862.53	6486.11
1863.53	6487.08
1864.53	6480.01
1865.54	6469.65
1866.54	6461.62
1867.54	6453.2
1868.54	6446.25
1869.54	6440.35
1870.55	6434.63
1871.55	6429.35
1872.55	6424.39
1873.55	6419.78
1874.55	6414.77
1875.55	6410.07
1876.55	6404.84
1877.55	6404.18
1878.55	6411.79
1879.55	6420.75
1880.56	6417.94
1881.55	6399.71
1882.56	6374
1883.55	6356.54
1884.55	6338.67
1885.55	6347.73
1886.55	6350.38
1887.55	6352.92
1888.55	6354.93
1889.55	6355.69
1890.55	6353.05
1891.55	6349.16
1892.55	6343.54
1893.54	6336.35
1894.54	6327.44
1895.54	6316.88
1896.54	6304.31
1897.54	6292.92
1898.53	6283.35
1899.53	6276.18
1900.53	6274.7
1901.52	6273.22
1902.52	6275.29
1903.52	6275.71
1904.51	6273.67
1905.51	6266.35
1906.51	6264.74
1907.5	6264.07
1908.5	6263.69
1909.49	6268.95
1910.49	6263.55
1911.49	6256.27
1912.48	6246.22
1913.48	6237.86
1914.47	6227.14
1915.46	6221.47
1916.46	6220.98
1917.45	6220.95
1918.45	6221.6
1919.44	6222.2
1920.44	6216.31
1921.43	6212.57
1922.43	6198.95
1923.42	6184.31
1924.41	6167.41
1925.41	6161.27
1926.4	6158.86
1927.39	6163.11
1928.38	6161.2
1929.38	6154.23
1930.37	6148.48
1931.36	6141.06
1932.35	6136.28
1933.35	6131.8
1934.34	6128.66
1935.33	6127.39
1936.32	6127.08
1937.31	6126.71
1938.3	6125.27
1939.29	6122.52
1940.29	6118.18
1941.28	6111.81
1942.27	6104.48
1943.26	6095.73
1944.25	6085.48
1945.24	6073.74
1946.23	6062.86
1947.22	6052.78
1948.21	6049.18
1949.2	6046.45
1950.19	6047.56
1951.18	6044.1
1952.17	6036.55
1953.16	6029.11
1954.14	6022.06
1955.13	6015.24
1956.12	6011.41
1957.11	6009.04
1958.1	6006.77
1959.09	6005.63
1960.07	6005.17
1961.06	6001.21
1962.05	5993.03
1963.04	5978.52
1964.02	5966.37
1965.01	5959.4
1966	5950.42
1966.99	5943.35
1967.97	5935.26
1968.96	5925.18
1969.95	5915.98
1970.93	5907.53
1971.92	5899.71
1972.9	5893.12
1973.89	5888.19
1974.88	5891.34
1975.86	5894.5
1976.85	5903.09
1977.83	5919.31
1978.82	5944.63
1979.8	5865.64
1980.79	5809.78
1981.77	5850.04
1982.76	5870.86
1983.74	5870.16
1984.72	5869.22
1985.71	5824.65
1986.69	5806.33
1987.67	5820.15
1988.66	5827.92
1989.64	5834.39
1990.62	5840.27
1991.61	5845.27
1992.59	5849.45
1993.57	5842.23
1994.56	5831.51
1995.54	5817.16
1996.52	5801.07
1997.5	5791.5
1998.49	5787.1
1999.47	5784.01
2000.45	5786.39
2001.43	5786.59
2002.41	5782.95
2003.39	5772.68
2004.38	5762.56
2005.36	5754.54
2006.34	5747.39
2007.32	5741.9
2008.3	5737.55
2009.28	5734.66
2010.26	5733.06
2011.24	5733.12
2012.22	5734.3
2013.2	5733.55
2014.18	5728.65
2015.16	5714.23
2016.14	5700.04
2017.12	5691.37
2018.1	5689.82
2019.07	5688.75
2020.05	5688.17
2021.03	5688.69
2022.01	5687.72
2022.99	5686.88
2023.97	5679.39
2024.95	5672.53
2025.92	5662.05
2026.9	5650.53
2027.88	5642.39
2028.86	5638.65
2029.83	5652.42
2030.81	5650.69
2031.79	5645.32
2032.76	5640.79
2033.74	5632.33
2034.72	5615.61
2035.69	5604.55
2036.67	5596.75
2037.65	5591.37
2038.62	5585.42
2039.6	5576.15
2040.57	5566.69
2041.55	5557.15
2042.52	5547.35
2043.5	5536.69
2044.47	5525.22
2045.45	5516.74
2046.42	5517.15
2047.4	5518.89
2048.37	5522.34
2049.35	5527.01
2050.32	5531.7
2051.29	5530.47
2052.27	5523.75
2053.24	5517.3
2054.21	5512.08
2055.19	5506.7
2056.16	5502.15
2057.13	5498.16
2058.11	5494.45
2059.08	5491.28
2060.05	5488.35
2061.02	5486.75
2062	5478.47
2062.97	5466.38
2063.94	5454.5
2064.91	5442.22
2065.89	5430.82
2066.86	5419.45
2067.83	5406.72
2068.8	5394.35
2069.77	5382
2070.74	5372.57
2071.71	5375.05
2072.68	5379.47
2073.65	5385.44
2074.62	5391.72
2075.59	5399.39
2076.56	5399.61
2077.53	5394.99
2078.5	5377.06
2079.47	5364.73
2080.44	5369.5
2081.41	5375.02
2082.38	5383.48
2083.35	5386.95
2084.32	5384.95
2085.29	5377.76
2086.26	5364.65
2087.23	5338.17
2088.19	5309.54
2089.16	5286.8
2090.13	5274.9
2091.1	5282.37
2092.07	5283.55
2093.03	5284.87
2094	5286.59
2094.97	5286.61
2095.94	5283.91
2096.9	5279.69
2097.87	5274.29
2098.84	5268.24
2099.8	5261.9
2100.77	5259.74
2101.74	5253.94
2102.7	5248.36
2103.67	5241.98
2104.63	5234.24
2105.6	5225.26
2106.56	5216.52
2107.53	5206.72
2108.49	5213.02
2109.46	5217.46
2110.42	5215.11
2111.39	5214.51
2112.35	5218.05
2113.32	5212.58
2114.28	5199.56
2115.25	5182.53
2116.21	5167.62
2117.17	5147.38
2118.14	5140.88
2119.1	5134.47
2120.07	5134.06
2121.03	5138.53
2121.99	5138.63
2122.96	5134.84
2123.92	5127.02
2124.88	5115.36
2125.84	5099.74
2126.81	5092.46
2127.77	5095.99
2128.73	5093.23
2129.69	5090.61
2130.65	5088.94
2131.62	5079.18
2132.58	5074.16
2133.54	5076.49
2134.5	5082.05
2135.46	5085.07
2136.42	5086.99
2137.38	5090.31
2138.34	5085.67
2139.3	5077.46
2140.26	5068.73
2141.22	5059.44
2142.18	5049.56
2143.14	5039.07
2144.1	5030.57
2145.06	5021.95
2146.02	5014.12
2146.98	5008.1
2147.94	5006.03
2148.9	5005.54
2149.86	5006.77
2150.82	5010.05
2151.78	5014.46
2152.74	5005.38
2153.69	4994.1
2154.65	4982.3
2155.61	4970.12
2156.57	4960.01
2157.53	4953.64
2158.48	4948.36
2159.44	4944.05
2160.4	4940.39
2161.36	4938.63
2162.31	4937.31
2163.27	4936.41
2164.23	4933.54
2165.18	4928.61
2166.14	4922.22
2167.1	4914.81
2168.05	4906.03
2169.01	4896.14
2169.96	4884.91
2170.92	4872.58
2171.88	4859.48
2172.83	4845.88
2173.79	4833.61
2174.74	4816.94
2175.7	4809.56
2176.65	4803.6
2177.6	4800.39
2178.56	4795.34
2179.51	4791.23
2180.47	4787.63
2181.42	4784.42
2182.38	4781.78
2183.33	4779.47
2184.28	4777.46
2185.24	4775.16
2186.19	4769.27
2187.14	4762.14
2188.1	4753.58
2189.05	4744.38
2190	4735.35
2190.96	4726.54
2191.91	4718.97
2192.86	4712.68
2193.81	4707.59
2194.76	4703.64
2195.72	4701.1
2196.67	4698.93
2197.62	4696.32
2198.57	4693.49
2199.52	4690.29
2200.47	4686.8
2201.43	4683.08
2202.38	4678.97
2203.33	4674.64
2204.28	4670.01
2205.23	4665.25
2206.18	4660.16
2207.13	4654.99
2208.08	4649.99
2209.03	4645.76
2209.98	4642.5
2210.93	4639.09
2211.88	4633.82
2212.83	4625.19
2213.78	4617.87
2214.73	4610.94
2215.67	4603.75
2216.62	4596.76
2217.57	4593.1
2218.52	4592.22
2219.47	4593.83
2220.42	4597.7
2221.37	4592.29
2222.31	4582.14
2223.26	4572.48
2224.21	4565.93
2225.16	4559.62
2226.1	4558.63
2227.05	4564.55
2228	4568.7
2228.94	4566.91
2229.89	4562.75
2230.84	4551.6
2231.78	4532.27
2232.73	4523.31
2233.68	4524.02
2234.62	4531.6
2235.57	4539.25
2236.51	4544.95
2237.46	4548.3
2238.41	4549.41
2239.35	4548.89
2240.3	4546.33
2241.24	4542.56
2242.19	4537.24
2243.13	4530.8
2244.07	4524.1
2245.02	4518.15
2245.96	4516.66
2246.91	4523.14
2247.85	4525.26
2248.8	4523.49
2249.74	4518.28
2250.68	4509.28
2251.63	4498.58
2252.57	4486.49
2253.51	4481.01
2254.46	4481.8
2255.4	4482.01
2256.34	4481.68
2257.28	4480.66
2258.23	4479.19
2259.17	4478.92
2260.11	4481.68
2261.05	4489.1
2262	4492.41
2262.94	4489.16
2263.88	4482.93
2264.82	4474.6
2265.76	4466.74
2266.7	4459.82
2267.64	4455.04
2268.58	4451.64
2269.53	4448.97
2270.47	4446.74
2271.41	4444.96
2272.35	4442.85
2273.29	4440.58
2274.23	4437.58
2275.17	4434.58
2276.11	4431.39
2277.05	4428.47
2277.99	4427.74
2278.93	4426.86
2279.86	4426.72
2280.8	4427.45
2281.74	4429.8
2282.68	4432.05
2283.62	4425.89
2284.56	4420.1
2285.5	4412
2286.44	4407.02
2287.37	4410.5
2288.31	4411.87
2289.25	4412.96
2290.19	4413.89
2291.12	4414.86
2292.06	4415.37
2293	4415.43
2293.94	4414.97
2294.87	4413.77
2295.81	4412.33
2296.75	4409.84
2297.68	4406.66
2298.62	4402.27
2299.55	4397.12
2300.49	4390.05
2301.43	4378.43
2302.36	4367.98
2303.3	4358.93
2304.23	4350.33
2305.17	4342.85
2306.1	4341.18
2307.04	4344.97
2307.98	4350.95
2308.91	4358.31
2309.84	4364.66
2310.78	4367.65
2311.71	4365.5
2312.65	4358.24
2313.58	4346.8
2314.52	4334.32
2315.45	4326.78
2316.38	4323.98
2317.32	4319.64
2317.72	4318.07
2318.66	4314.23
2319.6	4310.03
2320.54	4305.78
2321.48	4301.63
2322.41	4297.48
2323.35	4293.39
2324.29	4289.43
2325.23	4285.86
2326.16	4283.41
2327.1	4281.01
2328.04	4278.12
2328.97	4273.99
2329.91	4266.75
2330.85	4257.78
2331.78	4246.09
2332.72	4233.03
2333.66	4220.43
2334.59	4215.53
2335.53	4218.84
2336.46	4234.1
2337.4	4247.48
2338.33	4260.54
2339.27	4260.46
2340.2	4252.79
2341.14	4213.84
2342.07	4190.44
2343.01	4186.42
2343.94	4199.64
2344.88	4202.11
2345.81	4203.47
2346.75	4202.35
2347.68	4203.23
2348.61	4205.99
2349.55	4207.79
2350.48	4209.12
2351.41	4207.01
2352.35	4189.11
2353.28	4175.76
2354.21	4162.83
2355.15	4152.44
2356.08	4146.4
2357.01	4144.65
2357.94	4150.24
2358.88	4153.56
2359.81	4155.08
2360.74	4154.98
2361.67	4153.23
2362.6	4150.82
2363.54	4148.61
2364.47	4150.95
2365.4	4152.84
2366.33	4151.89
2367.26	4149.41
2368.19	4145.62
2369.12	4140.69
2370.05	4135.06
2370.98	4128.5
2371.91	4122.28
2372.84	4116.64
2373.77	4111.73
2374.7	4108.01
2375.63	4105.72
2376.56	4105.07
2377.49	4105.47
2378.42	4107.02
2379.35	4108.47
2380.28	4108.52
2381.21	4107.35
2382.14	4104.37
2383.07	4099.8
2384	4094.06
2384.92	4087.19
2385.85	4079.42
2386.78	4070.65
2387.71	4062.22
2388.64	4053.35
2389.56	4053.61
2390.49	4057.69
2391.42	4061.71
2392.35	4064.53
2393.27	4067.01
2394.2	4068.75
2395.13	4070.12
2396.05	4070.13
2396.98	4068.13
2397.91	4064.33
2398.83	4054.34
2399.76	4043.35
2400.69	4030.82
2401.61	4015.12
2402.54	4003.3
2403.46	4003.97
2404.39	4005.8
2405.31	4008.54
2406.24	4010.8
2407.17	4010.62
2408.09	4011.93
2409.01	4010.11
2409.94	4005.73
2410.86	3998.39
2411.79	3991.42
2412.71	3984.86
2413.64	3979.14
2414.56	3976.53
2415.49	3974.52
2416.41	3973.22
2417.33	3972.3
2418.26	3971.88
2419.18	3971.88
2420.1	3972.08
2421.03	3972.47
2421.95	3972.69
2422.87	3972.47
2423.79	3971.3
2424.72	3969.15
2425.64	3965.62
2426.56	3960.45
2427.48	3954.03
2428.41	3946.75
2429.33	3939.62
2430.25	3932.91
2431.17	3926.79
2432.09	3921.14
2433.01	3916.06
2433.93	3911.34
2434.86	3906.89
2435.78	3902.48
2436.7	3897.98
2437.62	3893.01
2438.54	3887.86
2439.46	3882.49
2440.38	3876.53
2441.3	3869.74
2442.22	3861.38
2443.14	3855.48
2444.06	3853.35
2444.98	3859.38
2445.9	3861.91
2446.82	3857.73
2447.73	3852.23
2448.65	3845.9
2449.57	3838.4
2450.49	3828.24
2451.41	3817.8
2452.33	3813.97
2453.25	3814.76
2454.17	3815.68
2455.08	3811.7
2456	3806.27
2456.92	3799.85
2457.84	3788.9
2458.75	3783.48
2459.67	3778.98
2460.59	3781.84
2461.51	3787.74
2462.42	3785.92
2463.34	3780.56
2464.26	3779.03
2465.17	3778.59
2466.09	3778.38
2467	3777.75
2467.92	3777
2468.84	3775.17
2469.75	3773.04
2470.67	3770.29
2471.58	3767.05
2472.5	3763.18
2473.42	3758.77
2474.33	3753.89
2475.25	3748.79
2476.16	3745.67
2477.08	3742.75
2477.99	3730.45
2478.9	3722.81
2479.82	3716.61
2480.73	3718.42
2481.65	3715.93
2482.56	3716.46
2483.47	3711.75
2484.39	3708.14
2485.3	3702.72
2486.22	3695.88
2487.13	3686.13
2488.04	3683.3
2488.96	3682.91
2489.87	3688.27
2490.78	3690.84
2491.69	3697.25
2492.61	3700.36
2493.52	3701.86
2494.43	3690.95
2495.34	3682.16
2496.25	3673.73
2497.17	3668.9
2498.08	3667.9
2498.99	3667.18
2499.9	3667.35
2500.81	3668.09
2501.72	3670.14
2502.63	3672.16
2503.55	3674.38
2504.46	3675.73
2505.37	3674.25
2506.28	3668.97
2507.19	3655.63
2508.1	3653.1
2509.01	3653.02
2509.92	3652.85
2510.83	3654.87
2511.74	3655.44
2512.65	3649.28
2513.56	3642.44
2514.47	3637.5
2515.37	3631.89
2516.28	3629.27
2517.19	3631.53
2518.1	3636.71
2519.01	3644.95
2519.92	3650.08
2520.83	3653.85
2521.73	3652.59
2522.64	3647.64
2523.55	3638.93
2524.46	3627.77
2525.37	3619.32
2526.27	3612.54
2527.18	3605.18
2528.09	3598.68
2529	3592.92
2529.9	3588
2530.81	3584.34
2531.72	3581.84
2532.62	3579.63
2533.53	3574.98
2534.44	3561.75
2535.34	3562.72
2536.25	3572.44
2537.15	3576.44
2538.06	3571.81
2538.96	3552.09
2539.87	3541.27
2540.78	3536.78
2541.68	3536.26
2542.59	3534.7
2543.49	3534.56
2544.4	3535.03
2545.3	3536.27
2546.21	3538.04
2547.11	3540.32
2548.01	3541.51
2548.92	3540.94
2549.82	3538.43
2550.73	3533.62
2551.63	3526.77
2552.53	3517.32
2553.44	3507.76
2554.34	3498.12
2555.24	3494.08
2556.15	3490.67
2557.05	3487.78
2557.95	3485.82
2558.86	3482.41
2559.76	3478.9
2560.66	3475.32
2561.56	3471.67
2562.46	3467.95
2563.37	3464.07
2564.27	3460.05
2565.17	3455.55
2566.07	3450.69
2566.97	3445.12
2567.88	3438.86
2568.78	3431.51
2569.68	3426.75
2570.58	3424.5
2571.48	3424.66
2572.38	3424.33
2573.28	3425.76
2574.18	3427.59
2575.08	3420.24
2575.98	3413.75
2576.88	3405.5
2577.78	3394.43
2578.68	3386.23
2579.58	3385.67
2580.48	3386.8
2581.38	3388.22
2582.28	3387.42
2583.18	3386.67
2584.08	3382.01
2584.98	3365.05
2585.88	3359.84
2586.77	3360.25
2587.67	3364.67
2588.57	3368.91
2589.47	3371.39
2590.37	3371.57
2591.27	3369.46
2592.16	3366.46
2593.06	3361.22
2593.96	3353.32
2594.86	3343.35
2595.75	3330.36
2596.65	3316.09
2597.55	3307.45
2598.45	3306.23
2599.34	3307.68
2600.24	3307.6
2601.13	3307.28
2602.03	3308.04
2602.93	3308.58
2603.82	3309.07
2604.72	3309.44
2605.62	3309.49
2606.51	3308.95
2607.41	3301.19
2608.3	3315.88
2609.2	3328.63
2610.09	3317.83
2610.99	3297.99
2611.88	3265.5
2612.78	3249.25
2613.67	3253.83
2614.57	3254.14
2615.46	3255.84
2616.36	3257.28
2617.25	3258.11
2618.14	3258.27
2619.04	3256.14
2619.93	3253.87
2620.83	3251.39
2621.72	3248.92
2622.61	3247.37
2623.5	3245.92
2624.4	3244.63
2625.29	3243.62
2626.18	3242.8
2627.08	3242.36
2627.97	3241.57
2628.86	3239.72
2629.75	3236.46
2630.65	3230.39
2631.54	3223.31
2632.43	3214.58
2633.32	3204.33
2634.21	3191.98
2635.11	3179.04
2636	3173.11
2636.89	3178.67
2637.78	3185.53
2638.67	3184.78
2639.56	3184.27
2640.45	3182.76
2641.34	3180.78
2642.23	3177.09
2643.12	3172.08
2644.01	3165.6
2644.9	3157.55
2645.79	3149.28
2646.68	3140.9
2647.57	3132.49
2648.46	3124.3
2649.35	3116.1
2650.24	3109.73
2651.13	3113.36
2652.02	3113.58
2652.91	3109.81
2653.8	3103.94
2654.69	3097.36
2655.58	3091.98
2656.46	3086.82
2657.35	3088.44
2658.24	3095.29
2659.13	3099.59
2660.02	3101.11
2660.9	3099.84
2661.79	3095.45
2662.68	3087.77
2663.57	3076.56
2664.45	3070.08
2665.34	3065.24
2666.23	3070.55
2667.11	3075.29
2668	3078.32
2668.89	3079.23
2669.77	3078.11
2670.66	3071.64
2671.55	3057.24
2672.43	3035.75
2673.32	3029.55
2674.21	3031.67
2675.09	3036.44
2675.98	3042.9
2676.86	3050.2
2677.75	3051.02
2678.63	3049.82
2679.52	3046.71
2680.4	3042.33
2681.29	3035.6
2682.17	3028.05
2683.06	3019.51
2683.94	3010.35
2684.82	3001.85
2685.71	2995.92
2686.59	2990.62
2687.48	2988.12
2688.36	2986.58
2689.24	2988.04
2690.13	2989.83
2691.01	2988.97
2691.89	2986.56
2692.78	2975.96
2693.66	2968.58
2694.54	2964.11
2695.43	2959.09
2696.31	2953.66
2697.19	2948.06
2698.07	2942.56
2698.96	2937.35
2699.84	2932.81
2700.72	2928.59
2701.6	2930.76
2702.48	2935.51
2703.36	2940.4
2704.25	2943.51
2705.13	2944.1
2706.01	2944.97
2706.89	2943.98
2707.77	2941.37
2708.65	2937.08
2709.53	2930.98
2710.41	2921.22
2711.29	2909.31
2712.17	2898.8
2713.05	2884.72
2713.93	2880.73
2714.81	2892.59
2715.69	2896.11
2716.57	2898.26
2717.45	2899.71
2718.33	2899.79
2719.21	2895.07
2720.09	2890.97
2720.97	2886.56
2721.85	2881.31
2722.73	2876.79
2723.61	2872.16
2724.48	2867.78
2725.36	2863.58
2726.24	2859.75
2727.12	2856.48
2728	2853.81
2728.88	2851.72
2729.75	2850.27
2730.63	2849.35
2731.51	2849.01
2732.39	2849.34
2733.26	2850.36
2734.14	2850.77
2735.02	2849.58
2735.89	2838.16
2736.77	2833.04
2737.65	2830.67
2738.52	2835.02
2739.4	2834.69
2740.28	2833.67
2741.15	2831.1
2742.03	2826.75
2742.9	2821.61
2743.78	2815.69
2744.65	2807.07
2745.53	2798.75
2746.41	2791.45
2747.28	2789.98
2748.16	2790.28
2749.03	2793.18
2749.91	2798.24
2750.78	2802.36
2751.66	2804.02
2752.53	2803.75
2753.4	2799.31
2754.28	2793.18
2755.15	2785.12
2756.02	2781.12
2756.9	2777.01
2757.77	2774.14
2758.65	2773.87
2759.52	2774.14
2760.39	2773.98
2761.27	2773.53
2762.14	2769.13
2763.01	2764.11
2763.88	2757.1
2764.76	2751.7
2765.63	2747.54
2766.5	2741.83
2767.37	2740.33
2768.25	2739.23
2769.12	2739.32
2769.99	2739.63
2770.86	2739.97
2771.73	2740.23
2772.61	2738.77
2773.48	2737.24
2774.35	2735.31
2775.22	2731.38
2776.09	2722.87
2776.96	2713.79
2777.83	2704.28
2778.7	2693.75
2779.57	2681.88
2780.44	2676.49
2781.31	2679.49
2782.18	2685.74
2783.05	2693.02
2783.92	2697.46
2784.79	2698.06
2785.66	2682.8
2786.53	2672.81
2787.4	2665.55
2788.27	2662.73
2789.14	2665.08
2790.01	2671.88
2790.88	2674.65
2791.75	2673.48
2792.62	2669.16
2793.48	2664.06
2794.35	2659.87
2795.22	2656.05
2796.09	2652.79
2796.96	2649.34
2797.82	2647.88
2798.69	2645.46
2799.56	2639.25
2800.43	2634.52
2801.29	2633.25
2802.16	2634.86
2803.03	2638.38
2803.9	2642.86
2804.76	2643.48
2805.63	2639.55
2806.5	2628.71
2807.36	2625.43
2808.23	2623.59
2809.09	2622.72
2809.96	2624.86
2810.83	2623.38
2811.69	2625.19
2812.56	2622.07
2813.42	2622.26
2814.29	2626.5
2815.15	2628.72
2816.02	2599.2
2816.88	2590.25
2817.75	2581.5
2818.61	2577.09
2819.48	2575.82
2820.34	2580.27
2821.21	2581.95
2822.07	2583.32
2822.94	2584.6
2823.8	2584.7
2824.66	2583.8
2825.53	2581.67
2826.39	2578.71
2827.26	2575.1
2828.12	2571.37
2828.98	2571.85
2829.85	2569.43
2830.71	2563.55
2831.57	2553.26
2832.43	2545.15
2833.3	2537.79
2834.16	2544.02
2835.02	2547.88
2835.88	2553.99
2836.75	2563.19
2837.61	2564.16
2838.47	2560.39
2839.33	2552.95
2840.19	2547.77
2841.06	2543
2841.92	2538.57
2842.78	2534.68
2843.64	2531.66
2844.5	2529.2
2845.36	2527.48
2846.22	2526.39
2847.08	2526.38
2847.94	2524.82
2848.81	2519.79
2849.67	2517.52
2850.53	2517.83
2851.39	2520.43
2852.25	2524.55
2853.11	2535.3
2853.97	2534.9
2854.82	2532.07
2855.68	2527.01
2856.54	2514
2857.4	2499.24
2858.26	2487.74
2859.12	2477.83
2859.98	2473.4
2860.84	2473.49
2861.7	2477.65
2862.56	2479.15
2863.41	2482.32
2864.27	2482.19
2865.13	2478.34
2865.99	2475.48
2866.85	2472.6
2867.7	2469.53
2868.56	2467.69
2869.42	2465.65
2870.28	2470.73
2871.13	2472.24
2871.99	2472.15
2872.85	2467.1
2873.7	2453.47
2874.56	2435.48
2875.42	2430.72
2876.27	2426.58
2877.13	2448.04
2877.99	2452.21
2878.84	2450.08
2879.7	2449.84
2880.56	2444.73
2881.41	2430.76
2882.27	2419.38
2883.12	2412.24
2883.98	2408.86
2884.83	2412.86
2885.69	2420.84
2886.54	2432.6
2887.4	2407.85
2888.25	2399.62
2889.11	2398.83
2889.96	2402.84
2890.82	2404.1
2891.67	2404.27
2892.52	2403.32
2893.38	2401.38
2894.23	2398.2
2895.09	2392.9
2895.94	2386.43
2896.79	2379.72
2897.65	2373.36
2898.5	2368.42
2899.35	2365.53
2900.21	2367.16
2901.06	2362.83
2901.91	2360.01
2902.76	2358.54
2903.62	2352.06
2904.47	2346.94
2905.32	2343.71
2906.17	2342.22
2907.03	2342.63
2907.88	2344.17
2908.73	2346.33
2909.58	2349.06
2910.43	2351.89
2911.28	2355.03
2912.14	2350.52
2912.99	2345.55
2913.84	2340.45
2914.69	2334.93
2915.54	2329.34
2916.39	2323.74
2917.24	2318.69
2918.09	2315.68
2918.94	2312.88
2919.79	2311.5
2920.64	2310.89
2921.49	2310.9
2922.34	2311.28
2923.19	2310.94
2924.04	2309.23
2924.89	2304.62
2925.74	2300.25
2926.59	2295.96
2927.44	2292.6
2928.29	2290
2929.14	2287.51
2929.98	2286.12
2930.83	2284.89
2931.68	2284.16
2932.53	2283.37
2933.38	2281.7
2934.23	2279.51
2935.07	2277.23
2935.92	2274.36
2936.77	2270.66
2937.62	2265.75
2938.47	2256.76
2939.31	2250.41
2940.16	2247.32
2941.01	2245.12
2941.85	2244.66
2942.7	2245.44
2943.55	2250.47
2944.39	2252.68
2945.24	2247.27
2946.09	2241.22
2946.93	2235.11
2947.78	2232.34
2948.63	2230.56
2949.47	2229.87
2950.32	2229.9
2951.16	2231.99
2952.01	2233.83
2952.85	2235.76
2953.7	2235.11
2954.55	2229.28
2955.39	2223.54
2956.24	2221.2
2957.08	2219.3
2957.92	2217.36
2958.77	2215.42
2959.61	2212.54
2960.46	2207.81
2961.3	2203.05
2962.15	2197.93
2962.99	2197.56
2963.83	2195.51
2964.68	2196.54
2965.52	2198.54
2966.37	2192.61
2967.21	2187.1
2968.05	2181.55
2968.9	2175.67
2969.74	2168.16
2970.58	2162.46
2971.42	2162.77
2972.27	2163.95
2973.11	2165.48
2973.95	2166.42
2974.79	2166.94
2975.64	2166.93
2976.48	2166.49
2977.32	2165.65
2978.16	2164.36
2979	2162.58
2979.85	2160.29
2980.69	2157.46
2981.53	2154.42
2982.37	2152.07
2983.21	2150.03
2984.05	2149.64
2984.89	2149.25
2985.73	2149.85
2986.57	2150.53
2987.41	2150.97
2988.25	2151.31
2989.1	2147.72
2989.94	2144.65
2990.77	2140.99
2991.62	2137.26
2992.45	2135.16
2993.29	2133.16
2994.13	2132.32
2994.97	2131.48
2995.81	2131.07
2996.65	2128.65
2997.49	2122.02
2998.33	2115.99
2999.17	2105.73
