200.833	19277.4
202.102	19306.8
203.371	19359.5
204.639	19413.2
205.907	19409.9
207.175	19419.1
208.442	19413.3
209.71	19411
210.977	19408.2
212.244	19411.4
213.511	19428.1
214.777	19446.5
216.042	19465.8
217.309	19484.9
218.575	19504.2
219.84	19522.9
221.106	19537.3
222.371	19549.2
223.635	19564
224.9	19573.8
226.165	19603
227.429	19657.7
228.694	19733.9
229.956	19785.2
231.22	19836.6
232.484	19883.2
233.747	19922
235.011	19956.9
236.272	19990.8
237.535	20037.3
238.798	20082.6
240.06	20126.4
241.321	20173.6
242.583	20205.7
243.845	20226.9
245.105	20242.9
246.367	20255.7
247.628	20265.9
248.888	20273.9
250.149	20297.2
251.409	20317.5
252.67	20339.5
253.928	20362.8
255.189	20389.8
256.447	20412.9
257.707	20422.8
258.966	20409.3
260.224	20395.2
261.483	20386.6
262.742	20389.2
263.999	20401.8
265.257	20418.7
266.514	20444
267.772	20475.3
269.028	20511.9
270.286	20551.8
271.543	20573.2
272.799	20597
274.056	20615.2
275.311	20629.5
276.568	20638.2
277.823	20647.5
279.079	20662.4
280.333	20692.4
281.589	20739.8
282.843	20787.8
284.099	20836.1
285.352	20883.6
286.607	20899.8
287.86	20911.3
289.114	20913.1
290.368	20920.1
291.621	20922.7
292.875	20913.5
294.127	20933.1
295.38	20973.7
296.632	21021.4
297.884	21059.2
299.137	21085.3
300.388	21085.2
301.641	21076.1
302.891	21076
304.142	21074.4
305.394	21074.4
306.644	21077.5
307.894	21083
309.146	21091.6
310.395	21103.3
311.645	21118.4
312.895	21139.6
314.144	21165.5
315.393	21192.3
316.642	21218.2
317.892	21155.6
319.14	21190
320.388	21228.3
321.637	21258.4
322.885	21261.3
324.132	21257.8
325.38	21259.6
326.628	21283.7
327.875	21329
329.122	21384.3
330.368	21382.9
331.614	21401.4
332.862	21423.4
334.108	21447.1
335.353	21472.4
336.599	21497.2
337.844	21519.7
339.089	21540.7
340.335	21563.2
341.58	21578.7
342.824	21588.5
344.068	21594.3
345.312	21594.7
346.556	21602.1
347.8	21614.9
349.043	21627.6
350.286	21641
351.53	21654.8
352.774	21669.7
354.016	21684.8
355.259	21691.4
356.501	21694.1
357.743	21678.9
358.985	21679.3
360.227	21681.6
361.468	21683.2
362.709	21687.9
363.95	21693.9
365.191	21700.5
366.432	21707.5
367.672	21714.6
368.912	21722
370.152	21728.3
371.392	21733.8
372.632	21738.9
373.871	21742.3
375.11	21746.7
376.348	21752.5
377.587	21759.4
378.825	21769.1
380.064	21780.8
381.302	21794.2
382.54	21809.7
383.778	21826.9
385.016	21846
386.253	21866.8
387.489	21889.1
388.726	21911.4
389.963	21936.5
391.199	21962.9
392.436	21990.8
393.672	22019.2
394.907	22042.1
396.142	22062.4
397.378	22064.9
398.614	22066.5
399.849	22063.1
401.082	22053.4
402.317	22039.7
403.552	22039.8
404.786	22067.7
406.019	22088.4
407.253	22104.1
408.487	22116.9
409.721	22127.4
410.953	22137.3
412.186	22146.5
413.419	22159.3
414.651	22172.6
415.883	22188.8
417.116	22206.1
418.347	22214.1
419.579	22215.8
420.811	22208
422.041	22195.3
423.272	22181
424.504	22166.1
425.733	22163
426.964	22165.4
428.194	22174.2
429.424	22192.2
430.654	22215.7
431.883	22228.6
433.113	22258.1
434.341	22269
435.571	22280.1
436.799	22289.3
438.028	22294.6
439.257	22282.2
440.484	22323.3
441.713	22344.1
442.94	22353
444.168	22347.3
445.394	22334.7
446.622	22325.9
447.848	22329.5
449.076	22332.5
450.301	22338.3
451.528	22348.8
452.754	22361.7
453.979	22379.5
455.205	22399.7
456.43	22419.8
457.656	22438.2
458.88	22437.2
460.106	22435.6
461.33	22429.4
462.554	22419.2
463.779	22409.6
465.002	22432.8
466.225	22456.4
467.45	22469.8
468.672	22485.8
469.895	22485.5
471.119	22464
472.341	22431.9
473.563	22394.2
474.786	22378.7
476.008	22369.4
477.229	22391.2
478.452	22405.2
479.673	22424.1
480.894	22457.4
482.115	22447.6
483.337	22433
484.557	22416.8
485.777	22402.7
486.997	22394.2
488.218	22386
489.438	22379.1
490.657	22373.7
491.876	22369.5
493.096	22365.6
494.315	22362.7
495.533	22360.5
496.752	22359.4
497.97	22358.9
499.188	22358.6
500.407	22356.7
501.625	22360.6
502.842	22371.5
504.059	22388.3
505.276	22403.9
506.493	22408.3
507.71	22405.4
508.926	22390.6
510.142	22388.9
511.358	22392.3
512.575	22402.4
513.791	22419.1
515.006	22442.7
516.222	22474.5
517.437	22494.8
518.651	22504.1
519.866	22508.9
521.081	22512.9
522.295	22517
523.509	22519.9
524.723	22523.5
525.937	22521.2
527.15	22540.7
528.363	22585.1
529.576	22603.4
530.789	22605
532.002	22592
533.215	22573.5
534.426	22556.3
535.638	22552
536.85	22577.2
538.061	22595
539.273	22610.5
540.484	22621.9
541.695	22627
542.906	22632
544.117	22637.3
545.327	22642.2
546.537	22647.6
547.747	22658.7
548.957	22668.4
550.167	22678
551.377	22683
552.585	22681.7
553.794	22674.2
555.003	22653.4
556.212	22641.8
557.421	22635.9
558.628	22634.7
559.836	22637.8
561.044	22644.3
562.252	22656.6
563.458	22660
564.666	22655.3
565.873	22646.6
567.08	22635.5
568.286	22631.5
569.493	22635.8
570.699	22645.6
571.904	22658.3
573.111	22674.7
574.317	22693.6
575.521	22712.3
576.727	22722
577.932	22718.9
579.136	22709.9
580.341	22705.3
581.544	22702.3
582.749	22700.1
583.954	22698.2
585.156	22697.1
586.361	22696.7
587.563	22696.7
588.767	22697.2
589.97	22698.1
591.172	22698.9
592.375	22699.6
593.577	22700.2
594.78	22701.3
595.981	22703.3
597.183	22707.5
598.384	22714
599.586	22700.2
600.786	22686.9
601.988	22662.9
603.188	22642.6
604.389	22628.3
605.589	22605.9
606.79	22588.5
607.989	22588.5
609.188	22599.8
610.389	22603.6
611.587	22601.6
612.787	22590.6
613.986	22531.8
615.184	22510.8
616.383	22514.6
617.581	22516
618.78	22518.6
619.977	22535.2
621.174	22513.4
622.373	22496.5
623.57	22478.3
624.766	22459
625.964	22432.2
627.16	22423.5
628.356	22434.2
629.554	22436.1
630.749	22431.6
631.945	22429.1
633.14	22397.7
634.337	22383.6
635.532	22383.2
636.726	22371
637.921	22358.9
639.117	22344
640.311	22330
641.505	22318.1
642.699	22313
643.892	22351.3
645.087	22361.5
646.28	22365.7
647.473	22366.1
648.666	22363.6
649.859	22359.5
651.051	22351.5
652.245	22345.6
653.437	22350
654.629	22363.9
655.821	22388.3
657.012	22411.7
658.204	22430
659.395	22446.2
660.586	22464.3
661.777	22483.6
662.967	22491.3
664.158	22486.9
665.349	22469.5
666.539	22448.4
667.729	22428.9
668.919	22418.9
670.109	22409.2
671.298	22404
672.487	22403.1
673.676	22406.6
674.865	22416
676.053	22430
677.242	22478.4
678.43	22482.4
679.616	22470.2
680.804	22440.7
681.992	22420.6
683.179	22407
684.366	22400.6
685.554	22400.7
686.74	22404.3
687.927	22397.2
689.114	22390.3
690.3	22381.5
691.486	22373.2
692.671	22371
693.856	22371.2
695.042	22373.1
696.227	22376
697.413	22379
698.598	22380.4
699.781	22378.5
700.966	22372.1
702.15	22360.6
703.334	22345.6
704.518	22325.3
705.701	22295.6
706.885	22257.3
708.068	22221.7
709.252	22195.9
710.433	22176.2
711.616	22161.8
712.799	22155.4
713.98	22152.5
715.163	22153.7
716.345	22158.7
717.527	22166.9
718.707	22177.6
719.889	22189.7
721.071	22201.4
722.25	22193.7
723.432	22178.6
724.611	22169.1
725.792	22164.8
726.972	22164.8
728.151	22168.9
729.332	22177.1
730.512	22188.4
731.69	22202.9
732.87	22210.9
734.048	22210.3
735.227	22212.1
736.405	22212.1
737.584	22210.6
738.761	22207.5
739.94	22219
741.117	22236.3
742.295	22259.5
743.471	22290.4
744.649	22344
745.825	22382.4
747.003	22405
748.179	22402.3
749.356	22395.3
750.531	22379.2
751.708	22361.3
752.883	22342.7
754.059	22326.8
755.234	22313.7
756.409	22303.5
757.585	22294.7
758.759	22288.6
759.934	22286
761.108	22287.3
762.282	22300.3
763.456	22311
764.63	22315.3
765.803	22315.4
766.977	22296.6
768.15	22273.2
769.323	22253.5
770.496	22228.8
771.668	22200.8
772.841	22170.3
774.014	22138.7
775.185	22111.8
776.357	22114.2
777.528	22095.3
778.701	22076.8
779.872	22057.1
781.042	22037.2
782.213	22022.6
783.383	22018.2
784.555	22018.9
785.725	22023.4
786.895	22033.3
788.064	22042.7
789.234	22046.3
790.404	22032.2
791.573	22020.8
792.742	21994.9
793.911	21975.3
795.08	21951.8
796.248	21932
797.416	21915.5
798.584	21908.8
799.753	21903.3
800.921	21900.9
802.088	21901.5
803.256	21902.6
804.423	21902.8
805.59	21906.5
806.756	21910.9
807.923	21917.2
809.089	21924
810.256	21932.3
811.422	21938.5
812.587	21933.9
813.753	21924.9
814.918	21909.2
816.084	21917.9
817.249	21933.8
818.414	21948
819.578	21961.2
820.743	21973.3
821.907	21984.1
823.072	21994.3
824.236	21996.8
825.399	21993.4
826.562	21985.3
827.725	21975.4
828.889	21964.7
830.052	21954.3
831.215	21957.8
832.377	21968.7
833.54	21994.3
834.701	22019.7
835.863	22012.9
837.025	22022.8
838.187	21910.2
839.349	21921.7
840.51	21926.8
841.67	21938.6
842.831	21951.2
843.992	21954.6
845.153	21955.8
846.312	21950.1
847.473	21929.3
848.633	21921.1
849.793	21910.8
850.951	21900.5
852.111	21891.3
853.27	21881.8
854.428	21873
855.588	21862.5
856.747	21853.1
857.904	21845.6
859.063	21839.9
860.221	21863.7
861.378	21860.4
862.536	21845.8
863.694	21821.5
864.85	21785.9
866.008	21747.3
867.164	21713.3
868.321	21680.3
869.478	21652.8
870.633	21630.7
871.79	21613.7
872.945	21602
874.101	21592
875.256	21584.5
876.412	21577.2
877.566	21570.1
878.722	21562.7
879.876	21548.8
881.031	21529.7
882.185	21503.2
883.34	21472.4
884.493	21454.8
885.647	21440.5
886.8	21434.3
887.954	21433.6
889.107	21437.6
890.261	21442.2
891.413	21449.9
892.565	21454.2
893.718	21454.7
894.87	21451.8
896.023	21447.5
897.174	21444
898.326	21442.4
899.478	21443.9
900.629	21453.3
901.779	21465.1
902.931	21469.4
904.081	21467.2
905.231	21464.3
906.383	21469.7
907.532	21474.6
908.682	21478.4
909.831	21484.7
910.982	21492
912.131	21493.9
913.28	21490.7
914.429	21480.7
915.578	21473.9
916.727	21478.7
917.875	21479.3
919.023	21477.1
920.171	21474.9
921.32	21472.1
922.467	21469.4
923.614	21465.7
924.761	21461.5
925.908	21457.9
927.055	21456.3
928.203	21457.5
929.349	21459.9
930.496	21463.7
931.642	21468.3
932.787	21473.8
933.933	21480.1
935.079	21486.5
936.224	21493.7
937.369	21502.4
938.514	21511.1
939.659	21515
940.804	21512.2
941.948	21496.2
943.092	21476.7
944.236	21440.8
945.38	21405.2
946.524	21383.3
947.667	21371.8
948.811	21370.3
949.954	21367.7
951.097	21367.3
952.24	21364.5
953.383	21363.4
954.525	21340.5
955.667	21316.6
956.81	21279.2
957.952	21249.9
959.093	21220.2
960.235	21196.8
961.376	21187.2
962.516	21183
963.658	21182.8
964.798	21192.9
965.939	21203.4
967.08	21202.7
968.22	21200
969.359	21190.4
970.499	21169.7
971.639	21151.4
972.779	21134.5
973.918	21119.2
975.056	21107.6
976.195	21101.5
977.334	21101.1
978.473	21121.5
979.61	21148.2
980.749	21164
981.887	21176
983.024	21151.9
984.162	21153
985.3	21152.8
986.437	21151.5
987.573	21148.9
988.711	21145.9
989.848	21141.3
990.983	21133.7
992.12	21122.7
993.255	21118.3
994.392	21117.8
995.528	21121.7
996.662	21130
997.798	21146.7
998.933	21166.3
1000.07	21180.9
1001.2	21197.4
1002.34	21188.9
1003.47	21173
1004.61	21155.6
1005.74	21136.3
1006.87	21123.9
1008.01	21125.2
1009.14	21133.6
1010.27	21150.7
1011.41	21166.2
1012.54	21165.1
1013.67	21157.1
1014.81	21144.5
1015.94	21128.6
1017.07	21114.1
1018.2	21102.3
1019.33	21091.5
1020.47	21081.7
1021.6	21074.7
1022.73	21078.5
1023.86	21084.1
1024.99	21087
1026.12	21086.1
1027.25	21077.9
1028.38	21035.1
1029.51	20971
1030.64	20938.1
1031.77	20928.8
1032.9	20932.9
1034.03	20932.1
1035.16	20926
1036.29	20913.9
1037.42	20894.9
1038.55	20873.4
1039.67	20853.8
1040.8	20836.9
1041.93	20820.7
1043.06	20818
1044.19	20808.4
1045.31	20801.5
1046.44	20781.9
1047.57	20757.3
1048.69	20733.9
1049.82	20716.4
1050.95	20701.6
1052.08	20688.5
1053.2	20678
1054.33	20669.4
1055.45	20663.2
1056.58	20659
1057.7	20655.8
1058.83	20652.8
1059.95	20636.1
1061.08	20590.4
1062.2	20566.6
1063.33	20572.1
1064.45	20584.2
1065.58	20622.9
1066.7	20597.2
1067.83	20583.6
1068.95	20577.2
1070.07	20577.7
1071.2	20569.8
1072.32	20551.1
1073.44	20549.7
1074.56	20562.2
1075.69	20590.9
1076.81	20605.3
1077.93	20604.6
1079.05	20586.4
1080.17	20511.1
1081.3	20584
1082.42	20593.8
1083.54	20596
1084.66	20589.2
1085.78	20588.2
1086.9	20583.7
1088.02	20577.3
1089.14	20568.4
1090.26	20559
1091.38	20549.7
1092.5	20541.3
1093.62	20535.6
1094.74	20538
1095.86	20540.4
1096.98	20545.9
1098.1	20553.8
1099.22	20565.6
1100.34	20575.1
1101.45	20579.6
1102.57	20577.3
1103.69	20558.3
1104.81	20537.5
1105.93	20508.3
1107.04	20493.8
1108.16	20489.4
1109.28	20496
1110.4	20490.9
1111.51	20493
1112.63	20485.8
1113.75	20470.5
1114.86	20435.5
1115.98	20405.9
1117.09	20370
1118.21	20336.5
1119.32	20301.2
1120.44	20271.1
1121.55	20252.6
1122.67	20260.3
1123.78	20259.6
1124.9	20248.6
1126.01	20243.6
1127.13	20228.6
1128.24	20192.5
1129.35	20157.2
1130.47	20116.4
1131.58	20092.2
1132.7	20084.8
1133.81	20086.7
1134.92	20089.9
1136.03	20100.2
1137.15	20098
1138.26	20076.5
1139.37	20022.4
1140.48	19996.5
1141.59	19963.6
1142.71	19942
1143.82	19934.8
1144.93	19922.6
1146.04	19903.5
1147.15	19876.7
1148.26	19850.8
1149.37	19833.3
1150.48	19821.3
1151.59	19812.2
1152.7	19806.2
1153.81	19801.9
1154.92	19800.5
1156.03	19800.1
1157.14	19798.5
1158.25	19796.6
1159.36	19794.1
1160.47	19791
1161.58	19776.3
1162.68	19757.7
1163.79	19742.7
1164.9	19731.2
1166.01	19722.7
1167.12	19717.1
1168.22	19714.4
1169.33	19714.2
1170.44	19716.4
1171.55	19722.8
1172.65	19736.2
1173.76	19758.9
1174.87	19779.1
1175.97	19794.6
1177.08	19802.9
1178.18	19806.4
1179.29	19798
1180.4	19769.9
1181.5	19743
1182.61	19729.4
1183.71	19729.5
1184.82	19727.3
1185.92	19734.7
1187.02	19748.3
1188.13	19763
1189.23	19773.1
1190.34	19777.7
1191.44	19777.9
1192.54	19773.5
1193.65	19764.2
1194.75	19750.1
1195.85	19731.1
1196.96	19707.1
1198.06	19679
1199.16	19645.6
1200.26	19645.7
1201.37	19660.3
1202.47	19682.6
1203.57	19719.1
1204.67	19741.8
1205.77	19751.6
1206.87	19752.6
1207.97	19746.2
1209.08	19735.8
1210.18	19724.3
1211.28	19717.5
1212.38	19701.1
1213.48	19674.4
1214.58	19683.9
1215.68	19709.5
1216.78	19718.7
1217.88	19717.7
1218.98	19689.4
1220.07	19662.3
1221.17	19642.8
1222.27	19627.2
1223.37	19615
1224.47	19606.8
1225.57	19618.2
1226.66	19632.9
1227.76	19636.4
1228.86	19630.7
1229.96	19612.3
1231.06	19587.7
1232.15	19562.8
1233.25	19533.9
1234.35	19513.4
1235.44	19499.5
1236.54	19487.4
1237.63	19477.4
1238.73	19473.3
1239.83	19469.1
1240.92	19463.8
1242.02	19454.9
1243.11	19441.7
1244.21	19425.8
1245.3	19407.2
1246.4	19385.5
1247.49	19361
1248.59	19332.7
1249.68	19311.7
1250.78	19301
1251.87	19294.2
1252.96	19292
1254.06	19281.5
1255.15	19273.1
1256.24	19264.7
1257.34	19255.2
1258.43	19245.2
1259.52	19233.2
1260.62	19226.9
1261.71	19231.3
1262.8	19240.8
1263.89	19246.5
1264.98	19224.9
1266.08	19222.2
1267.17	19217.1
1268.26	19229.5
1269.35	19245.9
1270.44	19258.8
1271.53	19275.5
1272.62	19283.5
1273.71	19289.6
1274.8	19292.8
1275.89	19294.1
1276.98	19294
1278.07	19292.8
1279.16	19290.7
1280.25	19287.4
1281.34	19286
1282.43	19285.4
1283.52	19284.4
1284.61	19280.3
1285.69	19272.5
1286.78	19262.4
1287.87	19243.5
1288.96	19227.6
1290.05	19226.3
1291.13	19229.4
1292.22	19238.3
1293.31	19249.9
1294.4	19255.3
1295.48	19261.1
1296.57	19258.8
1297.66	19251.4
1298.74	19239.8
1299.83	19234
1300.92	19228.6
1302	19224.3
1303.09	19223.8
1304.17	19234.7
1305.26	19248.9
1306.34	19262.2
1307.43	19268.6
1308.51	19250.1
1309.6	19233.6
1310.68	19210.1
1311.76	19195.9
1312.85	19189.5
1313.93	19183
1315.02	19174.9
1316.1	19163.2
1317.18	19147.2
1318.27	19130.8
1319.35	19121.3
1320.43	19117.6
1321.52	19117.6
1322.6	19125.7
1323.68	19133.4
1324.76	19130.8
1325.85	19125.2
1326.93	19114.1
1328.01	19091.3
1329.09	19072.2
1330.17	19054.1
1331.25	19037.1
1332.33	19023.9
1333.41	19018.8
1334.49	19020.4
1335.58	19012.6
1336.65	18998.1
1337.74	18985.4
1338.82	18972.1
1339.89	18959
1340.97	18964.5
1342.05	18958
1343.13	18949.7
1344.21	18941.3
1345.29	18934.2
1346.37	18924.7
1347.45	18917.8
1348.53	18914.5
1349.6	18909.1
1350.68	18912.1
1351.76	18914.5
1352.84	18917.9
1353.92	18917.8
1354.99	18917.2
1356.07	18913
1357.15	18911.4
1358.22	18906.5
1359.3	18896.4
1360.38	18881.8
1361.45	18864.4
1362.53	18859.7
1363.61	18864.8
1364.68	18866
1365.76	18868.6
1366.83	18868.9
1367.91	18872.2
1368.98	18871.7
1370.06	18869.3
1371.13	18870.1
1372.21	18869.6
1373.28	18866.8
1374.35	18865.5
1375.43	18860.2
1376.5	18854.5
1377.58	18849.2
1378.65	18844.9
1379.72	18841.1
1380.8	18837.4
1381.87	18831.7
1382.94	18825.5
1384.01	18818.9
1385.09	18810.9
1386.16	18801.4
1387.23	18787.1
1388.3	18771.6
1389.38	18755.7
1390.45	18738.5
1391.52	18738.5
1392.59	18744.7
1393.66	18748.3
1393.92	18747.9
1395	18751.6
1396.07	18753.2
1397.15	18751.9
1398.22	18746.9
1399.3	18738.8
1400.38	18727.3
1401.45	18713.1
1402.53	18696
1403.6	18676.6
1404.68	18654.7
1405.75	18634.2
1406.82	18619.1
1407.9	18619.6
1408.97	18629.4
1410.05	18645.3
1411.12	18650.3
1412.19	18653.9
1413.27	18637.3
1414.34	18624.7
1415.41	18608.8
1416.49	18597.4
1417.56	18585.4
1418.63	18574.8
1419.7	18564.3
1420.78	18554.9
1421.85	18546.1
1422.92	18538.7
1423.99	18532.5
1425.06	18527.5
1426.14	18522.1
1427.21	18516.8
1428.28	18508.6
1429.35	18498.8
1430.42	18486
1431.49	18470.5
1432.56	18459.3
1433.63	18457.1
1434.7	18464.7
1435.77	18461.6
1436.84	18458.1
1437.91	18452.9
1438.98	18445.3
1440.05	18435.6
1441.12	18424
1442.18	18410.5
1443.25	18396.6
1444.32	18389.4
1445.39	18415.6
1446.46	18457.1
1447.53	18463
1448.59	18452.2
1449.66	18417.5
1450.73	18396.8
1451.8	18385.7
1452.86	18372.7
1453.93	18362.9
1455	18359.4
1456.06	18358.4
1457.13	18362.5
1458.2	18369.8
1459.26	18378.7
1460.33	18385.6
1461.39	18380.6
1462.46	18379.2
1463.52	18365.9
1464.59	18353.2
1465.65	18342
1466.72	18334.5
1467.78	18343.3
1468.85	18356.3
1469.91	18369.7
1470.98	18382.5
1472.04	18387.4
1473.1	18383.7
1474.17	18372.7
1475.23	18355.6
1476.3	18332.3
1477.36	18315.5
1478.42	18307.5
1479.48	18302.7
1480.55	18301.2
1481.61	18302.7
1482.67	18306.5
1483.73	18307.6
1484.8	18299.8
1485.86	18281.7
1486.92	18261.3
1487.98	18247
1489.04	18228.2
1490.1	18211.3
1491.17	18195.8
1492.23	18183.4
1493.29	18172.8
1494.35	18165.1
1495.41	18158.7
1496.47	18153.1
1497.53	18149.4
1498.59	18146.9
1499.65	18144.5
1500.71	18142.3
1501.77	18139.2
1502.83	18130.5
1503.88	18122
1504.94	18113.9
1506	18104.1
1507.06	18091.9
1508.12	18073.3
1509.18	18055.1
1510.23	18034.9
1511.29	18016.9
1512.35	17998.7
1513.41	17983.7
1514.47	17971.7
1515.52	17962.2
1516.58	17956.2
1517.64	17952.4
1518.69	17950.3
1519.75	17951.6
1520.81	17941.6
1521.86	17918
1522.92	17900.6
1523.97	17890.6
1525.03	17889.4
1526.08	17896.4
1527.14	17905.3
1528.2	17923.3
1529.25	17949.4
1530.31	17980.4
1531.36	17940.2
1532.42	17901.8
1533.47	17878.8
1534.52	17853.1
1535.58	17853.5
1536.63	17838.2
1537.69	17824.9
1538.74	17806
1539.79	17803
1540.84	17807.7
1541.9	17812.7
1542.95	17817.9
1544	17820.4
1545.06	17819.6
1546.11	17815.3
1547.16	17809.8
1548.21	17802.5
1549.27	17792.7
1550.32	17781.5
1551.37	17768.1
1552.42	17753.2
1553.47	17738.1
1554.52	17723.9
1555.57	17723
1556.62	17724.2
1557.67	17742.2
1558.72	17757.9
1559.77	17768.2
1560.82	17783.7
1561.87	17782.8
1562.92	17766.2
1563.97	17749
1565.02	17737.7
1566.07	17726.7
1567.12	17716.8
1568.17	17709.5
1569.22	17703.8
1570.27	17699.8
1571.32	17697.4
1572.36	17695.6
1573.41	17688.2
1574.46	17687.8
1575.51	17698.3
1576.56	17707.6
1577.6	17722
1578.65	17725
1579.7	17723.3
1580.74	17718.8
1581.79	17706.8
1582.84	17690.4
1583.88	17669
1584.93	17643.4
1585.98	17613.3
1587.02	17589.7
1588.07	17605
1589.11	17614.3
1590.16	17636
1591.2	17661.8
1592.25	17672.8
1593.29	17669.1
1594.34	17643.7
1595.38	17603
1596.43	17575.2
1597.47	17565.1
1598.52	17566.8
1599.56	17557.4
1600.6	17538.1
1601.65	17510.6
1602.69	17473.6
1603.73	17440.3
1604.78	17407.4
1605.82	17380.3
1606.86	17376
1607.91	17374.9
1608.95	17388.8
1609.99	17385.7
1611.03	17374.2
1612.08	17366.2
1613.12	17361.6
1614.16	17359.6
1615.2	17359.1
1616.24	17362
1617.28	17350.8
1618.32	17331.5
1619.36	17309.7
1620.41	17279.3
1621.45	17254.9
1622.49	17227.1
1623.53	17203.5
1624.57	17191.2
1625.61	17202.9
1626.65	17202.3
1627.69	17190.8
1628.73	17178.4
1629.76	17164.7
1630.8	17148.7
1631.84	17131
1632.88	17110.6
1633.92	17087.6
1634.96	17063.7
1636	17040.9
1637.03	17045.1
1638.07	17058.9
1639.11	17081.1
1640.15	17093.7
1641.19	17095.3
1642.22	17086.4
1643.26	17063
1644.3	17041.9
1645.33	17013.4
1646.37	16988.3
1647.41	16966.5
1648.44	16949.3
1649.48	16938.3
1650.52	16931.4
1651.55	16928
1652.59	16928.6
1653.62	16933
1654.66	16942.8
1655.69	16946.7
1656.73	16931.5
1657.76	16907.9
1658.8	16874.5
1659.83	16851.3
1660.87	16824.5
1661.9	16814.7
1662.93	16817.2
1663.97	16820.2
1665	16832.6
1666.04	16835.9
1667.07	16819.7
1668.1	16797.9
1669.14	16780.9
1670.17	16787.3
1671.2	16782.5
1672.23	16788.9
1673.27	16799.6
1674.3	16808.8
1675.33	16808.4
1676.36	16790.9
1677.39	16765.3
1678.43	16758.3
1679.46	16750.6
1680.49	16755.1
1681.52	16752.4
1682.55	16748.2
1683.58	16742.8
1684.61	16736.4
1685.64	16729.9
1686.67	16722
1687.7	16713.4
1688.73	16703.8
1689.76	16693.5
1690.79	16682.5
1691.82	16671.1
1692.85	16662.6
1693.88	16656.1
1694.91	16652.9
1695.94	16649.8
1696.97	16647
1698	16644.9
1699.02	16643.5
1700.05	16643.1
1701.08	16635.7
1702.11	16614.1
1703.14	16587
1704.16	16562
1705.19	16537.7
1706.22	16526.7
1707.25	16524.1
1708.27	16526.4
1709.3	16524.6
1710.33	16516.4
1711.35	16503.4
1712.38	16484.5
1713.41	16475.2
1714.43	16464.9
1715.46	16455.1
1716.48	16441.8
1717.51	16429.3
1718.53	16414.3
1719.56	16406.4
1720.58	16408.9
1721.61	16398.7
1722.63	16385.7
1723.66	16371.7
1724.68	16355
1725.71	16338.6
1726.73	16323.1
1727.75	16311.5
1728.78	16301
1729.8	16294.3
1730.83	16272.8
1731.85	16243.9
1732.87	16225
1733.89	16216.3
1734.92	16216.5
1735.94	16219.3
1736.96	16223.6
1737.98	16226.6
1739.01	16225.2
1740.03	16221.7
1741.05	16214.9
1742.07	16204.2
1743.09	16189.4
1744.12	16168.9
1745.14	16144.5
1746.16	16121.3
1747.18	16102
1748.2	16094.1
1749.22	16091
1750.24	16090.3
1751.26	16092.1
1752.28	16095.5
1753.3	16094.5
1754.32	16089.8
1755.34	16075
1756.36	16058.4
1757.38	16041.7
1758.4	16023.6
1759.42	16011.3
1760.44	16002.6
1761.45	15998.1
1762.47	15997.3
1763.49	15994.6
1764.51	15990.5
1765.53	15984.4
1766.55	15975.7
1767.56	15966.1
1768.58	15955.1
1769.6	15941.8
1770.61	15926.8
1771.63	15909.3
1772.65	15892.1
1773.67	15886.8
1774.68	15887.7
1775.7	15891.8
1776.72	15895.6
1777.73	15900.9
1778.75	15884.3
1779.76	15854.9
1780.78	15826.2
1781.79	15799.8
1782.81	15787.1
1783.83	15769.1
1784.84	15753
1785.85	15736.8
1786.87	15722.5
1787.88	15704.5
1788.9	15689
1789.91	15675
1790.93	15669.7
1791.94	15669
1792.95	15673.4
1793.97	15674.5
1794.98	15680.1
1796	15691.1
1797.01	15688.5
1798.02	15674.7
1799.03	15664.8
1800.05	15653
1801.06	15645.2
1802.07	15634.1
1803.08	15638.8
1804.1	15641.4
1805.11	15628.8
1806.12	15611.9
1807.13	15594.1
1808.14	15574.4
1809.15	15552.3
1810.17	15526.5
1811.18	15500.5
1812.19	15477.2
1813.2	15456.9
1814.21	15440.8
1815.22	15431
1816.23	15433.7
1817.24	15437.6
1818.25	15446
1819.26	15459.2
1820.27	15468
1821.28	15441.8
1822.29	15414.3
1823.3	15378.4
1824.3	15340.5
1825.31	15306.2
1826.32	15283.6
1827.33	15268.2
1828.34	15261.5
1829.35	15256.7
1830.35	15244.5
1831.36	15229.7
1832.37	15194
1833.38	15156.8
1834.38	15131.6
1835.39	15127.4
1836.4	15139.5
1837.41	15149.2
1838.41	15155.1
1839.42	15153.6
1840.43	15144
1841.43	15131
1842.44	15117.3
1843.44	15106.3
1844.45	15096.3
1845.46	15086.9
1846.46	15078.7
1847.47	15070.8
1848.47	15064.8
1849.48	15059.3
1850.48	15054.6
1851.49	15046.9
1852.49	15027.7
1853.49	14999.5
1854.5	14957.3
1855.5	14959.5
1856.51	14952.1
1857.51	14944.7
1858.51	14936.6
1859.52	14928.7
1860.52	14920.9
1861.52	14901.9
1862.53	14870.7
1863.53	14838.5
1864.53	14824.5
1865.54	14814.1
1866.54	14806.5
1867.54	14801.9
1868.54	14800
1869.54	14801.9
1870.55	14806.4
1871.55	14805.9
1872.55	14802.4
1873.55	14782.2
1874.55	14759.8
1875.55	14734.8
1876.55	14706
1877.55	14688
1878.55	14676.4
1879.55	14667.7
1880.56	14664.1
1881.55	14667.9
1882.56	14659.6
1883.55	14648.2
1884.55	14639.7
1885.55	14632.7
1886.55	14628.1
1887.55	14625.1
1888.55	14624.4
1889.55	14625.3
1890.55	14628.2
1891.55	14631.7
1892.55	14619.9
1893.54	14605.5
1894.54	14589.6
1895.54	14573.3
1896.54	14555.7
1897.54	14537.9
1898.53	14521.2
1899.53	14506.4
1900.53	14492.9
1901.52	14484.7
1902.52	14478.8
1903.52	14476.8
1904.51	14476.4
1905.51	14470.9
1906.51	14462.8
1907.5	14454.4
1908.5	14443.3
1909.49	14427.9
1910.49	14406.7
1911.49	14361.6
1912.48	14318.5
1913.48	14306.3
1914.47	14314
1915.46	14313.2
1916.46	14307.1
1917.45	14295.7
1918.45	14282.3
1919.44	14244.2
1920.44	14221.9
1921.43	14209.3
1922.43	14207.5
1923.42	14210.1
1924.41	14212.3
1925.41	14212
1926.4	14208.2
1927.39	14199.5
1928.38	14184.6
1929.38	14163.3
1930.37	14151.7
1931.36	14154.1
1932.35	14144.7
1933.35	14124.9
1934.34	14103.3
1935.33	14081.8
1936.32	14062
1937.31	14045.5
1938.3	14033.5
1939.29	14021
1940.29	14022
1941.28	14030
1942.27	14020.1
1943.26	14008.7
1944.25	13999.3
1945.24	13974.1
1946.23	13954.1
1947.22	13934.3
1948.21	13929.3
1949.2	13920.9
1950.19	13909.4
1951.18	13894.7
1952.17	13876.8
1953.16	13856
1954.14	13836.3
1955.13	13812.1
1956.12	13796.6
1957.11	13801.7
1958.1	13804.1
1959.09	13805.1
1960.07	13802.9
1961.06	13789.9
1962.05	13764.9
1963.04	13739.9
1964.02	13719
1965.01	13700.7
1966	13684.7
1966.99	13671.4
1967.97	13661.5
1968.96	13654.3
1969.95	13650.1
1970.93	13647.8
1971.92	13642.5
1972.9	13629.9
1973.89	13609.6
1974.88	13592
1975.86	13572.4
1976.85	13562.5
1977.83	13556.2
1978.82	13558.2
1979.8	13562
1980.79	13556.1
1981.77	13547.4
1982.76	13530.6
1983.74	13516.6
1984.72	13513.6
1985.71	13506.2
1986.69	13503.7
1987.67	13499.4
1988.66	13485
1989.64	13457.2
1990.62	13425.3
1991.61	13393.6
1992.59	13356.1
1993.57	13355.3
1994.56	13371.7
1995.54	13390.8
1996.52	13396.4
1997.5	13390
1998.49	13371.4
1999.47	13342.3
2000.45	13318
2001.43	13311.4
2002.41	13309.2
2003.39	13303.6
2004.38	13297.5
2005.36	13288.4
2006.34	13278
2007.32	13265.4
2008.3	13251.2
2009.28	13234.8
2010.26	13216.6
2011.24	13196.6
2012.22	13176.6
2013.2	13160.9
2014.18	13146.5
2015.16	13134.2
2016.14	13118.7
2017.12	13100.8
2018.1	13087.6
2019.07	13077.7
2020.05	13069.9
2021.03	13064.2
2022.01	13068.2
2022.99	13079.5
2023.97	13097.9
2024.95	13114.4
2025.92	13077.4
2026.9	13028
2027.88	13003.2
2028.86	12989.7
2029.83	12977.1
2030.81	12958.3
2031.79	12939.3
2032.76	12925.3
2033.74	12913.1
2034.72	12903.1
2035.69	12898.6
2036.67	12889.5
2037.65	12880.2
2038.62	12866.9
2039.6	12849.1
2040.57	12825.9
2041.55	12812.3
2042.52	12797.3
2043.5	12785.5
2044.47	12778.5
2045.45	12780.6
2046.42	12771.3
2047.4	12761.8
2048.37	12755.7
2049.35	12728.6
2050.32	12716.2
2051.29	12704
2052.27	12695
2053.24	12697.2
2054.21	12685.7
2055.19	12661
2056.16	12632.5
2057.13	12606
2058.11	12585.5
2059.08	12569
2060.05	12556
2061.02	12549.9
2062	12543
2062.97	12535.5
2063.94	12521.7
2064.91	12508.7
2065.89	12498.6
2066.86	12488.8
2067.83	12477.9
2068.8	12466.2
2069.77	12454.2
2070.74	12442.1
2071.71	12429.6
2072.68	12416.8
2073.65	12403.5
2074.62	12390.5
2075.59	12382.2
2076.56	12378.2
2077.53	12376.5
2078.5	12371.8
2079.47	12364.7
2080.44	12354.9
2081.41	12342.6
2082.38	12327.6
2083.35	12312.4
2084.32	12297.3
2085.29	12283.2
2086.26	12271.2
2087.23	12260.7
2088.19	12252.1
2089.16	12244.5
2090.13	12241.1
2091.1	12238.3
2092.07	12235.5
2093.03	12224.2
2094	12203.6
2094.97	12177.1
2095.94	12138.8
2096.9	12097.8
2097.87	12069.7
2098.84	12066.3
2099.8	12067.8
2100.77	12079.8
2101.74	12096.2
2102.7	12098
2103.67	12090.3
2104.63	12059.2
2105.6	12024.3
2106.56	11989.8
2107.53	11962.1
2108.49	11983.7
2109.46	11971.2
2110.42	11959.4
2111.39	11948.1
2112.35	11935.9
2113.32	11923.2
2114.28	11909.4
2115.25	11899.8
2116.21	11894.2
2117.17	11890.4
2118.14	11887.5
2119.1	11875.8
2120.07	11862.5
2121.03	11846.7
2121.99	11825.4
2122.96	11800.7
2123.92	11774.2
2124.88	11747.5
2125.84	11735.5
2126.81	11726.1
2127.77	11720.2
2128.73	11717.5
2129.69	11728.4
2130.65	11729.2
2131.62	11710.9
2132.58	11692.9
2133.54	11675.4
2134.5	11660.9
2135.46	11649.7
2136.42	11641.5
2137.38	11634.9
2138.34	11631.7
2139.3	11636.9
2140.26	11636
2141.22	11626
2142.18	11608.4
2143.14	11593.8
2144.1	11579.2
2145.06	11567.4
2146.02	11553.5
2146.98	11542.6
2147.94	11535.9
2148.9	11535.8
2149.86	11532.6
2150.82	11518.8
2151.78	11494.5
2152.74	11462.2
2153.69	11443.3
2154.65	11430.3
2155.61	11411.7
2156.57	11407
2157.53	11408.8
2158.48	11401.6
2159.44	11391.6
2160.4	11383.4
2161.36	11365.8
2162.31	11346.3
2163.27	11326.1
2164.23	11308.3
2165.18	11291
2166.14	11275.6
2167.1	11261.1
2168.05	11247.8
2169.01	11235.7
2169.96	11224.8
2170.92	11214.7
2171.88	11200.8
2172.83	11182.8
2173.79	11147.8
2174.74	11115.4
2175.7	11085.6
2176.65	11057.4
2177.6	11028.2
2178.56	11020.3
2179.51	11025.3
2180.47	11023.6
2181.42	11010.6
2182.38	11000
2183.33	10985.6
2184.28	10970.5
2185.24	10952
2186.19	10933
2187.14	10912.2
2188.1	10906.8
2189.05	10895.1
2190	10885
2190.96	10875.1
2191.91	10867.7
2192.86	10859.2
2193.81	10852
2194.76	10834.6
2195.72	10806.8
2196.67	10799.3
2197.62	10796.2
2198.57	10814.2
2199.52	10815.2
2200.47	10786.4
2201.43	10764.5
2202.38	10748
2203.33	10734.2
2204.28	10717.8
2205.23	10706
2206.18	10707.3
2207.13	10704.9
2208.08	10702.8
2209.03	10678.4
2209.98	10652.9
2210.93	10621.9
2211.88	10608
2212.83	10600.4
2213.78	10600.5
2214.73	10619.7
2215.67	10614.1
2216.62	10607.4
2217.57	10599.8
2218.52	10591.2
2219.47	10580.5
2220.42	10570
2221.37	10572.2
2222.31	10558.3
2223.26	10535
2224.21	10517.7
2225.16	10504.5
2226.1	10497
2227.05	10495.8
2228	10513.9
2228.94	10524.4
2229.89	10527.4
2230.84	10501.4
2231.78	10491.1
2232.73	10478.9
2233.68	10468.5
2234.62	10457.2
2235.57	10444.8
2236.51	10431.8
2237.46	10420.9
2238.41	10413.1
2239.35	10406.5
2240.3	10405.1
2241.24	10406.9
2242.19	10392.4
2243.13	10381.8
2244.07	10377.3
2245.02	10374.4
2245.96	10374.9
2246.91	10371.4
2247.85	10368.4
2248.8	10365.2
2249.74	10361.5
2250.68	10356.7
2251.63	10351.8
2252.57	10345.7
2253.51	10330
2254.46	10313
2255.4	10304.6
2256.34	10299.1
2257.28	10301.7
2258.23	10300.7
2259.17	10297.3
2260.11	10292.9
2261.05	10287.6
2262	10283.6
2262.94	10275.5
2263.88	10269.2
2264.82	10268.7
2265.76	10249.4
2266.7	10248.7
2267.64	10248.3
2268.58	10248
2269.53	10247.9
2270.47	10249.7
2271.41	10250.3
2272.35	10248.4
2273.29	10243.4
2274.23	10237.7
2275.17	10232.1
2276.11	10226.1
2277.05	10219.5
2277.99	10212
2278.93	10204.6
2279.86	10200.6
2280.8	10200.3
2281.74	10199.6
2282.68	10195.5
2283.62	10189.4
2284.56	10183.5
2285.5	10177.3
2286.44	10170.1
2287.37	10163.1
2288.31	10157
2289.25	10152.4
2290.19	10148.6
2291.12	10142.9
2292.06	10139
2293	10136.9
2293.94	10135.9
2294.87	10136.6
2295.81	10137.6
2296.75	10144.5
2297.68	10138.9
2298.62	10124.8
2299.55	10112
2300.49	10094.5
2301.43	10083.4
2302.36	10078.2
2303.3	10075.9
2304.23	10077.1
2305.17	10074.1
2306.1	10065.4
2307.04	10052.5
2307.98	10035.6
2308.91	10017.5
2309.84	10000.9
2310.78	10003.8
2311.71	10003.4
2312.65	9989.01
2313.58	9966.71
2314.52	9944.36
2315.45	9919.85
2316.38	9892.21
2317.32	9875.66
2317.72	9872.48
2318.66	9890.74
2319.6	9897.75
2320.54	9897.24
2321.48	9889.88
2322.41	9884.42
2323.35	9878.73
2324.29	9865.94
2325.23	9853.78
2326.16	9844.52
2327.1	9840.27
2328.04	9837.01
2328.97	9832.14
2329.91	9837.54
2330.85	9839.98
2331.78	9831.04
2332.72	9816.26
2333.66	9798.66
2334.59	9787.05
2335.53	9776.48
2336.46	9767.45
2337.4	9759.67
2338.33	9753.44
2339.27	9748.42
2340.2	9745.39
2341.14	9741.58
2342.07	9723.88
2343.01	9699.86
2343.94	9685.16
2344.88	9671.33
2345.81	9660.46
2346.75	9652.99
2347.68	9648.14
2348.61	9647.19
2349.55	9649
2350.48	9654.01
2351.41	9659.15
2352.35	9656.58
2353.28	9649.59
2354.21	9636.72
2355.15	9618
2356.08	9601.32
2357.01	9584.6
2357.94	9570.35
2358.88	9551.79
2359.81	9535.53
2360.74	9527.52
2361.67	9533.64
2362.6	9549.09
2363.54	9554
2364.47	9553.55
2365.4	9553.39
2366.33	9551.24
2367.26	9546.74
2368.19	9540.18
2369.12	9531.23
2370.05	9520.32
2370.98	9506.77
2371.91	9492.22
2372.84	9488.64
2373.77	9484.94
2374.7	9482.2
2375.63	9479.92
2376.56	9474.67
2377.49	9468.63
2378.42	9461.18
2379.35	9452.85
2380.28	9442.9
2381.21	9431.91
2382.14	9420.06
2383.07	9408.01
2384	9399.77
2384.92	9393.75
2385.85	9397.13
2386.78	9399.56
2387.71	9407.01
2388.64	9409.89
2389.56	9406.62
2390.49	9400.47
2391.42	9380.56
2392.35	9358.8
2393.27	9344.01
2394.2	9332.87
2395.13	9337.25
2396.05	9345.71
2396.98	9353.77
2397.91	9340.36
2398.83	9330.92
2399.76	9312.99
2400.69	9298.29
2401.61	9282.11
2402.54	9272.21
2403.46	9274.9
2404.39	9306.27
2405.31	9318.47
2406.24	9296.66
2407.17	9256.54
2408.09	9230.96
2409.01	9224.06
2409.94	9256.7
2410.86	9237.87
2411.79	9218.81
2412.71	9199.07
2413.64	9180.93
2414.56	9165.54
2415.49	9152.27
2416.41	9139.86
2417.33	9129.88
2418.26	9120.29
2419.18	9116.62
2420.1	9131.69
2421.03	9145.85
2421.95	9151.85
2422.87	9152.25
2423.79	9144.25
2424.72	9133.91
2425.64	9119.23
2426.56	9102.21
2427.48	9078.27
2428.41	9055.99
2429.33	9037.29
2430.25	9025.14
2431.17	9024.78
2432.09	9023.52
2433.01	9024.15
2433.93	9022.01
2434.86	9019.29
2435.78	8997.16
2436.7	8963.51
2437.62	8950.2
2438.54	8947.29
2439.46	8947.77
2440.38	8947.29
2441.3	8928.68
2442.22	8911.78
2443.14	8897.59
2444.06	8885.49
2444.98	8875.4
2445.9	8867.74
2446.82	8863.43
2447.73	8862.81
2448.65	8861.97
2449.57	8860.89
2450.49	8854.58
2451.41	8846.86
2452.33	8835.99
2453.25	8827.14
2454.17	8818.1
2455.08	8808.17
2456	8798.62
2456.92	8788.98
2457.84	8779.58
2458.75	8771.09
2459.67	8764.17
2460.59	8779.12
2461.51	8775.43
2462.42	8754.54
2463.34	8716.95
2464.26	8678.92
2465.17	8658.73
2466.09	8721.8
2467	8782.19
2467.92	8663.36
2468.84	8628.43
2469.75	8666.54
2470.67	8671.28
2471.58	8678.34
2472.5	8674.32
2473.42	8640.04
2474.33	8626.33
2475.25	8613.67
2476.16	8608.88
2477.08	8599.58
2477.99	8588.39
2478.9	8577.75
2479.82	8570.06
2480.73	8563.92
2481.65	8559.39
2482.56	8556.58
2483.47	8555.36
2484.39	8556.21
2485.3	8558.75
2486.22	8562.94
2487.13	8568.28
2488.04	8572.03
2488.96	8575
2489.87	8563.1
2490.78	8554.05
2491.69	8540.68
2492.61	8524.29
2493.52	8505.22
2494.43	8484.66
2495.34	8464.92
2496.25	8469.75
2497.17	8477.07
2498.08	8488.36
2498.99	8495.07
2499.9	8505
2500.81	8498.74
2501.72	8480.56
2502.63	8464.16
2503.55	8447.91
2504.46	8439.77
2505.37	8445.82
2506.28	8464.01
2507.19	8471.55
2508.1	8470.21
2509.01	8460.7
2509.92	8434.23
2510.83	8412.38
2511.74	8393.46
2512.65	8376.01
2513.56	8364.04
2514.47	8354.55
2515.37	8347.98
2516.28	8344.18
2517.19	8343.27
2518.1	8344.34
2519.01	8343.13
2519.92	8346.87
2520.83	8343.41
2521.73	8335.12
2522.64	8322.92
2523.55	8314.29
2524.46	8310.23
2525.37	8304.94
2526.27	8301.07
2527.18	8302.94
2528.09	8304.49
2529	8303.52
2529.9	8292.25
2530.81	8285.17
2531.72	8265.71
2532.62	8251.44
2533.53	8242.78
2534.44	8239.32
2535.34	8237.19
2536.25	8245.09
2537.15	8248.23
2538.06	8238.38
2538.96	8224.64
2539.87	8213.3
2540.78	8198.26
2541.68	8185.5
2542.59	8175.16
2543.49	8163.97
2544.4	8156.68
2545.3	8150.84
2546.21	8146.83
2547.11	8144.35
2548.01	8134.01
2548.92	8124.33
2549.82	8095.61
2550.73	8063.6
2551.63	8064.01
2552.53	8069.6
2553.44	8077.13
2554.34	8082.36
2555.24	8086.6
2556.15	8089.33
2557.05	8089.04
2557.95	8079.62
2558.86	8066.8
2559.76	8049.45
2560.66	8028.8
2561.56	8001.31
2562.46	7986.26
2563.37	7971.33
2564.27	7963.64
2565.17	7960.44
2566.07	7958.23
2566.97	7956.92
2567.88	7952.11
2568.78	7946.11
2569.68	7939.53
2570.58	7932.38
2571.48	7924.74
2572.38	7916.63
2573.28	7908.39
2574.18	7900.53
2575.08	7893.98
2575.98	7889
2576.88	7885.13
2577.78	7895.53
2578.68	7868.26
2579.58	7841.36
2580.48	7808.26
2581.38	7832.03
2582.28	7861
2583.18	7856.5
2584.08	7839.37
2584.98	7815.97
2585.88	7785.62
2586.77	7760.26
2587.67	7733.04
2588.57	7748.13
2589.47	7748.64
2590.37	7745.63
2591.27	7741.13
2592.16	7734.54
2593.06	7726.11
2593.96	7706.49
2594.86	7711.48
2595.75	7720.13
2596.65	7705
2597.55	7673.49
2598.45	7648.52
2599.34	7621.99
2600.24	7613.06
2601.13	7605.63
2602.03	7602.34
2602.93	7603.38
2603.82	7608.57
2604.72	7618.42
2605.62	7625.41
2606.51	7631.08
2607.41	7636.36
2608.3	7636.36
2609.2	7631.94
2610.09	7620.21
2610.99	7601.46
2611.88	7586.85
2612.78	7576.13
2613.67	7569.45
2614.57	7566.45
2615.46	7566.48
2616.36	7569.31
2617.25	7566.13
2618.14	7560.34
2619.04	7551.28
2619.93	7538.97
2620.83	7523.59
2621.72	7508.4
2622.61	7501.51
2623.5	7496.65
2624.4	7490.77
2625.29	7494.5
2626.18	7489.74
2627.08	7479.76
2627.97	7467.08
2628.86	7454.44
2629.75	7441.15
2630.65	7428.23
2631.54	7423.81
2632.43	7421.72
2633.32	7420.69
2634.21	7412.17
2635.11	7397.06
2636	7381.65
2636.89	7361.52
2637.78	7339.32
2638.67	7314.89
2639.56	7295.45
2640.45	7294
2641.34	7294.88
2642.23	7289.72
2643.12	7276.76
2644.01	7266.96
2644.9	7259.64
2645.79	7250.97
2646.68	7245.83
2647.57	7241.93
2648.46	7239.9
2649.35	7238.92
2650.24	7238.51
2651.13	7237.61
2652.02	7228.42
2652.91	7219.24
2653.8	7209.7
2654.69	7199.93
2655.58	7194.46
2656.46	7195.16
2657.35	7200.04
2658.24	7192.03
2659.13	7179.41
2660.02	7167.74
2660.9	7152.72
2661.79	7137.78
2662.68	7127.96
2663.57	7119.43
2664.45	7119.77
2665.34	7112.34
2666.23	7105.27
2667.11	7092.32
2668	7080.34
2668.89	7066.24
2669.77	7052.11
2670.66	7037.94
2671.55	7036.66
2672.43	7046.63
2673.32	7046.3
2674.21	7043.11
2675.09	7038.24
2675.98	7024.76
2676.86	7011.2
2677.75	6998.37
2678.63	6985.6
2679.52	6979.26
2680.4	6974.54
2681.29	6970.04
2682.17	6965.69
2683.06	6962.02
2683.94	6958.45
2684.82	6954.46
2685.71	6949.35
2686.59	6937.3
2687.48	6926.39
2688.36	6920.16
2689.24	6917.11
2690.13	6912.7
2691.01	6905.46
2691.89	6895.07
2692.78	6880.46
2693.66	6862.45
2694.54	6840.27
2695.43	6815.84
2696.31	6794.45
2697.19	6783.71
2698.07	6788.83
2698.96	6798.26
2699.84	6807.62
2700.72	6810.99
2701.6	6811.13
2702.48	6807.97
2703.36	6800.34
2704.25	6789.65
2705.13	6773.83
2706.01	6754.47
2706.89	6731.2
2707.77	6708.97
2708.65	6718.55
2709.53	6720.21
2710.41	6722.74
2711.29	6724.11
2712.17	6723.3
2713.05	6719.5
2713.93	6713.57
2714.81	6705.49
2715.69	6695.7
2716.57	6684.49
2717.45	6674.26
2718.33	6665.8
2719.21	6658.15
2720.09	6652.52
2720.97	6647.86
2721.85	6644.57
2722.73	6642.78
2723.61	6642.26
2724.48	6643.38
2725.36	6644.93
2726.24	6639.46
2727.12	6616.64
2728	6596.79
2728.88	6585.63
2729.75	6573.5
2730.63	6566.14
2731.51	6565.34
2732.39	6570.68
2733.26	6581.78
2734.14	6582.59
2735.02	6576.97
2735.89	6567.44
2736.77	6556.83
2737.65	6545.39
2738.52	6531.13
2739.4	6536.4
2740.28	6544.92
2741.15	6547.33
2742.03	6543.43
2742.9	6532.59
2743.78	6519.37
2744.65	6509.34
2745.53	6497.53
2746.41	6484.76
2747.28	6488.54
2748.16	6496.4
2749.03	6511.71
2749.91	6518.81
2750.78	6517.51
2751.66	6508.56
2752.53	6487.13
2753.4	6463.23
2754.28	6440.77
2755.15	6421.44
2756.02	6405.37
2756.9	6394.71
2757.77	6388.09
2758.65	6384.52
2759.52	6384.29
2760.39	6382.23
2761.27	6381.42
2762.14	6384.34
2763.01	6388.58
2763.88	6395.12
2764.76	6400.07
2765.63	6366.71
2766.5	6356.16
2767.37	6344.59
2768.25	6335.54
2769.12	6330.97
2769.99	6332.44
2770.86	6333.39
2771.73	6334.57
2772.61	6332.64
2773.48	6324.73
2774.35	6315.32
2775.22	6304.42
2776.09	6290.49
2776.96	6276.29
2777.83	6262.48
2778.7	6249.76
2779.57	6239.23
2780.44	6229.45
2781.31	6220.71
2782.18	6213.56
2783.05	6208.12
2783.92	6205.68
2784.79	6214.73
2785.66	6230.52
2786.53	6248.04
2787.4	6242.41
2788.27	6228.8
2789.14	6203.35
2790.01	6186.38
2790.88	6183.28
2791.75	6178.62
2792.62	6173.35
2793.48	6167.06
2794.35	6159.9
2795.22	6152.18
2796.09	6149.17
2796.96	6135.96
2797.82	6112.19
2798.69	6109.78
2799.56	6109.91
2800.43	6111.12
2801.29	6111.04
2802.16	6106.1
2803.03	6100.05
2803.9	6092.61
2804.76	6083.69
2805.63	6072.9
2806.5	6060.92
2807.36	6050.65
2808.23	6040.81
2809.09	6037.11
2809.96	6037.82
2810.83	6037.79
2811.69	6036.59
2812.56	6033.94
2813.42	6029.22
2814.29	6022.54
2815.15	6013.82
2816.02	6000.28
2816.88	5987.32
2817.75	5973.74
2818.61	5967.92
2819.48	5964.27
2820.34	5962.11
2821.21	5960.7
2822.07	5959.62
2822.94	5958.95
2823.8	5958.95
2824.66	5957.45
2825.53	5958.06
2826.39	5956.32
2827.26	5949.58
2828.12	5938.88
2828.98	5926.39
2829.85	5916.44
2830.71	5907.75
2831.57	5900.24
2832.43	5893.69
2833.3	5887.5
2834.16	5882.16
2835.02	5877.71
2835.88	5874.11
2836.75	5871.38
2837.61	5869.53
2838.47	5868.57
2839.33	5868.44
2840.19	5869.33
2841.06	5871.23
2841.92	5870.21
2842.78	5866.87
2843.64	5860.34
2844.5	5852.94
2845.36	5845.55
2846.22	5843.39
2847.08	5861.3
2847.94	5827.19
2848.81	5814.37
2849.67	5804.28
2850.53	5798.28
2851.39	5794.57
2852.25	5794.96
2853.11	5791.25
2853.97	5788.34
2854.82	5781.28
2855.68	5766.35
2856.54	5749.03
2857.4	5739.66
2858.26	5724.24
2859.12	5713.97
2859.98	5695.8
2860.84	5696.17
2861.7	5700.4
2862.56	5709.09
2863.41	5715.19
2864.27	5718.38
2865.13	5715.6
2865.99	5709.64
2866.85	5702.23
2867.7	5693.41
2868.56	5682.35
2869.42	5672.85
2870.28	5662.92
2871.13	5658.54
2871.99	5679.03
2872.85	5684.89
2873.7	5683.15
2874.56	5658.78
2875.42	5650.43
2876.27	5643.48
2877.13	5639.56
2877.99	5636.17
2878.84	5643.17
2879.7	5645.36
2880.56	5639.76
2881.41	5626.64
2882.27	5611.54
2883.12	5595.19
2883.98	5581.51
2884.83	5572.16
2885.69	5563.85
2886.54	5557.72
2887.4	5553.7
2888.25	5551.38
2889.11	5550.56
2889.96	5550.84
2890.82	5551.31
2891.67	5549.97
2892.52	5550.73
2893.38	5550.14
2894.23	5547.22
2895.09	5541.4
2895.94	5527
2896.79	5508.92
2897.65	5488.96
2898.5	5469.52
2899.35	5453.76
2900.21	5449.92
2901.06	5445.98
2901.91	5443.61
2902.76	5442.24
2903.62	5444.99
2904.47	5448.81
2905.32	5452.38
2906.17	5453.73
2907.03	5450.17
2907.88	5441.44
2908.73	5431.02
2909.58	5419.53
2910.43	5406.99
2911.28	5395
2912.14	5385.88
2912.99	5381.01
2913.84	5377.06
2914.69	5372.63
2915.54	5367.66
2916.39	5362.17
2917.24	5354.43
2918.09	5347.78
2918.94	5342.87
2919.79	5338.82
2920.64	5334.62
2921.49	5332.42
2922.34	5329.11
2923.19	5326.12
2924.04	5313.47
2924.89	5306.7
2925.74	5302.43
2926.59	5299.79
2927.44	5303.72
2928.29	5304.96
2929.14	5298.24
2929.98	5282.4
2930.83	5273.81
2931.68	5262.72
2932.53	5257.56
2933.38	5253.87
2934.23	5248.44
2935.07	5238.35
2935.92	5229.74
2936.77	5217.79
2937.62	5205.55
2938.47	5193.82
2939.31	5184.01
2940.16	5177.95
2941.01	5173.22
2941.85	5170.37
2942.7	5169.39
2943.55	5169.81
2944.39	5172.49
2945.24	5176.63
2946.09	5182.06
2946.93	5180.76
2947.78	5170.2
2948.63	5165.33
2949.47	5158.67
2950.32	5156.52
2951.16	5154.01
2952.01	5152.81
2952.85	5153.97
2953.7	5154.72
2954.55	5154.48
2955.39	5144.23
2956.24	5129.03
2957.08	5114.67
2957.92	5101.38
2958.77	5091.09
2959.61	5082.09
2960.46	5074.79
2961.3	5069
2962.15	5065.07
2962.99	5062.66
2963.83	5061.66
2964.68	5061.21
2965.52	5058.92
2966.37	5056.36
2967.21	5051.49
2968.05	5047.29
2968.9	5041.51
2969.74	5034.28
2970.58	5027.08
2971.42	5022.46
2972.27	5019.25
2973.11	5015.69
2973.95	5010.28
2974.79	5003.76
2975.64	4995.91
2976.48	4987.18
2977.32	4979.85
2978.16	4973.5
2979	4967.92
2979.85	4963.01
2980.69	4960.46
2981.53	4961.02
2982.37	4972.37
2983.21	4973.07
2984.05	4963.04
2984.89	4948.78
2985.73	4953.27
2986.57	4954.8
2987.41	4954.96
2988.25	4952.14
2989.1	4952.08
2989.94	4946.35
2990.77	4938.84
2991.62	4934.49
2992.45	4929.8
2993.29	4927.16
2994.13	4926.13
2994.97	4925.81
2995.81	4926.64
2996.65	4927.81
2997.49	4930.64
2998.33	4915.69
2999.17	4867.43
