200.833	20445.3
202.102	20488
203.371	20490
204.639	20502.3
205.907	20508.7
207.175	20509.7
208.442	20505.6
209.71	20502.2
210.977	20501.1
212.244	20504.1
213.511	20510.2
214.777	20533.5
216.042	20586.6
217.309	20632.6
218.575	20666.9
219.84	20699.6
221.106	20732.3
222.371	20766
223.635	20801.1
224.9	20836.8
226.165	20873.9
227.429	20911.6
228.694	20951.2
229.956	20989.8
231.22	21021
232.484	21050.2
233.747	21087.9
235.011	21124.6
236.272	21161.9
237.535	21196.4
238.798	21228.5
240.06	21257.5
241.321	21287.1
242.583	21313.5
243.845	21335.3
245.105	21345.8
246.367	21350.6
247.628	21370.7
248.888	21400.5
250.149	21439.1
251.409	21469.6
252.67	21490.8
253.928	21502.6
255.189	21516.3
256.447	21529.1
257.707	21541.6
258.966	21553.1
260.224	21564.5
261.483	21574.9
262.742	21585.2
263.999	21595.3
265.257	21606.4
266.514	21629.6
267.772	21666.6
269.028	21707.6
270.286	21748.4
271.543	21779.9
272.799	21808.1
274.056	21822.8
275.311	21833.7
276.568	21837.8
277.823	21837.2
279.079	21850.2
280.333	21882.2
281.589	21920.8
282.843	21956.8
284.099	21990.5
285.352	22019.3
286.607	22046.7
287.86	22071.8
289.114	22095.2
290.368	22117
291.621	22139.8
292.875	22170.4
294.127	22202.4
295.38	22227.2
296.632	22230.2
297.884	22230
299.137	22226
300.388	22222.7
301.641	22211.6
302.891	22197.6
304.142	22198.6
305.394	22224.8
306.644	22294.5
307.894	22357.4
309.146	22412.1
310.395	22454
311.645	22445.8
312.895	22438.2
314.144	22428.8
315.393	22419.4
316.642	22416.4
317.892	22414.3
319.14	22428.7
320.388	22463.3
321.637	22507.2
322.885	22515.2
324.132	22515.6
325.38	22508.4
326.628	22492.9
327.875	22525.9
329.122	22606.4
330.368	22650.8
331.614	22685.3
332.862	22734
334.108	22726.9
335.353	22706.4
336.599	22678.3
337.844	22642.3
339.089	22712.7
340.335	22723.7
341.58	22756.5
342.824	22778.2
344.068	22798.9
345.312	22825.1
346.556	22848.7
347.8	22865
349.043	22877.4
350.286	22885.7
351.53	22889.1
352.774	22887.6
354.016	22886
355.259	22880.9
356.501	22874.8
357.743	22870.9
358.985	22869.4
360.227	22873.1
361.468	22882.2
362.709	22897.2
363.95	22917.1
365.191	22942
366.432	22971.3
367.672	23005.9
368.912	23027.5
370.152	23021.2
371.392	23010.2
372.632	22998
373.871	22985.4
375.11	22972.6
376.348	22963.9
377.587	22961.6
378.825	22967.4
380.064	22980.2
381.302	22999.6
382.54	23027
383.778	23061.9
385.016	23104.3
386.253	23150.1
387.489	23184.7
388.726	23202.4
389.963	23219.8
391.199	23238.8
392.436	23254.6
393.672	23268.4
394.907	23279.8
396.142	23289.8
397.378	23303.2
398.614	23318.3
399.849	23329.9
401.082	23362.9
402.317	23379.9
403.552	23388.7
404.786	23395.7
406.019	23387.9
407.253	23397.6
408.487	23407.4
409.721	23417.6
410.953	23428.1
412.186	23439
413.419	23453.8
414.651	23465.4
415.883	23466
417.116	23460.2
418.347	23454.7
419.579	23451.7
420.811	23446.5
422.041	23524.3
423.272	23518.2
424.504	23494.2
425.733	23474.1
426.964	23455.2
428.194	23436.9
429.424	23431.8
430.654	23434
431.883	23449.3
433.113	23465.2
434.341	23485.3
435.571	23504.5
436.799	23528.9
438.028	23552.8
439.257	23576.2
440.484	23592.7
441.713	23556.8
442.94	23503
444.168	23541.4
445.394	23572.6
446.622	23606.6
447.848	23637.2
449.076	23660.1
450.301	23675.1
451.528	23673.4
452.754	23668.1
453.979	23654.3
455.205	23641.8
456.43	23657.5
457.656	23682.1
458.88	23704.2
460.106	23719
461.33	23727.2
462.554	23726.4
463.779	23716.1
465.002	23712.4
466.225	23719.6
467.45	23740.6
468.672	23782.7
469.895	23812.4
471.119	23833.8
472.341	23776.5
473.563	23763.7
474.786	23744.5
476.008	23724.6
477.229	23709.6
478.452	23698.2
479.673	23688.5
480.894	23679.7
482.115	23672.5
483.337	23667.1
484.557	23663.6
485.777	23661.6
486.997	23660.8
488.218	23660.8
489.438	23660
490.657	23657.3
491.876	23651.6
493.096	23645.5
494.315	23638.8
495.533	23628.6
496.752	23624
497.97	23628.1
499.188	23625.9
500.407	23623.1
501.625	23616.4
502.842	23604.8
504.059	23597.1
505.276	23589.1
506.493	23602.7
507.71	23618.9
508.926	23635.2
510.142	23648.9
511.358	23656.9
512.575	23665.1
513.791	23674.1
515.006	23682.8
516.222	23689.7
517.437	23701.3
518.651	23714.5
519.866	23732.9
521.081	23754
522.295	23777.8
523.509	23800.5
524.723	23801.5
525.937	23798.3
527.15	23804.6
528.363	23814.5
529.576	23830.4
530.789	23846.1
532.002	23860.1
533.215	23869.9
534.426	23879.3
535.638	23888.1
536.85	23896.2
538.061	23903.3
539.273	23909.7
540.484	23915.2
541.695	23919.8
542.906	23923
544.117	23911.3
545.327	23897.3
546.537	23882.1
547.747	23873.6
548.957	23868.7
550.167	23864.6
551.377	23861
552.585	23859.4
553.794	23859.4
555.003	23863.4
556.212	23880.2
557.421	23895.3
558.628	23915
559.836	23937.1
561.044	23947.8
562.252	23945.8
563.458	23943.2
564.666	23929.4
565.873	23900
567.08	23911
568.286	23919.8
569.493	23919.8
570.699	23907.6
571.904	23888.5
573.111	23880.7
574.317	23872.9
575.521	23874.4
576.727	23880.6
577.932	23890.1
579.136	23903.1
580.341	23918.9
581.544	23936.4
582.749	23943.7
583.954	23937.5
585.156	23931.9
586.361	23916.3
587.563	23920.5
588.767	23939.8
589.97	23946.5
591.172	23951.2
592.375	23952.2
593.577	23941.6
594.78	23927.6
595.981	23910.8
597.183	23893.9
598.384	23879.1
599.586	23866.9
600.786	23857.7
601.988	23850.9
603.188	23846.8
604.389	23844.8
605.589	23844.8
606.79	23846.2
607.989	23847.4
609.188	23848.3
610.389	23847.7
611.587	23846.3
612.787	23843.9
613.986	23840.1
615.184	23833.3
616.383	23824
617.581	23811.6
618.78	23795.3
619.977	23773.1
621.174	23748.3
622.373	23724.4
623.57	23700.7
624.766	23679.4
625.964	23670.4
627.16	23676.6
628.356	23678.5
629.554	23684.9
630.749	23672.2
631.945	23653.6
633.14	23628.8
634.337	23597.3
635.532	23564.1
636.726	23522.1
637.921	23494.9
639.117	23481.4
640.311	23482.1
641.505	23502.6
642.699	23521.3
643.892	23544.9
645.087	23569.8
646.28	23588.3
647.473	23588.7
648.666	23584.1
649.859	23574
651.051	23565.8
652.245	23563.4
653.437	23566.6
654.629	23580.5
655.821	23595.7
657.012	23614
658.204	23631.7
659.395	23631.5
660.586	23629.8
661.777	23627.5
662.967	23623.2
664.158	23618.2
665.349	23608.8
666.539	23614
667.729	23575.9
668.919	23563.7
670.109	23565.6
671.298	23583.3
672.487	23621.5
673.676	23664.9
674.865	23675.5
676.053	23678.9
677.242	23678.1
678.43	23673.5
679.616	23657.8
680.804	23658.6
681.992	23654
683.179	23666.7
684.366	23674.6
685.554	23681.7
686.74	23663.3
687.927	23643.2
689.114	23624.6
690.3	23610.8
691.486	23594
692.671	23579.7
693.856	23566.6
695.042	23555.4
696.227	23545.8
697.413	23539.1
698.598	23534.5
699.781	23527.6
700.966	23517.6
702.15	23510.6
703.334	23496.7
704.518	23469.8
705.701	23445.5
706.885	23425.4
708.068	23408.5
709.252	23398.6
710.433	23407.2
711.616	23434.9
712.799	23457.9
713.98	23479.7
715.163	23478.1
716.345	23470
717.527	23448.4
718.707	23426.5
719.889	23402.8
721.071	23383
722.25	23373.5
723.432	23370.2
724.611	23371.3
725.792	23376.4
726.972	23386.7
728.151	23399.3
729.332	23414.7
730.512	23430.2
731.69	23445.9
732.87	23462.3
734.048	23477.9
735.227	23490.8
736.405	23501
737.584	23505.6
738.761	23504.6
739.94	23497.9
741.117	23480.6
742.295	23456.2
743.471	23433.4
744.649	23444.5
745.825	23473.1
747.003	23490.6
748.179	23508.8
749.356	23521.7
750.531	23531
751.708	23534.4
752.883	23532.8
754.059	23526
755.234	23515.3
756.409	23496.5
757.585	23501.4
758.759	23510.6
759.934	23518.5
761.108	23515.4
762.282	23504.2
763.456	23488.5
764.63	23468.5
765.803	23445.3
766.977	23420.8
768.15	23394.2
769.323	23373.3
770.496	23350.9
771.668	23329.2
772.841	23313.3
774.014	23303
775.185	23310.7
776.357	23326.4
777.528	23319.6
778.701	23311.4
779.872	23271.8
781.042	23217.9
782.213	23177.9
783.383	23149
784.555	23146.4
785.725	23133.5
786.895	23143.9
788.064	23138.4
789.234	23135
790.404	23136.3
791.573	23121.4
792.742	23112.4
793.911	23114.4
795.08	23124.5
796.248	23135.1
797.416	23131.2
798.584	23126.4
799.753	23121.3
800.921	23115.3
802.088	23108.5
803.256	23100
804.423	23091.9
805.59	23085.1
806.756	23079.5
807.923	23074.9
809.089	23071.4
810.256	23069.5
811.422	23069.9
812.587	23072.5
813.753	23081.7
814.918	23083.4
816.084	23076.1
817.249	23066.2
818.414	23052.1
819.578	23046.3
820.743	23048.1
821.907	23057.8
823.072	23074.9
824.236	23096.3
825.399	23116.7
826.562	23133.8
827.725	23123.6
828.889	23096
830.052	23073.5
831.215	23063.6
832.377	23056.7
833.54	23074.6
834.701	23101.2
835.863	23139.7
837.025	23191
838.187	23211.9
839.349	23202.2
840.51	23185.5
841.67	23165.2
842.831	23143.8
843.992	23130.6
845.153	23122.3
846.312	23115.7
847.473	23108.7
848.633	23101.3
849.793	23093.1
850.951	23085.3
852.111	23078.2
853.27	23071.1
854.428	23064.3
855.588	23056.8
856.747	23033.8
857.904	23006.4
859.063	22978.4
860.221	22955.4
861.378	22932.8
862.536	22911.9
863.694	22892.4
864.85	22874.1
866.008	22857.4
867.164	22842.2
868.321	22828.7
869.478	22816.6
870.633	22806.1
871.79	22797.3
872.945	22789.6
874.101	22782.8
875.256	22774.2
876.412	22763.6
877.566	22749.9
878.722	22708.8
879.876	22656
881.031	22619.4
882.185	22594.5
883.34	22606.5
884.493	22591.6
885.647	22576.6
886.8	22558.7
887.954	22557.6
889.107	22556
890.261	22568.9
891.413	22595.8
892.565	22613
893.718	22624.2
894.87	22626.9
896.023	22628.3
897.174	22622.5
898.326	22613.7
899.478	22601.8
900.629	22587.3
901.779	22575.7
902.931	22562.4
904.081	22545.9
905.231	22536.6
906.383	22558.3
907.532	22605.7
908.682	22630.9
909.831	22625.7
910.982	22615.8
912.131	22607.2
913.28	22604.4
914.429	22600.6
915.578	22603.6
916.727	22614.4
917.875	22627.4
919.023	22640.7
920.171	22654.5
921.32	22666.5
922.467	22670.9
923.614	22637.7
924.761	22622.9
925.908	22594.5
927.055	22556.8
928.203	22543.6
929.349	22553.2
930.496	22589
931.642	22638
932.787	22670.2
933.933	22684.3
935.079	22645.5
936.224	22615.1
937.369	22565.1
938.514	22525.2
939.659	22494.2
940.804	22481.9
941.948	22528.2
943.092	22530.5
944.236	22525.5
945.38	22515.8
946.524	22501.5
947.667	22481.7
948.811	22473
949.954	22453.6
951.097	22448.5
952.24	22462.6
953.383	22461.2
954.525	22444.5
955.667	22410.6
956.81	22356.4
957.952	22306.5
959.093	22262.7
960.235	22276.6
961.376	22281.1
962.516	22301.5
963.658	22332.2
964.798	22358.3
965.939	22380.3
967.08	22376.7
968.22	22348.2
969.359	22324.1
970.499	22302.3
971.639	22284.4
972.779	22258.2
973.918	22261.8
975.056	22275
976.195	22290.1
977.334	22286.4
978.473	22225.4
979.61	22200
980.749	22179
981.887	22164.3
983.024	22158.2
984.162	22159.3
985.3	22170
986.437	22188.4
987.573	22214.4
988.711	22236.7
989.848	22243.6
990.983	22240.9
992.12	22232.9
993.255	22217.6
994.392	22221.6
995.528	22227.9
996.662	22241.5
997.798	22248.8
998.933	22249.3
1000.07	22244.5
1001.2	22239.4
1002.34	22226.9
1003.47	22212.1
1004.61	22193.8
1005.74	22185.6
1006.87	22191.8
1008.01	22194.4
1009.14	22199.2
1010.27	22203.8
1011.41	22199.3
1012.54	22187.6
1013.67	22171.3
1014.81	22158.8
1015.94	22156.1
1017.07	22153.9
1018.2	22152.4
1019.33	22153
1020.47	22150
1021.6	22131.4
1022.73	22108.2
1023.86	22099.1
1024.99	22098.8
1026.12	22111.7
1027.25	22116.6
1028.38	22114.3
1029.51	22097.1
1030.64	22088.8
1031.77	22048.6
1032.9	21992.9
1034.03	21956.1
1035.16	21929.5
1036.29	21920.4
1037.42	21933.4
1038.55	22077.7
1039.67	21883.7
1040.8	21812.1
1041.93	21792.4
1043.06	21814.5
1044.19	21862.2
1045.31	21858.2
1046.44	21840
1047.57	21826
1048.69	21821.6
1049.82	21816.7
1050.95	21800.3
1052.08	21776.5
1053.2	21753.3
1054.33	21721.2
1055.45	21682.5
1056.58	21669.6
1057.7	21659.4
1058.83	21656.2
1059.95	21663.6
1061.08	21671.3
1062.2	21668.4
1063.33	21660.1
1064.45	21639.4
1065.58	21629
1066.7	21612.3
1067.83	21618.9
1068.95	21625.5
1070.07	21614.6
1071.2	21590
1072.32	21568.1
1073.44	21552
1074.56	21540.9
1075.69	21536
1076.81	21535.9
1077.93	21561.3
1079.05	21613.8
1080.17	21665.7
1081.3	21681.6
1082.42	21664.9
1083.54	21595.1
1084.66	21456.1
1085.78	21710.9
1086.9	21653.9
1088.02	21617.3
1089.14	21587.4
1090.26	21558.9
1091.38	21549.7
1092.5	21549.7
1093.62	21558.7
1094.74	21574.8
1095.86	21593.1
1096.98	21611.9
1098.1	21616.5
1099.22	21615.6
1100.34	21611.3
1101.45	21602.9
1102.57	21596.9
1103.69	21590.2
1104.81	21579.8
1105.93	21566.2
1107.04	21549.5
1108.16	21526.2
1109.28	21501.7
1110.4	21477
1111.51	21457.5
1112.63	21437
1113.75	21422
1114.86	21420.5
1115.98	21425.9
1117.09	21437.4
1118.21	21448.8
1119.32	21436
1120.44	21407
1121.55	21356.2
1122.67	21319.4
1123.78	21287.8
1124.9	21254.1
1126.01	21232.1
1127.13	21224.9
1128.24	21225
1129.35	21222
1130.47	21221.4
1131.58	21205.4
1132.7	21171
1133.81	21136.7
1134.92	21108.9
1136.03	21075.5
1137.15	21048.6
1138.26	21022.9
1139.37	21001.2
1140.48	20984.4
1141.59	20968.5
1142.71	20950.9
1143.82	20933.5
1144.93	20914.5
1146.04	20896
1147.15	20876.7
1148.26	20857.4
1149.37	20838.4
1150.48	20820.2
1151.59	20805.9
1152.7	20793.6
1153.81	20788.7
1154.92	20785.3
1156.03	20788
1157.14	20784.6
1158.25	20777.9
1159.36	20761.9
1160.47	20738.1
1161.58	20733.1
1162.68	20730.1
1163.79	20750.3
1164.9	20771.1
1166.01	20784.1
1167.12	20782.2
1168.22	20768.9
1169.33	20760.5
1170.44	20750.8
1171.55	20740.4
1172.65	20730.7
1173.76	20721.6
1174.87	20713.5
1175.97	20707
1177.08	20703.4
1178.18	20714.2
1179.29	20736.7
1180.4	20756.1
1181.5	20764.6
1182.61	20767.7
1183.71	20770.2
1184.82	20771
1185.92	20769.3
1187.02	20805.5
1188.13	20768.4
1189.23	20765.8
1190.34	20764.5
1191.44	20762.5
1192.54	20759.8
1193.65	20756.6
1194.75	20754.3
1195.85	20753.9
1196.96	20755.2
1198.06	20758.4
1199.16	20763.7
1200.26	20770.6
1201.37	20779.5
1202.47	20787.7
1203.57	20790
1204.67	20779.8
1205.77	20765.4
1206.87	20746.6
1207.97	20724.1
1209.08	20700.3
1210.18	20686.1
1211.28	20673.9
1212.38	20672.6
1213.48	20672
1214.58	20678.1
1215.68	20681
1216.78	20680.7
1217.88	20677.4
1218.98	20671.1
1220.07	20661
1221.17	20647.2
1222.27	20629.7
1223.37	20607.9
1224.47	20589
1225.57	20572.5
1226.66	20566.6
1227.76	20560.5
1228.86	20555.3
1229.96	20551.4
1231.06	20550.2
1232.15	20550.2
1233.25	20537.7
1234.35	20504.5
1235.44	20465.7
1236.54	20430
1237.63	20403.4
1238.73	20379.8
1239.83	20360.7
1240.92	20347.4
1242.02	20338.6
1243.11	20334.8
1244.21	20332.9
1245.3	20318.4
1246.4	20305.8
1247.49	20296.6
1248.59	20291.5
1249.68	20288.9
1250.78	20286.9
1251.87	20287
1252.96	20288.9
1254.06	20291.3
1255.15	20293
1256.24	20294.2
1257.34	20294.5
1258.43	20294.6
1259.52	20294.1
1260.62	20292.3
1261.71	20289.3
1262.8	20279.3
1263.89	20266.1
1264.98	20245.5
1266.08	20218.7
1267.17	20198.1
1268.26	20183.2
1269.35	20197.3
1270.44	20215.1
1271.53	20226.8
1272.62	20236.1
1273.71	20243.4
1274.8	20248.9
1275.89	20252.8
1276.98	20254.9
1278.07	20255.2
1279.16	20253.6
1280.25	20250
1281.34	20244.2
1282.43	20234.8
1283.52	20228.4
1284.61	20248
1285.69	20262.5
1286.78	20269.7
1287.87	20270.7
1288.96	20266.9
1290.05	20258.5
1291.13	20241.8
1292.22	20221.2
1293.31	20195.5
1294.4	20170.5
1295.48	20191.6
1296.57	20240.1
1297.66	20366.2
1298.74	20288
1299.83	20212.3
1300.92	20233.8
1302	20239.4
1303.09	20244.9
1304.17	20243.4
1305.26	20240.8
1306.34	20237.3
1307.43	20231.6
1308.51	20221.3
1309.6	20207.9
1310.68	20193
1311.76	20185.2
1312.85	20191.1
1313.93	20185.4
1315.02	20177.2
1316.1	20166.1
1317.18	20151.2
1318.27	20130.5
1319.35	20107.3
1320.43	20083.5
1321.52	20065.9
1322.6	20052.5
1323.68	20062
1324.76	20070.2
1325.85	20074.8
1326.93	20073.5
1328.01	20065.5
1329.09	20057.8
1330.17	20050.5
1331.25	20039.8
1332.33	20033.2
1333.41	20025.1
1334.49	20017.5
1335.58	20007.8
1336.65	19996.1
1337.74	19980.2
1338.82	19947.9
1339.89	19928
1340.97	19920.1
1342.05	19919.7
1343.13	19922.2
1344.21	19917
1345.29	19910.1
1346.37	19900.2
1347.45	19888.5
1348.53	19880.9
1349.6	19873.9
1350.68	19867.4
1351.76	19861.8
1352.84	19856.8
1353.92	19853.1
1354.99	19850.5
1356.07	19849.9
1357.15	19854
1358.22	19855.1
1359.3	19854.2
1360.38	19849.5
1361.45	19837
1362.53	19832.9
1363.61	19831
1364.68	19834.1
1365.76	19838.8
1366.83	19843.8
1367.91	19848.8
1368.98	19853.5
1370.06	19857.6
1371.13	19855.1
1372.21	19811.8
1373.28	19788.5
1374.35	19776
1375.43	19776
1376.5	19786
1377.58	19792.6
1378.65	19795.8
1379.72	19795.5
1380.8	19789
1381.87	19776.6
1382.94	19764.4
1384.01	19755.2
1385.09	19749.5
1386.16	19745
1387.23	19741.1
1388.3	19737.4
1389.38	19734.5
1390.45	19731.5
1391.52	19726.5
1392.59	19720
1393.66	19711.6
1393.92	19707.8
1395	19699.7
1396.07	19692.4
1397.15	19685.2
1398.22	19677.5
1399.3	19669.2
1400.38	19660.2
1401.45	19650.7
1402.53	19640.5
1403.6	19629.6
1404.68	19617.6
1405.75	19604.5
1406.82	19590.4
1407.9	19578.5
1408.97	19582.4
1410.05	19609.5
1411.12	19636.1
1412.19	19634.1
1413.27	19626.4
1414.34	19612.6
1415.41	19592.6
1416.49	19566.9
1417.56	19533.6
1418.63	19519.6
1419.7	19518
1420.78	19531.9
1421.85	19570.6
1422.92	19569.3
1423.99	19553.1
1425.06	19523.1
1426.14	19477.6
1427.21	19455.7
1428.28	19446.2
1429.35	19472.5
1430.42	19473.2
1431.49	19466.3
1432.56	19452.8
1433.63	19435.8
1434.7	19403.8
1435.77	19374.3
1436.84	19349.8
1437.91	19348.7
1438.98	19364.7
1440.05	19387.9
1441.12	19391.1
1442.18	19381.4
1443.25	19365.1
1444.32	19361
1445.39	19354.5
1446.46	19351.8
1447.53	19354.4
1448.59	19361.6
1449.66	19361.9
1450.73	19359.4
1451.8	19344.6
1452.86	19333.1
1453.93	19325.9
1455	19318.6
1456.06	19310.9
1457.13	19305.5
1458.2	19301.3
1459.26	19300.8
1460.33	19296.1
1461.39	19264.5
1462.46	19241.6
1463.52	19230.9
1464.59	19216.7
1465.65	19276.9
1466.72	19276.3
1467.78	19259.7
1468.85	19248.3
1469.91	19236.1
1470.98	19224.4
1472.04	19210.7
1473.1	19215.9
1474.17	19223.4
1475.23	19251.9
1476.3	19287.1
1477.36	19302.3
1478.42	19227.2
1479.48	19201.2
1480.55	19174.7
1481.61	19182.4
1482.67	19166.4
1483.73	19151.3
1484.8	19136.8
1485.86	19123.1
1486.92	19127
1487.98	19136.4
1489.04	19146.3
1490.1	19158.2
1491.17	19171.7
1492.23	19158.3
1493.29	19137.7
1494.35	19122.4
1495.41	19109.6
1496.47	19098.6
1497.53	19091.1
1498.59	19086.3
1499.65	19083.2
1500.71	19081.5
1501.77	19080.1
1502.83	19075.8
1503.88	19062.8
1504.94	19050.4
1506	19026.5
1507.06	19007.4
1508.12	18990.3
1509.18	18981.4
1510.23	18995.5
1511.29	18986.4
1512.35	18975
1513.41	18957
1514.47	18934.1
1515.52	18904.6
1516.58	18876.6
1517.64	18850.1
1518.69	18848.5
1519.75	18852.3
1520.81	18857.3
1521.86	18861.4
1522.92	18872.8
1523.97	18870.5
1525.03	18852.4
1526.08	18814
1527.14	18777.9
1528.2	18758
1529.25	18753.4
1530.31	18769.6
1531.36	18778.5
1532.42	18785.2
1533.47	18795.4
1534.52	18801.1
1535.58	18781.2
1536.63	18767.8
1537.69	18755.5
1538.74	18745.2
1539.79	18734.1
1540.84	18712.5
1541.9	18704.4
1542.95	18708.3
1544	18713.6
1545.06	18715.7
1546.11	18718
1547.16	18719.4
1548.21	18718.8
1549.27	18717.1
1550.32	18714
1551.37	18709.7
1552.42	18704.3
1553.47	18697.9
1554.52	18690.5
1555.57	18682
1556.62	18672.6
1557.67	18662.8
1558.72	18655.1
1559.77	18648.2
1560.82	18643.9
1561.87	18643.8
1562.92	18642.4
1563.97	18642
1565.02	18638.6
1566.07	18636.9
1567.12	18634.2
1568.17	18627.5
1569.22	18614.9
1570.27	18593.2
1571.32	18564.1
1572.36	18548.9
1573.41	18648.6
1574.46	18637.5
1575.51	18629.6
1576.56	18633
1577.6	18632.3
1578.65	18627.3
1579.7	18620.4
1580.74	18611.3
1581.79	18599.7
1582.84	18589
1583.88	18577.8
1584.93	18566.2
1585.98	18554.7
1587.02	18543
1588.07	18531
1589.11	18518.7
1590.16	18506.3
1591.2	18493.5
1592.25	18479.8
1593.29	18464.9
1594.34	18449.7
1595.38	18439.3
1596.43	18430.3
1597.47	18423.4
1598.52	18415.2
1599.56	18406.6
1600.6	18398.3
1601.65	18390.3
1602.69	18381.6
1603.73	18371.8
1604.78	18360.9
1605.82	18346.5
1606.86	18331.4
1607.91	18312.7
1608.95	18292.2
1609.99	18272.5
1611.03	18259.6
1612.08	18250.1
1613.12	18243.1
1614.16	18236.1
1615.2	18225.4
1616.24	18209
1617.28	18178.9
1618.32	18153.8
1619.36	18131.5
1620.41	18113.2
1621.45	18098.7
1622.49	18090.4
1623.53	18082.5
1624.57	18075
1625.61	18066.9
1626.65	18057.6
1627.69	18047.8
1628.73	18037.6
1629.76	18026.8
1630.8	18015.4
1631.84	18003.3
1632.88	17990.4
1633.92	17976.7
1634.96	17962.3
1636	17948.9
1637.03	17936.5
1638.07	17925.1
1639.11	17920.5
1640.15	17909.5
1641.19	17899.1
1642.22	17889.4
1643.26	17880.6
1644.3	17871.8
1645.33	17862.8
1646.37	17855.1
1647.41	17845.9
1648.44	17837.5
1649.48	17827.5
1650.52	17813.9
1651.55	17799.9
1652.59	17786
1653.62	17772.4
1654.66	17759.2
1655.69	17747.1
1656.73	17739.5
1657.76	17735.6
1658.8	17732.5
1659.83	17730.3
1660.87	17724.9
1661.9	17720.9
1662.93	17711.9
1663.97	17700.4
1665	17686.9
1666.04	17671.2
1667.07	17654.1
1668.1	17630.9
1669.14	17616.4
1670.17	17655.9
1671.2	17678
1672.23	17672.8
1673.27	17665.3
1674.3	17656.4
1675.33	17645.3
1676.36	17639
1677.39	17632.8
1678.43	17626
1679.46	17618.9
1680.49	17611.2
1681.52	17599.9
1682.55	17585.9
1683.58	17570.1
1684.61	17557.5
1685.64	17545.8
1686.67	17537.4
1687.7	17531.8
1688.73	17526.2
1689.76	17523.1
1690.79	17520.9
1691.82	17519.3
1692.85	17518
1693.88	17518.2
1694.91	17518.8
1695.94	17519.5
1696.97	17518.4
1698	17508.5
1699.02	17489.1
1700.05	17455.4
1701.08	17431.1
1702.11	17416.5
1703.14	17411.3
1704.16	17418.6
1705.19	17433.6
1706.22	17425
1707.25	17412.5
1708.27	17388
1709.3	17358.4
1710.33	17325
1711.35	17306.2
1712.38	17292.6
1713.41	17288
1714.43	17295.8
1715.46	17297.7
1716.48	17275.6
1717.51	17259
1718.53	17242
1719.56	17217.4
1720.58	17195.9
1721.61	17179.1
1722.63	17164.4
1723.66	17149.3
1724.68	17149.7
1725.71	17161.1
1726.73	17166.3
1727.75	17164.5
1728.78	17154.3
1729.8	17118.8
1730.83	17085.7
1731.85	17067.4
1732.87	17053
1733.89	17044.4
1734.92	17034.2
1735.94	17025.5
1736.96	17020.3
1737.98	17015.8
1739.01	17013.3
1740.03	17011.7
1741.05	17009.9
1742.07	17006.4
1743.09	16988.9
1744.12	16973.7
1745.14	16955.2
1746.16	16934.2
1747.18	16912.6
1748.2	16893.4
1749.22	16875.7
1750.24	16863.8
1751.26	16854.3
1752.28	16863.1
1753.3	16868
1754.32	16875
1755.34	16874.4
1756.36	16863.5
1757.38	16842
1758.4	16810.8
1759.42	16789.4
1760.44	16770.6
1761.45	16752
1762.47	16746.7
1763.49	16744.2
1764.51	16745.4
1765.53	16750.1
1766.55	16757.7
1767.56	16765.3
1768.58	16751.4
1769.6	16736.9
1770.61	16721.4
1771.63	16704.5
1772.65	16687.3
1773.67	16666.6
1774.68	16653.9
1775.7	16651.3
1776.72	16657.9
1777.73	16671.8
1778.75	16665.4
1779.76	16652.8
1780.78	16630
1781.79	16600.3
1782.81	16568.4
1783.83	16530.9
1784.84	16511.7
1785.85	16510.6
1786.87	16516.1
1787.88	16512.6
1788.9	16506.7
1789.91	16501
1790.93	16495.4
1791.94	16490
1792.95	16485.4
1793.97	16482.1
1794.98	16480.7
1796	16480.9
1797.01	16485.7
1798.02	16454.8
1799.03	16417.9
1800.05	16342.8
1801.06	16315.1
1802.07	16283.9
1803.08	16365.5
1804.1	16365.6
1805.11	16351.3
1806.12	16333.9
1807.13	16322.9
1808.14	16298.6
1809.15	16257.1
1810.17	16209.2
1811.18	16186.2
1812.19	16165.3
1813.2	16187.2
1814.21	16188.1
1815.22	16188.8
1816.23	16186.8
1817.24	16183.3
1818.25	16172.5
1819.26	16159.9
1820.27	16145.6
1821.28	16129.9
1822.29	16114.4
1823.3	16099.8
1824.3	16088.2
1825.31	16076.4
1826.32	16064.1
1827.33	16050.1
1828.34	16034.9
1829.35	16019.3
1830.35	15996
1831.36	15971.2
1832.37	15931.9
1833.38	15900.9
1834.38	15877.4
1835.39	15865
1836.4	15876.4
1837.41	15885.6
1838.41	15895.3
1839.42	15899.3
1840.43	15898.4
1841.43	15894.4
1842.44	15890.7
1843.44	15885.4
1844.45	15882.7
1845.46	15870
1846.46	15832.7
1847.47	15805.8
1848.47	15788.1
1849.48	15780
1850.48	15780.6
1851.49	15762.6
1852.49	15744.8
1853.49	15727.3
1854.5	15709.8
1855.5	15690.7
1856.51	15672.7
1857.51	15662.3
1858.51	15671.5
1859.52	15695.4
1860.52	15694.6
1861.52	15666.9
1862.53	15589.1
1863.53	15547.8
1864.53	15576.7
1865.54	15594.9
1866.54	15602.3
1867.54	15605.9
1868.54	15602.5
1869.54	15585.6
1870.55	15553.5
1871.55	15522.9
1872.55	15491.2
1873.55	15469.5
1874.55	15464.8
1875.55	15453.9
1876.55	15443.2
1877.55	15432.6
1878.55	15422.5
1879.55	15413
1880.56	15404.3
1881.55	15396.9
1882.56	15389.8
1883.55	15383
1884.55	15376.2
1885.55	15368.4
1886.55	15360
1887.55	15350.9
1888.55	15341.8
1889.55	15332.8
1890.55	15326.3
1891.55	15320.2
1892.55	15309.8
1893.54	15292.9
1894.54	15277.7
1895.54	15261.5
1896.54	15250.7
1897.54	15242.1
1898.53	15212.6
1899.53	15162.4
1900.53	15143.3
1901.52	15128.7
1902.52	15124.4
1903.52	15124.6
1904.51	15130.4
1905.51	15128.2
1906.51	15121.8
1907.5	15100.4
1908.5	15072
1909.49	15050.4
1910.49	15032.1
1911.49	15015.3
1912.48	15002.4
1913.48	14993.7
1914.47	14987.7
1915.46	14984.1
1916.46	14983.1
1917.45	14981.9
1918.45	14967.4
1919.44	14946
1920.44	14923.9
1921.43	14902.7
1922.43	14881.8
1923.42	14868.9
1924.41	14859
1925.41	14851.8
1926.4	14848
1927.39	14846.9
1928.38	14849.4
1929.38	14845.2
1930.37	14823.3
1931.36	14800.4
1932.35	14771.8
1933.35	14750.9
1934.34	14734.3
1935.33	14722.1
1936.32	14724.3
1937.31	14723.4
1938.3	14718.5
1939.29	14710.2
1940.29	14698.7
1941.28	14685.6
1942.27	14670.9
1943.26	14654.6
1944.25	14637
1945.24	14617.2
1946.23	14595.9
1947.22	14572.5
1948.21	14548.2
1949.2	14528.2
1950.19	14511.7
1951.18	14515.3
1952.17	14523.9
1953.16	14525.4
1954.14	14514.9
1955.13	14493.4
1956.12	14466.7
1957.11	14432.7
1958.1	14410.2
1959.09	14395.8
1960.07	14387.1
1961.06	14389.3
1962.05	14392.5
1963.04	14394
1964.02	14387.1
1965.01	14378.4
1966	14366.4
1966.99	14350.8
1967.97	14331.8
1968.96	14309.8
1969.95	14284.5
1970.93	14260.8
1971.92	14256.9
1972.9	14262.1
1973.89	14276.5
1974.88	14279
1975.86	14290.8
1976.85	14225.4
1977.83	14162.5
1978.82	14180.5
1979.8	14188.5
1980.79	14202.2
1981.77	14211.9
1982.76	14185.8
1983.74	14168.4
1984.72	14125.5
1985.71	14111.4
1986.69	14113.9
1987.67	14136.8
1988.66	14110.7
1989.64	14103.8
1990.62	14095.5
1991.61	14086
1992.59	14074.5
1993.57	14061.6
1994.56	14043.1
1995.54	14024.6
1996.52	14001.4
1997.5	13978.9
1998.49	13957.6
1999.47	13939.2
2000.45	13925.8
2001.43	13913.6
2002.41	13904
2003.39	13896.6
2004.38	13891.8
2005.36	13887.3
2006.34	13874.2
2007.32	13857.8
2008.3	13847
2009.28	13836.1
2010.26	13826.4
2011.24	13817.9
2012.22	13810.5
2013.2	13805.5
2014.18	13801.7
2015.16	13799.9
2016.14	13797.2
2017.12	13786.6
2018.1	13775.2
2019.07	13762.2
2020.05	13747.3
2021.03	13731.1
2022.01	13713.2
2022.99	13694.6
2023.97	13679.6
2024.95	13669.8
2025.92	13663.9
2026.9	13666.2
2027.88	13683.2
2028.86	13701.7
2029.83	13589.1
2030.81	13532.8
2031.79	13543.5
2032.76	13547.2
2033.74	13548.6
2034.72	13554.1
2035.69	13558.4
2036.67	13558.5
2037.65	13545.1
2038.62	13519.7
2039.6	13488.2
2040.57	13453.2
2041.55	13429.5
2042.52	13429.2
2043.5	13418.4
2044.47	13423.4
2045.45	13422.5
2046.42	13418.9
2047.4	13404.2
2048.37	13378.6
2049.35	13346.9
2050.32	13327.9
2051.29	13311.8
2052.27	13290.7
2053.24	13271.2
2054.21	13251.4
2055.19	13230.3
2056.16	13209.6
2057.13	13191
2058.11	13171.8
2059.08	13162.2
2060.05	13163.1
2061.02	13158.7
2062	13150.5
2062.97	13140.5
2063.94	13129.3
2064.91	13116.5
2065.89	13101.5
2066.86	13084.2
2067.83	13065.4
2068.8	13054.5
2069.77	13059.3
2070.74	13060.4
2071.71	13058.4
2072.68	13053.3
2073.65	13045.6
2074.62	13035.5
2075.59	13021.3
2076.56	13004.3
2077.53	12984.1
2078.5	12961.5
2079.47	12941.2
2080.44	12923.1
2081.41	12909.8
2082.38	12895
2083.35	12880.6
2084.32	12866.9
2085.29	12852.6
2086.26	12837.3
2087.23	12821.1
2088.19	12804
2089.16	12786.1
2090.13	12767.4
2091.1	12749.2
2092.07	12732.5
2093.03	12717.6
2094	12705.6
2094.97	12695.8
2095.94	12690.8
2096.9	12689.8
2097.87	12692.9
2098.84	12694
2099.8	12672
2100.77	12651.9
2101.74	12633.9
2102.7	12617.9
2103.67	12604.2
2104.63	12592.5
2105.6	12590.3
2106.56	12582.1
2107.53	12571.9
2108.49	12557.4
2109.46	12543.8
2110.42	12530.5
2111.39	12516.5
2112.35	12500.9
2113.32	12483
2114.28	12457.8
2115.25	12412.3
2116.21	12397.2
2117.17	12446.3
2118.14	12446.9
2119.1	12441.6
2120.07	12430.2
2121.03	12415
2121.99	12398.7
2122.96	12374.7
2123.92	12354.5
2124.88	12333.2
2125.84	12316.6
2126.81	12304.6
2127.77	12293.4
2128.73	12283
2129.69	12273
2130.65	12262.7
2131.62	12252.2
2132.58	12238.1
2133.54	12224
2134.5	12209.3
2135.46	12195.1
2136.42	12188.4
2137.38	12192.4
2138.34	12191.6
2139.3	12189.7
2140.26	12177.9
2141.22	12165.8
2142.18	12152.2
2143.14	12137.6
2144.1	12121.7
2145.06	12105.3
2146.02	12088.6
2146.98	12072.3
2147.94	12057.1
2148.9	12043.2
2149.86	12031.3
2150.82	12022.1
2151.78	12018.4
2152.74	12014.8
2153.69	12011.2
2154.65	12008.4
2155.61	11998.8
2156.57	11987.1
2157.53	11972.8
2158.48	11954.9
2159.44	11922.7
2160.4	11891.8
2161.36	11863.3
2162.31	11845.8
2163.27	11828.3
2164.23	11817.3
2165.18	11813
2166.14	11813.8
2167.1	11809.9
2168.05	11793.5
2169.01	11776.5
2169.96	11758.4
2170.92	11738.3
2171.88	11716.7
2172.83	11691.7
2173.79	11665.1
2174.74	11638.7
2175.7	11613.1
2176.65	11590.8
2177.6	11569.3
2178.56	11549.5
2179.51	11531.6
2180.47	11515.3
2181.42	11501.3
2182.38	11488.9
2183.33	11479.2
2184.28	11471.3
2185.24	11464.9
2186.19	11459.5
2187.14	11452.2
2188.1	11442
2189.05	11410.2
2190	11386.5
2190.96	11360.4
2191.91	11350.8
2192.86	11344.1
2193.81	11337.4
2194.76	11332.9
2195.72	11327.7
2196.67	11320.6
2197.62	11312.5
2198.57	11302.9
2199.52	11292.1
2200.47	11280.1
2201.43	11266.4
2202.38	11250.2
2203.33	11230.3
2204.28	11211.6
2205.23	11195.3
2206.18	11193.6
2207.13	11186.1
2208.08	11186.8
2209.03	11184.3
2209.98	11170.1
2210.93	11152.9
2211.88	11139.5
2212.83	11124.4
2213.78	11119.9
2214.73	11122.3
2215.67	11123.2
2216.62	11120.9
2217.57	11117.7
2218.52	11102.9
2219.47	11081.6
2220.42	11052.8
2221.37	11016.4
2222.31	10990.6
2223.26	10979.5
2224.21	10997.8
2225.16	10992.5
2226.1	10981.2
2227.05	10974.9
2228	10970.3
2228.94	10962.3
2229.89	10938.6
2230.84	10945.1
2231.78	10953.8
2232.73	10959
2233.68	10953.6
2234.62	10943.3
2235.57	10927.6
2236.51	10907
2237.46	10897.4
2238.41	10891.7
2239.35	10892.1
2240.3	10887.1
2241.24	10880.4
2242.19	10874.2
2243.13	10865.1
2244.07	10857.1
2245.02	10847.6
2245.96	10839.9
2246.91	10834.3
2247.85	10825.9
2248.8	10817.9
2249.74	10809.8
2250.68	10803.6
2251.63	10799.9
2252.57	10798.2
2253.51	10796.2
2254.46	10795.6
2255.4	10795.5
2256.34	10791.3
2257.28	10783.7
2258.23	10774
2259.17	10763.1
2260.11	10751.5
2261.05	10742
2262	10740.4
2262.94	10740.6
2263.88	10743.5
2264.82	10741.8
2265.76	10729.6
2266.7	10718.8
2267.64	10709.5
2268.58	10699.9
2269.53	10704.5
2270.47	10721.2
2271.41	10737.5
2272.35	10734.2
2273.29	10722.1
2274.23	10700.5
2275.17	10675.9
2276.11	10657.8
2277.05	10642.8
2277.99	10636.5
2278.93	10646
2279.86	10651.6
2280.8	10655.6
2281.74	10657.6
2282.68	10652.3
2283.62	10646.1
2284.56	10637.8
2285.5	10629.7
2286.44	10622.5
2287.37	10615.6
2288.31	10608.9
2289.25	10602.5
2290.19	10597.3
2291.12	10590.6
2292.06	10588.1
2293	10591.8
2293.94	10603.7
2294.87	10613.3
2295.81	10618.1
2296.75	10608.8
2297.68	10592.9
2298.62	10573.4
2299.55	10546
2300.49	10519
2301.43	10503.3
2302.36	10497.5
2303.3	10504.5
2304.23	10514.8
2305.17	10524.9
2306.1	10530.2
2307.04	10519.2
2307.98	10506.9
2308.91	10498.5
2309.84	10490.6
2310.78	10481.6
2311.71	10470.6
2312.65	10457.5
2313.58	10441.5
2314.52	10423.7
2315.45	10404.5
2316.38	10383.5
2317.32	10358.1
2317.72	10347.1
2318.66	10324.1
2319.6	10308.6
2320.54	10296.8
2321.48	10293.2
2322.41	10292.4
2323.35	10296.7
2324.29	10303.4
2325.23	10310.8
2326.16	10315.5
2327.1	10311.3
2328.04	10302.8
2328.97	10281.5
2329.91	10252.9
2330.85	10232.1
2331.78	10225.3
2332.72	10221.4
2333.66	10224.4
2334.59	10227.3
2335.53	10233.3
2336.46	10242.9
2337.4	10227.6
2338.33	10200.5
2339.27	10157.8
2340.2	10155.1
2341.14	10157.9
2342.07	10150.9
2343.01	10142.7
2343.94	10134.9
2344.88	10124.4
2345.81	10113.2
2346.75	10099.4
2347.68	10084.4
2348.61	10070
2349.55	10056
2350.48	10055
2351.41	10057.9
2352.35	10069
2353.28	10085.6
2354.21	10059.4
2355.15	10028.1
2356.08	10006.5
2357.01	9997.59
2357.94	9994.26
2358.88	9989.82
2359.81	9985.71
2360.74	9980.79
2361.67	9974.08
2362.6	9967.34
2363.54	9960.62
2364.47	9953.94
2365.4	9947.17
2366.33	9940.39
2367.26	9933.44
2368.19	9926.17
2369.12	9918.97
2370.05	9909.1
2370.98	9897.38
2371.91	9883.46
2372.84	9876.6
2373.77	9876.36
2374.7	9879.2
2375.63	9883.06
2376.56	9887.9
2377.49	9884.38
2378.42	9880.72
2379.35	9875.98
2380.28	9871.44
2381.21	9867.1
2382.14	9861.91
2383.07	9855.56
2384	9847.71
2384.92	9839.53
2385.85	9827.08
2386.78	9812.54
2387.71	9796.43
2388.64	9779.42
2389.56	9764.94
2390.49	9754.56
2391.42	9757.91
2392.35	9769.28
2393.27	9777.25
2394.2	9782.33
2395.13	9783.41
2396.05	9781.6
2396.98	9782.71
2397.91	9774.8
2398.83	9754.7
2399.76	9720.87
2400.69	9694.97
2401.61	9681.68
2402.54	9666.03
2403.46	9663.38
2404.39	9659.87
2405.31	9656.47
2406.24	9652.07
2407.17	9646.02
2408.09	9637.82
2409.01	9621.16
2409.94	9617.37
2410.86	9617.44
2411.79	9619.71
2412.71	9621.76
2413.64	9616.39
2414.56	9610.53
2415.49	9602.18
2416.41	9592.5
2417.33	9582.43
2418.26	9571.84
2419.18	9558.54
2420.1	9544.77
2421.03	9529.95
2421.95	9516.25
2422.87	9503.89
2423.79	9494.74
2424.72	9491.72
2425.64	9490.13
2426.56	9480.69
2427.48	9466.21
2428.41	9445.75
2429.33	9420.66
2430.25	9401.26
2431.17	9399.09
2432.09	9395.51
2433.01	9392.58
2433.93	9388.13
2434.86	9381.87
2435.78	9373.41
2436.7	9361.12
2437.62	9346.12
2438.54	9324.75
2439.46	9303.48
2440.38	9291.96
2441.3	9285.68
2442.22	9283.15
2443.14	9285.87
2444.06	9287.37
2444.98	9289.03
2445.9	9278.53
2446.82	9263.47
2447.73	9244.19
2448.65	9231.42
2449.57	9217.7
2450.49	9205.39
2451.41	9192.85
2452.33	9182.41
2453.25	9173.26
2454.17	9170.92
2455.08	9179.02
2456	9177.2
2456.92	9174.37
2457.84	9168.4
2458.75	9158.91
2459.67	9145.19
2460.59	9126.11
2461.51	9124.66
2462.42	9130.57
2463.34	9135.48
2464.26	9132.81
2465.17	9117.48
2466.09	9102.63
2467	9084.38
2467.92	9071.37
2468.84	9059.45
2469.75	9050.27
2470.67	9044.24
2471.58	9040.49
2472.5	9038.4
2473.42	9036.76
2474.33	9030.53
2475.25	9019.21
2476.16	9003.75
2477.08	8984.7
2477.99	8960.5
2478.9	8937.14
2479.82	8936.55
2480.73	8941.8
2481.65	8943.11
2482.56	8941.51
2483.47	8936.84
2484.39	8932.9
2485.3	8933
2486.22	8934.21
2487.13	8935.56
2488.04	8936.74
2488.96	8932.84
2489.87	8926.9
2490.78	8919.29
2491.69	8909.94
2492.61	8899.33
2493.52	8883.65
2494.43	8874.17
2495.34	8870.74
2496.25	8864.75
2497.17	8858.13
2498.08	8851.25
2498.99	8844.99
2499.9	8838.4
2500.81	8831.48
2501.72	8823.97
2502.63	8816.11
2503.55	8807.61
2504.46	8797.39
2505.37	8786.77
2506.28	8777.46
2507.19	8770.13
2508.1	8764.96
2509.01	8761.38
2509.92	8759.36
2510.83	8758.8
2511.74	8759.77
2512.65	8761.23
2513.56	8759.31
2514.47	8751.03
2515.37	8744.68
2516.28	8741.13
2517.19	8741.61
2518.1	8740.62
2519.01	8738.03
2519.92	8733.73
2520.83	8727.8
2521.73	8718.66
2522.64	8697.17
2523.55	8672.77
2524.46	8662.59
2525.37	8657.22
2526.27	8651.51
2527.18	8656.97
2528.09	8661.85
2529	8660.12
2529.9	8653
2530.81	8639.6
2531.72	8622.38
2532.62	8603.83
2533.53	8602.95
2534.44	8605.83
2535.34	8601.63
2536.25	8599.33
2537.15	8582.36
2538.06	8560.1
2538.96	8538.17
2539.87	8516.9
2540.78	8496.26
2541.68	8490.65
2542.59	8495.14
2543.49	8493.88
2544.4	8501.58
2545.3	8505.79
2546.21	8508.38
2547.11	8506.21
2548.01	8500.32
2548.92	8491.71
2549.82	8483.61
2550.73	8475.04
2551.63	8464.98
2552.53	8454.07
2553.44	8442.71
2554.34	8431.08
2555.24	8419.24
2556.15	8408.1
2557.05	8398.41
2557.95	8390.57
2558.86	8383.99
2559.76	8378.29
2560.66	8372.3
2561.56	8365.35
2562.46	8356.39
2563.37	8342.61
2564.27	8324.97
2565.17	8305.37
2566.07	8287.47
2566.97	8275.58
2567.88	8271.58
2568.78	8268.58
2569.68	8267.56
2570.58	8269.97
2571.48	8273.1
2572.38	8283.12
2573.28	8273.97
2574.18	8243.99
2575.08	8219.46
2575.98	8204.69
2576.88	8195.45
2577.78	8189.4
2578.68	8187.41
2579.58	8177.44
2580.48	8167.17
2581.38	8157.13
2582.28	8147.9
2583.18	8139.69
2584.08	8132.49
2584.98	8127.35
2585.88	8123.35
2586.77	8120.44
2587.67	8117.74
2588.57	8108.9
2589.47	8085.34
2590.37	8066.88
2591.27	8049.66
2592.16	8033.46
2593.06	8025.46
2593.96	8017.19
2594.86	8020.96
2595.75	8036.74
2596.65	8063.11
2597.55	8060.21
2598.45	8028.73
2599.34	8012.69
2600.24	7999.57
2601.13	7986.89
2602.03	7975.85
2602.93	7983.19
2603.82	7978.58
2604.72	7968.64
2605.62	7958.02
2606.51	7947.37
2607.41	7935.94
2608.3	7924.29
2609.2	7921.36
2610.09	7917.67
2610.99	7913.93
2611.88	7908.23
2612.78	7898.96
2613.67	7881.56
2614.57	7871.12
2615.46	7860.94
2616.36	7856.07
2617.25	7849.69
2618.14	7844.07
2619.04	7839.79
2619.93	7836.13
2620.83	7833.55
2621.72	7831.53
2622.61	7829.9
2623.5	7828.22
2624.4	7814.77
2625.29	7805.56
2626.18	7791.09
2627.08	7783
2627.97	7786.72
2628.86	7785.23
2629.75	7784.32
2630.65	7775.35
2631.54	7762.76
2632.43	7747.52
2633.32	7732.35
2634.21	7720.99
2635.11	7708.18
2636	7702.07
2636.89	7689.55
2637.78	7677.51
2638.67	7660.07
2639.56	7646.56
2640.45	7635.09
2641.34	7624.53
2642.23	7615.32
2643.12	7608.21
2644.01	7602.32
2644.9	7598.74
2645.79	7594.22
2646.68	7585.97
2647.57	7574.77
2648.46	7565.21
2649.35	7556.7
2650.24	7546.51
2651.13	7536.82
2652.02	7526.92
2652.91	7517.34
2653.8	7508.72
2654.69	7502.14
2655.58	7502.61
2656.46	7502.01
2657.35	7502.74
2658.24	7500.51
2659.13	7485
2660.02	7468.64
2660.9	7445.84
2661.79	7438.3
2662.68	7427.98
2663.57	7426.25
2664.45	7424.54
2665.34	7415.92
2666.23	7409.02
2667.11	7400.58
2668	7388.51
2668.89	7376.96
2669.77	7366.49
2670.66	7358.05
2671.55	7353.43
2672.43	7350.22
2673.32	7348.82
2674.21	7349.1
2675.09	7351.77
2675.98	7354.88
2676.86	7347.55
2677.75	7337.56
2678.63	7321.3
2679.52	7310.29
2680.4	7299.7
2681.29	7288.9
2682.17	7278.07
2683.06	7266.79
2683.94	7255.4
2684.82	7242.41
2685.71	7224.4
2686.59	7208.78
2687.48	7196.26
2688.36	7197.94
2689.24	7193.16
2690.13	7182.24
2691.01	7164.55
2691.89	7136.72
2692.78	7114.6
2693.66	7097.82
2694.54	7085.47
2695.43	7081.34
2696.31	7084.67
2697.19	7086.64
2698.07	7095.81
2698.96	7103.83
2699.84	7109.54
2700.72	7107.56
2701.6	7102.69
2702.48	7093.82
2703.36	7080.6
2704.25	7063.59
2705.13	7041.61
2706.01	7018.74
2706.89	7007.63
2707.77	7016.49
2708.65	7028.02
2709.53	7017.13
2710.41	7010.63
2711.29	7006.94
2712.17	7006.12
2713.05	7007.48
2713.93	7010.99
2714.81	7016.23
2715.69	7020.41
2716.57	7013.28
2717.45	6999.19
2718.33	6980.91
2719.21	6963.94
2720.09	6948.98
2720.97	6936.06
2721.85	6925
2722.73	6916.24
2723.61	6910.17
2724.48	6907.49
2725.36	6912.41
2726.24	6918.46
2727.12	6911.75
2728	6900.68
2728.88	6892.16
2729.75	6881.99
2730.63	6876.63
2731.51	6869.51
2732.39	6863.58
2733.26	6853.91
2734.14	6844.01
2735.02	6833.6
2735.89	6823.19
2736.77	6812.91
2737.65	6802.63
2738.52	6792.71
2739.4	6783.36
2740.28	6775.91
2741.15	6774.39
2742.03	6777.54
2742.9	6786.82
2743.78	6808.66
2744.65	6808.57
2745.53	6796.09
2746.41	6777.35
2747.28	6751.71
2748.16	6726.11
2749.03	6708.79
2749.91	6730.8
2750.78	6734.33
2751.66	6735.89
2752.53	6738.01
2753.4	6720.04
2754.28	6710.91
2755.15	6704.24
2756.02	6692.67
2756.9	6683.02
2757.77	6674.02
2758.65	6662.26
2759.52	6653.79
2760.39	6647.86
2761.27	6659.18
2762.14	6667
2763.01	6672.35
2763.88	6674.63
2764.76	6651.68
2765.63	6642.24
2766.5	6633.62
2767.37	6624.71
2768.25	6617.13
2769.12	6609.86
2769.99	6602.69
2770.86	6595.15
2771.73	6587.29
2772.61	6579.1
2773.48	6570.31
2774.35	6561.18
2775.22	6551.55
2776.09	6541.33
2776.96	6533.7
2777.83	6528.15
2778.7	6525.55
2779.57	6522.92
2780.44	6520.9
2781.31	6519.24
2782.18	6517.92
2783.05	6516.96
2783.92	6516.52
2784.79	6513.91
2785.66	6501.58
2786.53	6484.61
2787.4	6466.33
2788.27	6442.29
2789.14	6431.23
2790.01	6425.58
2790.88	6425.39
2791.75	6431.27
2792.62	6438.49
2793.48	6445.31
2794.35	6454.89
2795.22	6453.1
2796.09	6441.29
2796.96	6430.2
2797.82	6420.74
2798.69	6411.31
2799.56	6399.83
2800.43	6388.23
2801.29	6377.14
2802.16	6366.05
2803.03	6355.35
2803.9	6345.01
2804.76	6336.57
2805.63	6331.23
2806.5	6328.19
2807.36	6324.79
2808.23	6319.17
2809.09	6311.71
2809.96	6305.8
2810.83	6299.03
2811.69	6294.36
2812.56	6289.71
2813.42	6287.85
2814.29	6283.73
2815.15	6278.41
2816.02	6268.25
2816.88	6250.19
2817.75	6238.94
2818.61	6231.99
2819.48	6229.66
2820.34	6229.35
2821.21	6233.53
2822.07	6239.03
2822.94	6244.12
2823.8	6231.29
2824.66	6216.66
2825.53	6202.24
2826.39	6187.93
2827.26	6177.3
2828.12	6168.11
2828.98	6161.47
2829.85	6157.67
2830.71	6156.46
2831.57	6157.25
2832.43	6158.53
2833.3	6161.84
2834.16	6152.8
2835.02	6144.77
2835.88	6136.54
2836.75	6127.92
2837.61	6119.04
2838.47	6115.87
2839.33	6111.23
2840.19	6105.26
2841.06	6102.2
2841.92	6095.67
2842.78	6079.33
2843.64	6067.32
2844.5	6056.81
2845.36	6049.83
2846.22	6050.47
2847.08	6064.66
2847.94	6077.15
2848.81	6089.26
2849.67	6090.31
2850.53	6088.45
2851.39	6072.75
2852.25	6053.26
2853.11	6029.05
2853.97	6011.41
2854.82	6003.38
2855.68	6003.17
2856.54	6000.69
2857.4	6002.96
2858.26	6002.86
2859.12	6002.76
2859.98	6002.74
2860.84	6000.22
2861.7	5996.15
2862.56	5991.3
2863.41	5985.68
2864.27	5979.32
2865.13	5972.23
2865.99	5965.7
2866.85	5959.84
2867.7	5954.68
2868.56	5949.51
2869.42	5943.99
2870.28	5938.01
2871.13	5931.69
2871.99	5924.84
2872.85	5917.9
2873.7	5910.91
2874.56	5904.79
2875.42	5898.81
2876.27	5892.69
2877.13	5885.73
2877.99	5877.62
2878.84	5865.41
2879.7	5855.2
2880.56	5844.12
2881.41	5837.14
2882.27	5830.77
2883.12	5830.54
2883.98	5831.28
2884.83	5835.18
2885.69	5835.71
2886.54	5833.78
2887.4	5828.61
2888.25	5821.25
2889.11	5811.57
2889.96	5800.68
2890.82	5787.04
2891.67	5780.39
2892.52	5775.11
2893.38	5782.43
2894.23	5783.39
2895.09	5785.82
2895.94	5781.02
2896.79	5771.12
2897.65	5754.41
2898.5	5726.64
2899.35	5700.04
2900.21	5683.51
2901.06	5673.26
2901.91	5673.17
2902.76	5673.22
2903.62	5677.35
2904.47	5675.98
2905.32	5671.48
2906.17	5663.09
2907.03	5652.88
2907.88	5645.46
2908.73	5639.57
2909.58	5634.27
2910.43	5631.81
2911.28	5629.72
2912.14	5630.11
2912.99	5631.1
2913.84	5631.55
2914.69	5630.27
2915.54	5619.92
2916.39	5611.25
2917.24	5603.74
2918.09	5593.21
2918.94	5580.28
2919.79	5565.72
2920.64	5550.63
2921.49	5531.93
2922.34	5520.58
2923.19	5523.87
2924.04	5520.8
2924.89	5517.01
2925.74	5514.81
2926.59	5510.3
2927.44	5505.12
2928.29	5498.29
2929.14	5490.51
2929.98	5481.79
2930.83	5473.36
2931.68	5467.58
2932.53	5462.4
2933.38	5458.12
2934.23	5455.96
2935.07	5457.02
2935.92	5460.46
2936.77	5465.56
2937.62	5471.27
2938.47	5475.52
2939.31	5479.11
2940.16	5480.61
2941.01	5465.26
2941.85	5445.18
2942.7	5429.72
2943.55	5414.33
2944.39	5396.55
2945.24	5382.57
2946.09	5372.44
2946.93	5366.81
2947.78	5370.21
2948.63	5374.61
2949.47	5377.03
2950.32	5378.36
2951.16	5373.52
2952.01	5367.96
2952.85	5358.94
2953.7	5347.6
2954.55	5334.57
2955.39	5322.85
2956.24	5324.04
2957.08	5323.57
2957.92	5320.38
2958.77	5317.8
2959.61	5317.69
2960.46	5318.37
2961.3	5309.54
2962.15	5294.27
2962.99	5279.06
2963.83	5271.88
2964.68	5271.03
2965.52	5266.02
2966.37	5266.59
2967.21	5264.71
2968.05	5257.36
2968.9	5245.53
2969.74	5234.29
2970.58	5227.03
2971.42	5220.44
2972.27	5218.11
2973.11	5215.97
2973.95	5216.22
2974.79	5217.85
2975.64	5220.11
2976.48	5221.22
2977.32	5221.07
2978.16	5220.06
2979	5217.49
2979.85	5214.91
2980.69	5211.49
2981.53	5206.43
2982.37	5198.55
2983.21	5184.12
2984.05	5168.71
2984.89	5156.28
2985.73	5147.41
2986.57	5144.26
2987.41	5153.14
2988.25	5160.18
2989.1	5157.22
2989.94	5144.25
2990.77	5130.61
2991.62	5121.9
2992.45	5111.9
2993.29	5100.7
2994.13	5102.41
2994.97	5107.08
2995.81	5134.5
2996.65	5141.6
2997.49	5128.71
2998.33	5070.75
2999.17	5096.64
