200.833	17641.4
202.102	17661.5
203.371	17674.4
204.639	17690
205.907	17697.9
207.175	17704.9
208.442	17701.1
209.71	17696.4
210.977	17692.1
212.244	17692.1
213.511	17699.1
214.777	17724.9
216.042	17754.1
217.309	17790.9
218.575	17828.1
219.84	17858.6
221.106	17885.9
222.371	17911.3
223.635	17936.8
224.9	17967.5
226.165	18003
227.429	18034
228.694	18082
229.956	18127.6
231.22	18169.7
232.484	18208.6
233.747	18234.7
235.011	18269.5
236.272	18319.7
237.535	18373.4
238.798	18414.8
240.06	18449.3
241.321	18474.5
242.583	18492.2
243.845	18501.5
245.105	18504.1
246.367	18499.4
247.628	18490.7
248.888	18507.4
250.149	18522
251.409	18536
252.67	18555.4
253.928	18570.5
255.189	18588
256.447	18606.3
257.707	18625.8
258.966	18649.7
260.224	18674.8
261.483	18699.4
262.742	18720.6
263.999	18738.8
265.257	18748.9
266.514	18755.7
267.772	18757.3
269.028	18754.2
270.286	18748
271.543	18746.1
272.799	18763.3
274.056	18847.4
275.311	18941.5
276.568	18875.3
277.823	18885.7
279.079	18907.4
280.333	18942.2
281.589	18977.5
282.843	19014.2
284.099	19052.4
285.352	19091.9
286.607	19111.8
287.86	19123.9
289.114	19133.7
290.368	19139.8
291.621	19145.8
292.875	19166.2
294.127	19193.4
295.38	19223.8
296.632	19254.9
297.884	19278.8
299.137	19292.4
300.388	19304.1
301.641	19312
302.891	19316.1
304.142	19315.4
305.394	19314.7
306.644	19315
307.894	19321.9
309.146	19329.8
310.395	19333.6
311.645	19333.8
312.895	19331.9
314.144	19338.7
315.393	19354.7
316.642	19387.1
317.892	19412
319.14	19412.3
320.388	19412.8
321.637	19411.6
322.885	19420.4
324.132	19433.5
325.38	19443.7
326.628	19452
327.875	19495.4
329.122	19556.5
330.368	19584.2
331.614	19592.1
332.862	19599.5
334.108	19601.8
335.353	19605.9
336.599	19612
337.844	19619.1
339.089	19626.9
340.335	19634.4
341.58	19642.9
342.824	19651.9
344.068	19663
345.312	19683.8
346.556	19704.6
347.8	19726.5
349.043	19748.7
350.286	19766.4
351.53	19782
352.774	19796.4
354.016	19809.1
355.259	19820.6
356.501	19830.2
357.743	19838.1
358.985	19844
360.227	19848.3
361.468	19850.6
362.709	19850.6
363.95	19847
365.191	19830.6
366.432	19806.5
367.672	19779.6
368.912	19780.8
370.152	19790
371.392	19855.5
372.632	19893
373.871	19924.8
375.11	19956.4
376.348	19954.9
377.587	19955.9
378.825	19953.9
380.064	19951.7
381.302	19956.3
382.54	19954.4
383.778	19961
385.016	19973.4
386.253	20000
387.489	20027.8
388.726	20050.6
389.963	20070.7
391.199	20089.5
392.436	20105.7
393.672	20119.8
394.907	20131.1
396.142	20139.9
397.378	20145.3
398.614	20147.7
399.849	20157.9
401.082	20169.3
402.317	20188.5
403.552	20204.8
404.786	20222.8
406.019	20229.3
407.253	20235.7
408.487	20239.2
409.721	20241.3
410.953	20242.2
412.186	20243.6
413.419	20245.7
414.651	20248.7
415.883	20253.1
417.116	20253.3
418.347	20246.5
419.579	20240.3
420.811	20232.3
422.041	20221
423.272	20211.5
424.504	20229.6
425.733	20256.7
426.964	20280.5
428.194	20303.1
429.424	20321.5
430.654	20332.8
431.883	20334.2
433.113	20323.4
434.341	20317.9
435.571	20315
436.799	20316.5
438.028	20328.6
439.257	20342.5
440.484	20363
441.713	20384.6
442.94	20406.5
444.168	20400.8
445.394	20397.4
446.622	20398.3
447.848	20402.8
449.076	20420.3
450.301	20440.8
451.528	20462.1
452.754	20490.5
453.979	20499.5
455.205	20489.2
456.43	20466
457.656	20449.6
458.88	20439.2
460.106	20441.8
461.33	20460.1
462.554	20486.4
463.779	20507.7
465.002	20524.6
466.225	20529.5
467.45	20523.4
468.672	20513.3
469.895	20504
471.119	20496.4
472.341	20489.6
473.563	20488.2
474.786	20491
476.008	20491.1
477.229	20486.9
478.452	20479.9
479.673	20469.6
480.894	20459.7
482.115	20458.4
483.337	20456.4
484.557	20454.2
485.777	20450.8
486.997	20447.1
488.218	20441.1
489.438	20432.7
490.657	20424.6
491.876	20416.3
493.096	20407.1
494.315	20395.3
495.533	20383.8
496.752	20373.8
497.97	20371
499.188	20374.6
500.407	20384.5
501.625	20399.5
502.842	20419.7
504.059	20445.3
505.276	20473.3
506.493	20489.1
507.71	20481.1
508.926	20457.4
510.142	20426.2
511.358	20410.6
512.575	20400.5
513.791	20409
515.006	20445.9
516.222	20487.2
517.437	20522.2
518.651	20548.9
519.866	20562.7
521.081	20564.8
522.295	20554.8
523.509	20559
524.723	20565.3
525.937	20578.9
527.15	20598.5
528.363	20613.6
529.576	20629.6
530.789	20643.6
532.002	20654.5
533.215	20663.6
534.426	20670.5
535.638	20674.3
536.85	20675.3
538.061	20668.2
539.273	20656
540.484	20642.6
541.695	20625.3
542.906	20615.4
544.117	20593.2
545.327	20599.6
546.537	20617.7
547.747	20639.1
548.957	20667.3
550.167	20688.1
551.377	20705.1
552.585	20706
553.794	20708.2
555.003	20710.1
556.212	20707.4
557.421	20697.7
558.628	20688.4
559.836	20680.1
561.044	20672.8
562.252	20670.5
563.458	20675.2
564.666	20681.3
565.873	20690.4
567.08	20702.8
568.286	20716.4
569.493	20716.2
570.699	20714.2
571.904	20707.8
573.111	20688.1
574.317	20669.2
575.521	20658
576.727	20652.4
577.932	20649.9
579.136	20653.8
580.341	20663.4
581.544	20678.3
582.749	20698.9
583.954	20722.4
585.156	20740.3
586.361	20755.1
587.563	20762.2
588.767	20766.1
589.97	20739.5
591.172	20722.3
592.375	20707.2
593.577	20692.5
594.78	20678.3
595.981	20679.5
597.183	20699.2
598.384	20729
599.586	20744.2
600.786	20748.3
601.988	20737.6
603.188	20721.5
604.389	20682.5
605.589	20656.6
606.79	20640
607.989	20635.1
609.188	20651.8
610.389	20651.6
611.587	20640.2
612.787	20616.2
613.986	20519.3
615.184	20565.4
616.383	20588.8
617.581	20588.8
618.78	20565.1
619.977	20527.5
621.174	20486.6
622.373	20460
623.57	20468
624.766	20468
625.964	20466.7
627.16	20464.6
628.356	20462.8
629.554	20458.9
630.749	20452.3
631.945	20440
633.14	20424.3
634.337	20407.4
635.532	20399.2
636.726	20391.1
637.921	20385.7
639.117	20381
640.311	20379.2
641.505	20378.2
642.699	20377.7
643.892	20373.6
645.087	20351.6
646.28	20333.5
647.473	20322.8
648.666	20319.6
649.859	20323.8
651.051	20336.7
652.245	20357
653.437	20373
654.629	20395.9
655.821	20404.1
657.012	20400.3
658.204	20386.6
659.395	20376.8
660.586	20380
661.777	20379.4
662.967	20395.6
664.158	20413
665.349	20425.4
666.539	20433
667.729	20433.4
668.919	20432.2
670.109	20429.6
671.298	20428.5
672.487	20430.1
673.676	20432.5
674.865	20443.8
676.053	20432.1
677.242	20408.7
678.43	20409.6
679.616	20430.4
680.804	20428.7
681.992	20431.8
683.179	20421
684.366	20401.4
685.554	20374.7
686.74	20343.2
687.927	20344.2
689.114	20367
690.3	20376.7
691.486	20383.8
692.671	20380
693.856	20384.4
695.042	20384.8
696.227	20383.4
697.413	20381.6
698.598	20374.2
699.781	20353.4
700.966	20328.3
702.15	20301.2
703.334	20274
704.518	20255
705.701	20260.2
706.885	20262.6
708.068	20265.7
709.252	20267.8
710.433	20273.3
711.616	20252.5
712.799	20230
713.98	20217.3
715.163	20208.8
716.345	20204.5
717.527	20204.4
718.707	20207.1
719.889	20213
721.071	20225.4
722.25	20240.6
723.432	20255.7
724.611	20267.6
725.792	20271.9
726.972	20274
728.151	20272.9
729.332	20269
730.512	20262.2
731.69	20252.2
732.87	20241
734.048	20239.6
735.227	20251.4
736.405	20265.4
737.584	20281.9
738.761	20299.4
739.94	20320.9
741.117	20340.1
742.295	20356.1
743.471	20353.1
744.649	20341.2
745.825	20324
747.003	20309.9
748.179	20296.5
749.356	20280.6
750.531	20265.3
751.708	20239.4
752.883	20245.2
754.059	20274.6
755.234	20305.9
756.409	20329.4
757.585	20343.6
758.759	20348.6
759.934	20346.3
761.108	20337.5
762.282	20321.1
763.456	20297.9
764.63	20266.4
765.803	20239.5
766.977	20219.9
768.15	20210.4
769.323	20214.1
770.496	20216.4
771.668	20217.7
772.841	20225.7
774.014	20233.2
775.185	20231.1
776.357	20222.7
777.528	20206.6
778.701	20185.6
779.872	20170
781.042	20150.3
782.213	20132
783.383	20116.9
784.555	20104.5
785.725	20094.6
786.895	20090
788.064	20081.1
789.234	20066
790.404	20052.1
791.573	20037.9
792.742	20024.4
793.911	20011.9
795.08	20000.4
796.248	19990.5
797.416	19980.8
798.584	19975.2
799.753	19970.7
800.921	19968.3
802.088	19962.3
803.256	19953.6
804.423	19938.5
805.59	19917.5
806.756	19901.9
807.923	19889.9
809.089	19876.3
810.256	19871.6
811.422	19876.3
812.587	19890.6
813.753	19906.6
814.918	19924.5
816.084	19944.5
817.249	19966.4
818.414	19991.7
819.578	20008.2
820.743	20034.4
821.907	20064.5
823.072	20068.3
824.236	20060.3
825.399	20033.9
826.562	20015.2
827.725	20001.3
828.889	19989.4
830.052	19989.2
831.215	19993.7
832.377	20003.6
833.54	20018.3
834.701	20037.3
835.863	20060.3
837.025	20063.6
838.187	20072.4
839.349	20066.8
840.51	20040.2
841.67	20036.7
842.831	20046
843.992	20068.7
845.153	20067.3
846.312	20058.6
847.473	20034.4
848.633	19951.3
849.793	19921.5
850.951	19924.8
852.111	19928.9
853.27	19946.4
854.428	19970.2
855.588	19989.5
856.747	19986.3
857.904	19922.1
859.063	19863.9
860.221	19835.8
861.378	19824.6
862.536	19811.3
863.694	19798.8
864.85	19788
866.008	19780.1
867.164	19773.5
868.321	19768.6
869.478	19766.1
870.633	19765.3
871.79	19766.9
872.945	19768.7
874.101	19741.8
875.256	19716
876.412	19684.6
877.566	19672.2
878.722	19651.3
879.876	19643.2
881.031	19633.7
882.185	19613.5
883.34	19593.2
884.493	19570.9
885.647	19549.1
886.8	19534.3
887.954	19523.3
889.107	19524.8
890.261	19526.5
891.413	19531.4
892.565	19538.4
893.718	19542.9
894.87	19543.4
896.023	19538.4
897.174	19534.5
898.326	19531
899.478	19527.6
900.629	19525.2
901.779	19522.9
902.931	19520.4
904.081	19518
905.231	19515.2
906.383	19512.8
907.532	19518.4
908.682	19525.8
909.831	19533.8
910.982	19543.5
912.131	19553.4
913.28	19561.8
914.429	19568.5
915.578	19573.8
916.727	19576.9
917.875	19579.7
919.023	19580.5
920.171	19579.6
921.32	19576.5
922.467	19568.1
923.614	19557.3
924.761	19564
925.908	19574
927.055	19585.6
928.203	19596.9
929.349	19609.2
930.496	19597.5
931.642	19584.5
932.787	19552
933.933	19525.2
935.079	19487.9
936.224	19541.4
937.369	19554.7
938.514	19559.8
939.659	19565.4
940.804	19566.4
941.948	19560.9
943.092	19553
944.236	19541.6
945.38	19526.7
946.524	19514.5
947.667	19500.9
948.811	19487.9
949.954	19472.1
951.097	19455.7
952.24	19438.7
953.383	19421.7
954.525	19404.8
955.667	19388.3
956.81	19372.2
957.952	19356.9
959.093	19342.8
960.235	19329.5
961.376	19317
962.516	19305.4
963.658	19294.5
964.798	19285
965.939	19282.7
967.08	19287.1
968.22	19294.5
969.359	19299.7
970.499	19303.8
971.639	19312.3
972.779	19317.6
973.918	19301.1
975.056	19276.9
976.195	19260.2
977.334	19243.4
978.473	19231.1
979.61	19222.8
980.749	19217.7
981.887	19215.5
983.024	19216.4
984.162	19220.3
985.3	19227.2
986.437	19236.9
987.573	19249.6
988.711	19264.4
989.848	19276.5
990.983	19266.8
992.12	19251.2
993.255	19207
994.392	19215
995.528	19220.6
996.662	19234.4
997.798	19242.4
998.933	19250.4
1000.07	19238
1001.2	19219.9
1002.34	19197.9
1003.47	19178.5
1004.61	19172.4
1005.74	19188.4
1006.87	19196
1008.01	19217.2
1009.14	19225.2
1010.27	19232.1
1011.41	19232.8
1012.54	19228.1
1013.67	19236.8
1014.81	19242.4
1015.94	19244.2
1017.07	19242.8
1018.2	19227.8
1019.33	19205
1020.47	19170.3
1021.6	19138.1
1022.73	19113.1
1023.86	19100.7
1024.99	19095
1026.12	19094.9
1027.25	19100.8
1028.38	19116.6
1029.51	19132.6
1030.64	19108.7
1031.77	19075.1
1032.9	19036.2
1034.03	18998.1
1035.16	18966.7
1036.29	18954.2
1037.42	18973.4
1038.55	18976.3
1039.67	18975.3
1040.8	18957.5
1041.93	18939.8
1043.06	18923
1044.19	18907
1045.31	18886.8
1046.44	18866.8
1047.57	18847.5
1048.69	18829.1
1049.82	18812.2
1050.95	18804.9
1052.08	18804.6
1053.2	18800.8
1054.33	18794.4
1055.45	18780.1
1056.58	18764
1057.7	18754.6
1058.83	18747.3
1059.95	18745.7
1061.08	18726.8
1062.2	18708.4
1063.33	18694.6
1064.45	18680
1065.58	18669.2
1066.7	18673
1067.83	18681.2
1068.95	18687.4
1070.07	18690.8
1071.2	18692.3
1072.32	18691.8
1073.44	18689.1
1074.56	18684.5
1075.69	18678.1
1076.81	18669.9
1077.93	18659.9
1079.05	18648.5
1080.17	18636.2
1081.3	18622
1082.42	18608.3
1083.54	18594.4
1084.66	18583.2
1085.78	18593.9
1086.9	18632.9
1088.02	18660.3
1089.14	18675.1
1090.26	18679.3
1091.38	18683.9
1092.5	18684.5
1093.62	18682.6
1094.74	18678.1
1095.86	18672.5
1096.98	18666.9
1098.1	18660.8
1099.22	18656.2
1100.34	18652.1
1101.45	18648.2
1102.57	18644.4
1103.69	18638.5
1104.81	18631
1105.93	18622.5
1107.04	18613.1
1108.16	18602.8
1109.28	18591.4
1110.4	18578.9
1111.51	18563.7
1112.63	18545.8
1113.75	18528.7
1114.86	18513.8
1115.98	18504.1
1117.09	18498
1118.21	18502
1119.32	18483.1
1120.44	18455.4
1121.55	18430.3
1122.67	18401.6
1123.78	18389.2
1124.9	18377.3
1126.01	18369.9
1127.13	18365.4
1128.24	18352.2
1129.35	18333.9
1130.47	18308.6
1131.58	18279.5
1132.7	18251.8
1133.81	18221.5
1134.92	18192.1
1136.03	18172.1
1137.15	18160.5
1138.26	18153
1139.37	18147.2
1140.48	18138.4
1141.59	18131.8
1142.71	18126.3
1143.82	18120.4
1144.93	18112.7
1146.04	18107.2
1147.15	18093
1148.26	18059.5
1149.37	18029.1
1150.48	18008.7
1151.59	17980.7
1152.7	17954.7
1153.81	17962.5
1154.92	17964.2
1156.03	17973.9
1157.14	17982.3
1158.25	17975.5
1159.36	17955.4
1160.47	17924.6
1161.58	17901.3
1162.68	17890.9
1163.79	17881.9
1164.9	17881.2
1166.01	17885.4
1167.12	17896.1
1168.22	17907.6
1169.33	17920.8
1170.44	17928.9
1171.55	17926.1
1172.65	17915.2
1173.76	17902.8
1174.87	17890.1
1175.97	17877
1177.08	17865.4
1178.18	17856.5
1179.29	17849.4
1180.4	17844.1
1181.5	17842.1
1182.61	17841.8
1183.71	17843.9
1184.82	17847.5
1185.92	17852.1
1187.02	17857.3
1188.13	17862.4
1189.23	17869.4
1190.34	17880
1191.44	17902.5
1192.54	17920.2
1193.65	17933.6
1194.75	17941.6
1195.85	17941.7
1196.96	17931
1198.06	17907.3
1199.16	17885.8
1200.26	17865.2
1201.37	17847
1202.47	17834.1
1203.57	17833.6
1204.67	17846.3
1205.77	17866.7
1206.87	17877.7
1207.97	17878.9
1209.08	17832.2
1210.18	17828.3
1211.28	17825.6
1212.38	17823.5
1213.48	17828
1214.58	17830.7
1215.68	17831
1216.78	17829.7
1217.88	17827.2
1218.98	17822.7
1220.07	17820.6
1221.17	17812.5
1222.27	17783.6
1223.37	17740.4
1224.47	17727.6
1225.57	17723.5
1226.66	17720.6
1227.76	17716.3
1228.86	17708.9
1229.96	17704
1231.06	17698.3
1232.15	17692.4
1233.25	17685.8
1234.35	17679.3
1235.44	17669.6
1236.54	17625.3
1237.63	17595.9
1238.73	17570
1239.83	17556.1
1240.92	17556.5
1242.02	17537.5
1243.11	17523.4
1244.21	17509.6
1245.3	17495.8
1246.4	17481.9
1247.49	17468.2
1248.59	17454.9
1249.68	17442.8
1250.78	17434.5
1251.87	17431.8
1252.96	17427.5
1254.06	17425.1
1255.15	17425.3
1256.24	17427
1257.34	17430.6
1258.43	17435.7
1259.52	17441.9
1260.62	17448.6
1261.71	17453.6
1262.8	17463.3
1263.89	17443.9
1264.98	17421.1
1266.08	17397.7
1267.17	17366.3
1268.26	17350.7
1269.35	17343.2
1270.44	17343.4
1271.53	17350
1272.62	17365.5
1273.71	17382.3
1274.8	17392.8
1275.89	17408.4
1276.98	17423.5
1278.07	17436.7
1279.16	17428
1280.25	17420.1
1281.34	17407.9
1282.43	17395.9
1283.52	17384.4
1284.61	17375.8
1285.69	17377.2
1286.78	17382.2
1287.87	17388.5
1288.96	17391.9
1290.05	17388.5
1291.13	17389.5
1292.22	17392.4
1293.31	17399.8
1294.4	17406.9
1295.48	17415.4
1296.57	17417.9
1297.66	17407.9
1298.74	17395.6
1299.83	17382.5
1300.92	17380.8
1302	17386.2
1303.09	17394.6
1304.17	17405.8
1305.26	17412.9
1306.34	17412.2
1307.43	17402.8
1308.51	17371.1
1309.6	17339.9
1310.68	17323.5
1311.76	17318.9
1312.85	17323.1
1313.93	17325.4
1315.02	17327.1
1316.1	17324.4
1317.18	17319.2
1318.27	17316.7
1319.35	17313.3
1320.43	17312.3
1321.52	17313.1
1322.6	17309.7
1323.68	17298.2
1324.76	17270.6
1325.85	17248.3
1326.93	17225.6
1328.01	17213.8
1329.09	17208.7
1330.17	17198.7
1331.25	17193.5
1332.33	17191.3
1333.41	17188.3
1334.49	17179.3
1335.58	17164.9
1336.65	17151.3
1337.74	17137.1
1338.82	17122.8
1339.89	17123.6
1340.97	17125.8
1342.05	17127
1343.13	17129.7
1344.21	17130.2
1345.29	17127.5
1346.37	17119.8
1347.45	17107.3
1348.53	17092
1349.6	17075.2
1350.68	17060.4
1351.76	17047.8
1352.84	17040.1
1353.92	17044.8
1354.99	17048.7
1356.07	17054.1
1357.15	17061
1358.22	17059.6
1359.3	17057.1
1360.38	17030.8
1361.45	17036.9
1362.53	17036
1363.61	17024.7
1364.68	17013.8
1365.76	17003.7
1366.83	16995.4
1367.91	16988.8
1368.98	16976.6
1370.06	16967.8
1371.13	16958.2
1372.21	16959.7
1373.28	16964.9
1374.35	16973.7
1375.43	16987.4
1376.5	16995.2
1377.58	16996.7
1378.65	16992.8
1379.72	16984.7
1380.8	16974.5
1381.87	16966.1
1382.94	16960.2
1384.01	16954.7
1385.09	16949.1
1386.16	16943.6
1387.23	16938.6
1388.3	16935.2
1389.38	16933.6
1390.45	16935.7
1391.52	16937.2
1392.59	16938.9
1393.66	16940.7
1393.92	16939.6
1395	16935.7
1396.07	16932
1397.15	16925.5
1398.22	16926.6
1399.3	16927.2
1400.38	16909.3
1401.45	16894.7
1402.53	16880.1
1403.6	16863.4
1404.68	16846.6
1405.75	16831
1406.82	16824.1
1407.9	16819.3
1408.97	16816.6
1410.05	16816.1
1411.12	16817.5
1412.19	16820.8
1413.27	16825.3
1414.34	16821.9
1415.41	16787.8
1416.49	16749.8
1417.56	16723.6
1418.63	16703.1
1419.7	16707.2
1420.78	16706.7
1421.85	16711.1
1422.92	16721
1423.99	16735.6
1425.06	16746.7
1426.14	16746.6
1427.21	16742.4
1428.28	16735.5
1429.35	16726.9
1430.42	16713.5
1431.49	16697.3
1432.56	16678.1
1433.63	16661.1
1434.7	16645.8
1435.77	16634
1436.84	16626.1
1437.91	16620.3
1438.98	16617.3
1440.05	16616.8
1441.12	16619.4
1442.18	16623.5
1443.25	16623.5
1444.32	16603.2
1445.39	16572.8
1446.46	16569.7
1447.53	16573.8
1448.59	16597.4
1449.66	16607.1
1450.73	16576.8
1451.8	16569.7
1452.86	16564.9
1453.93	16571.3
1455	16580.6
1456.06	16589.1
1457.13	16597.5
1458.2	16603.1
1459.26	16594.6
1460.33	16583.3
1461.39	16561.4
1462.46	16540
1463.52	16523
1464.59	16513.5
1465.65	16506.1
1466.72	16500.2
1467.78	16495.5
1468.85	16493.2
1469.91	16492.1
1470.98	16492.8
1472.04	16492.9
1473.1	16492.7
1474.17	16491.4
1475.23	16489.7
1476.3	16489.1
1477.36	16487.9
1478.42	16486.6
1479.48	16484.7
1480.55	16481.9
1481.61	16477.7
1482.67	16471.8
1483.73	16464
1484.8	16460.3
1485.86	16459.2
1486.92	16458.5
1487.98	16455.5
1489.04	16449.8
1490.1	16441.8
1491.17	16423
1492.23	16408.6
1493.29	16395.6
1494.35	16385.8
1495.41	16386.4
1496.47	16392.6
1497.53	16385.7
1498.59	16371.7
1499.65	16356
1500.71	16342
1501.77	16331.2
1502.83	16321.5
1503.88	16312.6
1504.94	16305.4
1506	16299.3
1507.06	16294.5
1508.12	16289.1
1509.18	16279.4
1510.23	16267.3
1511.29	16253.1
1512.35	16240.8
1513.41	16228.3
1514.47	16214.6
1515.52	16201.4
1516.58	16190.8
1517.64	16181.3
1518.69	16176.1
1519.75	16169.6
1520.81	16165.4
1521.86	16161.4
1522.92	16154.4
1523.97	16143.6
1525.03	16126.5
1526.08	16111.8
1527.14	16105.1
1528.2	16100.1
1529.25	16114.4
1530.31	16127.7
1531.36	16144.3
1532.42	16134.3
1533.47	16120
1534.52	16105
1535.58	16084.4
1536.63	16065.1
1537.69	16054.3
1538.74	16050.7
1539.79	16058.1
1540.84	16049.6
1541.9	16043.4
1542.95	16023.9
1544	16008.2
1545.06	15995.8
1546.11	15987.2
1547.16	15982.3
1548.21	15980.9
1549.27	15982.8
1550.32	15987.9
1551.37	15995.8
1552.42	16005.8
1553.47	16017.9
1554.52	16030.3
1555.57	16044.1
1556.62	16053.7
1557.67	16046.6
1558.72	16033.8
1559.77	16015.8
1560.82	15992.1
1561.87	15953.7
1562.92	15916.3
1563.97	15909.8
1565.02	15921.8
1566.07	15978.6
1567.12	16037.1
1568.17	16000.6
1569.22	15991
1570.27	15978.9
1571.32	15964
1572.36	15946.8
1573.41	15933.2
1574.46	15933.2
1575.51	15933.9
1576.56	15938.8
1577.6	15950.1
1578.65	15950.7
1579.7	15945.6
1580.74	15935.2
1581.79	15922.1
1582.84	15911.3
1583.88	15898.7
1584.93	15884.6
1585.98	15870.2
1587.02	15855.9
1588.07	15844.1
1589.11	15843.3
1590.16	15848.9
1591.2	15847.4
1592.25	15848
1593.29	15843.8
1594.34	15835.4
1595.38	15826
1596.43	15814.6
1597.47	15800.8
1598.52	15789.4
1599.56	15779.1
1600.6	15771.8
1601.65	15763.6
1602.69	15756.1
1603.73	15748.6
1604.78	15741
1605.82	15733.5
1606.86	15725.4
1607.91	15715.7
1608.95	15702.1
1609.99	15684
1611.03	15660.6
1612.08	15630.4
1613.12	15607
1614.16	15589.4
1615.2	15580.9
1616.24	15577.4
1617.28	15572.5
1618.32	15568.3
1619.36	15563.3
1620.41	15557
1621.45	15550.2
1622.49	15543.4
1623.53	15536
1624.57	15527.8
1625.61	15517.7
1626.65	15498.8
1627.69	15473.1
1628.73	15449.7
1629.76	15428.6
1630.8	15410.7
1631.84	15396.5
1632.88	15387.5
1633.92	15381.9
1634.96	15380.5
1636	15383.8
1637.03	15391.8
1638.07	15383.6
1639.11	15360.9
1640.15	15331.8
1641.19	15315
1642.22	15297.9
1643.26	15314
1644.3	15308.8
1645.33	15292
1646.37	15287.8
1647.41	15284.3
1648.44	15282.1
1649.48	15278.6
1650.52	15274.2
1651.55	15267.4
1652.59	15256.8
1653.62	15243.8
1654.66	15228.9
1655.69	15213.4
1656.73	15203.1
1657.76	15193.7
1658.8	15188.1
1659.83	15176.3
1660.87	15162.8
1661.9	15150.6
1662.93	15138.8
1663.97	15127.5
1665	15119.5
1666.04	15129
1667.07	15136.7
1668.1	15138.2
1669.14	15136.3
1670.17	15131.1
1671.2	15124
1672.23	15115.7
1673.27	15106.8
1674.3	15095.8
1675.33	15086.6
1676.36	15079.4
1677.39	15079.4
1678.43	15094.7
1679.46	15092.6
1680.49	15077.6
1681.52	15061.1
1682.55	15037.6
1683.58	15019
1684.61	15010.5
1685.64	15010.1
1686.67	15018.8
1687.7	15036.7
1688.73	15064.4
1689.76	15083
1690.79	15065.7
1691.82	15030.8
1692.85	14992.7
1693.88	14960.1
1694.91	14961.8
1695.94	14961.3
1696.97	14957.8
1698	14953.5
1699.02	14950.4
1700.05	14947.5
1701.08	14929.6
1702.11	14922.9
1703.14	14924
1704.16	14926
1705.19	14928.3
1706.22	14930.2
1707.25	14929.4
1708.27	14928.1
1709.3	14925.3
1710.33	14920.7
1711.35	14913.4
1712.38	14902
1713.41	14880.5
1714.43	14847.2
1715.46	14805.7
1716.48	14767
1717.51	14734.9
1718.53	14709.1
1719.56	14690.1
1720.58	14676.1
1721.61	14668.1
1722.63	14665.5
1723.66	14671.8
1724.68	14681.4
1725.71	14690.2
1726.73	14682.6
1727.75	14676.9
1728.78	14666.5
1729.8	14644.5
1730.83	14617
1731.85	14571.4
1732.87	14531.8
1733.89	14533.3
1734.92	14550.9
1735.94	14558
1736.96	14562.1
1737.98	14566.9
1739.01	14567.9
1740.03	14567.4
1741.05	14558.9
1742.07	14544.8
1743.09	14525.8
1744.12	14505.8
1745.14	14493
1746.16	14482.3
1747.18	14469.5
1748.2	14457.6
1749.22	14447
1750.24	14437.7
1751.26	14430.2
1752.28	14424.2
1753.3	14419.7
1754.32	14416.9
1755.34	14415.5
1756.36	14415.5
1757.38	14416.3
1758.4	14408.2
1759.42	14390.7
1760.44	14368.2
1761.45	14349
1762.47	14341.3
1763.49	14336.5
1764.51	14334.7
1765.53	14334.9
1766.55	14343.9
1767.56	14341.6
1768.58	14315.3
1769.6	14285.9
1770.61	14263.4
1771.63	14248.7
1772.65	14244.3
1773.67	14239
1774.68	14233.1
1775.7	14227
1776.72	14225.3
1777.73	14224.8
1778.75	14223.7
1779.76	14218.2
1780.78	14199.8
1781.79	14185.4
1782.81	14162.6
1783.83	14149.5
1784.84	14147.6
1785.85	14143.5
1786.87	14160
1787.88	14170.2
1788.9	14171.3
1789.91	14164.2
1790.93	14148
1791.94	14124.5
1792.95	14096.4
1793.97	14066.9
1794.98	14035.3
1796	14013.8
1797.01	14013.6
1798.02	14014.2
1799.03	14014.3
1800.05	14013.8
1801.06	14009.6
1802.07	14004
1803.08	13996
1804.1	13986.1
1805.11	13972.5
1806.12	13958.6
1807.13	13979.2
1808.14	13992.8
1809.15	13974.9
1810.17	13942.5
1811.18	13889.9
1812.19	13841.5
1813.2	13824.4
1814.21	13805.5
1815.22	13789.4
1816.23	13777
1817.24	13768.1
1818.25	13762.1
1819.26	13760
1820.27	13763
1821.28	13767
1822.29	13772.6
1823.3	13775.5
1824.3	13769.4
1825.31	13762.6
1826.32	13753.9
1827.33	13742.7
1828.34	13728.6
1829.35	13715
1830.35	13702.7
1831.36	13688.8
1832.37	13672.9
1833.38	13655.6
1834.38	13637.6
1835.39	13619.2
1836.4	13604.9
1837.41	13585
1838.41	13579.9
1839.42	13583.4
1840.43	13587.4
1841.43	13580.9
1842.44	13571.2
1843.44	13560.2
1844.45	13538.7
1845.46	13525.7
1846.46	13506.1
1847.47	13495.4
1848.47	13493.7
1849.48	13493.1
1850.48	13493.5
1851.49	13484.8
1852.49	13463.1
1853.49	13444.3
1854.5	13417.7
1855.5	13396.1
1856.51	13385.1
1857.51	13374.3
1858.51	13363.7
1859.52	13352.9
1860.52	13341
1861.52	13331.4
1862.53	13331.3
1863.53	13334.8
1864.53	13331.1
1865.54	13321.7
1866.54	13309.1
1867.54	13293.9
1868.54	13277
1869.54	13262.7
1870.55	13248.9
1871.55	13235
1872.55	13224.4
1873.55	13214.9
1874.55	13207
1875.55	13200
1876.55	13193.3
1877.55	13186
1878.55	13178.1
1879.55	13172
1880.56	13166.7
1881.55	13161.3
1882.56	13159.6
1883.55	13160.4
1884.55	13164.8
1885.55	13154.5
1886.55	13132.3
1887.55	13108.3
1888.55	13087.8
1889.55	13071.6
1890.55	13056.8
1891.55	13045.9
1892.55	13037.3
1893.54	13031.6
1894.54	13028.4
1895.54	13027.1
1896.54	13026.3
1897.54	13023.4
1898.53	13020
1899.53	13016.3
1900.53	13011.8
1901.52	13006.5
1902.52	13000.8
1903.52	12994.4
1904.51	12987
1905.51	12978.3
1906.51	12967
1907.5	12954.7
1908.5	12938
1909.49	12915.9
1910.49	12897
1911.49	12879.4
1912.48	12869.4
1913.48	12858.5
1914.47	12845.7
1915.46	12828.2
1916.46	12805.8
1917.45	12796.8
1918.45	12791.2
1919.44	12784
1920.44	12774
1921.43	12755.4
1922.43	12720.7
1923.42	12704.4
1924.41	12693.1
1925.41	12688.3
1926.4	12690.6
1927.39	12698.3
1928.38	12701
1929.38	12698
1930.37	12676.9
1931.36	12654.9
1932.35	12627.2
1933.35	12611.4
1934.34	12594.3
1935.33	12580.8
1936.32	12569.7
1937.31	12560.7
1938.3	12554.8
1939.29	12550.6
1940.29	12547
1941.28	12543.5
1942.27	12533
1943.26	12523.8
1944.25	12511
1945.24	12497
1946.23	12482
1947.22	12466.4
1948.21	12458.6
1949.2	12449.2
1950.19	12442.9
1951.18	12437.7
1952.17	12433.3
1953.16	12427.2
1954.14	12407.2
1955.13	12375.5
1956.12	12345.4
1957.11	12319.5
1958.1	12307.1
1959.09	12313.1
1960.07	12329.3
1961.06	12317.5
1962.05	12307.1
1963.04	12296.2
1964.02	12286.5
1965.01	12272.4
1966	12263
1966.99	12254.9
1967.97	12254.5
1968.96	12258.4
1969.95	12233.6
1970.93	12204.4
1971.92	12170.3
1972.9	12151.6
1973.89	12154.6
1974.88	12157.2
1975.86	12160
1976.85	12162.3
1977.83	12165.2
1978.82	12154.2
1979.8	12133.4
1980.79	12112.5
1981.77	12084.3
1982.76	12062.6
1983.74	12059.4
1984.72	12068
1985.71	12077.9
1986.69	12089.8
1987.67	12102.1
1988.66	12109.2
1989.64	12101.3
1990.62	12088.7
1991.61	12068.2
1992.59	12036.9
1993.57	12002.8
1994.56	11972.2
1995.54	11949.4
1996.52	11963.1
1997.5	11951.2
1998.49	11940
1999.47	11927.6
2000.45	11913.5
2001.43	11911.8
2002.41	11909.8
2003.39	11906.9
2004.38	11903.9
2005.36	11898.4
2006.34	11892.3
2007.32	11880
2008.3	11867.5
2009.28	11856
2010.26	11843.9
2011.24	11833
2012.22	11821.7
2013.2	11807.9
2014.18	11794.2
2015.16	11780.5
2016.14	11767.6
2017.12	11755.2
2018.1	11744
2019.07	11736.3
2020.05	11729
2021.03	11718.6
2022.01	11706.5
2022.99	11687
2023.97	11658.5
2024.95	11640.2
2025.92	11630.9
2026.9	11630.4
2027.88	11638.5
2028.86	11639.4
2029.83	11627.3
2030.81	11617.5
2031.79	11589.5
2032.76	11564.5
2033.74	11542.2
2034.72	11521.9
2035.69	11518.3
2036.67	11517.6
2037.65	11521.6
2038.62	11532.9
2039.6	11529.3
2040.57	11521.8
2041.55	11510.2
2042.52	11494.8
2043.5	11473.5
2044.47	11448.4
2045.45	11418.8
2046.42	11387.5
2047.4	11369.9
2048.37	11369.6
2049.35	11368.7
2050.32	11367.4
2051.29	11366
2052.27	11364.5
2053.24	11355.6
2054.21	11343.9
2055.19	11330.4
2056.16	11315.5
2057.13	11299.8
2058.11	11283.6
2059.08	11265.1
2060.05	11246.4
2061.02	11229.7
2062	11214.8
2062.97	11202.4
2063.94	11195.9
2064.91	11192.4
2065.89	11190.5
2066.86	11186.9
2067.83	11181.1
2068.8	11175
2069.77	11167.5
2070.74	11159.4
2071.71	11150.5
2072.68	11141.8
2073.65	11136
2074.62	11129.1
2075.59	11118.8
2076.56	11107.1
2077.53	11094.5
2078.5	11080.7
2079.47	11066
2080.44	11050.6
2081.41	11034.7
2082.38	11018.3
2083.35	11001.9
2084.32	10985.3
2085.29	10968.2
2086.26	10951.3
2087.23	10938.8
2088.19	10929.2
2089.16	10923.7
2090.13	10920.3
2091.1	10909.2
2092.07	10892.2
2093.03	10874.9
2094	10855.6
2094.97	10844
2095.94	10833.6
2096.9	10824.1
2097.87	10815.3
2098.84	10808.5
2099.8	10802.7
2100.77	10798.1
2101.74	10793
2102.7	10787
2103.67	10780.2
2104.63	10773
2105.6	10765.2
2106.56	10756.7
2107.53	10747.5
2108.49	10736.6
2109.46	10724.6
2110.42	10710.9
2111.39	10696.6
2112.35	10678.6
2113.32	10655.9
2114.28	10640.3
2115.25	10633.4
2116.21	10642.2
2117.17	10648.8
2118.14	10647.5
2119.1	10647.3
2120.07	10643.9
2121.03	10637.5
2121.99	10628
2122.96	10614.7
2123.92	10596.9
2124.88	10574.7
2125.84	10548.5
2126.81	10518.4
2127.77	10490.7
2128.73	10478.6
2129.69	10473
2130.65	10474
2131.62	10480.5
2132.58	10479.1
2133.54	10472.7
2134.5	10460.6
2135.46	10421.7
2136.42	10406.2
2137.38	10396.2
2138.34	10379.2
2139.3	10383.7
2140.26	10388.9
2141.22	10391.2
2142.18	10389.6
2143.14	10369.1
2144.1	10342
2145.06	10308.7
2146.02	10288.9
2146.98	10274.2
2147.94	10263.7
2148.9	10265.2
2149.86	10269.4
2150.82	10268.5
2151.78	10264.7
2152.74	10261.9
2153.69	10256
2154.65	10247.9
2155.61	10236
2156.57	10220.9
2157.53	10201.6
2158.48	10177.8
2159.44	10164.8
2160.4	10151.4
2161.36	10145.4
2162.31	10141
2163.27	10142.8
2164.23	10137
2165.18	10123.7
2166.14	10109.3
2167.1	10093.5
2168.05	10081.7
2169.01	10068.8
2169.96	10052.6
2170.92	10037
2171.88	10010.5
2172.83	9976.59
2173.79	9945.23
2174.74	9915.93
2175.7	9889.22
2176.65	9869.62
2177.6	9853.45
2178.56	9840.39
2179.51	9830.41
2180.47	9823.27
2181.42	9818.64
2182.38	9812.66
2183.33	9811.98
2184.28	9810.41
2185.24	9807.02
2186.19	9801.31
2187.14	9792.81
2188.1	9785.76
2189.05	9777.34
2190	9767.72
2190.96	9756.68
2191.91	9743.66
2192.86	9728.83
2193.81	9710.66
2194.76	9688.45
2195.72	9664.14
2196.67	9639.97
2197.62	9628.02
2198.57	9621.07
2199.52	9614.9
2200.47	9610.04
2201.43	9604.52
2202.38	9600.01
2203.33	9595.69
2204.28	9592.23
2205.23	9588.93
2206.18	9586
2207.13	9582.01
2208.08	9564.25
2209.03	9548.46
2209.98	9530.91
2210.93	9511.54
2211.88	9493.57
2212.83	9478.13
2213.78	9464.25
2214.73	9452.37
2215.67	9441.97
2216.62	9434.41
2217.57	9428.7
2218.52	9424.85
2219.47	9421.91
2220.42	9415.63
2221.37	9407.66
2222.31	9395.96
2223.26	9385.13
2224.21	9373.77
2225.16	9361.58
2226.1	9348.79
2227.05	9335.72
2228	9323.25
2228.94	9317.75
2229.89	9324.92
2230.84	9339.88
2231.78	9340.03
2232.73	9333.65
2233.68	9320.67
2234.62	9314.05
2235.57	9306.24
2236.51	9296.93
2237.46	9291.52
2238.41	9284.48
2239.35	9278.47
2240.3	9273.7
2241.24	9268.49
2242.19	9260.65
2243.13	9258.82
2244.07	9258.49
2245.02	9257.38
2245.96	9259.64
2246.91	9269.4
2247.85	9264.97
2248.8	9257.4
2249.74	9239.22
2250.68	9220.06
2251.63	9206.52
2252.57	9203.5
2253.51	9213.08
2254.46	9215.71
2255.4	9218.48
2256.34	9220.75
2257.28	9223.27
2258.23	9208.71
2259.17	9207.9
2260.11	9208.2
2261.05	9206.55
2262	9204.68
2262.94	9195.54
2263.88	9186.71
2264.82	9178.19
2265.76	9170.36
2266.7	9160.29
2267.64	9148.29
2268.58	9135.26
2269.53	9123.76
2270.47	9118.82
2271.41	9115.44
2272.35	9114.58
2273.29	9124.53
2274.23	9134.83
2275.17	9142.9
2276.11	9138.91
2277.05	9131.82
2277.99	9121.94
2278.93	9110.57
2279.86	9110.51
2280.8	9104.12
2281.74	9095.36
2282.68	9088.66
2283.62	9083.39
2284.56	9075.05
2285.5	9066.43
2286.44	9066.09
2287.37	9076.66
2288.31	9089.86
2289.25	9090.73
2290.19	9070.48
2291.12	9053.54
2292.06	9035.62
2293	9020.87
2293.94	9014.85
2294.87	9011.37
2295.81	9012.04
2296.75	9015.78
2297.68	9021.94
2298.62	9027.99
2299.55	9010.14
2300.49	8987.01
2301.43	8977.51
2302.36	8991.03
2303.3	8995.01
2304.23	8984.87
2305.17	8970.27
2306.1	8952.44
2307.04	8936.21
2307.98	8923.76
2308.91	8915.58
2309.84	8911.96
2310.78	8911.54
2311.71	8908.98
2312.65	8902.69
2313.58	8886.64
2314.52	8869.09
2315.45	8856.66
2316.38	8839.55
2317.32	8823.82
2317.72	8816.57
2318.66	8807.27
2319.6	8802.12
2320.54	8803.99
2321.48	8808.75
2322.41	8808.95
2323.35	8806.38
2324.29	8801.59
2325.23	8794.96
2326.16	8785.9
2327.1	8774.95
2328.04	8762.33
2328.97	8749.29
2329.91	8736.68
2330.85	8726.76
2331.78	8718.65
2332.72	8714.22
2333.66	8710.37
2334.59	8703.75
2335.53	8694.05
2336.46	8674.43
2337.4	8651.62
2338.33	8640.04
2339.27	8640.74
2340.2	8657.02
2341.14	8663.83
2342.07	8669.3
2343.01	8674.01
2343.94	8666.42
2344.88	8648.97
2345.81	8621.15
2346.75	8614.52
2347.68	8616.16
2348.61	8619.54
2349.55	8615.39
2350.48	8607.58
2351.41	8598.37
2352.35	8588.72
2353.28	8579.5
2354.21	8570.44
2355.15	8562.19
2356.08	8554.95
2357.01	8548.18
2357.94	8542.56
2358.88	8537.91
2359.81	8533.49
2360.74	8528.9
2361.67	8519.22
2362.6	8499.76
2363.54	8481.07
2364.47	8465.12
2365.4	8452.64
2366.33	8444.28
2367.26	8441.74
2368.19	8442.68
2369.12	8447.11
2370.05	8453.83
2370.98	8462.9
2371.91	8474.65
2372.84	8478.05
2373.77	8471.24
2374.7	8457.87
2375.63	8448.34
2376.56	8436.13
2377.49	8421.75
2378.42	8406.83
2379.35	8392.31
2380.28	8376.87
2381.21	8372.28
2382.14	8373.91
2383.07	8374.94
2384	8373.1
2384.92	8369.26
2385.85	8362.92
2386.78	8354.49
2387.71	8343.73
2388.64	8331.43
2389.56	8333.48
2390.49	8336.59
2391.42	8341.34
2392.35	8344.77
2393.27	8346.48
2394.2	8345.67
2395.13	8343.4
2396.05	8338.73
2396.98	8332.45
2397.91	8322.17
2398.83	8302.47
2399.76	8275.18
2400.69	8246.65
2401.61	8238.15
2402.54	8241.46
2403.46	8242.63
2404.39	8243.91
2405.31	8248.58
2406.24	8252.76
2407.17	8265.46
2408.09	8278.52
2409.01	8286.38
2409.94	8283.4
2410.86	8248.71
2411.79	8184.65
2412.71	8170.14
2413.64	8156.59
2414.56	8144.98
2415.49	8135.69
2416.41	8129.54
2417.33	8125.45
2418.26	8123.88
2419.18	8124.44
2420.1	8126.82
2421.03	8129.97
2421.95	8131.77
2422.87	8129.58
2423.79	8121.64
2424.72	8108.19
2425.64	8089.47
2426.56	8066.95
2427.48	8042.66
2428.41	8018.54
2429.33	8000.94
2430.25	7989.5
2431.17	7985.76
2432.09	7983.54
2433.01	7985.47
2433.93	7991.76
2434.86	8002.98
2435.78	8008.06
2436.7	8005.23
2437.62	7994.97
2438.54	7977.4
2439.46	7951.13
2440.38	7935.83
2441.3	7929.63
2442.22	7934.01
2443.14	7922.8
2444.06	7908.14
2444.98	7889.88
2445.9	7867.47
2446.82	7849.38
2447.73	7837.46
2448.65	7841.79
2449.57	7849.18
2450.49	7860.74
2451.41	7865.35
2452.33	7865.34
2453.25	7860.55
2454.17	7851.61
2455.08	7835.84
2456	7805.38
2456.92	7796.64
2457.84	7793.73
2458.75	7793.99
2459.67	7798.27
2460.59	7800.42
2461.51	7795.85
2462.42	7768.59
2463.34	7750.66
2464.26	7737.67
2465.17	7729.21
2466.09	7724.93
2467	7725.82
2467.92	7718.54
2468.84	7710.71
2469.75	7685.23
2470.67	7676.59
2471.58	7673.22
2472.5	7672.9
2473.42	7667.65
2474.33	7663.71
2475.25	7658.22
2476.16	7651.08
2477.08	7643.06
2477.99	7635.07
2478.9	7627.52
2479.82	7620.69
2480.73	7615.16
2481.65	7610.97
2482.56	7606.35
2483.47	7601.05
2484.39	7592.39
2485.3	7582.39
2486.22	7571.02
2487.13	7549.85
2488.04	7548.23
2488.96	7575.5
2489.87	7573.65
2490.78	7565.68
2491.69	7556.04
2492.61	7547.73
2493.52	7543.33
2494.43	7536.44
2495.34	7528.79
2496.25	7520.87
2497.17	7512.56
2498.08	7503.54
2498.99	7493.53
2499.9	7483.27
2500.81	7473.3
2501.72	7466.47
2502.63	7462.54
2503.55	7461.15
2504.46	7467.77
2505.37	7475.85
2506.28	7483.9
2507.19	7491.57
2508.1	7493.07
2509.01	7490.35
2509.92	7485.36
2510.83	7478.16
2511.74	7468.15
2512.65	7456.13
2513.56	7442.65
2514.47	7434.37
2515.37	7432.33
2516.28	7423.64
2517.19	7413.69
2518.1	7405.81
2519.01	7398.06
2519.92	7391
2520.83	7384.51
2521.73	7383.22
2522.64	7391.1
2523.55	7415.48
2524.46	7424.48
2525.37	7417.28
2526.27	7369.89
2527.18	7343.95
2528.09	7340.37
2529	7338.14
2529.9	7337.14
2530.81	7337.45
2531.72	7339.64
2532.62	7341.1
2533.53	7327.89
2534.44	7317.58
2535.34	7301.61
2536.25	7290.63
2537.15	7283.98
2538.06	7278.49
2538.96	7273.79
2539.87	7272.5
2540.78	7273
2541.68	7272.81
2542.59	7269.41
2543.49	7256.5
2544.4	7242.39
2545.3	7237.12
2546.21	7228.15
2547.11	7219.36
2548.01	7210.88
2548.92	7202.7
2549.82	7195.11
2550.73	7188.31
2551.63	7181.57
2552.53	7175.34
2553.44	7169.22
2554.34	7164.25
2555.24	7145.72
2556.15	7132.11
2557.05	7130.81
2557.95	7136.2
2558.86	7143.26
2559.76	7134.08
2560.66	7123.12
2561.56	7109.57
2562.46	7091.53
2563.37	7070.53
2564.27	7044.41
2565.17	7022.64
2566.07	7029.07
2566.97	7041.34
2567.88	7048.82
2568.78	7052.85
2569.68	7049.23
2570.58	7032.21
2571.48	7022.54
2572.38	7005.81
2573.28	6990.72
2574.18	6979.58
2575.08	6974.2
2575.98	6971.12
2576.88	6971.73
2577.78	6966.24
2578.68	6958.99
2579.58	6951.69
2580.48	6943.4
2581.38	6935.48
2582.28	6927.39
2583.18	6919.14
2584.08	6911.01
2584.98	6902.6
2585.88	6894.14
2586.77	6885.63
2587.67	6876.99
2588.57	6868.79
2589.47	6859.44
2590.37	6848.03
2591.27	6838.47
2592.16	6830.82
2593.06	6825.72
2593.96	6822.81
2594.86	6822.22
2595.75	6822.96
2596.65	6826.24
2597.55	6828.97
2598.45	6825.74
2599.34	6815.39
2600.24	6802.23
2601.13	6786.98
2602.03	6774.52
2602.93	6767.01
2603.82	6760.27
2604.72	6755.03
2605.62	6751
2606.51	6747.96
2607.41	6745.8
2608.3	6743.58
2609.2	6738.93
2610.09	6734.92
2610.99	6728.12
2611.88	6712.15
2612.78	6699.67
2613.67	6686.81
2614.57	6675.31
2615.46	6667.56
2616.36	6661.25
2617.25	6666.77
2618.14	6682.17
2619.04	6676.98
2619.93	6665.02
2620.83	6649.47
2621.72	6634.08
2622.61	6618.78
2623.5	6604.36
2624.4	6636.69
2625.29	6644.15
2626.18	6651.53
2627.08	6638.5
2627.97	6583.51
2628.86	6569.8
2629.75	6569.96
2630.65	6565.57
2631.54	6564.45
2632.43	6562.41
2633.32	6559.21
2634.21	6554.68
2635.11	6547.69
2636	6538.6
2636.89	6527.82
2637.78	6515.13
2638.67	6500.42
2639.56	6483.49
2640.45	6469.2
2641.34	6457.69
2642.23	6451.12
2643.12	6445.22
2644.01	6436.76
2644.9	6428.99
2645.79	6420.67
2646.68	6412.66
2647.57	6405.93
2648.46	6399.17
2649.35	6396.41
2650.24	6393.26
2651.13	6381.92
2652.02	6369.25
2652.91	6355.28
2653.8	6340.68
2654.69	6329.85
2655.58	6325.61
2656.46	6323.17
2657.35	6323.19
2658.24	6325.79
2659.13	6330.66
2660.02	6331.77
2660.9	6322.1
2661.79	6313.53
2662.68	6299.2
2663.57	6289.49
2664.45	6286.14
2665.34	6281.92
2666.23	6279.03
2667.11	6277.25
2668	6272.95
2668.89	6265.31
2669.77	6253.38
2670.66	6243.52
2671.55	6236.48
2672.43	6232.17
2673.32	6231.05
2674.21	6232.81
2675.09	6237.79
2675.98	6241.13
2676.86	6240.93
2677.75	6233.08
2678.63	6217.43
2679.52	6202.85
2680.4	6190.83
2681.29	6180.73
2682.17	6172.43
2683.06	6165.81
2683.94	6160.63
2684.82	6156.24
2685.71	6152.91
2686.59	6135.2
2687.48	6109.33
2688.36	6098.19
2689.24	6092.79
2690.13	6090.75
2691.01	6088.54
2691.89	6087.29
2692.78	6083.86
2693.66	6082.45
2694.54	6080.49
2695.43	6076.64
2696.31	6068.8
2697.19	6048.08
2698.07	6023.11
2698.96	6001.83
2699.84	6015.85
2700.72	6019.28
2701.6	6016.07
2702.48	6021.52
2703.36	6008.14
2704.25	5973.5
2705.13	5956.8
2706.01	5947.83
2706.89	5943.23
2707.77	5943.05
2708.65	5943.39
2709.53	5941.53
2710.41	5937.18
2711.29	5934.13
2712.17	5931.9
2713.05	5930.43
2713.93	5929.58
2714.81	5929.64
2715.69	5929.81
2716.57	5930.15
2717.45	5930.41
2718.33	5928.77
2719.21	5924.52
2720.09	5915.47
2720.97	5902.84
2721.85	5887.53
2722.73	5870.75
2723.61	5858.43
2724.48	5855.17
2725.36	5854.5
2726.24	5859.13
2727.12	5857.24
2728	5852.49
2728.88	5845.99
2729.75	5838.1
2730.63	5829.4
2731.51	5820.09
2732.39	5811.24
2733.26	5803.13
2734.14	5795.97
2735.02	5790.01
2735.89	5785.22
2736.77	5781.19
2737.65	5777.61
2738.52	5772.44
2739.4	5766.32
2740.28	5759.44
2741.15	5752.7
2742.03	5745.76
2742.9	5738.4
2743.78	5732.95
2744.65	5731.7
2745.53	5740.65
2746.41	5743.15
2747.28	5740.85
2748.16	5746.3
2749.03	5698.14
2749.91	5702.66
2750.78	5695.82
2751.66	5691.25
2752.53	5686.65
2753.4	5681.53
2754.28	5675.73
2755.15	5670.36
2756.02	5664.44
2756.9	5658.1
2757.77	5651.21
2758.65	5643.65
2759.52	5634.86
2760.39	5630.59
2761.27	5627.75
2762.14	5626.3
2763.01	5626.37
2763.88	5627.95
2764.76	5622.55
2765.63	5619.47
2766.5	5597.38
2767.37	5574.06
2768.25	5551.49
2769.12	5555.11
2769.99	5570.67
2770.86	5579.42
2771.73	5587.33
2772.61	5587.72
2773.48	5570.83
2774.35	5553.71
2775.22	5530.92
2776.09	5513.74
2776.96	5505.84
2777.83	5538.24
2778.7	5540.93
2779.57	5539.08
2780.44	5534.09
2781.31	5523.77
2782.18	5509.8
2783.05	5494.66
2783.92	5482.98
2784.79	5475.77
2785.66	5483.83
2786.53	5481.96
2787.4	5476.9
2788.27	5475.44
2789.14	5463.47
2790.01	5450.3
2790.88	5437.7
2791.75	5430.65
2792.62	5428.87
2793.48	5432.69
2794.35	5437.29
2795.22	5437.21
2796.09	5435.68
2796.96	5432.58
2797.82	5426.98
2798.69	5418.97
2799.56	5409.15
2800.43	5397.63
2801.29	5385.7
2802.16	5377.84
2803.03	5373.78
2803.9	5368.34
2804.76	5363.8
2805.63	5360.36
2806.5	5357.66
2807.36	5354.27
2808.23	5350.11
2809.09	5345.24
2809.96	5340.2
2810.83	5335
2811.69	5330.03
2812.56	5324.79
2813.42	5320.58
2814.29	5316.49
2815.15	5311.86
2816.02	5306.61
2816.88	5300.29
2817.75	5293.06
2818.61	5284
2819.48	5272.72
2820.34	5260.68
2821.21	5251.59
2822.07	5255.93
2822.94	5260.1
2823.8	5262.96
2824.66	5254.44
2825.53	5247.46
2826.39	5243.99
2827.26	5235.92
2828.12	5235.62
2828.98	5242.1
2829.85	5243.21
2830.71	5244.23
2831.57	5235.65
2832.43	5221.56
2833.3	5210.33
2834.16	5202.02
2835.02	5197.24
2835.88	5196.86
2836.75	5200.6
2837.61	5202.7
2838.47	5197.69
2839.33	5192.6
2840.19	5187.31
2841.06	5175.05
2841.92	5160.68
2842.78	5146.1
2843.64	5140.37
2844.5	5136.07
2845.36	5135.55
2846.22	5137.25
2847.08	5141.66
2847.94	5146.51
2848.81	5137.23
2849.67	5124.91
2850.53	5107.83
2851.39	5089.34
2852.25	5079.47
2853.11	5072.78
2853.97	5073.56
2854.82	5073.26
2855.68	5073.64
2856.54	5076.9
2857.4	5081.16
2858.26	5087.1
2859.12	5092.35
2859.98	5093.13
2860.84	5084.99
2861.7	5077.25
2862.56	5067.6
2863.41	5054.36
2864.27	5041.88
2865.13	5036.1
2865.99	5032.18
2866.85	5033.18
2867.7	5026.97
2868.56	5021.76
2869.42	5017.57
2870.28	5014.31
2871.13	5010.98
2871.99	5007.05
2872.85	5001.49
2873.7	4995.91
2874.56	4991.27
2875.42	4987.04
2876.27	4983.4
2877.13	4979.94
2877.99	4978.02
2878.84	4977.32
2879.7	4978.26
2880.56	4973.54
2881.41	4961.17
2882.27	4950.83
2883.12	4942.76
2883.98	4938.57
2884.83	4935.8
2885.69	4933.7
2886.54	4934.05
2887.4	4937.34
2888.25	4946.2
2889.11	4935.66
2889.96	4918
2890.82	4901.74
2891.67	4889.65
2892.52	4883.58
2893.38	4879.24
2894.23	4875.42
2895.09	4848.07
2895.94	4834.28
2896.79	4820.89
2897.65	4809.71
2898.5	4799.95
2899.35	4795.69
2900.21	4797.7
2901.06	4804
2901.91	4816.81
2902.76	4829.32
2903.62	4828.18
2904.47	4823.27
2905.32	4811.53
2906.17	4800.45
2907.03	4792.83
2907.88	4787.5
2908.73	4781.19
2909.58	4774.47
2910.43	4767.81
2911.28	4759.83
2912.14	4749.92
2912.99	4739.32
2913.84	4725.54
2914.69	4713.45
2915.54	4703.7
2916.39	4703.65
2917.24	4705.59
2918.09	4718.9
2918.94	4730.09
2919.79	4731.36
2920.64	4725.55
2921.49	4716.86
2922.34	4705.93
2923.19	4693.28
2924.04	4681.4
2924.89	4671.28
2925.74	4662.32
2926.59	4654.98
2927.44	4649.03
2928.29	4644.59
2929.14	4641.68
2929.98	4640.3
2930.83	4640.46
2931.68	4642.36
2932.53	4645.77
2933.38	4651.72
2934.23	4648.11
2935.07	4628.06
2935.92	4608.38
2936.77	4592.76
2937.62	4588.58
2938.47	4583.64
2939.31	4580.15
2940.16	4580.54
2941.01	4582.63
2941.85	4585.84
2942.7	4586.87
2943.55	4585.92
2944.39	4582.79
2945.24	4574.67
2946.09	4562.33
2946.93	4547.55
2947.78	4535.13
2948.63	4542.6
2949.47	4554.46
2950.32	4568.29
2951.16	4576.68
2952.01	4564.31
2952.85	4557.53
2953.7	4551.4
2954.55	4545.6
2955.39	4539.35
2956.24	4533.47
2957.08	4527.11
2957.92	4517.84
2958.77	4501.67
2959.61	4485.76
2960.46	4472.45
2961.3	4462.39
2962.15	4454.17
2962.99	4447.85
2963.83	4443.28
2964.68	4440.39
2965.52	4438.84
2966.37	4438.56
2967.21	4439.26
2968.05	4439.73
2968.9	4439.86
2969.74	4438.56
2970.58	4436.1
2971.42	4431.53
2972.27	4425
2973.11	4417.04
2973.95	4407.39
2974.79	4396.89
2975.64	4388.36
2976.48	4379.22
2977.32	4379.12
2978.16	4383.32
2979	4389.69
2979.85	4393.74
2980.69	4396.13
2981.53	4393.05
2982.37	4380.5
2983.21	4367.4
2984.05	4358.52
2984.89	4352.8
2985.73	4350.73
2986.57	4349.17
2987.41	4345.95
2988.25	4339.11
2989.1	4332.24
2989.94	4326.07
2990.77	4321.79
2991.62	4318.97
2992.45	4317.33
2993.29	4317.61
2994.13	4319.27
2994.97	4325.27
2995.81	4318.5
2996.65	4306.67
2997.49	4297.35
2998.33	4294.52
2999.17	4298.7
