200.833	20490.8
202.102	20483.3
203.371	20442.9
204.639	20456.9
205.907	20482.7
207.175	20548.5
208.442	20611.8
209.71	20598.2
210.977	20590
212.244	20597.6
213.511	20599.6
214.777	20605.9
216.042	20616.5
217.309	20631.7
218.575	20651.5
219.84	20675.9
221.106	20704.7
222.371	20737.9
223.635	20775.5
224.9	20818
226.165	20862.3
227.429	20911.9
228.694	20969.4
229.956	21044.6
231.22	21136.6
232.484	21183.8
233.747	21212.9
235.011	21246.7
236.272	21278.7
237.535	21309.5
238.798	21331.3
240.06	21351.5
241.321	21369
242.583	21383.7
243.845	21395.8
245.105	21406.2
246.367	21414.6
247.628	21448.4
248.888	21489.4
250.149	21527.3
251.409	21550.5
252.67	21573.5
253.928	21591.5
255.189	21604.1
256.447	21612.4
257.707	21620
258.966	21626.9
260.224	21656.1
261.483	21683.7
262.742	21705.6
263.999	21714.4
265.257	21725.4
266.514	21740.1
267.772	21756.7
269.028	21779.5
270.286	21815.1
271.543	21855
272.799	21885.3
274.056	21892.8
275.311	21907.5
276.568	21912.6
277.823	21924.2
279.079	21939.3
280.333	21955.6
281.589	21976.3
282.843	22004.6
284.099	22031.6
285.352	22059.5
286.607	22088.3
287.86	22117
289.114	22144.7
290.368	22173.1
291.621	22202.5
292.875	22233.3
294.127	22266.2
295.38	22303.9
296.632	22337.1
297.884	22371.6
299.137	22404.8
300.388	22435.2
301.641	22448.1
302.891	22394.5
304.142	22359.5
305.394	22341.5
306.644	22380.3
307.894	22401
309.146	22422.9
310.395	22440.5
311.645	22454.4
312.895	22457.8
314.144	22459.4
315.393	22459.6
316.642	22458.8
317.892	22458
319.14	22465.2
320.388	22474.1
321.637	22501
322.885	22532.1
324.132	22571.6
325.38	22607.8
326.628	22627.9
327.875	22646.9
329.122	22666.8
330.368	22687.8
331.614	22710
332.862	22733.8
334.108	22759
335.353	22786.8
336.599	22813.8
337.844	22823
339.089	22830.6
340.335	22839.5
341.58	22837.7
342.824	22830.6
344.068	22865.7
345.312	22912.5
346.556	22960.1
347.8	23004.6
349.043	23026.3
350.286	23004.2
351.53	22973.6
352.774	22947.8
354.016	22927.3
355.259	22988.8
356.501	23003.6
357.743	23005.9
358.985	23010.1
360.227	23015.1
361.468	23019.4
362.709	23022
363.95	23026.9
365.191	23041.7
366.432	23055.6
367.672	23068.4
368.912	23081.1
370.152	23093.6
371.392	23109.1
372.632	23124.5
373.871	23141.2
375.11	23154.4
376.348	23138
377.587	23133.1
378.825	23129.1
380.064	23145.3
381.302	23160.6
382.54	23177.4
383.778	23194.7
385.016	23212.8
386.253	23230.8
387.489	23230.6
388.726	23233.6
389.963	23239.1
391.199	23247.5
392.436	23258.8
393.672	23275.6
394.907	23304.7
396.142	23345.7
397.378	23380.5
398.614	23425.5
399.849	23449.1
401.082	23467.5
402.317	23484.3
403.552	23488.5
404.786	23491.1
406.019	23497
407.253	23505.4
408.487	23516.2
409.721	23514.1
410.953	23511.5
412.186	23508
413.419	23506.3
414.651	23511
415.883	23534.8
417.116	23537.8
418.347	23536.4
419.579	23543.4
420.811	23540.5
422.041	23545.6
423.272	23557.4
424.504	23599.9
425.733	23634.4
426.964	23653.3
428.194	23670.6
429.424	23673.9
430.654	23666.2
431.883	23657.4
433.113	23633.2
434.341	23622.1
435.571	23618.2
436.799	23633.5
438.028	23649.7
439.257	23668.4
440.484	23689.3
441.713	23718
442.94	23744.6
444.168	23748.9
445.394	23743.5
446.622	23739.8
447.848	23737.6
449.076	23738
450.301	23741.6
451.528	23747.6
452.754	23759.1
453.979	23772.5
455.205	23787
456.43	23802.8
457.656	23817.6
458.88	23830.8
460.106	23838.8
461.33	23845
462.554	23849.1
463.779	23853.3
465.002	23856.4
466.225	23857.6
467.45	23857
468.672	23854.4
469.895	23849.2
471.119	23840.7
472.341	23829.5
473.563	23816.4
474.786	23804.7
476.008	23796.1
477.229	23809.1
478.452	23813.1
479.673	23812.5
480.894	23808.5
482.115	23805.6
483.337	23784.8
484.557	23774.1
485.777	23779.9
486.997	23781.7
488.218	23783.7
489.438	23782.4
490.657	23754.8
491.876	23727
493.096	23697.3
494.315	23661.8
495.533	23646.2
496.752	23663.2
497.97	23689.9
499.188	23719.8
500.407	23762.6
501.625	23785.7
502.842	23781.9
504.059	23769
505.276	23767.2
506.493	23765.6
507.71	23766.8
508.926	23768.6
510.142	23770.2
511.358	23771.6
512.575	23772.7
513.791	23774.1
515.006	23775.5
516.222	23793
517.437	23829.8
518.651	23860.9
519.866	23899.2
521.081	23938.4
522.295	23971.5
523.509	23996.5
524.723	24011.9
525.937	24005.7
527.15	24002.4
528.363	23996.2
529.576	23981.7
530.789	23980.8
532.002	23983.4
533.215	23998
534.426	24022
535.638	24044.1
536.85	24058.6
538.061	24068.5
539.273	24075.2
540.484	24080.4
541.695	24081.1
542.906	24078.4
544.117	24064.9
545.327	24027.7
546.537	23984.6
547.747	23950.2
548.957	24005.2
550.167	24022.7
551.377	24033.9
552.585	24039.4
553.794	24039.3
555.003	24032.4
556.212	24026.3
557.421	23997.5
558.628	23975.5
559.836	23991.5
561.044	24027.3
562.252	24054.2
563.458	24071.8
564.666	24079.4
565.873	24076.5
567.08	24062.4
568.286	24055.8
569.493	24043.3
570.699	24033.8
571.904	24028.6
573.111	24033.8
574.317	24046.8
575.521	24063.1
576.727	24079.2
577.932	24089.9
579.136	24065.1
580.341	24064.3
581.544	24076.9
582.749	24087.9
583.954	24098.3
585.156	24106.3
586.361	24111.2
587.563	24113.6
588.767	24114.1
589.97	24111.3
591.172	24105.6
592.375	24097.7
593.577	24088.6
594.78	24082.1
595.981	24081.5
597.183	24085.4
598.384	24085.5
599.586	24085.6
600.786	24084.5
601.988	24082.9
603.188	24078.4
604.389	24073.3
605.589	24066.2
606.79	24062.2
607.989	24066.7
609.188	24075
610.389	24084.2
611.587	24073.3
612.787	24062
613.986	24047.4
615.184	24024.7
616.383	23998.7
617.581	23973.8
618.78	23958.1
619.977	23973.6
621.174	23962.4
622.373	23940.5
623.57	23896.1
624.766	23873.3
625.964	23855.7
627.16	23849.2
628.356	23844.4
629.554	23836.1
630.749	23826.4
631.945	23816.3
633.14	23795.3
634.337	23773.1
635.532	23750.3
636.726	23728.7
637.921	23710.1
639.117	23694.4
640.311	23689.4
641.505	23695.5
642.699	23706.4
643.892	23720.3
645.087	23733.6
646.28	23736.5
647.473	23729.8
648.666	23731
649.859	23733.6
651.051	23739.1
652.245	23760.9
653.437	23782.7
654.629	23812.2
655.821	23813
657.012	23785.9
658.204	23757.9
659.395	23751.1
660.586	23756
661.777	23772
662.967	23791
664.158	23804.3
665.349	23810.2
666.539	23809
667.729	23809.2
668.919	23819.6
670.109	23830.3
671.298	23833
672.487	23834.5
673.676	23835.2
674.865	23839.9
676.053	23844.1
677.242	23847.8
678.43	23861.1
679.616	23860.1
680.804	23850.9
681.992	23834.6
683.179	23812.2
684.366	23788.3
685.554	23757.5
686.74	23768.9
687.927	23786.1
689.114	23810.4
690.3	23842.2
691.486	23861.8
692.671	23822.9
693.856	23778
695.042	23725.1
696.227	23703.1
697.413	23696.5
698.598	23707.9
699.781	23717.5
700.966	23727
702.15	23735.1
703.334	23724.7
704.518	23711.3
705.701	23692.1
706.885	23668.7
708.068	23641.3
709.252	23610.4
710.433	23626.3
711.616	23637.9
712.799	23649.6
713.98	23641.8
715.163	23611.5
716.345	23587.6
717.527	23567.9
718.707	23560.3
719.889	23548.1
721.071	23555.9
722.25	23573.3
723.432	23597.2
724.611	23616.4
725.792	23615
726.972	23607.8
728.151	23614.5
729.332	23619.8
730.512	23628
731.69	23625.4
732.87	23622.2
734.048	23618.6
735.227	23614.2
736.405	23609.3
737.584	23603.7
738.761	23608.8
739.94	23633.3
741.117	23641.1
742.295	23649.4
743.471	23650.6
744.649	23664.6
745.825	23675.8
747.003	23696.8
748.179	23710.8
749.356	23719.6
750.531	23726.3
751.708	23729.4
752.883	23728.4
754.059	23721.3
755.234	23710
756.409	23670.2
757.585	23657.4
758.759	23650.8
759.934	23651.7
761.108	23658.5
762.282	23671.2
763.456	23679.2
764.63	23663.9
765.803	23644.3
766.977	23622.7
768.15	23604.9
769.323	23588.2
770.496	23570.1
771.668	23554.4
772.841	23539.3
774.014	23526.3
775.185	23516.4
776.357	23512.6
777.528	23522.1
778.701	23527.4
779.872	23527.7
781.042	23518.4
782.213	23502.7
783.383	23486.1
784.555	23469.6
785.725	23455.4
786.895	23442.5
788.064	23429.1
789.234	23415.1
790.404	23395.7
791.573	23375
792.742	23353.2
793.911	23329.4
795.08	23308.7
796.248	23292.1
797.416	23284.8
798.584	23281.1
799.753	23288.4
800.921	23296.9
802.088	23301.6
803.256	23303.3
804.423	23301.5
805.59	23295.2
806.756	23286.3
807.923	23240
809.089	23233.6
810.256	23260.5
811.422	23278.5
812.587	23306.2
813.753	23305.7
814.918	23308.8
816.084	23320.5
817.249	23331.4
818.414	23347.8
819.578	23353.6
820.743	23324.1
821.907	23307.4
823.072	23299.8
824.236	23302.8
825.399	23315.6
826.562	23339.1
827.725	23375.1
828.889	23419.5
830.052	23444.3
831.215	23456.1
832.377	23458.6
833.54	23429.3
834.701	23403.2
835.863	23378.8
837.025	23353.5
838.187	23330.9
839.349	23336.2
840.51	23344.4
841.67	23351.8
842.831	23357.1
843.992	23359.6
845.153	23361.1
846.312	23361.2
847.473	23360.1
848.633	23358.1
849.793	23355.8
850.951	23353.9
852.111	23350.7
853.27	23344.9
854.428	23334.3
855.588	23310.4
856.747	23283.8
857.904	23257.3
859.063	23241.8
860.221	23225.5
861.378	23208.8
862.536	23188.5
863.694	23165.8
864.85	23141.8
866.008	23116.9
867.164	23091.1
868.321	23065.4
869.478	23058.9
870.633	23074.5
871.79	23083
872.945	23084.1
874.101	23076.8
875.256	23061.4
876.412	23040.6
877.566	23014.7
878.722	22982.1
879.876	22945.8
881.031	22913.5
882.185	22885.2
883.34	22861.7
884.493	22842.3
885.647	22826
886.8	22831.3
887.954	22841.2
889.107	22820.9
890.261	22808.3
891.413	22801.8
892.565	22798.8
893.718	22797.9
894.87	22797.2
896.023	22798.7
897.174	22801.8
898.326	22808.1
899.478	22816.2
900.629	22824.9
901.779	22833.1
902.931	22833.5
904.081	22832.1
905.231	22822.2
906.383	22812.8
907.532	22803.1
908.682	22795.7
909.831	22789.7
910.982	22785.7
912.131	22783
913.28	22790.6
914.429	22810.7
915.578	22841.4
916.727	22874.8
917.875	22911
919.023	22930.3
920.171	22934.4
921.32	22919.9
922.467	22904
923.614	22895.4
924.761	22890.3
925.908	22885.6
927.055	22883.5
928.203	22884.6
929.349	22887.1
930.496	22882
931.642	22866.7
932.787	22846.2
933.933	22828.3
935.079	22813.6
936.224	22804.4
937.369	22799.2
938.514	22798.5
939.659	22799.9
940.804	22796.8
941.948	22794.5
943.092	22793
944.236	22803.9
945.38	22826.7
946.524	22859.3
947.667	22866.8
948.811	22859.2
949.954	22830
951.097	22689.6
952.24	22707.6
953.383	22701
954.525	22696.1
955.667	22691
956.81	22687.3
957.952	22685.5
959.093	22669
960.235	22634.9
961.376	22586
962.516	22571.2
963.658	22570.1
964.798	22566.4
965.939	22564.9
967.08	22566
968.22	22567.3
969.359	22568.5
970.499	22567
971.639	22566.5
972.779	22565.2
973.918	22563.1
975.056	22559.1
976.195	22536.1
977.334	22498.3
978.473	22469.5
979.61	22452.5
980.749	22458.2
981.887	22460.5
983.024	22484.8
984.162	22513.2
985.3	22540.9
986.437	22559.4
987.573	22566.3
988.711	22562.4
989.848	22549.4
990.983	22524.9
992.12	22487.3
993.255	22449.9
994.392	22457.6
995.528	22489.5
996.662	22556.6
997.798	22481.7
998.933	22466.1
1000.07	22484.5
1001.2	22495.4
1002.34	22497.1
1003.47	22491.5
1004.61	22475.9
1005.74	22460.1
1006.87	22467.7
1008.01	22486.2
1009.14	22510.6
1010.27	22539.2
1011.41	22564.9
1012.54	22498.8
1013.67	22449.9
1014.81	22428.4
1015.94	22424.1
1017.07	22453.9
1018.2	22487.6
1019.33	22500.3
1020.47	22463.2
1021.6	22372.4
1022.73	22367.3
1023.86	22388.7
1024.99	22386.4
1026.12	22382
1027.25	22382.8
1028.38	22380.5
1029.51	22380.1
1030.64	22375.5
1031.77	22365.2
1032.9	22346.8
1034.03	22302.3
1035.16	22278.7
1036.29	22257.2
1037.42	22238.7
1038.55	22236.4
1039.67	22236.9
1040.8	22237.3
1041.93	22233.7
1043.06	22224
1044.19	22209
1045.31	22185.1
1046.44	22154.4
1047.57	22117.5
1048.69	22076.1
1049.82	22069.8
1050.95	22073.4
1052.08	22054
1053.2	22046.7
1054.33	22037.4
1055.45	22018.7
1056.58	21992.5
1057.7	21997.6
1058.83	21994.6
1059.95	21987.3
1061.08	21977.6
1062.2	21966.6
1063.33	21953.4
1064.45	21937.2
1065.58	21918.6
1066.7	21897.9
1067.83	21876.9
1068.95	21895.1
1070.07	21898.1
1071.2	21905.7
1072.32	21921.8
1073.44	21943
1074.56	21936.1
1075.69	21922
1076.81	21904.7
1077.93	21883.8
1079.05	21861.1
1080.17	21837.3
1081.3	21812.1
1082.42	21813.6
1083.54	21843.2
1084.66	21901.1
1085.78	21908.2
1086.9	21902.1
1088.02	21907
1089.14	21914.2
1090.26	21923.5
1091.38	21931.7
1092.5	21941.2
1093.62	21950.3
1094.74	21957.6
1095.86	21959.1
1096.98	21930.7
1098.1	21883.5
1099.22	21859.2
1100.34	21831.3
1101.45	21817.1
1102.57	21847.9
1103.69	21860.2
1104.81	21864.4
1105.93	21855.9
1107.04	21853.7
1108.16	21850.1
1109.28	21844.9
1110.4	21837.4
1111.51	21826.9
1112.63	21814.6
1113.75	21799.8
1114.86	21784.7
1115.98	21789.7
1117.09	21762.8
1118.21	21721
1119.32	21687.6
1120.44	21660.8
1121.55	21639.3
1122.67	21622.9
1123.78	21612.2
1124.9	21611.1
1126.01	21603.5
1127.13	21595.8
1128.24	21553.1
1129.35	21483.7
1130.47	21412.8
1131.58	21357.7
1132.7	21394.3
1133.81	21405.1
1134.92	21398.9
1136.03	21372.5
1137.15	21343.8
1138.26	21323.7
1139.37	21301.5
1140.48	21278.5
1141.59	21256.6
1142.71	21235.7
1143.82	21216.4
1144.93	21200.3
1146.04	21207.3
1147.15	21217
1148.26	21220.4
1149.37	21217.2
1150.48	21207
1151.59	21189.9
1152.7	21168.2
1153.81	21149.1
1154.92	21129.7
1156.03	21126.3
1157.14	21125.7
1158.25	21118.8
1159.36	21107.5
1160.47	21082.1
1161.58	21049
1162.68	21018.6
1163.79	21001.3
1164.9	20994.1
1166.01	20993.3
1167.12	21007
1168.22	21029.8
1169.33	21062.5
1170.44	21098.3
1171.55	21124
1172.65	21137.1
1173.76	21134.7
1174.87	21126.7
1175.97	21114.8
1177.08	21100.5
1178.18	21088.6
1179.29	21075.9
1180.4	21068
1181.5	21065.9
1182.61	21065.6
1183.71	21067.7
1184.82	21072.6
1185.92	21080.2
1187.02	21091.1
1188.13	21104.6
1189.23	21121.5
1190.34	21138.8
1191.44	21149.3
1192.54	21134.6
1193.65	21123.8
1194.75	21110
1195.85	21098.1
1196.96	21085.9
1198.06	21078.8
1199.16	21080.3
1200.26	21092
1201.37	21103.7
1202.47	21107.8
1203.57	21112.7
1204.67	21112.5
1205.77	21113.4
1206.87	21079.5
1207.97	21058.3
1209.08	21042.6
1210.18	21039.6
1211.28	21076.9
1212.38	21086.1
1213.48	21070.3
1214.58	21058.2
1215.68	21042.3
1216.78	21021.2
1217.88	20992.7
1218.98	20981.1
1220.07	20988.1
1221.17	20997
1222.27	20998.5
1223.37	20991.9
1224.47	20975
1225.57	20955.9
1226.66	20925.3
1227.76	20889.8
1228.86	20847.5
1229.96	20811.4
1231.06	20820.4
1232.15	20852.6
1233.25	20892.7
1234.35	20858.1
1235.44	20844.9
1236.54	20825.5
1237.63	20797.8
1238.73	20767.1
1239.83	20733.6
1240.92	20702.8
1242.02	20682.7
1243.11	20666.9
1244.21	20655.8
1245.3	20648.9
1246.4	20646.4
1247.49	20648.2
1248.59	20654.9
1249.68	20663
1250.78	20674.7
1251.87	20686.3
1252.96	20696.1
1254.06	20703.5
1255.15	20691.4
1256.24	20678.3
1257.34	20662.9
1258.43	20641.8
1259.52	20626.1
1260.62	20616.7
1261.71	20609.5
1262.8	20603
1263.89	20597.2
1264.98	20591.8
1266.08	20584.7
1267.17	20580.1
1268.26	20577.2
1269.35	20575.1
1270.44	20575.1
1271.53	20577.9
1272.62	20581.3
1273.71	20584.8
1274.8	20588.9
1275.89	20585.3
1276.98	20566.7
1278.07	20569.8
1279.16	20570.9
1280.25	20575.6
1281.34	20583.7
1282.43	20586.3
1283.52	20588.9
1284.61	20591.1
1285.69	20591.9
1286.78	20590.4
1287.87	20588.9
1288.96	20588.4
1290.05	20587.4
1291.13	20588.9
1292.22	20592.3
1293.31	20597.1
1294.4	20601.7
1295.48	20607.5
1296.57	20609.6
1297.66	20603.8
1298.74	20597
1299.83	20594.5
1300.92	20591.5
1302	20584.7
1303.09	20577.8
1304.17	20571.9
1305.26	20569.6
1306.34	20570.6
1307.43	20570
1308.51	20569
1309.6	20566.3
1310.68	20549.8
1311.76	20547.2
1312.85	20546.6
1313.93	20549.9
1315.02	20546.6
1316.1	20543.7
1317.18	20526
1318.27	20502.6
1319.35	20474.5
1320.43	20466
1321.52	20470.8
1322.6	20479.4
1323.68	20447.6
1324.76	20432.1
1325.85	20430.3
1326.93	20414.8
1328.01	20400.4
1329.09	20386.2
1330.17	20373.4
1331.25	20364.2
1332.33	20355.3
1333.41	20356.6
1334.49	20361.6
1335.58	20362
1336.65	20357.6
1337.74	20347.4
1338.82	20331.3
1339.89	20313.5
1340.97	20290.9
1342.05	20280.5
1343.13	20267.7
1344.21	20258.8
1345.29	20248.5
1346.37	20242.2
1347.45	20240.8
1348.53	20237.8
1349.6	20223.5
1350.68	20210.1
1351.76	20202.2
1352.84	20200.9
1353.92	20205.5
1354.99	20209.3
1356.07	20210.4
1357.15	20207.9
1358.22	20205.1
1359.3	20198.9
1360.38	20192.2
1361.45	20197.5
1362.53	20206.6
1363.61	20214.6
1364.68	20222.9
1365.76	20229.5
1366.83	20222.2
1367.91	20203.9
1368.98	20190.1
1370.06	20184
1371.13	20183.7
1372.21	20189.6
1373.28	20193.3
1374.35	20195.7
1375.43	20195.4
1376.5	20191.5
1377.58	20184.6
1378.65	20174
1379.72	20158
1380.8	20141.8
1381.87	20130.2
1382.94	20144.5
1384.01	20197.6
1385.09	20241.2
1386.16	20251
1387.23	20150.8
1388.3	20112
1389.38	20106.2
1390.45	20097.8
1391.52	20088.5
1392.59	20080.4
1393.66	20073.1
1393.92	20069.6
1395	20069.3
1396.07	20070
1397.15	20071.3
1398.22	20072.7
1399.3	20071.1
1400.38	20068.8
1401.45	20065.1
1402.53	20057.3
1403.6	20048.1
1404.68	20037.7
1405.75	20030.9
1406.82	20033.9
1407.9	20036.8
1408.97	20040.6
1410.05	20033.6
1411.12	20002.9
1412.19	19977.7
1413.27	19948.2
1414.34	19928.9
1415.41	19920.5
1416.49	19924.9
1417.56	19933.4
1418.63	19937.3
1419.7	19936.9
1420.78	19934.3
1421.85	19911.4
1422.92	19897.5
1423.99	19875.9
1425.06	19864.5
1426.14	19847.9
1427.21	19843
1428.28	19850.7
1429.35	19833
1430.42	19801.1
1431.49	19776.6
1432.56	19758.9
1433.63	19749
1434.7	19750.5
1435.77	19761.4
1436.84	19767.9
1437.91	19771.7
1438.98	19775.8
1440.05	19771.5
1441.12	19763.5
1442.18	19752.8
1443.25	19741.2
1444.32	19729.3
1445.39	19717.4
1446.46	19709.8
1447.53	19702.6
1448.59	19697.1
1449.66	19693
1450.73	19691.6
1451.8	19691.4
1452.86	19688.6
1453.93	19679.1
1455	19660.9
1456.06	19639.2
1457.13	19633.2
1458.2	19633.9
1459.26	19638.8
1460.33	19637
1461.39	19635.2
1462.46	19634.9
1463.52	19635.2
1464.59	19636.7
1465.65	19638.9
1466.72	19642.3
1467.78	19651.9
1468.85	19653.5
1469.91	19651.6
1470.98	19645.5
1472.04	19641
1473.1	19637.6
1474.17	19634
1475.23	19628.7
1476.3	19623.5
1477.36	19618.1
1478.42	19612.7
1479.48	19608.2
1480.55	19605.6
1481.61	19611.3
1482.67	19614.8
1483.73	19616.4
1484.8	19614.7
1485.86	19585.1
1486.92	19567.4
1487.98	19539.8
1489.04	19522
1490.1	19495.8
1491.17	19483.4
1492.23	19484.2
1493.29	19499.2
1494.35	19523.2
1495.41	19545.4
1496.47	19494
1497.53	19465.7
1498.59	19437.5
1499.65	19405.5
1500.71	19385.3
1501.77	19378.8
1502.83	19388.2
1503.88	19411.9
1504.94	19437.2
1506	19444.9
1507.06	19441.9
1508.12	19436.8
1509.18	19409.5
1510.23	19378.8
1511.29	19357.3
1512.35	19347.7
1513.41	19345.7
1514.47	19350.3
1515.52	19361.6
1516.58	19347.8
1517.64	19334.8
1518.69	19306.4
1519.75	19282.8
1520.81	19259.2
1521.86	19239
1522.92	19228.1
1523.97	19223.1
1525.03	19221.5
1526.08	19229.9
1527.14	19233.7
1528.2	19207.3
1529.25	19175.7
1530.31	19136.1
1531.36	19095.5
1532.42	19068.7
1533.47	19069.2
1534.52	19095.2
1535.58	19108.6
1536.63	19122.3
1537.69	19132
1538.74	19136
1539.79	19139
1540.84	19139.4
1541.9	19137.4
1542.95	19132.8
1544	19126
1545.06	19116.4
1546.11	19104.4
1547.16	19089.9
1548.21	19072.8
1549.27	19057.3
1550.32	19048.1
1551.37	19052.6
1552.42	19055.9
1553.47	19058.6
1554.52	19056.5
1555.57	19054.9
1556.62	19051.8
1557.67	19048.6
1558.72	19043.4
1559.77	19037.4
1560.82	19031.9
1561.87	19030.4
1562.92	19037.9
1563.97	19052.5
1565.02	19059.9
1566.07	19061.7
1567.12	19058.7
1568.17	19052.2
1569.22	19044.1
1570.27	19035.2
1571.32	19025
1572.36	19009.9
1573.41	19015.2
1574.46	19028.1
1575.51	19040.8
1576.56	19053
1577.6	19059.6
1578.65	19048.7
1579.7	19007.9
1580.74	18974.8
1581.79	18944.4
1582.84	18920.2
1583.88	18902.3
1584.93	18889
1585.98	18881.9
1587.02	18879.9
1588.07	18883
1589.11	18889.4
1590.16	18880.7
1591.2	18868.5
1592.25	18864.1
1593.29	18887.1
1594.34	18897.6
1595.38	18884.4
1596.43	18835.6
1597.47	18801.2
1598.52	18771.1
1599.56	18770.9
1600.6	18802.6
1601.65	18811.8
1602.69	18818.4
1603.73	18793
1604.78	18772
1605.82	18748.8
1606.86	18728
1607.91	18715.2
1608.95	18705.3
1609.99	18710.7
1611.03	18700.6
1612.08	18691.3
1613.12	18669.1
1614.16	18639.7
1615.2	18613.9
1616.24	18590.1
1617.28	18567.2
1618.32	18548.9
1619.36	18525.6
1620.41	18504.1
1621.45	18485.6
1622.49	18481.5
1623.53	18487.1
1624.57	18479.9
1625.61	18469.5
1626.65	18455.8
1627.69	18434
1628.73	18413.9
1629.76	18393.4
1630.8	18379.8
1631.84	18373.8
1632.88	18375.5
1633.92	18372.2
1634.96	18360.7
1636	18347.8
1637.03	18330.9
1638.07	18309.3
1639.11	18284.1
1640.15	18255.6
1641.19	18225.2
1642.22	18228.7
1643.26	18235.4
1644.3	18249.8
1645.33	18266.5
1646.37	18283
1647.41	18292.5
1648.44	18274.7
1649.48	18256.2
1650.52	18229.6
1651.55	18206.9
1652.59	18193.1
1653.62	18184.7
1654.66	18180.2
1655.69	18193.7
1656.73	18191.9
1657.76	18175.7
1658.8	18149.4
1659.83	18124.4
1660.87	18103
1661.9	18091.6
1662.93	18090.2
1663.97	18094.3
1665	18094.1
1666.04	18093.6
1667.07	18092.8
1668.1	18091.2
1669.14	18089.2
1670.17	18086.5
1671.2	18084
1672.23	18078.1
1673.27	18066.9
1674.3	18053.7
1675.33	18037.4
1676.36	18029.4
1677.39	18024.3
1678.43	18019.8
1679.46	18021.7
1680.49	18027.9
1681.52	18034.3
1682.55	18039.9
1683.58	18044.2
1684.61	18030.8
1685.64	18016.2
1686.67	17996.6
1687.7	17969.8
1688.73	17941.1
1689.76	17912.6
1690.79	17900.8
1691.82	17889
1692.85	17896.7
1693.88	17882
1694.91	17856.4
1695.94	17833.2
1696.97	17819.5
1698	17809.9
1699.02	17818.2
1700.05	17823.9
1701.08	17829.7
1702.11	17847.5
1703.14	17843.6
1704.16	17819.3
1705.19	17797.2
1706.22	17773.4
1707.25	17750.4
1708.27	17734.2
1709.3	17727.6
1710.33	17722.1
1711.35	17714.2
1712.38	17709
1713.41	17682.8
1714.43	17667.1
1715.46	17661.1
1716.48	17659.5
1717.51	17667.7
1718.53	17658.5
1719.56	17644
1720.58	17626.8
1721.61	17603.3
1722.63	17589.5
1723.66	17580
1724.68	17570.6
1725.71	17570.7
1726.73	17568.4
1727.75	17554.9
1728.78	17538
1729.8	17516.8
1730.83	17498
1731.85	17480.4
1732.87	17463.3
1733.89	17446.6
1734.92	17430.1
1735.94	17414.5
1736.96	17400
1737.98	17386.6
1739.01	17375.2
1740.03	17365
1741.05	17358.2
1742.07	17353.6
1743.09	17349.5
1744.12	17345.3
1745.14	17342.3
1746.16	17337.7
1747.18	17330.6
1748.2	17321
1749.22	17308.7
1750.24	17294.8
1751.26	17279.9
1752.28	17265.6
1753.3	17251.8
1754.32	17241.2
1755.34	17234.2
1756.36	17231.2
1757.38	17231.9
1758.4	17236.6
1759.42	17243.5
1760.44	17245.3
1761.45	17236
1762.47	17200.6
1763.49	17175.2
1764.51	17151.2
1765.53	17129
1766.55	17108
1767.56	17089.8
1768.58	17074.4
1769.6	17061.1
1770.61	17053.7
1771.63	17050.9
1772.65	17050.5
1773.67	17050.5
1774.68	17048.1
1775.7	17040.5
1776.72	17028.7
1777.73	17015.3
1778.75	16999.6
1779.76	16980.7
1780.78	16960.4
1781.79	16955.7
1782.81	16951.7
1783.83	16947.8
1784.84	16943.4
1785.85	16934.8
1786.87	16924.9
1787.88	16913.6
1788.9	16902.4
1789.91	16891.3
1790.93	16881.9
1791.94	16873
1792.95	16864.4
1793.97	16856.3
1794.98	16848.3
1796	16833.3
1797.01	16810.9
1798.02	16790.4
1799.03	16771.6
1800.05	16755.3
1801.06	16739.4
1802.07	16725.7
1803.08	16714.7
1804.1	16704.9
1805.11	16696.9
1806.12	16690.2
1807.13	16685
1808.14	16679.4
1809.15	16671.9
1810.17	16656.2
1811.18	16636.6
1812.19	16632.3
1813.2	16627.5
1814.21	16619
1815.22	16606.9
1816.23	16592.1
1817.24	16574.7
1818.25	16555.4
1819.26	16537.6
1820.27	16518.4
1821.28	16497.5
1822.29	16475.9
1823.3	16453.7
1824.3	16432.6
1825.31	16422.1
1826.32	16418
1827.33	16426.1
1828.34	16417.5
1829.35	16410.9
1830.35	16400.5
1831.36	16386.6
1832.37	16369.8
1833.38	16351.9
1834.38	16336.2
1835.39	16333.1
1836.4	16325.2
1837.41	16317.1
1838.41	16305
1839.42	16290.8
1840.43	16274.6
1841.43	16255.9
1842.44	16234.9
1843.44	16211.8
1844.45	16187.3
1845.46	16165.5
1846.46	16145.1
1847.47	16130.8
1848.47	16117.4
1849.48	16106.2
1850.48	16097.8
1851.49	16091.3
1852.49	16087.8
1853.49	16085.9
1854.5	16086.6
1855.5	16086.4
1856.51	16069.8
1857.51	16050.3
1858.51	16018
1859.52	15992.3
1860.52	15974.1
1861.52	15965.7
1862.53	15976.7
1863.53	15988.3
1864.53	15989.5
1865.54	15985.7
1866.54	15983.6
1867.54	15968.7
1868.54	15949
1869.54	15928.2
1870.55	15907.5
1871.55	15894.1
1872.55	15885.2
1873.55	15878.3
1874.55	15874.9
1875.55	15874.6
1876.55	15879.7
1877.55	15876.1
1878.55	15859
1879.55	15842.9
1880.56	15826.8
1881.55	15811.6
1882.56	15801.9
1883.55	15791
1884.55	15784.5
1885.55	15777.4
1886.55	15767.8
1887.55	15755.7
1888.55	15738.4
1889.55	15722.9
1890.55	15708.7
1891.55	15695.6
1892.55	15683.6
1893.54	15672.4
1894.54	15666.9
1895.54	15672.8
1896.54	15673.8
1897.54	15667.5
1898.53	15631.5
1899.53	15614.9
1900.53	15596.8
1901.52	15576.9
1902.52	15561.4
1903.52	15539.7
1904.51	15551.4
1905.51	15585.6
1906.51	15561.1
1907.5	15462.8
1908.5	15403.1
1909.49	15477.3
1910.49	15512.1
1911.49	15496.7
1912.48	15400.5
1913.48	15363.9
1914.47	15372.2
1915.46	15375.5
1916.46	15380
1917.45	15376.8
1918.45	15369.3
1919.44	15330.2
1920.44	15289.7
1921.43	15260.5
1922.43	15233.1
1923.42	15215.7
1924.41	15219
1925.41	15224.2
1926.4	15237
1927.39	15236.4
1928.38	15230.4
1929.38	15204.8
1930.37	15176.6
1931.36	15159
1932.35	15133.4
1933.35	15122.2
1934.34	15121.5
1935.33	15133.1
1936.32	15143.5
1937.31	15139.3
1938.3	15124.9
1939.29	15110.3
1940.29	15094.6
1941.28	15078.5
1942.27	15061.2
1943.26	15042.3
1944.25	15021.4
1945.24	15005.3
1946.23	14993.9
1947.22	14987.2
1948.21	14984.1
1949.2	14984.8
1950.19	14974.5
1951.18	14959.6
1952.17	14937.2
1953.16	14901.6
1954.14	14858.1
1955.13	14823.7
1956.12	14801.9
1957.11	14790.4
1958.1	14782.7
1959.09	14775.3
1960.07	14768.5
1961.06	14760
1962.05	14735.6
1963.04	14714.4
1964.02	14701.4
1965.01	14697.3
1966	14704.8
1966.99	14714.2
1967.97	14721.1
1968.96	14724.3
1969.95	14722.8
1970.93	14710.1
1971.92	14688.7
1972.9	14661.2
1973.89	14638.8
1974.88	14623.3
1975.86	14604.5
1976.85	14589.4
1977.83	14573.2
1978.82	14560.2
1979.8	14550.4
1980.79	14555.8
1981.77	14559.7
1982.76	14554.5
1983.74	14542.8
1984.72	14526
1985.71	14501.1
1986.69	14469.6
1987.67	14429.2
1988.66	14391.5
1989.64	14376.5
1990.62	14396.1
1991.61	14414.8
1992.59	14427.9
1993.57	14433.9
1994.56	14432.4
1995.54	14421.7
1996.52	14403.4
1997.5	14377.7
1998.49	14348.2
1999.47	14331
2000.45	14317
2001.43	14303.8
2002.41	14291.5
2003.39	14280.4
2004.38	14270.1
2005.36	14260.5
2006.34	14251.3
2007.32	14242
2008.3	14233.2
2009.28	14225.3
2010.26	14217.3
2011.24	14208.9
2012.22	14199.8
2013.2	14188.5
2014.18	14180.9
2015.16	14172.5
2016.14	14162.5
2017.12	14149.2
2018.1	14109.3
2019.07	14065.1
2020.05	14042.1
2021.03	14050.7
2022.01	14050.2
2022.99	14049
2023.97	14050.9
2024.95	14055.1
2025.92	14051.2
2026.9	14033
2027.88	14000.8
2028.86	13979.2
2029.83	13965.7
2030.81	13951.4
2031.79	13938
2032.76	13925.4
2033.74	13914.1
2034.72	13904.8
2035.69	13876.6
2036.67	13841.9
2037.65	13813.6
2038.62	13790.8
2039.6	13772.9
2040.57	13758.4
2041.55	13752.1
2042.52	13750.9
2043.5	13751.3
2044.47	13753
2045.45	13744
2046.42	13728
2047.4	13711
2048.37	13692.1
2049.35	13671.6
2050.32	13650.1
2051.29	13627.1
2052.27	13623.7
2053.24	13625.2
2054.21	13619.7
2055.19	13599.8
2056.16	13586.4
2057.13	13566.9
2058.11	13553
2059.08	13545.4
2060.05	13545.1
2061.02	13540.3
2062	13534.5
2062.97	13510.2
2063.94	13481.1
2064.91	13453.6
2065.89	13425.1
2066.86	13408.9
2067.83	13405.6
2068.8	13411.3
2069.77	13427.3
2070.74	13433.7
2071.71	13432.4
2072.68	13424.4
2073.65	13400.7
2074.62	13372.5
2075.59	13336.9
2076.56	13307.8
2077.53	13285.6
2078.5	13268.7
2079.47	13263.3
2080.44	13262.3
2081.41	13263.2
2082.38	13272.3
2083.35	13274.5
2084.32	13258.9
2085.29	13234.1
2086.26	13202.5
2087.23	13175.8
2088.19	13158.9
2089.16	13150.7
2090.13	13154.8
2091.1	13144.2
2092.07	13131.8
2093.03	13123.3
2094	13106.2
2094.97	13086.5
2095.94	13071
2096.9	13068.3
2097.87	13067.2
2098.84	13059.9
2099.8	13050.5
2100.77	13037.9
2101.74	13021.6
2102.7	13002
2103.67	12979.7
2104.63	12954
2105.6	12927.6
2106.56	12914.2
2107.53	12912.8
2108.49	12904.9
2109.46	12895.9
2110.42	12882.1
2111.39	12872.5
2112.35	12863.4
2113.32	12859.1
2114.28	12855.1
2115.25	12860.1
2116.21	12872.7
2117.17	12880.1
2118.14	12875.6
2119.1	12803.9
2120.07	12687.8
2121.03	12712.7
2121.99	12694
2122.96	12681.7
2123.92	12679.2
2124.88	12682.5
2125.84	12686.5
2126.81	12685
2127.77	12677.7
2128.73	12667.8
2129.69	12654.2
2130.65	12636.7
2131.62	12615.8
2132.58	12591.4
2133.54	12565.8
2134.5	12549.3
2135.46	12539.4
2136.42	12530.8
2137.38	12523.4
2138.34	12517.2
2139.3	12512.2
2140.26	12508.3
2141.22	12505.3
2142.18	12503.1
2143.14	12501.6
2144.1	12499.8
2145.06	12495.1
2146.02	12484.1
2146.98	12472
2147.94	12453.6
2148.9	12433.3
2149.86	12409.4
2150.82	12383.8
2151.78	12358.9
2152.74	12348.4
2153.69	12341.2
2154.65	12338.4
2155.61	12336
2156.57	12339.8
2157.53	12326.5
2158.48	12295.3
2159.44	12262.7
2160.4	12231.5
2161.36	12204.3
2162.31	12184.4
2163.27	12175.3
2164.23	12171
2165.18	12171.5
2166.14	12177.2
2167.1	12165.3
2168.05	12148
2169.01	12127.8
2169.96	12104.7
2170.92	12079.3
2171.88	12051.6
2172.83	12022.5
2173.79	11992.9
2174.74	11963.1
2175.7	11933.5
2176.65	11906.2
2177.6	11891
2178.56	11883.8
2179.51	11873.1
2180.47	11861.4
2181.42	11848.9
2182.38	11835.8
2183.33	11821.8
2184.28	11807.3
2185.24	11792.2
2186.19	11776.7
2187.14	11760.8
2188.1	11743.6
2189.05	11723.1
2190	11689.1
2190.96	11670.2
2191.91	11661.2
2192.86	11651.6
2193.81	11653.8
2194.76	11663.1
2195.72	11666.2
2196.67	11670.5
2197.62	11654.5
2198.57	11583.8
2199.52	11572.5
2200.47	11532
2201.43	11618.8
2202.38	11615.5
2203.33	11602.9
2204.28	11578.7
2205.23	11572.2
2206.18	11564
2207.13	11558.4
2208.08	11541.3
2209.03	11525
2209.98	11496.3
2210.93	11469.1
2211.88	11452.6
2212.83	11435
2213.78	11423.7
2214.73	11422.8
2215.67	11423.3
2216.62	11419.9
2217.57	11412.8
2218.52	11406
2219.47	11394.3
2220.42	11385.1
2221.37	11374.6
2222.31	11362.2
2223.26	11350
2224.21	11335.7
2225.16	11320.7
2226.1	11307.3
2227.05	11294.3
2228	11287.6
2228.94	11281.4
2229.89	11277.7
2230.84	11276.8
2231.78	11277.8
2232.73	11281.9
2233.68	11284
2234.62	11280.4
2235.57	11260.7
2236.51	11227.8
2237.46	11198.9
2238.41	11198.4
2239.35	11199.6
2240.3	11200.3
2241.24	11207.2
2242.19	11210
2243.13	11210.2
2244.07	11202.5
2245.02	11189.5
2245.96	11181.7
2246.91	11172.9
2247.85	11166.1
2248.8	11156.8
2249.74	11149.6
2250.68	11146.8
2251.63	11147.7
2252.57	11147.6
2253.51	11146.2
2254.46	11141.5
2255.4	11138.5
2256.34	11136.1
2257.28	11141.2
2258.23	11142.1
2259.17	11131
2260.11	11121
2261.05	11102.3
2262	11092.2
2262.94	11084.7
2263.88	11079.1
2264.82	11076
2265.76	11072
2266.7	11068.5
2267.64	11064.7
2268.58	11058.2
2269.53	11048.4
2270.47	11037.6
2271.41	11027.2
2272.35	11017.1
2273.29	11007.7
2274.23	10998.9
2275.17	11000.1
2276.11	11002.3
2277.05	11004.8
2277.99	11002.4
2278.93	11000.8
2279.86	10998
2280.8	10993.4
2281.74	10993.2
2282.68	10996.3
2283.62	11000.2
2284.56	11002.8
2285.5	11000.4
2286.44	10993.3
2287.37	10985.5
2288.31	10976.5
2289.25	10968.9
2290.19	10964
2291.12	10961.2
2292.06	10959.3
2293	10958.9
2293.94	10963.5
2294.87	10965.8
2295.81	10961.4
2296.75	10948.4
2297.68	10932.6
2298.62	10917.8
2299.55	10900.6
2300.49	10889.3
2301.43	10880.8
2302.36	10871.7
2303.3	10860.4
2304.23	10848.6
2305.17	10831.7
2306.1	10818.7
2307.04	10808.4
2307.98	10802.1
2308.91	10798.6
2309.84	10797.1
2310.78	10797.2
2311.71	10791.8
2312.65	10779.3
2313.58	10747
2314.52	10713.3
2315.45	10696.4
2316.38	10701.4
2317.32	10719.6
2317.72	10728.2
2318.66	10709.6
2319.6	10694.7
2320.54	10684
2321.48	10674.5
2322.41	10664.4
2323.35	10654.5
2324.29	10645.7
2325.23	10636.9
2326.16	10627.9
2327.1	10618.3
2328.04	10606.7
2328.97	10594.4
2329.91	10580.8
2330.85	10567.7
2331.78	10556.8
2332.72	10559.6
2333.66	10563.6
2334.59	10561.5
2335.53	10558.4
2336.46	10553.3
2337.4	10546.2
2338.33	10535.2
2339.27	10523.8
2340.2	10512.5
2341.14	10501.4
2342.07	10490
2343.01	10478.6
2343.94	10466.9
2344.88	10455.3
2345.81	10444.4
2346.75	10435.8
2347.68	10429.8
2348.61	10424.9
2349.55	10421.5
2350.48	10419.9
2351.41	10415.9
2352.35	10404.2
2353.28	10390.6
2354.21	10372.5
2355.15	10357.5
2356.08	10348.1
2357.01	10340.6
2357.94	10336
2358.88	10333.5
2359.81	10334.5
2360.74	10332.1
2361.67	10319
2362.6	10294.5
2363.54	10288.6
2364.47	10296.8
2365.4	10304.9
2366.33	10308.5
2367.26	10310.2
2368.19	10298.4
2369.12	10277.1
2370.05	10256
2370.98	10240.4
2371.91	10231.1
2372.84	10232.6
2373.77	10239.5
2374.7	10246.1
2375.63	10253.8
2376.56	10247.6
2377.49	10225
2378.42	10205.9
2379.35	10182.8
2380.28	10168.7
2381.21	10155
2382.14	10154.8
2383.07	10165.1
2384	10173.2
2384.92	10159.3
2385.85	10153.5
2386.78	10147.3
2387.71	10140.6
2388.64	10133.2
2389.56	10124.5
2390.49	10122.2
2391.42	10136.3
2392.35	10146.6
2393.27	10136
2394.2	10012.5
2395.13	10047.7
2396.05	10054.2
2396.98	10077
2397.91	10142.8
2398.83	10089.2
2399.76	10059.4
2400.69	10041.6
2401.61	10021
2402.54	10028
2403.46	10023.4
2404.39	10020
2405.31	10018.5
2406.24	10020.3
2407.17	10021.1
2408.09	10016
2409.01	10006.9
2409.94	9993.82
2410.86	9984.07
2411.79	9974.95
2412.71	9966.78
2413.64	9958.95
2414.56	9956.02
2415.49	9952.91
2416.41	9944.49
2417.33	9934.72
2418.26	9920.37
2419.18	9905.31
2420.1	9890.94
2421.03	9877.15
2421.95	9861.98
2422.87	9847.53
2423.79	9834.01
2424.72	9828.96
2425.64	9834.41
2426.56	9832.4
2427.48	9820.1
2428.41	9805.23
2429.33	9790.61
2430.25	9774.7
2431.17	9758.07
2432.09	9742.95
2433.01	9733.03
2433.93	9730.41
2434.86	9723.81
2435.78	9716.49
2436.7	9708.38
2437.62	9700.63
2438.54	9691.67
2439.46	9680.61
2440.38	9663.76
2441.3	9647.31
2442.22	9633.77
2443.14	9625.02
2444.06	9619.98
2444.98	9619.66
2445.9	9623.04
2446.82	9608.63
2447.73	9595.73
2448.65	9568.1
2449.57	9547.49
2450.49	9529.34
2451.41	9511.24
2452.33	9502.62
2453.25	9497.42
2454.17	9494.21
2455.08	9491.71
2456	9488.54
2456.92	9483.62
2457.84	9472.53
2458.75	9462.22
2459.67	9451.32
2460.59	9439.3
2461.51	9426.67
2462.42	9415.34
2463.34	9408.13
2464.26	9405.93
2465.17	9407.14
2466.09	9407.34
2467	9405
2467.92	9400.66
2468.84	9393.25
2469.75	9382.98
2470.67	9370.48
2471.58	9358.71
2472.5	9348.52
2473.42	9340.21
2474.33	9333.7
2475.25	9328.66
2476.16	9325.39
2477.08	9323.5
2477.99	9323.48
2478.9	9315
2479.82	9298.73
2480.73	9285.84
2481.65	9279.6
2482.56	9274.1
2483.47	9265.6
2484.39	9269.42
2485.3	9265.4
2486.22	9253.05
2487.13	9228.22
2488.04	9209.37
2488.96	9205.58
2489.87	9205.08
2490.78	9209.04
2491.69	9203.8
2492.61	9189
2493.52	9178.44
2494.43	9170.18
2495.34	9169.62
2496.25	9168.1
2497.17	9174.91
2498.08	9185.05
2498.99	9195.54
2499.9	9203.88
2500.81	9184.62
2501.72	9155.34
2502.63	9125.43
2503.55	9098.79
2504.46	9085.71
2505.37	9079.4
2506.28	9080.99
2507.19	9092.12
2508.1	9113.9
2509.01	9131.94
2509.92	9144.19
2510.83	9144.78
2511.74	9138.71
2512.65	9132.17
2513.56	9122.35
2514.47	9112.26
2515.37	9100.67
2516.28	9087.49
2517.19	9072.5
2518.1	9055.92
2519.01	9037.37
2519.92	9017.98
2520.83	9004.01
2521.73	9005.53
2522.64	9002.93
2523.55	9003.39
2524.46	9004.11
2525.37	9004.72
2526.27	9003.32
2527.18	9002.05
2528.09	8999.42
2529	8996.21
2529.9	8991.92
2530.81	8983.98
2531.72	8971.4
2532.62	8948.01
2533.53	8921.05
2534.44	8914.59
2535.34	8907.41
2536.25	8924.33
2537.15	8925.65
2538.06	8923.88
2538.96	8915.47
2539.87	8906.38
2540.78	8897.74
2541.68	8889.61
2542.59	8882.36
2543.49	8875.19
2544.4	8869.43
2545.3	8874.51
2546.21	8887.04
2547.11	8879.32
2548.01	8856.21
2548.92	8818.81
2549.82	8786.2
2550.73	8772.55
2551.63	8758.33
2552.53	8748.06
2553.44	8741.4
2554.34	8739
2555.24	8739.6
2556.15	8735.26
2557.05	8732.85
2557.95	8719.53
2558.86	8707.58
2559.76	8695.67
2560.66	8683.89
2561.56	8672.76
2562.46	8671.17
2563.37	8664.94
2564.27	8649.36
2565.17	8629.16
2566.07	8610.94
2566.97	8595.5
2567.88	8584.43
2568.78	8574.39
2569.68	8566.36
2570.58	8560.96
2571.48	8557.34
2572.38	8556.01
2573.28	8556.31
2574.18	8558.55
2575.08	8560.91
2575.98	8549.69
2576.88	8538.07
2577.78	8518.91
2578.68	8506.04
2579.58	8491.73
2580.48	8481.74
2581.38	8471.86
2582.28	8464.98
2583.18	8462.21
2584.08	8465.18
2584.98	8479.65
2585.88	8485.27
2586.77	8476.23
2587.67	8465.59
2588.57	8447.89
2589.47	8429.32
2590.37	8409.1
2591.27	8391.36
2592.16	8378.58
2593.06	8369.98
2593.96	8368.11
2594.86	8358.85
2595.75	8350.09
2596.65	8332.18
2597.55	8318.06
2598.45	8306.43
2599.34	8297.81
2600.24	8298.89
2601.13	8293.14
2602.03	8287.91
2602.93	8282.77
2603.82	8277.6
2604.72	8272.07
2605.62	8266.12
2606.51	8259.57
2607.41	8252.09
2608.3	8243.32
2609.2	8232.23
2610.09	8215.53
2610.99	8203.35
2611.88	8202.19
2612.78	8201.34
2613.67	8203.5
2614.57	8198.48
2615.46	8186.7
2616.36	8173.38
2617.25	8156.47
2618.14	8143.14
2619.04	8130.86
2619.93	8120.41
2620.83	8111.13
2621.72	8102.17
2622.61	8094.51
2623.5	8087.18
2624.4	8082.29
2625.29	8084.92
2626.18	8085.81
2627.08	8085.64
2627.97	8084.43
2628.86	8082.2
2629.75	8073.37
2630.65	8065.29
2631.54	8055.19
2632.43	8043.15
2633.32	8029.13
2634.21	8013.15
2635.11	7994.96
2636	7973.11
2636.89	7948.87
2637.78	7923.55
2638.67	7899.74
2639.56	7890.3
2640.45	7894.68
2641.34	7894.22
2642.23	7898.93
2643.12	7905.05
2644.01	7911.25
2644.9	7918.43
2645.79	7907.32
2646.68	7892.68
2647.57	7867.48
2648.46	7848.66
2649.35	7847.6
2650.24	7862.84
2651.13	7899.94
2652.02	7834.65
2652.91	7800.95
2653.8	7782.21
2654.69	7774.23
2655.58	7768.18
2656.46	7761.84
2657.35	7757.31
2658.24	7754.87
2659.13	7752.45
2660.02	7749.67
2660.9	7746.44
2661.79	7742.27
2662.68	7738.14
2663.57	7733.38
2664.45	7728.17
2665.34	7722.25
2666.23	7715.32
2667.11	7706.76
2668	7695.51
2668.89	7686.01
2669.77	7676.8
2670.66	7669.13
2671.55	7665.97
2672.43	7670.47
2673.32	7678.22
2674.21	7686.63
2675.09	7688.5
2675.98	7685.56
2676.86	7678.47
2677.75	7659.58
2678.63	7639.51
2679.52	7618.12
2680.4	7599.39
2681.29	7579.83
2682.17	7553.49
2683.06	7533.48
2683.94	7517.64
2684.82	7507.12
2685.71	7498.32
2686.59	7504.37
2687.48	7515.9
2688.36	7543.14
2689.24	7518.78
2690.13	7487.43
2691.01	7474.88
2691.89	7462.01
2692.78	7447.75
2693.66	7429.77
2694.54	7415.62
2695.43	7405.84
2696.31	7400.11
2697.19	7397.13
2698.07	7399.73
2698.96	7395.57
2699.84	7387.86
2700.72	7375.92
2701.6	7367.82
2702.48	7360.29
2703.36	7354.53
2704.25	7348.94
2705.13	7343.46
2706.01	7337.85
2706.89	7332.37
2707.77	7325.94
2708.65	7318.27
2709.53	7309.59
2710.41	7302.85
2711.29	7298.63
2712.17	7296.5
2713.05	7296.58
2713.93	7294.18
2714.81	7290.16
2715.69	7285.52
2716.57	7279.79
2717.45	7274.2
2718.33	7263.89
2719.21	7245.24
2720.09	7225.83
2720.97	7211.34
2721.85	7214.2
2722.73	7217.88
2723.61	7222.35
2724.48	7227.85
2725.36	7233.48
2726.24	7227.45
2727.12	7208.63
2728	7189.69
2728.88	7171.23
2729.75	7153.74
2730.63	7140.64
2731.51	7137.06
2732.39	7133.97
2733.26	7134.43
2734.14	7135.5
2735.02	7131.96
2735.89	7129.59
2736.77	7118.58
2737.65	7106.72
2738.52	7109.11
2739.4	7113.07
2740.28	7124.18
2741.15	7127.86
2742.03	7122.63
2742.9	7108.39
2743.78	7086.07
2744.65	7066.73
2745.53	7049.56
2746.41	7034.16
2747.28	7020
2748.16	7006.34
2749.03	7008.92
2749.91	7015.12
2750.78	7019.3
2751.66	7020.51
2752.53	7013.88
2753.4	7004.22
2754.28	6994.44
2755.15	6985.41
2756.02	6974.37
2756.9	6972.61
2757.77	6968.63
2758.65	6962.23
2759.52	6949.19
2760.39	6936.53
2761.27	6928.48
2762.14	6918.45
2763.01	6920.52
2763.88	6920.35
2764.76	6918.3
2765.63	6916.02
2766.5	6912.36
2767.37	6907.08
2768.25	6900.22
2769.12	6892.47
2769.99	6883.33
2770.86	6875.42
2771.73	6872.9
2772.61	6869.96
2773.48	6863.82
2774.35	6855.02
2775.22	6845.54
2776.09	6835.62
2776.96	6825.04
2777.83	6814.07
2778.7	6804.76
2779.57	6796.78
2780.44	6789.97
2781.31	6783.81
2782.18	6778.87
2783.05	6774.52
2783.92	6770.43
2784.79	6766
2785.66	6760.51
2786.53	6754.45
2787.4	6747.29
2788.27	6739.38
2789.14	6731.05
2790.01	6721.84
2790.88	6716.75
2791.75	6728.38
2792.62	6736.07
2793.48	6723.19
2794.35	6711.63
2795.22	6701.28
2796.09	6692.74
2796.96	6686.14
2797.82	6692.89
2798.69	6691.26
2799.56	6680.63
2800.43	6673.86
2801.29	6659.58
2802.16	6649.31
2803.03	6642.68
2803.9	6637.83
2804.76	6633.87
2805.63	6626.76
2806.5	6614.67
2807.36	6599.24
2808.23	6580.5
2809.09	6565.83
2809.96	6558.41
2810.83	6572.28
2811.69	6573.19
2812.56	6567.3
2813.42	6567.93
2814.29	6564.66
2815.15	6560.41
2816.02	6554.59
2816.88	6550.61
2817.75	6541.82
2818.61	6525.97
2819.48	6511.11
2820.34	6496.11
2821.21	6481.28
2822.07	6496.43
2822.94	6483.12
2823.8	6471.37
2824.66	6456.48
2825.53	6451.05
2826.39	6447.16
2827.26	6444.41
2828.12	6443.74
2828.98	6445.09
2829.85	6448.66
2830.71	6453.5
2831.57	6457.83
2832.43	6462.89
2833.3	6458.69
2834.16	6445.54
2835.02	6422.46
2835.88	6399.52
2836.75	6377.88
2837.61	6367.9
2838.47	6356.76
2839.33	6359.4
2840.19	6366
2841.06	6363.8
2841.92	6356.81
2842.78	6344.81
2843.64	6333.47
2844.5	6324.73
2845.36	6322.49
2846.22	6322.99
2847.08	6325.46
2847.94	6329.64
2848.81	6332.76
2849.67	6333.36
2850.53	6328.55
2851.39	6318.24
2852.25	6301.99
2853.11	6278.8
2853.97	6262.74
2854.82	6273.33
2855.68	6298.55
2856.54	6309.68
2857.4	6300.56
2858.26	6288.83
2859.12	6282.85
2859.98	6276.73
2860.84	6269.75
2861.7	6262.11
2862.56	6253.83
2863.41	6244.56
2864.27	6234.98
2865.13	6222.24
2865.99	6206.5
2866.85	6191.14
2867.7	6185.38
2868.56	6194.93
2869.42	6198.93
2870.28	6200.03
2871.13	6193.52
2871.99	6165.72
2872.85	6145.12
2873.7	6148.01
2874.56	6144.95
2875.42	6145.21
2876.27	6148.68
2877.13	6154.91
2877.99	6165
2878.84	6171.81
2879.7	6166.51
2880.56	6151.76
2881.41	6137.07
2882.27	6122.49
2883.12	6109.9
2883.98	6101.72
2884.83	6099.89
2885.69	6089.39
2886.54	6081.87
2887.4	6073.55
2888.25	6058.82
2889.11	6040.28
2889.96	6028.5
2890.82	6029.18
2891.67	6032.06
2892.52	6036.61
2893.38	6039.43
2894.23	6038.97
2895.09	6036.47
2895.94	6034.06
2896.79	6024.96
2897.65	6013.53
2898.5	6002.4
2899.35	5992.41
2900.21	5989.26
2901.06	5992.87
2901.91	5995.43
2902.76	5993.9
2903.62	5904.71
2904.47	5898.71
2905.32	5894.17
2906.17	5888.43
2907.03	5884.64
2907.88	5883.24
2908.73	5887.01
2909.58	5892.95
2910.43	5893.25
2911.28	5884.91
2912.14	5870.72
2912.99	5866.23
2913.84	5873.79
2914.69	5871
2915.54	5865.33
2916.39	5855.34
2917.24	5845.28
2918.09	5835.46
2918.94	5826.25
2919.79	5817.71
2920.64	5809.44
2921.49	5802.06
2922.34	5797.35
2923.19	5794.22
2924.04	5796.31
2924.89	5795.4
2925.74	5792.08
2926.59	5780.48
2927.44	5767.12
2928.29	5752.99
2929.14	5738.17
2929.98	5722.4
2930.83	5714.48
2931.68	5718.4
2932.53	5736.98
2933.38	5749.56
2934.23	5751.71
2935.07	5742.14
2935.92	5730.97
2936.77	5716.25
2937.62	5699.6
2938.47	5681.67
2939.31	5662.65
2940.16	5657.56
2941.01	5660.86
2941.85	5660.29
2942.7	5662.91
2943.55	5659.5
2944.39	5656.79
2945.24	5659.75
2946.09	5657.65
2946.93	5647.01
2947.78	5628.63
2948.63	5617.3
2949.47	5601.29
2950.32	5584.82
2951.16	5571.71
2952.01	5559.13
2952.85	5550.16
2953.7	5549.26
2954.55	5552.05
2955.39	5557.29
2956.24	5561.38
2957.08	5564.65
2957.92	5566.82
2958.77	5569.04
2959.61	5572.3
2960.46	5563.71
2961.3	5543.66
2962.15	5526.4
2962.99	5518.68
2963.83	5516.96
2964.68	5513.84
2965.52	5511.2
2966.37	5509.96
2967.21	5509.32
2968.05	5510.48
2968.9	5512.23
2969.74	5514.58
2970.58	5516.1
2971.42	5505.69
2972.27	5491.49
2973.11	5477.46
2973.95	5460.48
2974.79	5439.06
2975.64	5420.81
2976.48	5410.33
2977.32	5407.85
2978.16	5408.21
2979	5409.99
2979.85	5409.29
2980.69	5409.17
2981.53	5408.89
2982.37	5407.52
2983.21	5406.03
2984.05	5405.05
2984.89	5405.2
2985.73	5406.36
2986.57	5408.72
2987.41	5407.66
2988.25	5398.19
2989.1	5393.26
2989.94	5387.5
2990.77	5383.91
2991.62	5379.92
2992.45	5380
2993.29	5379.4
2994.13	5376.65
2994.97	5372.18
2995.81	5361.38
2996.65	5360.9
2997.49	5367.35
2998.33	5388.14
2999.17	5327.9
