200.833	18761.8
202.102	18794.2
203.371	18807
204.639	18861.2
205.907	18866.8
207.175	18854
208.442	18834
209.71	18822.2
210.977	18817.7
212.244	18821.1
213.511	18830.7
214.777	18847.5
216.042	18870.8
217.309	18900
218.575	18932
219.84	18963.6
221.106	18993.2
222.371	19017
223.635	19061.4
224.9	19102.2
226.165	19155.3
227.429	19211.5
228.694	19267.9
229.956	19324.3
231.22	19379.6
232.484	19420.9
233.747	19457.3
235.011	19487.7
236.272	19512.3
237.535	19532.2
238.798	19544.8
240.06	19565.9
241.321	19596.1
242.583	19624.1
243.845	19657.8
245.105	19690.9
246.367	19720
247.628	19746.3
248.888	19769
250.149	19788.3
251.409	19793.2
252.67	19794.8
253.928	19793
255.189	19776.7
256.447	19821.3
257.707	19841.3
258.966	19850.7
260.224	19852.1
261.483	19857
262.742	19864.7
263.999	19875
265.257	19887.3
266.514	19902.8
267.772	19920.8
269.028	19941.4
270.286	19962.9
271.543	19972.1
272.799	19995
274.056	20017.8
275.311	20045.7
276.568	20075.5
277.823	20106
279.079	20136.5
280.333	20171.6
281.589	20205.5
282.843	20234.9
284.099	20261.6
285.352	20285.8
286.607	20306.5
287.86	20323.1
289.114	20331.8
290.368	20335.6
291.621	20342.8
292.875	20360.8
294.127	20396.4
295.38	20424.1
296.632	20448.3
297.884	20467.1
299.137	20476.5
300.388	20481.6
301.641	20482.3
302.891	20480.6
304.142	20481.9
305.394	20481.4
306.644	20485.9
307.894	20487
309.146	20554.3
310.395	20616.8
311.645	20568.9
312.895	20574.5
314.144	20500.9
315.393	20552.8
316.642	20566.7
317.892	20581.5
319.14	20586.2
320.388	20595.2
321.637	20608.4
322.885	20625.6
324.132	20646.8
325.38	20671.4
326.628	20698.7
327.875	20736.5
329.122	20781.2
330.368	20833.6
331.614	20867.9
332.862	20886.9
334.108	20896.9
335.353	20898.9
336.599	20892.9
337.844	20878.3
339.089	20859.4
340.335	20870
341.58	20891.3
342.824	20919.4
344.068	20963.7
345.312	20992.9
346.556	21016
347.8	21037.8
349.043	21053.2
350.286	21041.9
351.53	21033.2
352.774	21035
354.016	21045.3
355.259	21065.3
356.501	21092
357.743	21095.9
358.985	21098.5
360.227	21100.8
361.468	21102.6
362.709	21104.4
363.95	21105.6
365.191	21107.7
366.432	21111.3
367.672	21116.6
368.912	21125
370.152	21135.4
371.392	21147.9
372.632	21162.1
373.871	21178
375.11	21194
376.348	21208.2
377.587	21221
378.825	21231.9
380.064	21240.3
381.302	21246.1
382.54	21248.6
383.778	21246.9
385.016	21242.8
386.253	21239.6
387.489	21242.4
388.726	21261.7
389.963	21279.2
391.199	21316.5
392.436	21367.7
393.672	21414.1
394.907	21448.5
396.142	21455.9
397.378	21443.2
398.614	21433.3
399.849	21415.6
401.082	21406.9
402.317	21399.7
403.552	21408.1
404.786	21442.5
406.019	21482
407.253	21511.3
408.487	21530.9
409.721	21538.3
410.953	21535.5
412.186	21537.2
413.419	21542.2
414.651	21548.8
415.883	21564
417.116	21588
418.347	21599.1
419.579	21596.6
420.811	21591.5
422.041	21583
423.272	21572.3
424.504	21565.5
425.733	21561.8
426.964	21559.9
428.194	21559.8
429.424	21559
430.654	21568.9
431.883	21612.3
433.113	21653.3
434.341	21694.2
435.571	21712.9
436.799	21713.4
438.028	21713.3
439.257	21713.1
440.484	21715.4
441.713	21718.8
442.94	21722.1
444.168	21725.1
445.394	21726.6
446.622	21727.8
447.848	21727.8
449.076	21727.3
450.301	21724.4
451.528	21730.7
452.754	21752.7
453.979	21777.9
455.205	21790.9
456.43	21798.3
457.656	21807.8
458.88	21788.6
460.106	21795.7
461.33	21809.3
462.554	21823.6
463.779	21837.5
465.002	21850.9
466.225	21862.8
467.45	21875.1
468.672	21886.1
469.895	21899
471.119	21905
472.341	21874.5
473.563	21845
474.786	21800.7
476.008	21777.8
477.229	21765.5
478.452	21763
479.673	21769.9
480.894	21786.4
482.115	21799.3
483.337	21806.8
484.557	21814.6
485.777	21803.1
486.997	21785.1
488.218	21772.1
489.438	21760.9
490.657	21747.4
491.876	21736.4
493.096	21726.7
494.315	21720
495.533	21716.5
496.752	21720.4
497.97	21756.1
499.188	21777.4
500.407	21734.6
501.625	21720.1
502.842	21706.3
504.059	21700.4
505.276	21743.1
506.493	21777.6
507.71	21793.4
508.926	21800.8
510.142	21803.9
511.358	21803.9
512.575	21801.4
513.791	21801.8
515.006	21810.3
516.222	21823.6
517.437	21830.4
518.651	21828.1
519.866	21826.7
521.081	21827.6
522.295	21830.2
523.509	21833.6
524.723	21838.6
525.937	21845.3
527.15	21854.3
528.363	21866
529.576	21880.9
530.789	21901.1
532.002	21925.1
533.215	21953.2
534.426	21986.9
535.638	22021.8
536.85	22035.2
538.061	22033.6
539.273	22027.2
540.484	22001.9
541.695	21987.5
542.906	21978.1
544.117	21973.3
545.327	21975.1
546.537	21983.4
547.747	21997.5
548.957	22017.1
550.167	22042.9
551.377	22071.7
552.585	22082.8
553.794	22078.7
555.003	22059.9
556.212	22027.1
557.421	22014.5
558.628	21996.4
559.836	21988.2
561.044	22000.8
562.252	22031.8
563.458	22057.2
564.666	22056
565.873	22043.7
567.08	22034.1
568.286	22029.2
569.493	22027.7
570.699	22028
571.904	22030.3
573.111	22036.2
574.317	22044.3
575.521	22055.3
576.727	22066.9
577.932	22074.8
579.136	22080
580.341	22081.8
581.544	22081.2
582.749	22077.6
583.954	22071.4
585.156	22062.1
586.361	22050.8
587.563	22040.4
588.767	22031.5
589.97	22027.9
591.172	22026.3
592.375	22030.1
593.577	22046.6
594.78	22057.4
595.981	22071.6
597.183	22086.9
598.384	22110.2
599.586	22102.2
600.786	22091.1
601.988	22047.1
603.188	22006.3
604.389	21981.9
605.589	21969.4
606.79	21972.5
607.989	21971.9
609.188	21970.9
610.389	21963.7
611.587	21927.1
612.787	21924.4
613.986	21923.2
615.184	21919.2
616.383	21914.4
617.581	21908.3
618.78	21891.6
619.977	21870.7
621.174	21835.2
622.373	21820.3
623.57	21835.2
624.766	21849.2
625.964	21851.1
627.16	21849.2
628.356	21841.5
629.554	21826.8
630.749	21804.1
631.945	21775.2
633.14	21739.5
634.337	21700.2
635.532	21701.7
636.726	21720.8
637.921	21726.2
639.117	21731.4
640.311	21735.8
641.505	21737.3
642.699	21734.8
643.892	21728.5
645.087	21718.7
646.28	21705.7
647.473	21688.4
648.666	21689.8
649.859	21689.1
651.051	21696.4
652.245	21744.5
653.437	21746.9
654.629	21740.7
655.821	21715.3
657.012	21708.3
658.204	21721.4
659.395	21741.3
660.586	21766
661.777	21791.3
662.967	21798.9
664.158	21791.6
665.349	21767.4
666.539	21731.9
667.729	21725.5
668.919	21735.4
670.109	21758.1
671.298	21799.8
672.487	21828.4
673.676	21846.9
674.865	21845.7
676.053	21831.6
677.242	21823.2
678.43	21815
679.616	21806.5
680.804	21800.3
681.992	21794.7
683.179	21790
684.366	21786.3
685.554	21783.4
686.74	21781.5
687.927	21780.5
689.114	21780
690.3	21779.4
691.486	21774.8
692.671	21757.6
693.856	21754.3
695.042	21751.6
696.227	21746.8
697.413	21740.9
698.598	21734
699.781	21725
700.966	21713.1
702.15	21700.5
703.334	21687.3
704.518	21671.2
705.701	21654.5
706.885	21634.1
708.068	21611.3
709.252	21591.7
710.433	21579.1
711.616	21657.3
712.799	21663.9
713.98	21611.2
715.163	21580.4
716.345	21552.9
717.527	21531
718.707	21517.3
719.889	21550.7
721.071	21562.1
722.25	21570.5
723.432	21575.9
724.611	21577.3
725.792	21575.2
726.972	21573.8
728.151	21570.7
729.332	21584.1
730.512	21584.2
731.69	21583.8
732.87	21582.6
734.048	21569.1
735.227	21600.1
736.405	21638.4
737.584	21659.7
738.761	21669.4
739.94	21676.5
741.117	21683.7
742.295	21690
743.471	21691.9
744.649	21693.5
745.825	21692
747.003	21690.6
748.179	21689.2
749.356	21689.9
750.531	21694.8
751.708	21698.8
752.883	21701.4
754.059	21698.1
755.234	21684.5
756.409	21664.2
757.585	21636.8
758.759	21603.6
759.934	21591.2
761.108	21610.8
762.282	21636.5
763.456	21724.1
764.63	21663.7
765.803	21672.4
766.977	21669.1
768.15	21658.8
769.323	21638.3
770.496	21612.4
771.668	21586
772.841	21559.4
774.014	21542.7
775.185	21565.8
776.357	21567.5
777.528	21569
778.701	21547.7
779.872	21522.7
781.042	21489.9
782.213	21454.3
783.383	21422.3
784.555	21403.5
785.725	21391.9
786.895	21384.6
788.064	21382.7
789.234	21384.6
790.404	21392.5
791.573	21382.5
792.742	21377.2
793.911	21353.3
795.08	21321.9
796.248	21297.7
797.416	21279.8
798.584	21271.8
799.753	21279.8
800.921	21298.8
802.088	21308.3
803.256	21268.6
804.423	21254.6
805.59	21254.5
806.756	21252.2
807.923	21266.6
809.089	21282.1
810.256	21300.8
811.422	21319.8
812.587	21316.2
813.753	21319.8
814.918	21327.8
816.084	21342.6
817.249	21351.4
818.414	21349.8
819.578	21356.5
820.743	21347.2
821.907	21329.3
823.072	21326.6
824.236	21335.1
825.399	21358.4
826.562	21411.9
827.725	21433
828.889	21421.5
830.052	21381.2
831.215	21359.8
832.377	21333.2
833.54	21314.7
834.701	21298.4
835.863	21338.3
837.025	21339.8
838.187	21340.1
839.349	21337.1
840.51	21333.5
841.67	21329.1
842.831	21324.3
843.992	21320
845.153	21316.2
846.312	21313.7
847.473	21313.7
848.633	21316.4
849.793	21321.6
850.951	21327.5
852.111	21325.4
853.27	21310.5
854.428	21294.9
855.588	21276.1
856.747	21256.4
857.904	21236.2
859.063	21217.9
860.221	21201.4
861.378	21184.7
862.536	21168
863.694	21150.9
864.85	21133.7
866.008	21116.7
867.164	21100.1
868.321	21084.1
869.478	21068.9
870.633	21054.9
871.79	21042
872.945	21031
874.101	21024.8
875.256	21024.6
876.412	21016
877.566	21002.6
878.722	20979.5
879.876	20957
881.031	20927
882.185	20904.3
883.34	20879.9
884.493	20859.4
885.647	20852.7
886.8	20848.7
887.954	20846.1
889.107	20844.1
890.261	20841.2
891.413	20837.4
892.565	20828.2
893.718	20823
894.87	20819.4
896.023	20818.5
897.174	20821.7
898.326	20826.5
899.478	20832.2
900.629	20839.9
901.779	20849.1
902.931	20855.3
904.081	20854.5
905.231	20853.5
906.383	20856.5
907.532	20861.6
908.682	20868.7
909.831	20877.2
910.982	20885.2
912.131	20886.7
913.28	20881.2
914.429	20867.1
915.578	20852.8
916.727	20833.7
917.875	20817.3
919.023	20821.6
920.171	20844
921.32	20875.9
922.467	20909.7
923.614	20937.5
924.761	20955.2
925.908	20955.3
927.055	20961.8
928.203	20942.4
929.349	20917.8
930.496	20880.3
931.642	20886.2
932.787	20892.4
933.933	20883.8
935.079	20875.1
936.224	20866.3
937.369	20857.1
938.514	20847.1
939.659	20837
940.804	20826.8
941.948	20816.6
943.092	20806.3
944.236	20795.8
945.38	20786
946.524	20777.6
947.667	20773
948.811	20765.3
949.954	20753.7
951.097	20730.9
952.24	20713.5
953.383	20697.8
954.525	20682.8
955.667	20674.9
956.81	20671.4
957.952	20670
959.093	20671.2
960.235	20674
961.376	20677.5
962.516	20672.3
963.658	20663.7
964.798	20653
965.939	20642.1
967.08	20629.9
968.22	20616
969.359	20601.4
970.499	20586.5
971.639	20572.7
972.779	20560
973.918	20547.7
975.056	20531.1
976.195	20497.9
977.334	20444.9
978.473	20465.7
979.61	20526.3
980.749	20568.4
981.887	20532.8
983.024	20531
984.162	20529.7
985.3	20528.1
986.437	20526.9
987.573	20526
988.711	20526
989.848	20529.3
990.983	20534.3
992.12	20541.1
993.255	20549.4
994.392	20559.4
995.528	20570.6
996.662	20581.1
997.798	20589.8
998.933	20595.9
1000.07	20600.2
1001.2	20602.2
1002.34	20601.3
1003.47	20597.2
1004.61	20580.8
1005.74	20559
1006.87	20537.7
1008.01	20522.6
1009.14	20509.7
1010.27	20504.7
1011.41	20504.4
1012.54	20508.7
1013.67	20517
1014.81	20530.7
1015.94	20546
1017.07	20549.8
1018.2	20531.9
1019.33	20491.7
1020.47	20468.7
1021.6	20447.5
1022.73	20428.4
1023.86	20410
1024.99	20420.3
1026.12	20443.3
1027.25	20452
1028.38	20450.9
1029.51	20441.8
1030.64	20423.1
1031.77	20399.2
1032.9	20371.2
1034.03	20349.4
1035.16	20329.9
1036.29	20318.9
1037.42	20315.9
1038.55	20327
1039.67	20329.9
1040.8	20322.6
1041.93	20304.8
1043.06	20281.5
1044.19	20250.2
1045.31	20227.1
1046.44	20214.8
1047.57	20205.1
1048.69	20194.6
1049.82	20184.5
1050.95	20174.7
1052.08	20164.8
1053.2	20140.2
1054.33	20114.8
1055.45	20090.9
1056.58	20106.8
1057.7	20111.3
1058.83	20102.6
1059.95	20090.9
1061.08	20077.8
1062.2	20066.3
1063.33	20057.2
1064.45	20050.8
1065.58	20047
1066.7	20044
1067.83	20046.4
1068.95	20055.5
1070.07	20067.2
1071.2	20068.3
1072.32	20052.8
1073.44	20037.7
1074.56	20027.5
1075.69	20022.9
1076.81	20023.7
1077.93	20027
1079.05	20033.8
1080.17	20043.8
1081.3	20057
1082.42	20037.2
1083.54	20026.2
1084.66	20016.6
1085.78	20010.6
1086.9	20020.7
1088.02	20029.3
1089.14	20034.4
1090.26	20038.8
1091.38	20039.3
1092.5	20038.3
1093.62	20035.1
1094.74	20029.8
1095.86	20022.8
1096.98	20006.3
1098.1	19999.9
1099.22	20007.6
1100.34	20030
1101.45	20044.8
1102.57	20042.1
1103.69	20022.2
1104.81	19985.7
1105.93	19975.2
1107.04	19984
1108.16	19984.5
1109.28	20035.5
1110.4	20012.9
1111.51	19981
1112.63	19946.9
1113.75	19907
1114.86	19863
1115.98	19842.7
1117.09	19835
1118.21	19828.9
1119.32	19820.1
1120.44	19812
1121.55	19802.6
1122.67	19793
1123.78	19782.7
1124.9	19771.9
1126.01	19760.5
1127.13	19748.6
1128.24	19736.1
1129.35	19723.1
1130.47	19709.8
1131.58	19696.5
1132.7	19678.2
1133.81	19658.1
1134.92	19628.8
1136.03	19592.3
1137.15	19562.8
1138.26	19540.4
1139.37	19521
1140.48	19503.4
1141.59	19489.7
1142.71	19477.4
1143.82	19467.9
1144.93	19459.7
1146.04	19446.7
1147.15	19424.6
1148.26	19398.6
1149.37	19382.5
1150.48	19361.5
1151.59	19342.1
1152.7	19348.5
1153.81	19362.6
1154.92	19376.9
1156.03	19386.5
1157.14	19385.1
1158.25	19368.4
1159.36	19340.1
1160.47	19334.3
1161.58	19326.4
1162.68	19320.8
1163.79	19313.4
1164.9	19304.4
1166.01	19293.5
1167.12	19285.6
1168.22	19281.3
1169.33	19279.9
1170.44	19285.6
1171.55	19293
1172.65	19303.2
1173.76	19315.1
1174.87	19331.6
1175.97	19350.6
1177.08	19367.6
1178.18	19379
1179.29	19372.7
1180.4	19340.9
1181.5	19331.4
1182.61	19317.7
1183.71	19313.5
1184.82	19321.7
1185.92	19331.2
1187.02	19340.9
1188.13	19338.2
1189.23	19330.7
1190.34	19323.3
1191.44	19315.6
1192.54	19307.1
1193.65	19297.9
1194.75	19289.8
1195.85	19288.2
1196.96	19286.9
1198.06	19290.4
1199.16	19299.7
1200.26	19316.9
1201.37	19332.1
1202.47	19335.5
1203.57	19333.5
1204.67	19326.2
1205.77	19318
1206.87	19314.2
1207.97	19310.5
1209.08	19306.4
1210.18	19302.5
1211.28	19298.7
1212.38	19293.7
1213.48	19288.1
1214.58	19281.1
1215.68	19271.5
1216.78	19264.7
1217.88	19263.4
1218.98	19279.8
1220.07	19272
1221.17	19241.4
1222.27	19207.4
1223.37	19183.9
1224.47	19173.2
1225.57	19167.2
1226.66	19160.5
1227.76	19153.6
1228.86	19151.9
1229.96	19150.8
1231.06	19149.1
1232.15	19142.2
1233.25	19128
1234.35	19100.7
1235.44	19084.1
1236.54	19070
1237.63	19054.8
1238.73	19039.9
1239.83	19025.6
1240.92	19008.8
1242.02	18991.7
1243.11	18974.6
1244.21	18958.6
1245.3	18943.5
1246.4	18929.7
1247.49	18919.9
1248.59	18910.4
1249.68	18902.2
1250.78	18895.7
1251.87	18889.8
1252.96	18881.4
1254.06	18870.2
1255.15	18854.8
1256.24	18838.2
1257.34	18832
1258.43	18836.3
1259.52	18849
1260.62	18864.5
1261.71	18876.4
1262.8	18878.4
1263.89	18874.7
1264.98	18866.6
1266.08	18857.4
1267.17	18847.9
1268.26	18845.6
1269.35	18847.7
1270.44	18849.3
1271.53	18851.3
1272.62	18854.6
1273.71	18858.6
1274.8	18863.7
1275.89	18865.9
1276.98	18867.3
1278.07	18863.6
1279.16	18859.4
1280.25	18860.5
1281.34	18863.5
1282.43	18865.8
1283.52	18871.2
1284.61	18879.5
1285.69	18886.9
1286.78	18886.4
1287.87	18881.5
1288.96	18879.3
1290.05	18874.8
1291.13	18872.1
1292.22	18870.4
1293.31	18869.8
1294.4	18871
1295.48	18874.1
1296.57	18875.7
1297.66	18872.9
1298.74	18865.2
1299.83	18856.6
1300.92	18847.5
1302	18840.6
1303.09	18834.4
1304.17	18828.8
1305.26	18823.9
1306.34	18820.2
1307.43	18817.4
1308.51	18815.7
1309.6	18815.3
1310.68	18818.7
1311.76	18823.2
1312.85	18829.8
1313.93	18836.5
1315.02	18842.6
1316.1	18844.4
1317.18	18827.8
1318.27	18806.6
1319.35	18785.1
1320.43	18782.8
1321.52	18779
1322.6	18773.3
1323.68	18766.5
1324.76	18758.3
1325.85	18746
1326.93	18728.5
1328.01	18706.7
1329.09	18684.9
1330.17	18669.7
1331.25	18656.1
1332.33	18644.7
1333.41	18636
1334.49	18632.6
1335.58	18612.1
1336.65	18594
1337.74	18592.1
1338.82	18593.8
1339.89	18594.8
1340.97	18603.1
1342.05	18608.7
1343.13	18606.5
1344.21	18597.6
1345.29	18583.5
1346.37	18559.3
1347.45	18555.4
1348.53	18561.1
1349.6	18570
1350.68	18564.1
1351.76	18557
1352.84	18550.3
1353.92	18544.9
1354.99	18542.5
1356.07	18539.8
1357.15	18532.6
1358.22	18537
1359.3	18577.4
1360.38	18511.1
1361.45	18508.8
1362.53	18491.2
1363.61	18499.4
1364.68	18538
1365.76	18563.2
1366.83	18549.4
1367.91	18536.8
1368.98	18534.5
1370.06	18531.8
1371.13	18523.3
1372.21	18514.6
1373.28	18507.7
1374.35	18502.9
1375.43	18505.5
1376.5	18512.3
1377.58	18513.9
1378.65	18511.6
1379.72	18503.5
1380.8	18498.3
1381.87	18490.6
1382.94	18479.9
1384.01	18466.8
1385.09	18452.8
1386.16	18434.9
1387.23	18416
1388.3	18396.7
1389.38	18378.7
1390.45	18370.7
1391.52	18370.9
1392.59	18383.3
1393.66	18408.4
1393.92	18413.7
1395	18449.3
1396.07	18477.6
1397.15	18426.7
1398.22	18415.6
1399.3	18403.1
1400.38	18389.7
1401.45	18377.8
1402.53	18365.9
1403.6	18361.8
1404.68	18353.5
1405.75	18345.9
1406.82	18337.3
1407.9	18330.1
1408.97	18322.8
1410.05	18319.2
1411.12	18319
1412.19	18322.7
1413.27	18326.6
1414.34	18318
1415.41	18299.1
1416.49	18284.4
1417.56	18256.5
1418.63	18244.2
1419.7	18231.8
1420.78	18233.4
1421.85	18232.4
1422.92	18231.7
1423.99	18234.1
1425.06	18220
1426.14	18203.6
1427.21	18189.2
1428.28	18177.4
1429.35	18170
1430.42	18164.9
1431.49	18185.5
1432.56	18188.1
1433.63	18191.8
1434.7	18184.2
1435.77	18159.8
1436.84	18122.4
1437.91	18103.7
1438.98	18095
1440.05	18081.4
1441.12	18127.6
1442.18	18112.9
1443.25	18105.9
1444.32	18094.3
1445.39	18084.6
1446.46	18067.8
1447.53	18048.9
1448.59	18033.6
1449.66	18035.9
1450.73	18050.4
1451.8	18061.6
1452.86	18074.1
1453.93	18079.6
1455	18079.1
1456.06	18075.9
1457.13	18063.1
1458.2	18051.8
1459.26	18041
1460.33	18031.4
1461.39	18023.1
1462.46	18015.6
1463.52	18008.8
1464.59	18002.9
1465.65	17997.5
1466.72	17993
1467.78	17988.1
1468.85	17983
1469.91	17976.6
1470.98	17974.1
1472.04	17990.2
1473.1	18011.5
1474.17	18029.6
1475.23	18048
1476.3	18052
1477.36	18044.9
1478.42	18022.4
1479.48	17991.7
1480.55	17966.2
1481.61	17944.9
1482.67	17927.7
1483.73	17914.4
1484.8	17904.3
1485.86	17898
1486.92	17893
1487.98	17889.1
1489.04	17884.9
1490.1	17880.6
1491.17	17875.6
1492.23	17868.6
1493.29	17858.2
1494.35	17844.9
1495.41	17834.3
1496.47	17829.9
1497.53	17829.8
1498.59	17833.6
1499.65	17840.5
1500.71	17851.2
1501.77	17868.9
1502.83	17880.8
1503.88	17873.3
1504.94	17843.1
1506	17804.3
1507.06	17776.4
1508.12	17761.5
1509.18	17741.2
1510.23	17718.6
1511.29	17697.7
1512.35	17679.8
1513.41	17668
1514.47	17659.9
1515.52	17655.5
1516.58	17656.3
1517.64	17664.2
1518.69	17672.7
1519.75	17680.5
1520.81	17679.2
1521.86	17676.7
1522.92	17669.8
1523.97	17661
1525.03	17650
1526.08	17637.6
1527.14	17621
1528.2	17604.5
1529.25	17589
1530.31	17574.2
1531.36	17571.7
1532.42	17572.9
1533.47	17575.8
1534.52	17578.7
1535.58	17577.3
1536.63	17576.7
1537.69	17572.8
1538.74	17567.7
1539.79	17561.8
1540.84	17556.4
1541.9	17551.3
1542.95	17550.6
1544	17556.4
1545.06	17560.8
1546.11	17564.2
1547.16	17547.1
1548.21	17526.2
1549.27	17510.2
1550.32	17496.2
1551.37	17486.9
1552.42	17481.9
1553.47	17482.8
1554.52	17488.3
1555.57	17500.9
1556.62	17492.1
1557.67	17482.3
1558.72	17472.9
1559.77	17466.8
1560.82	17467.7
1561.87	17473.4
1562.92	17470.9
1563.97	17458.9
1565.02	17443.1
1566.07	17417.7
1567.12	17397.8
1568.17	17386.5
1569.22	17381.1
1570.27	17381
1571.32	17385.7
1572.36	17396.3
1573.41	17411.7
1574.46	17430.9
1575.51	17453
1576.56	17463.8
1577.6	17467.5
1578.65	17463.4
1579.7	17451.3
1580.74	17434.2
1581.79	17415.3
1582.84	17399.9
1583.88	17384
1584.93	17368.6
1585.98	17354.1
1587.02	17340.5
1588.07	17328.2
1589.11	17317
1590.16	17307.6
1591.2	17299.5
1592.25	17292.6
1593.29	17287.2
1594.34	17283.2
1595.38	17280.4
1596.43	17279.5
1597.47	17279.5
1598.52	17280.9
1599.56	17282.9
1600.6	17279.9
1601.65	17267.9
1602.69	17244.6
1603.73	17221
1604.78	17201.1
1605.82	17185.1
1606.86	17168.3
1607.91	17152.3
1608.95	17137.2
1609.99	17122.9
1611.03	17109.3
1612.08	17096.1
1613.12	17083.3
1614.16	17071.4
1615.2	17060.7
1616.24	17052.7
1617.28	17045.5
1618.32	17037
1619.36	17027.3
1620.41	17013.3
1621.45	16992.4
1622.49	16971.2
1623.53	16947.4
1624.57	16927
1625.61	16909.6
1626.65	16895.1
1627.69	16881.4
1628.73	16868.7
1629.76	16857.2
1630.8	16846.4
1631.84	16838.7
1632.88	16832.8
1633.92	16831.1
1634.96	16836.6
1636	16842.3
1637.03	16847.8
1638.07	16837.9
1639.11	16829.7
1640.15	16810.6
1641.19	16795.6
1642.22	16774.3
1643.26	16750.1
1644.3	16726.9
1645.33	16708.6
1646.37	16695.5
1647.41	16685.2
1648.44	16678.5
1649.48	16675.4
1650.52	16675.8
1651.55	16680
1652.59	16687.7
1653.62	16695.6
1654.66	16700.8
1655.69	16710.7
1656.73	16709.3
1657.76	16692.5
1658.8	16671.5
1659.83	16653
1660.87	16635.2
1661.9	16619.8
1662.93	16606.7
1663.97	16594.3
1665	16584.3
1666.04	16576.1
1667.07	16570.1
1668.1	16566.8
1669.14	16567
1670.17	16578.4
1671.2	16587.8
1672.23	16593.4
1673.27	16595.2
1674.3	16582.9
1675.33	16569
1676.36	16544.4
1677.39	16513.3
1678.43	16503
1679.46	16500.2
1680.49	16545.7
1681.52	16478.5
1682.55	16455.7
1683.58	16477.1
1684.61	16484.5
1685.64	16528.3
1686.67	16504.2
1687.7	16503
1688.73	16446.2
1689.76	16398
1690.79	16354.9
1691.82	16320.6
1692.85	16344.4
1693.88	16437.7
1694.91	16429.3
1695.94	16413.2
1696.97	16404.5
1698	16380.9
1699.02	16370.2
1700.05	16360.5
1701.08	16350.1
1702.11	16342.1
1703.14	16335.5
1704.16	16331.6
1705.19	16331.8
1706.22	16336.5
1707.25	16343.8
1708.27	16347.5
1709.3	16340.6
1710.33	16318.7
1711.35	16283.8
1712.38	16227.6
1713.41	16182
1714.43	16156.6
1715.46	16144.4
1716.48	16145.8
1717.51	16135.1
1718.53	16124.4
1719.56	16114.7
1720.58	16106.7
1721.61	16101.1
1722.63	16097.3
1723.66	16097
1724.68	16104
1725.71	16112.6
1726.73	16121.7
1727.75	16129.1
1728.78	16131
1729.8	16108.1
1730.83	16080.6
1731.85	16049.5
1732.87	16018.9
1733.89	15997.8
1734.92	15982.2
1735.94	15970.1
1736.96	15962.3
1737.98	15958.9
1739.01	15959.8
1740.03	15961.7
1741.05	15960.5
1742.07	15950.1
1743.09	15933.9
1744.12	15908
1745.14	15882.1
1746.16	15863.1
1747.18	15848.4
1748.2	15837.9
1749.22	15831.1
1750.24	15828.1
1751.26	15829.3
1752.28	15834.5
1753.3	15829.1
1754.32	15816.2
1755.34	15811.9
1756.36	15809.9
1757.38	15809.8
1758.4	15810.4
1759.42	15811
1760.44	15807.2
1761.45	15800.5
1762.47	15784.4
1763.49	15757.1
1764.51	15740.5
1765.53	15740.7
1766.55	15738.5
1767.56	15737.5
1768.58	15741.1
1769.6	15738.6
1770.61	15720.2
1771.63	15694.3
1772.65	15675.9
1773.67	15658.7
1774.68	15644.5
1775.7	15630.3
1776.72	15616.5
1777.73	15603.7
1778.75	15591.5
1779.76	15579.9
1780.78	15569.1
1781.79	15558.8
1782.81	15549.6
1783.83	15541.2
1784.84	15533.6
1785.85	15525.1
1786.87	15508.2
1787.88	15491.2
1788.9	15483
1789.91	15482.9
1790.93	15492.7
1791.94	15502.7
1792.95	15508.7
1793.97	15514.7
1794.98	15506.7
1796	15498.9
1797.01	15471.8
1798.02	15417.8
1799.03	15392.5
1800.05	15379.4
1801.06	15382.7
1802.07	15399.9
1803.08	15396
1804.1	15365.5
1805.11	15230.9
1806.12	15283.7
1807.13	15342.6
1808.14	15354
1809.15	15339.9
1810.17	15333.4
1811.18	15287.7
1812.19	15241.4
1813.2	15237.5
1814.21	15237.8
1815.22	15233.5
1816.23	15225.6
1817.24	15214.7
1818.25	15206.3
1819.26	15197
1820.27	15170.7
1821.28	15128.6
1822.29	15068
1823.3	15074.9
1824.3	15101.5
1825.31	15093.6
1826.32	15077.3
1827.33	15067.8
1828.34	15070.4
1829.35	15068.4
1830.35	15066.3
1831.36	15062
1832.37	15064.7
1833.38	15061
1834.38	15030.3
1835.39	14983.3
1836.4	14925.5
1837.41	14974.2
1838.41	14998.4
1839.42	14974.8
1840.43	14951.6
1841.43	14928
1842.44	14908.4
1843.44	14886.4
1844.45	14866.9
1845.46	14850.1
1846.46	14835.9
1847.47	14824
1848.47	14814
1849.48	14805.7
1850.48	14798.5
1851.49	14792.2
1852.49	14786.8
1853.49	14780.6
1854.5	14768.7
1855.5	14742.2
1856.51	14733.5
1857.51	14733.4
1858.51	14729.7
1859.52	14724
1860.52	14714.1
1861.52	14708.2
1862.53	14699.3
1863.53	14681.2
1864.53	14656.9
1865.54	14636.3
1866.54	14634.7
1867.54	14628.5
1868.54	14622.3
1869.54	14615.1
1870.55	14608.9
1871.55	14600.7
1872.55	14590.8
1873.55	14578.6
1874.55	14564.5
1875.55	14548
1876.55	14528.8
1877.55	14506.4
1878.55	14484.2
1879.55	14465.6
1880.56	14450.3
1881.55	14444
1882.56	14440.3
1883.55	14438.9
1884.55	14444.1
1885.55	14450.5
1886.55	14457.3
1887.55	14460.9
1888.55	14459
1889.55	14452.1
1890.55	14442.9
1891.55	14430.4
1892.55	14414.3
1893.54	14395.5
1894.54	14382.8
1895.54	14374.9
1896.54	14371.6
1897.54	14371.8
1898.53	14363.2
1899.53	14332.4
1900.53	14312.4
1901.52	14286.6
1902.52	14253.6
1903.52	14231.4
1904.51	14232
1905.51	14242.7
1906.51	14250.7
1907.5	14251.2
1908.5	14240
1909.49	14226.3
1910.49	14203.8
1911.49	14174.5
1912.48	14135.8
1913.48	14093.2
1914.47	14083.3
1915.46	14078.6
1916.46	14079.4
1917.45	14084.8
1918.45	14096.7
1919.44	14087.8
1920.44	14061.5
1921.43	14050.2
1922.43	14038.8
1923.42	14027
1924.41	14014.7
1925.41	14001.6
1926.4	13987.9
1927.39	13973.8
1928.38	13958.6
1929.38	13942
1930.37	13921.9
1931.36	13903.5
1932.35	13887.9
1933.35	13879.3
1934.34	13887.1
1935.33	13891.1
1936.32	13892.3
1937.31	13889.5
1938.3	13882.4
1939.29	13869.8
1940.29	13853.4
1941.28	13837.5
1942.27	13822.4
1943.26	13806.8
1944.25	13790
1945.24	13772.2
1946.23	13753.9
1947.22	13734.5
1948.21	13710.1
1949.2	13659.9
1950.19	13611.1
1951.18	13616.3
1952.17	13631.9
1953.16	13657.1
1954.14	13652.2
1955.13	13646.4
1956.12	13628.4
1957.11	13605.4
1958.1	13588.2
1959.09	13569.2
1960.07	13558.4
1961.06	13555.8
1962.05	13557.2
1963.04	13557.3
1964.02	13548.4
1965.01	13537.7
1966	13518.8
1966.99	13502.6
1967.97	13483.5
1968.96	13466.9
1969.95	13458.7
1970.93	13454.2
1971.92	13451.9
1972.9	13452.7
1973.89	13458.9
1974.88	13456.7
1975.86	13449.4
1976.85	13437.4
1977.83	13418.9
1978.82	13396
1979.8	13372
1980.79	13352.4
1981.77	13334.3
1982.76	13320.4
1983.74	13308.6
1984.72	13299.5
1985.71	13292.8
1986.69	13288.8
1987.67	13287.1
1988.66	13283.9
1989.64	13277.8
1990.62	13263.9
1991.61	13240.5
1992.59	13220
1993.57	13205.1
1994.56	13215.2
1995.54	13200.9
1996.52	13189.7
1997.5	13170.7
1998.49	13157.2
1999.47	13153.4
2000.45	13154.9
2001.43	13151.1
2002.41	13142
2003.39	13128.4
2004.38	13113.3
2005.36	13087.2
2006.34	13073.5
2007.32	13063.3
2008.3	13061.3
2009.28	13062.7
2010.26	13050.6
2011.24	13044.8
2012.22	13021.7
2013.2	12998.2
2014.18	12974.3
2015.16	12953.9
2016.14	12941.5
2017.12	12929.6
2018.1	12926.3
2019.07	12927.4
2020.05	12929.5
2021.03	12931.8
2022.01	12927.7
2022.99	12922.9
2023.97	12914.9
2024.95	12903.8
2025.92	12889.8
2026.9	12872.3
2027.88	12851.7
2028.86	12826.8
2029.83	12800.1
2030.81	12798.3
2031.79	12798.5
2032.76	12788.9
2033.74	12779.4
2034.72	12766.8
2035.69	12752.8
2036.67	12738.3
2037.65	12721.9
2038.62	12709.3
2039.6	12698.5
2040.57	12686.9
2041.55	12675.3
2042.52	12663.5
2043.5	12651.7
2044.47	12639.3
2045.45	12626.4
2046.42	12613
2047.4	12599.2
2048.37	12584.8
2049.35	12569.8
2050.32	12553.6
2051.29	12536.6
2052.27	12520.3
2053.24	12504.9
2054.21	12489.5
2055.19	12477
2056.16	12466.7
2057.13	12459
2058.11	12452.9
2059.08	12443.9
2060.05	12427.5
2061.02	12409.7
2062	12399.4
2062.97	12391.1
2063.94	12384.9
2064.91	12383.8
2065.89	12391.2
2066.86	12390.4
2067.83	12381.6
2068.8	12358.8
2069.77	12329.7
2070.74	12304.4
2071.71	12279.5
2072.68	12258.2
2073.65	12245.3
2074.62	12237.8
2075.59	12237
2076.56	12231.6
2077.53	12225.2
2078.5	12221.4
2079.47	12217
2080.44	12211.1
2081.41	12203.9
2082.38	12195.1
2083.35	12182.6
2084.32	12167.3
2085.29	12150.5
2086.26	12132
2087.23	12112.8
2088.19	12096.2
2089.16	12079.4
2090.13	12062.7
2091.1	12044.8
2092.07	12027.3
2093.03	12007.5
2094	12004.2
2094.97	12018
2095.94	12024.3
2096.9	12025.1
2097.87	12016.6
2098.84	11996.9
2099.8	11960.3
2100.77	11942.5
2101.74	11924.7
2102.7	11918.8
2103.67	11921.3
2104.63	11931.8
2105.6	11924.6
2106.56	11914.1
2107.53	11899.2
2108.49	11880
2109.46	11855.8
2110.42	11830.7
2111.39	11803.9
2112.35	11787.3
2113.32	11771.5
2114.28	11759.9
2115.25	11752.4
2116.21	11748.2
2117.17	11746.2
2118.14	11745.7
2119.1	11745.9
2120.07	11743.7
2121.03	11742.1
2121.99	11738.7
2122.96	11734.2
2123.92	11725.7
2124.88	11714.4
2125.84	11700
2126.81	11682.8
2127.77	11661.1
2128.73	11638.1
2129.69	11621.8
2130.65	11610.6
2131.62	11607.9
2132.58	11601.3
2133.54	11594.1
2134.5	11588.3
2135.46	11580.1
2136.42	11560.9
2137.38	11551.9
2138.34	11554.2
2139.3	11568.3
2140.26	11557.9
2141.22	11529.2
2142.18	11504.4
2143.14	11482.8
2144.1	11466.1
2145.06	11450
2146.02	11435.6
2146.98	11424.2
2147.94	11414.5
2148.9	11406.8
2149.86	11398.9
2150.82	11384
2151.78	11366.1
2152.74	11341.4
2153.69	11317.1
2154.65	11296.1
2155.61	11296.9
2156.57	11300.6
2157.53	11304.9
2158.48	11301.8
2159.44	11293.8
2160.4	11285
2161.36	11270.2
2162.31	11251.7
2163.27	11234.4
2164.23	11218.6
2165.18	11214.8
2166.14	11200.3
2167.1	11185.2
2168.05	11168
2169.01	11150.7
2169.96	11129.4
2170.92	11106.9
2171.88	11082.8
2172.83	11060.1
2173.79	11039.4
2174.74	11020.7
2175.7	11003.8
2176.65	10988.4
2177.6	10974.3
2178.56	10959.3
2179.51	10946.8
2180.47	10905
2181.42	10865.8
2182.38	10849.4
2183.33	10839.6
2184.28	10854.4
2185.24	10889.6
2186.19	10945.3
2187.14	10904.2
2188.1	10866.1
2189.05	10825.8
2190	10790.9
2190.96	10771.1
2191.91	10770
2192.86	10775
2193.81	10778.5
2194.76	10760.5
2195.72	10751.4
2196.67	10742.4
2197.62	10733.3
2198.57	10723.4
2199.52	10712.1
2200.47	10700
2201.43	10688.3
2202.38	10676.3
2203.33	10664
2204.28	10651.4
2205.23	10638.5
2206.18	10626.8
2207.13	10620.2
2208.08	10613.4
2209.03	10601.9
2209.98	10588.8
2210.93	10576.5
2211.88	10563.9
2212.83	10551.5
2213.78	10538.9
2214.73	10527.8
2215.67	10517.3
2216.62	10508
2217.57	10501.6
2218.52	10497.7
2219.47	10496.9
2220.42	10497.2
2221.37	10497
2222.31	10492.7
2223.26	10479.9
2224.21	10468.9
2225.16	10456.4
2226.1	10444.4
2227.05	10432.4
2228	10420.6
2228.94	10409
2229.89	10398.1
2230.84	10393.2
2231.78	10395
2232.73	10393
2233.68	10395
2234.62	10393.4
2235.57	10391.3
2236.51	10386.2
2237.46	10386.5
2238.41	10375.8
2239.35	10362.8
2240.3	10352.1
2241.24	10339.9
2242.19	10312.9
2243.13	10305
2244.07	10296.1
2245.02	10297.4
2245.96	10306.6
2246.91	10311
2247.85	10314.2
2248.8	10305.6
2249.74	10297.6
2250.68	10289.1
2251.63	10281.5
2252.57	10276.3
2253.51	10269.9
2254.46	10259.1
2255.4	10249.5
2256.34	10235.2
2257.28	10228.9
2258.23	10224.6
2259.17	10224.5
2260.11	10225.8
2261.05	10226.4
2262	10224.6
2262.94	10222.2
2263.88	10218.5
2264.82	10207.1
2265.76	10187.9
2266.7	10175.5
2267.64	10168
2268.58	10177
2269.53	10180.6
2270.47	10172
2271.41	10166.9
2272.35	10165.4
2273.29	10164.4
2274.23	10162.4
2275.17	10156.1
2276.11	10146.3
2277.05	10141.3
2277.99	10136.2
2278.93	10133.2
2279.86	10128.4
2280.8	10124.4
2281.74	10119.8
2282.68	10115.9
2283.62	10109.9
2284.56	10100.7
2285.5	10090.3
2286.44	10079.6
2287.37	10065
2288.31	10055.6
2289.25	10053.6
2290.19	10059.2
2291.12	10070.1
2292.06	10075.5
2293	10074.3
2293.94	10065.5
2294.87	10052.6
2295.81	10041
2296.75	10034
2297.68	10039
2298.62	10040.8
2299.55	10038
2300.49	10031.9
2301.43	10024.4
2302.36	10015.5
2303.3	10009.3
2304.23	10009.5
2305.17	10007.9
2306.1	10002.9
2307.04	9994.49
2307.98	9977.47
2308.91	9953.95
2309.84	9931.59
2310.78	9920.28
2311.71	9916.17
2312.65	9916.77
2313.58	9920.47
2314.52	9920.55
2315.45	9914.78
2316.38	9901.45
2317.32	9885.87
2317.72	9878.3
2318.66	9857.35
2319.6	9842.21
2320.54	9837.93
2321.48	9836.89
2322.41	9836.19
2323.35	9833.41
2324.29	9827.67
2325.23	9820.17
2326.16	9810.69
2327.1	9799.47
2328.04	9785.9
2328.97	9770.6
2329.91	9753.91
2330.85	9737.36
2331.78	9726.77
2332.72	9723.82
2333.66	9723.02
2334.59	9727.75
2335.53	9727.65
2336.46	9725.5
2337.4	9721.87
2338.33	9715.2
2339.27	9705.11
2340.2	9691.67
2341.14	9675.4
2342.07	9658.09
2343.01	9640.38
2343.94	9627.2
2344.88	9613.72
2345.81	9600.85
2346.75	9589.48
2347.68	9578.92
2348.61	9569.59
2349.55	9562.04
2350.48	9557.27
2351.41	9558.76
2352.35	9559.7
2353.28	9556.55
2354.21	9554.14
2355.15	9546.14
2356.08	9535.66
2357.01	9522.92
2357.94	9509.36
2358.88	9496.78
2359.81	9485.03
2360.74	9480
2361.67	9474.8
2362.6	9471.5
2363.54	9470.17
2364.47	9470.05
2365.4	9470.97
2366.33	9471.25
2367.26	9472.13
2368.19	9472.87
2369.12	9463.19
2370.05	9452.44
2370.98	9445.93
2371.91	9440.89
2372.84	9435.85
2373.77	9430.93
2374.7	9427.65
2375.63	9424.39
2376.56	9422.32
2377.49	9420.59
2378.42	9418.46
2379.35	9414.46
2380.28	9404.47
2381.21	9395.01
2382.14	9384.8
2383.07	9370.89
2384	9370.08
2384.92	9371.94
2385.85	9376.1
2386.78	9376.04
2387.71	9370.44
2388.64	9359.67
2389.56	9346.66
2390.49	9330.9
2391.42	9319.51
2392.35	9304.54
2393.27	9289.94
2394.2	9277.26
2395.13	9270.25
2396.05	9268.46
2396.98	9271.5
2397.91	9275.41
2398.83	9281.42
2399.76	9279.77
2400.69	9274.71
2401.61	9263.04
2402.54	9248.84
2403.46	9236
2404.39	9222.66
2405.31	9208.4
2406.24	9194.57
2407.17	9180.95
2408.09	9167.9
2409.01	9155.9
2409.94	9145.64
2410.86	9135.23
2411.79	9104.35
2412.71	9095.2
2413.64	9105.11
2414.56	9119.68
2415.49	9131.47
2416.41	9134.89
2417.33	9134.82
2418.26	9131.3
2419.18	9122.94
2420.1	9110.32
2421.03	9093.48
2421.95	9072.57
2422.87	9048.21
2423.79	9030.7
2424.72	9027.92
2425.64	9024.86
2426.56	9042.25
2427.48	9044.32
2428.41	9035.38
2429.33	9015.25
2430.25	8997.75
2431.17	8976.36
2432.09	8962.27
2433.01	8952.39
2433.93	8941.83
2434.86	8932.12
2435.78	8921.98
2436.7	8907.11
2437.62	8899
2438.54	8894.1
2439.46	8887.85
2440.38	8882.01
2441.3	8878.75
2442.22	8871.39
2443.14	8851.91
2444.06	8833.99
2444.98	8819.01
2445.9	8805.8
2446.82	8798.11
2447.73	8789.38
2448.65	8781.01
2449.57	8773.17
2450.49	8766.12
2451.41	8759.3
2452.33	8752.65
2453.25	8746.58
2454.17	8741.4
2455.08	8738.79
2456	8737.05
2456.92	8731.99
2457.84	8726.24
2458.75	8715.95
2459.67	8708.52
2460.59	8700.89
2461.51	8692.94
2462.42	8684.61
2463.34	8675.65
2464.26	8666.14
2465.17	8655.89
2466.09	8644.84
2467	8633.45
2467.92	8624.2
2468.84	8621.82
2469.75	8624.64
2470.67	8624.89
2471.58	8627.18
2472.5	8615.37
2473.42	8595.21
2474.33	8579.72
2475.25	8565.14
2476.16	8556.02
2477.08	8555.1
2477.99	8555.65
2478.9	8558.43
2479.82	8558.53
2480.73	8558.24
2481.65	8557.6
2482.56	8556.28
2483.47	8553.91
2484.39	8550.22
2485.3	8543.69
2486.22	8527.3
2487.13	8508.1
2488.04	8494.62
2488.96	8481.76
2489.87	8471.14
2490.78	8464.24
2491.69	8459.1
2492.61	8456.22
2493.52	8455.3
2494.43	8456.11
2495.34	8457.48
2496.25	8454.24
2497.17	8438.61
2498.08	8421.38
2498.99	8414.22
2499.9	8416.66
2500.81	8413.46
2501.72	8411.31
2502.63	8409.05
2503.55	8402.12
2504.46	8393.76
2505.37	8384.68
2506.28	8371.58
2507.19	8367.4
2508.1	8366.45
2509.01	8366.27
2509.92	8368.59
2510.83	8373.8
2511.74	8382.07
2512.65	8373.07
2513.56	8362.8
2514.47	8351.76
2515.37	8343.61
2516.28	8335.94
2517.19	8327.65
2518.1	8319.33
2519.01	8311.05
2519.92	8301.35
2520.83	8291.71
2521.73	8279.93
2522.64	8268.15
2523.55	8256.76
2524.46	8246.9
2525.37	8245.84
2526.27	8241.92
2527.18	8238.52
2528.09	8235.22
2529	8229.4
2529.9	8224.08
2530.81	8218.91
2531.72	8213.97
2532.62	8209.12
2533.53	8204.96
2534.44	8201.95
2535.34	8200.97
2536.25	8204.36
2537.15	8208.06
2538.06	8209.49
2538.96	8194.57
2539.87	8180.73
2540.78	8161.92
2541.68	8144.7
2542.59	8129.5
2543.49	8116.26
2544.4	8104.9
2545.3	8095.18
2546.21	8087.61
2547.11	8082.46
2548.01	8081.49
2548.92	8082.22
2549.82	8080.96
2550.73	8079.1
2551.63	8072.4
2552.53	8064.76
2553.44	8055.3
2554.34	8044.7
2555.24	8033.35
2556.15	8021.28
2557.05	8021.35
2557.95	8016.08
2558.86	8011.4
2559.76	7997.18
2560.66	7983.75
2561.56	7971.9
2562.46	7960.42
2563.37	7948.58
2564.27	7935.3
2565.17	7932.26
2566.07	7936.33
2566.97	7937.54
2567.88	7928.2
2568.78	7843.2
2569.68	7859.19
2570.58	7898.18
2571.48	7904.3
2572.38	7894.32
2573.28	7861.36
2574.18	7838.09
2575.08	7817.96
2575.98	7801.41
2576.88	7788.72
2577.78	7779.44
2578.68	7778.38
2579.58	7781.28
2580.48	7783.27
2581.38	7784.12
2582.28	7780.5
2583.18	7775.77
2584.08	7769.37
2584.98	7761.51
2585.88	7751.46
2586.77	7740.03
2587.67	7726.07
2588.57	7714.24
2589.47	7717.73
2590.37	7719.99
2591.27	7721.25
2592.16	7717.28
2593.06	7712.77
2593.96	7705.64
2594.86	7696.8
2595.75	7685.43
2596.65	7672.02
2597.55	7658.29
2598.45	7645.21
2599.34	7636.65
2600.24	7629.18
2601.13	7623.37
2602.03	7618.9
2602.93	7614.5
2603.82	7610.64
2604.72	7604.67
2605.62	7596.12
2606.51	7585.35
2607.41	7573.1
2608.3	7558.68
2609.2	7545.51
2610.09	7535.11
2610.99	7527.67
2611.88	7523.09
2612.78	7520.31
2613.67	7519.89
2614.57	7522.31
2615.46	7526.87
2616.36	7533.85
2617.25	7540.72
2618.14	7538.21
2619.04	7520.66
2619.93	7500.27
2620.83	7477.39
2621.72	7459.25
2622.61	7445.41
2623.5	7435.89
2624.4	7431.46
2625.29	7429.27
2626.18	7427.27
2627.08	7425.63
2627.97	7424.32
2628.86	7419.75
2629.75	7414.34
2630.65	7408.09
2631.54	7400.12
2632.43	7390.77
2633.32	7379.87
2634.21	7366.46
2635.11	7350.94
2636	7324.85
2636.89	7323.29
2637.78	7328.58
2638.67	7319.06
2639.56	7305.22
2640.45	7290
2641.34	7273.76
2642.23	7255.52
2643.12	7237.57
2644.01	7222.69
2644.9	7222.34
2645.79	7223.51
2646.68	7223.72
2647.57	7219.26
2648.46	7211.98
2649.35	7203.07
2650.24	7191.39
2651.13	7178.81
2652.02	7166.42
2652.91	7155.03
2653.8	7146.4
2654.69	7138.62
2655.58	7132.67
2656.46	7128.03
2657.35	7125.4
2658.24	7124.29
2659.13	7124.97
2660.02	7125.18
2660.9	7121.43
2661.79	7114.92
2662.68	7108.17
2663.57	7100.04
2664.45	7090.39
2665.34	7079.28
2666.23	7066.92
2667.11	7053.51
2668	7039.41
2668.89	7029.01
2669.77	7025.38
2670.66	7022.48
2671.55	7020.68
2672.43	7019.89
2673.32	7016.89
2674.21	7014.23
2675.09	7001.25
2675.98	6977.49
2676.86	6964.24
2677.75	6961.59
2678.63	6969.91
2679.52	6983.15
2680.4	6990.55
2681.29	6994.19
2682.17	6961.06
2683.06	6951.55
2683.94	6941.99
2684.82	6930.65
2685.71	6922.16
2686.59	6916.25
2687.48	6912.99
2688.36	6911.73
2689.24	6906.29
2690.13	6899.28
2691.01	6890.23
2691.89	6879.51
2692.78	6867.16
2693.66	6853.14
2694.54	6837.63
2695.43	6820.42
2696.31	6792.6
2697.19	6782.86
2698.07	6783.16
2698.96	6791.72
2699.84	6795.67
2700.72	6805.96
2701.6	6805.23
2702.48	6797.07
2703.36	6776.69
2704.25	6746.29
2705.13	6731.46
2706.01	6718.49
2706.89	6711.5
2707.77	6705.67
2708.65	6705.97
2709.53	6708.68
2710.41	6714.22
2711.29	6715.84
2712.17	6709.15
2713.05	6695.55
2713.93	6680.26
2714.81	6663.55
2715.69	6651.97
2716.57	6641.63
2717.45	6634.03
2718.33	6628.83
2719.21	6625.83
2720.09	6625.05
2720.97	6625.1
2721.85	6621.91
2722.73	6617.06
2723.61	6611.84
2724.48	6607.24
2725.36	6602
2726.24	6596.34
2727.12	6590.28
2728	6583.84
2728.88	6576.97
2729.75	6569.51
2730.63	6561.62
2731.51	6553.28
2732.39	6544.57
2733.26	6537.63
2734.14	6535.09
2735.02	6531.37
2735.89	6526.93
2736.77	6512.74
2737.65	6499.14
2738.52	6486.5
2739.4	6481.25
2740.28	6476.11
2741.15	6476.69
2742.03	6477.95
2742.9	6481.51
2743.78	6485.14
2744.65	6482.94
2745.53	6475.88
2746.41	6466.08
2747.28	6453.43
2748.16	6440.22
2749.03	6423.44
2749.91	6416.42
2750.78	6411.03
2751.66	6414.09
2752.53	6415.18
2753.4	6419.17
2754.28	6427.93
2755.15	6434.7
2756.02	6431.07
2756.9	6422.86
2757.77	6411.13
2758.65	6403.55
2759.52	6395.11
2760.39	6386.25
2761.27	6381.94
2762.14	6372.6
2763.01	6364.03
2763.88	6356.11
2764.76	6348.89
2765.63	6342.5
2766.5	6336.84
2767.37	6331.96
2768.25	6327.61
2769.12	6323.89
2769.99	6317.05
2770.86	6305.93
2771.73	6296.25
2772.61	6286.29
2773.48	6276.23
2774.35	6269.2
2775.22	6263.5
2776.09	6265.46
2776.96	6256.56
2777.83	6247.61
2778.7	6234.2
2779.57	6223.42
2780.44	6212.58
2781.31	6207.69
2782.18	6203.73
2783.05	6201.79
2783.92	6201.01
2784.79	6200.81
2785.66	6195.99
2786.53	6187.88
2787.4	6181.12
2788.27	6174.22
2789.14	6171.98
2790.01	6170.67
2790.88	6169.43
2791.75	6166.09
2792.62	6162.67
2793.48	6159.18
2794.35	6154.06
2795.22	6145.47
2796.09	6133.92
2796.96	6122.38
2797.82	6111.9
2798.69	6102.72
2799.56	6101.67
2800.43	6102.07
2801.29	6103.95
2802.16	6107.66
2803.03	6104.7
2803.9	6083.01
2804.76	6061.06
2805.63	6044.29
2806.5	6037.73
2807.36	6040.62
2808.23	6054.29
2809.09	6058.08
2809.96	6062.71
2810.83	6059.28
2811.69	6049.37
2812.56	6031.79
2813.42	6010.7
2814.29	5989.53
2815.15	5976.57
2816.02	5974.41
2816.88	5978.48
2817.75	5982.29
2818.61	5984.12
2819.48	5985.87
2820.34	5993.33
2821.21	5981.24
2822.07	5964.97
2822.94	5945.74
2823.8	5932.95
2824.66	5928.7
2825.53	5929.02
2826.39	5930.19
2827.26	5927.68
2828.12	5925.13
2828.98	5921.43
2829.85	5916.66
2830.71	5911.01
2831.57	5904.33
2832.43	5896.84
2833.3	5888.09
2834.16	5878.64
2835.02	5868.75
2835.88	5859.82
2836.75	5858.57
2837.61	5880.43
2838.47	5884.48
2839.33	5883.32
2840.19	5874.34
2841.06	5850.61
2841.92	5826.51
2842.78	5827.81
2843.64	5840.96
2844.5	5835.83
2845.36	5829.3
2846.22	5822.61
2847.08	5816.8
2847.94	5811.41
2848.81	5806.08
2849.67	5801.3
2850.53	5796.8
2851.39	5793.27
2852.25	5785.77
2853.11	5774.68
2853.97	5762.96
2854.82	5752.6
2855.68	5743.94
2856.54	5737.48
2857.4	5733.03
2858.26	5730.63
2859.12	5730.21
2859.98	5731.72
2860.84	5734.82
2861.7	5726.55
2862.56	5720.26
2863.41	5708.97
2864.27	5701.34
2865.13	5696.04
2865.99	5692.82
2866.85	5691.09
2867.7	5691.01
2868.56	5692.9
2869.42	5695.56
2870.28	5694.33
2871.13	5681.5
2871.99	5664.57
2872.85	5648.71
2873.7	5642.45
2874.56	5637.86
2875.42	5638.97
2876.27	5642.26
2877.13	5646.6
2877.99	5652.35
2878.84	5646.97
2879.7	5638.45
2880.56	5627.73
2881.41	5617.17
2882.27	5608.99
2883.12	5599.58
2883.98	5590.38
2884.83	5580.86
2885.69	5571.31
2886.54	5558.2
2887.4	5534.65
2888.25	5535.55
2889.11	5541.41
2889.96	5545.11
2890.82	5542.46
2891.67	5537.58
2892.52	5528.92
2893.38	5517.94
2894.23	5509.41
2895.09	5503.19
2895.94	5499.75
2896.79	5499.4
2897.65	5495.83
2898.5	5489.41
2899.35	5480.14
2900.21	5475.12
2901.06	5467.26
2901.91	5465.56
2902.76	5461
2903.62	5462.17
2904.47	5467.92
2905.32	5455.33
2906.17	5424.02
2907.03	5409.99
2907.88	5405.38
2908.73	5401.74
2909.58	5409.05
2910.43	5420.36
2911.28	5400.46
2912.14	5383.79
2912.99	5370.58
2913.84	5359.78
2914.69	5349.38
2915.54	5343.76
2916.39	5338.43
2917.24	5334.32
2918.09	5331.46
2918.94	5330.15
2919.79	5330.06
2920.64	5331.29
2921.49	5334.5
2922.34	5335.19
2923.19	5330.48
2924.04	5324.25
2924.89	5317.27
2925.74	5309.67
2926.59	5302
2927.44	5294.85
2928.29	5287.57
2929.14	5284.42
2929.98	5281.48
2930.83	5279.27
2931.68	5276.93
2932.53	5273.09
2933.38	5267.42
2934.23	5259.11
2935.07	5248.63
2935.92	5235
2936.77	5221.18
2937.62	5210.33
2938.47	5201.44
2939.31	5194.94
2940.16	5195.03
2941.01	5196.92
2941.85	5200.76
2942.7	5204.3
2943.55	5202.02
2944.39	5192.9
2945.24	5179.2
2946.09	5166.12
2946.93	5155.4
2947.78	5153.91
2948.63	5158.18
2949.47	5160.72
2950.32	5163.87
2951.16	5166.33
2952.01	5156.23
2952.85	5146.71
2953.7	5129.3
2954.55	5111.57
2955.39	5102.03
2956.24	5096.61
2957.08	5089.61
2957.92	5083.22
2958.77	5078.08
2959.61	5071.1
2960.46	5061.93
2961.3	5053.81
2962.15	5046.79
2962.99	5042.68
2963.83	5040.84
2964.68	5047.12
2965.52	5052.34
2966.37	5063.85
2967.21	5067.25
2968.05	5059.98
2968.9	5049.17
2969.74	5037.78
2970.58	5027.04
2971.42	5018.38
2972.27	5010.61
2973.11	5004.43
2973.95	4999.49
2974.79	4996.22
2975.64	4994.25
2976.48	4993.88
2977.32	4994.46
2978.16	4991.41
2979	4986.01
2979.85	4979.94
2980.69	4974.58
2981.53	4967
2982.37	4957.88
2983.21	4952.05
2984.05	4957.25
2984.89	4957.68
2985.73	4956.51
2986.57	4953.13
2987.41	4948.52
2988.25	4942.9
2989.1	4936.71
2989.94	4933.42
2990.77	4932.23
2991.62	4933.36
2992.45	4936.81
2993.29	4941.43
2994.13	4944.01
2994.97	4948.26
2995.81	4952.67
2996.65	4945.25
2997.49	4886.31
2998.33	4858.89
2999.17	4883.45
