200.833	18446.1
202.102	18431
203.371	18452.5
204.639	18460.9
205.907	18458.1
207.175	18427.6
208.442	18450.8
209.71	18466
210.977	18484.5
212.244	18498.2
213.511	18518
214.777	18541.5
216.042	18567.2
217.309	18592.3
218.575	18618.6
219.84	18643.7
221.106	18670
222.371	18694.7
223.635	18720
224.9	18742
226.165	18771.9
227.429	18825.3
228.694	18877.4
229.956	18922.8
231.22	18968.9
232.484	19017.7
233.747	19044.4
235.011	19072.7
236.272	19086.5
237.535	19105.6
238.798	19133.7
240.06	19172.7
241.321	19207.2
242.583	19247
243.845	19294.1
245.105	19336.1
246.367	19365.3
247.628	19404.8
248.888	19437
250.149	19463.7
251.409	19451.4
252.67	19413.3
253.928	19352.9
255.189	19303.1
256.447	19330.9
257.707	19365.3
258.966	19396.7
260.224	19434.8
261.483	19479
262.742	19525.5
263.999	19568.1
265.257	19593.7
266.514	19598.2
267.772	19600.5
269.028	19603
270.286	19603
271.543	19604.6
272.799	19631.6
274.056	19663.1
275.311	19695.2
276.568	19729.4
277.823	19766.1
279.079	19802.9
280.333	19818.4
281.589	19816.8
282.843	19796.3
284.099	19794.8
285.352	19790.2
286.607	19840.5
287.86	19881.6
289.114	19925.7
290.368	19979.6
291.621	20006.8
292.875	20010.1
294.127	20013.8
295.38	20041.7
296.632	20087.2
297.884	20122.9
299.137	20147
300.388	20164.3
301.641	20173.4
302.891	20175.2
304.142	20164.7
305.394	20144
306.644	20124.4
307.894	20108.8
309.146	20117.1
310.395	20131
311.645	20156.9
312.895	20191.2
314.144	20223
315.393	20215.5
316.642	20207.4
317.892	20203.7
319.14	20210.1
320.388	20223.9
321.637	20243.1
322.885	20267.5
324.132	20296.8
325.38	20331.3
326.628	20372.2
327.875	20418.2
329.122	20468.3
330.368	20517.3
331.614	20542.5
332.862	20550.2
334.108	20545.9
335.353	20537.9
336.599	20522.1
337.844	20509.1
339.089	20507.2
340.335	20534.5
341.58	20555.5
342.824	20578.7
344.068	20598.9
345.312	20624.5
346.556	20645.1
347.8	20666.5
349.043	20673.1
350.286	20679.6
351.53	20683.2
352.774	20684.9
354.016	20683.7
355.259	20683.8
356.501	20686.8
357.743	20696.9
358.985	20713.8
360.227	20732.4
361.468	20756.6
362.709	20778.5
363.95	20798.8
365.191	20768
366.432	20726
367.672	20688.8
368.912	20698.5
370.152	20765.1
371.392	20794.6
372.632	20822.7
373.871	20846.3
375.11	20863
376.348	20852.4
377.587	20854.6
378.825	20857.8
380.064	20862.3
381.302	20869.6
382.54	20881
383.778	20913.9
385.016	20937.6
386.253	20941.6
387.489	20947.3
388.726	20939.3
389.963	20917.8
391.199	20929.3
392.436	20956
393.672	21012
394.907	21057.3
396.142	21088
397.378	21107.4
398.614	21078.9
399.849	21062.6
401.082	21048.7
402.317	21041.2
403.552	21040.9
404.786	21046.7
406.019	21057.2
407.253	21071.3
408.487	21090
409.721	21114.2
410.953	21141.5
412.186	21153.9
413.419	21160.6
414.651	21167.4
415.883	21168
417.116	21172.5
418.347	21177.9
419.579	21187.5
420.811	21195.8
422.041	21217.5
423.272	21231.3
424.504	21222.1
425.733	21210.8
426.964	21206.5
428.194	21202.3
429.424	21204.3
430.654	21210.5
431.883	21218.6
433.113	21229.6
434.341	21242.5
435.571	21254.4
436.799	21260.6
438.028	21270.4
439.257	21286.5
440.484	21310.3
441.713	21346.5
442.94	21375.6
444.168	21403.5
445.394	21411.8
446.622	21411.7
447.848	21409.7
449.076	21398.4
450.301	21403
451.528	21411.1
452.754	21418.5
453.979	21426.4
455.205	21433.8
456.43	21442.8
457.656	21441.3
458.88	21433.4
460.106	21424.9
461.33	21415.5
462.554	21406.7
463.779	21398.3
465.002	21396.6
466.225	21394.8
467.45	21414
468.672	21440.2
469.895	21466
471.119	21487.7
472.341	21490.4
473.563	21483.8
474.786	21470.7
476.008	21450.3
477.229	21427.1
478.452	21417.4
479.673	21428.8
480.894	21446.8
482.115	21448.2
483.337	21446.4
484.557	21435.4
485.777	21427.9
486.997	21422.5
488.218	21419.6
489.438	21419.2
490.657	21420.9
491.876	21424.6
493.096	21429.7
494.315	21420.1
495.533	21393.1
496.752	21362.3
497.97	21348.9
499.188	21348.2
500.407	21380.1
501.625	21411.2
502.842	21401.3
504.059	21405.1
505.276	21410.9
506.493	21416.8
507.71	21424.4
508.926	21433.9
510.142	21443.1
511.358	21452.9
512.575	21462.2
513.791	21471.1
515.006	21479.7
516.222	21487.6
517.437	21495.1
518.651	21506.4
519.866	21521.2
521.081	21539.5
522.295	21561.7
523.509	21585.4
524.723	21608.6
525.937	21625.8
527.15	21634.9
528.363	21630.7
529.576	21633.4
530.789	21632.5
532.002	21632.2
533.215	21631.4
534.426	21629
535.638	21625.5
536.85	21622.8
538.061	21619.1
539.273	21626.6
540.484	21640.2
541.695	21648.8
542.906	21651.1
544.117	21645.1
545.327	21639.8
546.537	21629.4
547.747	21667.1
548.957	21694.4
550.167	21703.3
551.377	21685.1
552.585	21671.2
553.794	21656.1
555.003	21638.2
556.212	21630
557.421	21629.3
558.628	21648.3
559.836	21664.7
561.044	21690
562.252	21701.1
563.458	21699
564.666	21693.5
565.873	21687.7
567.08	21671.4
568.286	21665.6
569.493	21663.7
570.699	21670
571.904	21678.9
573.111	21690.4
574.317	21700.7
575.521	21711.7
576.727	21725.5
577.932	21739.6
579.136	21753.8
580.341	21766.2
581.544	21774.7
582.749	21779.8
583.954	21767
585.156	21758.6
586.361	21731.6
587.563	21702.1
588.767	21675.5
589.97	21667.3
591.172	21672
592.375	21684.3
593.577	21704.4
594.78	21731.8
595.981	21751
597.183	21749.5
598.384	21749.4
599.586	21729.7
600.786	21707.9
601.988	21691.8
603.188	21685.6
604.389	21696.3
605.589	21719.7
606.79	21739.2
607.989	21753.5
609.188	21766.9
610.389	21737.7
611.587	21675
612.787	21615.3
613.986	21565
615.184	21527.4
616.383	21503.6
617.581	21495.2
618.78	21492
619.977	21490.4
621.174	21488.9
622.373	21484
623.57	21478.2
624.766	21472.1
625.964	21466.2
627.16	21461.2
628.356	21456.1
629.554	21451.7
630.749	21447.2
631.945	21442.1
633.14	21440
634.337	21440.6
635.532	21442.5
636.726	21443.9
637.921	21444.1
639.117	21442.1
640.311	21435.7
641.505	21426.8
642.699	21414.6
643.892	21402
645.087	21392.3
646.28	21385.9
647.473	21390.1
648.666	21398.7
649.859	21411
651.051	21427.3
652.245	21446.6
653.437	21444.7
654.629	21442.5
655.821	21432.1
657.012	21416.1
658.204	21401.4
659.395	21384
660.586	21436
661.777	21467.6
662.967	21487.4
664.158	21491.7
665.349	21488.6
666.539	21490
667.729	21486
668.919	21477.8
670.109	21487.6
671.298	21509.8
672.487	21536.4
673.676	21554.2
674.865	21566.1
676.053	21574.7
677.242	21579.1
678.43	21578.6
679.616	21574.1
680.804	21566
681.992	21556.3
683.179	21546.9
684.366	21533.8
685.554	21516
686.74	21494.7
687.927	21472.4
689.114	21450.7
690.3	21437.8
691.486	21430.7
692.671	21434.3
693.856	21439.5
695.042	21417
696.227	21405.9
697.413	21392.5
698.598	21388.1
699.781	21391.1
700.966	21393.9
702.15	21394.6
703.334	21398.1
704.518	21391.6
705.701	21375.6
706.885	21356.6
708.068	21334.3
709.252	21323.5
710.433	21315.8
711.616	21318.1
712.799	21317.5
713.98	21318.7
715.163	21320.5
716.345	21314.5
717.527	21310.8
718.707	21307.4
719.889	21305.6
721.071	21307.6
722.25	21311.9
723.432	21311.6
724.611	21296.8
725.792	21285.5
726.972	21278.8
728.151	21269.5
729.332	21274.4
730.512	21290.3
731.69	21317.7
732.87	21336.3
734.048	21352.2
735.227	21362.1
736.405	21359.5
737.584	21355.5
738.761	21354.1
739.94	21353.2
741.117	21352.7
742.295	21351.5
743.471	21365.1
744.649	21364.8
745.825	21369.7
747.003	21360.5
748.179	21345
749.356	21380.2
750.531	21425.1
751.708	21440.3
752.883	21437.2
754.059	21417.1
755.234	21407.4
756.409	21399.5
757.585	21393.8
758.759	21392.6
759.934	21394.8
761.108	21400.1
762.282	21408.5
763.456	21419
764.63	21432.3
765.803	21377.2
766.977	21340.5
768.15	21323.7
769.323	21324.5
770.496	21336.2
771.668	21321.5
772.841	21299.9
774.014	21278
775.185	21256.9
776.357	21238.2
777.528	21222.9
778.701	21212.4
779.872	21204.2
781.042	21202.9
782.213	21191.7
783.383	21173.6
784.555	21149.6
785.725	21124
786.895	21122.2
788.064	21136.6
789.234	21146.4
790.404	21133.7
791.573	21088.9
792.742	21059.1
793.911	21042.2
795.08	21021.8
796.248	21017.2
797.416	21022.7
798.584	21032.6
799.753	21039.1
800.921	21040.7
802.088	21041.6
803.256	21042.8
804.423	21042
805.59	21040.6
806.756	21039.8
807.923	21040.5
809.089	21048.5
810.256	21062.1
811.422	21055.7
812.587	21031.7
813.753	21010.3
814.918	20991.5
816.084	20977
817.249	20986.3
818.414	21011.9
819.578	21041.2
820.743	21077.6
821.907	21111.3
823.072	21112.1
824.236	21111.4
825.399	21098.1
826.562	21081.2
827.725	21052
828.889	21042.5
830.052	21062.7
831.215	21068.4
832.377	21072.6
833.54	21075.6
834.701	21076.7
835.863	21077.7
837.025	21078.1
838.187	21081.1
839.349	21088.6
840.51	21104.7
841.67	21128.9
842.831	21133.4
843.992	21138.1
845.153	21145.1
846.312	21131.1
847.473	21104.8
848.633	21022.2
849.793	21048.6
850.951	21023.8
852.111	21003.3
853.27	20987.8
854.428	20976.3
855.588	20970.7
856.747	20966.1
857.904	20951.5
859.063	20934.3
860.221	20923.6
861.378	20925.5
862.536	20936.1
863.694	20927.9
864.85	20914.9
866.008	20889
867.164	20872.2
868.321	20836.8
869.478	20815.9
870.633	20802.4
871.79	20800.4
872.945	20792.4
874.101	20771.1
875.256	20737.6
876.412	20716
877.566	20700.5
878.722	20710.1
879.876	20713.2
881.031	20712.5
882.185	20706.9
883.34	20693.5
884.493	20651.3
885.647	20623.9
886.8	20586.6
887.954	20575.9
889.107	20576
890.261	20581.5
891.413	20592.8
892.565	20607.3
893.718	20626.2
894.87	20645.4
896.023	20636.4
897.174	20624
898.326	20596.1
899.478	20578.5
900.629	20596.8
901.779	20612.1
902.931	20622.2
904.081	20627.3
905.231	20627.7
906.383	20620.6
907.532	20631.4
908.682	20627
909.831	20649.7
910.982	20563.2
912.131	20536.3
913.28	20521.9
914.429	20561.4
915.578	20606.8
916.727	20651.7
917.875	20696.7
919.023	20736.2
920.171	20769.2
921.32	20787.1
922.467	20776.6
923.614	20750.6
924.761	20719.9
925.908	20684.1
927.055	20654.4
928.203	20633.9
929.349	20626.4
930.496	20630.4
931.642	20644.1
932.787	20655.6
933.933	20661.9
935.079	20661.9
936.224	20656.3
937.369	20639.7
938.514	20618.3
939.659	20594.8
940.804	20575.3
941.948	20557.5
943.092	20541.4
944.236	20528.1
945.38	20516.8
946.524	20508.5
947.667	20526.3
948.811	20535
949.954	20526.9
951.097	20507.6
952.24	20483.7
953.383	20473.9
954.525	20467
955.667	20452.7
956.81	20437.6
957.952	20421.9
959.093	20406.3
960.235	20390.3
961.376	20374.1
962.516	20356.6
963.658	20337.6
964.798	20330.1
965.939	20335.7
967.08	20334.5
968.22	20360.2
969.359	20372.7
970.499	20372.6
971.639	20358.1
972.779	20341.8
973.918	20324.7
975.056	20305.8
976.195	20286.2
977.334	20271
978.473	20285.2
979.61	20302.7
980.749	20313.4
981.887	20322.3
983.024	20330.7
984.162	20334.7
985.3	20337
986.437	20336.8
987.573	20335.3
988.711	20332.3
989.848	20329.2
990.983	20327.2
992.12	20330.2
993.255	20363.3
994.392	20384.6
995.528	20395.3
996.662	20395.5
997.798	20388.8
998.933	20338.1
1000.07	20320.3
1001.2	20311
1002.34	20302.6
1003.47	20321.5
1004.61	20342.4
1005.74	20361.9
1006.87	20377.2
1008.01	20384.1
1009.14	20381.5
1010.27	20366.8
1011.41	20345
1012.54	20331.1
1013.67	20306.9
1014.81	20316.6
1015.94	20325.8
1017.07	20336.8
1018.2	20337.7
1019.33	20334.2
1020.47	20327.1
1021.6	20316.8
1022.73	20302.2
1023.86	20281.6
1024.99	20260.4
1026.12	20241.3
1027.25	20239.7
1028.38	20241.4
1029.51	20250.8
1030.64	20227.3
1031.77	20198.7
1032.9	20170.8
1034.03	20142.4
1035.16	20116
1036.29	20094.4
1037.42	20081.4
1038.55	20082.8
1039.67	20087.1
1040.8	20083.7
1041.93	20065
1043.06	20036.7
1044.19	20006.9
1045.31	20025.3
1046.44	20017.6
1047.57	20006.2
1048.69	19992.3
1049.82	19976.6
1050.95	19957.7
1052.08	19936.3
1053.2	19913
1054.33	19892
1055.45	19879.6
1056.58	19867.6
1057.7	19858.5
1058.83	19851.8
1059.95	19848.4
1061.08	19847.3
1062.2	19844.7
1063.33	19838.3
1064.45	19797.7
1065.58	19787.6
1066.7	19768.3
1067.83	19771.1
1068.95	19785.2
1070.07	19806.8
1071.2	19822.3
1072.32	19832.5
1073.44	19830.4
1074.56	19816
1075.69	19813.7
1076.81	19816.8
1077.93	19818.2
1079.05	19821.2
1080.17	19825.5
1081.3	19830.7
1082.42	19835.5
1083.54	19840.2
1084.66	19845
1085.78	19850
1086.9	19855.1
1088.02	19859.4
1089.14	19862.6
1090.26	19861.7
1091.38	19858.6
1092.5	19855.2
1093.62	19843.2
1094.74	19828.9
1095.86	19817.4
1096.98	19810.6
1098.1	19827.7
1099.22	19839.2
1100.34	19835.3
1101.45	19824
1102.57	19808.3
1103.69	19784.9
1104.81	19774.2
1105.93	19790.3
1107.04	19834.5
1108.16	19872.3
1109.28	19875.2
1110.4	19853.3
1111.51	19780.1
1112.63	19726.2
1113.75	19677.2
1114.86	19715.6
1115.98	19718.7
1117.09	19716.8
1118.21	19710.3
1119.32	19698.6
1120.44	19677.8
1121.55	19653.2
1122.67	19623.3
1123.78	19595.2
1124.9	19591.7
1126.01	19587.9
1127.13	19581.4
1128.24	19570.5
1129.35	19554.5
1130.47	19533
1131.58	19505.1
1132.7	19471.5
1133.81	19432
1134.92	19390.9
1136.03	19371
1137.15	19359.4
1138.26	19355.9
1139.37	19353.4
1140.48	19358.8
1141.59	19362.3
1142.71	19350.9
1143.82	19331.4
1144.93	19303.7
1146.04	19264.9
1147.15	19233.5
1148.26	19221.6
1149.37	19217.7
1150.48	19214.4
1151.59	19219.7
1152.7	19203.5
1153.81	19188.7
1154.92	19160.4
1156.03	19138.8
1157.14	19124.4
1158.25	19127
1159.36	19126.6
1160.47	19121.2
1161.58	19112.7
1162.68	19101.9
1163.79	19091.1
1164.9	19076.7
1166.01	19054.5
1167.12	19035.4
1168.22	19023.7
1169.33	19038.4
1170.44	19063.1
1171.55	19104.7
1172.65	19132.6
1173.76	19148.1
1174.87	19149.4
1175.97	19122.1
1177.08	19109.9
1178.18	19088.4
1179.29	19084.5
1180.4	19102.7
1181.5	19131
1182.61	19167.2
1183.71	19183.2
1184.82	19199.4
1185.92	19198.4
1187.02	19182.7
1188.13	19152.2
1189.23	19124.7
1190.34	19119.1
1191.44	19125.3
1192.54	19131.1
1193.65	19132.6
1194.75	19135.2
1195.85	19148.2
1196.96	19150.1
1198.06	19127.3
1199.16	19112.3
1200.26	19121.5
1201.37	19129.5
1202.47	19139.6
1203.57	19151.9
1204.67	19158.4
1205.77	19161.7
1206.87	19153.9
1207.97	19128.1
1209.08	19114.7
1210.18	19102
1211.28	19093.8
1212.38	19090
1213.48	19089.8
1214.58	19092.3
1215.68	19098
1216.78	19100.6
1217.88	19090.7
1218.98	19078.8
1220.07	19066.6
1221.17	19054.2
1222.27	19041.9
1223.37	19030.4
1224.47	19019.9
1225.57	19010.1
1226.66	18999.5
1227.76	18977.6
1228.86	18942.9
1229.96	18927.6
1231.06	18918.7
1232.15	18917.3
1233.25	18912
1234.35	18904.1
1235.44	18893.2
1236.54	18880.1
1237.63	18864.6
1238.73	18846.8
1239.83	18826.7
1240.92	18806.1
1242.02	18789.3
1243.11	18778.2
1244.21	18776.6
1245.3	18765.3
1246.4	18753.6
1247.49	18743.1
1248.59	18733.6
1249.68	18724.5
1250.78	18715.6
1251.87	18706.3
1252.96	18696.6
1254.06	18685.2
1255.15	18674.3
1256.24	18663.6
1257.34	18655.2
1258.43	18648.5
1259.52	18645.6
1260.62	18660.5
1261.71	18657.1
1262.8	18650.4
1263.89	18635.4
1264.98	18629.8
1266.08	18621.2
1267.17	18632.6
1268.26	18647.8
1269.35	18660.1
1270.44	18669.3
1271.53	18686.9
1272.62	18687.4
1273.71	18689
1274.8	18685.3
1275.89	18702
1276.98	18714.8
1278.07	18727.9
1279.16	18735.7
1280.25	18724.5
1281.34	18705.6
1282.43	18689.7
1283.52	18677.9
1284.61	18671.4
1285.69	18668.2
1286.78	18669.4
1287.87	18674.2
1288.96	18681.4
1290.05	18691.2
1291.13	18702
1292.22	18695.3
1293.31	18686.3
1294.4	18679.1
1295.48	18663.5
1296.57	18655.6
1297.66	18654.4
1298.74	18657
1299.83	18663.2
1300.92	18674.2
1302	18685.3
1303.09	18696.3
1304.17	18703.4
1305.26	18705.4
1306.34	18700.4
1307.43	18685.4
1308.51	18672
1309.6	18659.8
1310.68	18650.1
1311.76	18643.9
1312.85	18648.8
1313.93	18650.6
1315.02	18652.7
1316.1	18651.9
1317.18	18653.5
1318.27	18652.4
1319.35	18645.7
1320.43	18618.3
1321.52	18596.3
1322.6	18527.1
1323.68	18588.7
1324.76	18605.9
1325.85	18603.6
1326.93	18609.3
1328.01	18601.6
1329.09	18580.7
1330.17	18529.3
1331.25	18496.5
1332.33	18479.7
1333.41	18486.8
1334.49	18493.6
1335.58	18499.9
1336.65	18504.7
1337.74	18509.7
1338.82	18499.7
1339.89	18484
1340.97	18448.9
1342.05	18407.7
1343.13	18374.9
1344.21	18366.3
1345.29	18399.3
1346.37	18446.9
1347.45	18423.4
1348.53	18395.7
1349.6	18368.9
1350.68	18347.1
1351.76	18339
1352.84	18334.5
1353.92	18336.7
1354.99	18340.6
1356.07	18348.5
1357.15	18358.7
1358.22	18377.9
1359.3	18369.5
1360.38	18332.1
1361.45	18333.1
1362.53	18351.8
1363.61	18370.8
1364.68	18386.8
1365.76	18398.8
1366.83	18401.9
1367.91	18396.2
1368.98	18365.9
1370.06	18286.3
1371.13	18308.6
1372.21	18346.3
1373.28	18358.9
1374.35	18359.2
1375.43	18353.2
1376.5	18340.5
1377.58	18305.6
1378.65	18277.8
1379.72	18267.4
1380.8	18269.2
1381.87	18273.3
1382.94	18287.7
1384.01	18301.6
1385.09	18307.9
1386.16	18309
1387.23	18306.7
1388.3	18299
1389.38	18293.9
1390.45	18295.5
1391.52	18293.6
1392.59	18288
1393.66	18278.4
1393.92	18275.1
1395	18263.9
1396.07	18247.4
1397.15	18226.5
1398.22	18207.1
1399.3	18191
1400.38	18187.6
1401.45	18185.1
1402.53	18186.7
1403.6	18192.1
1404.68	18201.8
1405.75	18216.4
1406.82	18225.1
1407.9	18235
1408.97	18253
1410.05	18254.2
1411.12	18231.9
1412.19	18188
1413.27	18136.1
1414.34	18099.8
1415.41	18078.5
1416.49	18124.1
1417.56	18108.2
1418.63	18085
1419.7	18065.7
1420.78	18044.8
1421.85	18025.8
1422.92	18011.5
1423.99	18001.3
1425.06	18004.4
1426.14	18018.8
1427.21	18036.2
1428.28	18047
1429.35	18041.8
1430.42	18034.5
1431.49	18009.9
1432.56	17981.7
1433.63	17956.7
1434.7	17959.2
1435.77	17976.5
1436.84	17989.8
1437.91	17999.7
1438.98	18017.5
1440.05	18015.5
1441.12	17995
1442.18	17964.6
1443.25	17950.5
1444.32	17946.1
1445.39	17945.8
1446.46	17939.1
1447.53	17930.7
1448.59	17919.4
1449.66	17909.9
1450.73	17891.4
1451.8	17885
1452.86	17887.1
1453.93	17903.4
1455	17912.2
1456.06	17912.1
1457.13	17903.9
1458.2	17889.2
1459.26	17865.2
1460.33	17854.5
1461.39	17857.6
1462.46	17876.7
1463.52	17886.7
1464.59	17908.1
1465.65	17914.2
1466.72	17923.1
1467.78	17901.1
1468.85	17868.1
1469.91	17839.7
1470.98	17821.1
1472.04	17804.9
1473.1	17792.9
1474.17	17787
1475.23	17785.2
1476.3	17789.3
1477.36	17797.5
1478.42	17809.5
1479.48	17821.3
1480.55	17815.2
1481.61	17814.8
1482.67	17798.2
1483.73	17785.4
1484.8	17780.7
1485.86	17780.9
1486.92	17782.2
1487.98	17786.7
1489.04	17789.6
1490.1	17787.4
1491.17	17782.1
1492.23	17770.8
1493.29	17735
1494.35	17707.3
1495.41	17693.1
1496.47	17686.8
1497.53	17685.5
1498.59	17688.4
1499.65	17687.3
1500.71	17685.7
1501.77	17678.9
1502.83	17663.7
1503.88	17648.9
1504.94	17637.1
1506	17625.1
1507.06	17612.8
1508.12	17599.8
1509.18	17586.9
1510.23	17573
1511.29	17560.8
1512.35	17561.7
1513.41	17550.5
1514.47	17528
1515.52	17493.1
1516.58	17380.7
1517.64	17533.4
1518.69	17525.1
1519.75	17486.1
1520.81	17468.4
1521.86	17461.4
1522.92	17471.2
1523.97	17469.7
1525.03	17474.7
1526.08	17478.2
1527.14	17479.9
1528.2	17481.4
1529.25	17461.1
1530.31	17441.4
1531.36	17430.6
1532.42	17418.2
1533.47	17407.8
1534.52	17400.4
1535.58	17394.3
1536.63	17388.9
1537.69	17383.6
1538.74	17379
1539.79	17363.4
1540.84	17361.7
1541.9	17377.8
1542.95	17389
1544	17393.6
1545.06	17392
1546.11	17385.3
1547.16	17370.4
1548.21	17358.1
1549.27	17352.3
1550.32	17352.4
1551.37	17359.1
1552.42	17365.7
1553.47	17363.5
1554.52	17359.6
1555.57	17355.2
1556.62	17349.9
1557.67	17344.1
1558.72	17338.6
1559.77	17333.9
1560.82	17330.7
1561.87	17328.9
1562.92	17328
1563.97	17325
1565.02	17313.9
1566.07	17302.3
1567.12	17294.2
1568.17	17288
1569.22	17282.5
1570.27	17277.5
1571.32	17272.4
1572.36	17267.8
1573.41	17263.2
1574.46	17259.3
1575.51	17255.7
1576.56	17253.2
1577.6	17251.8
1578.65	17254.6
1579.7	17249.8
1580.74	17240.5
1581.79	17221.5
1582.84	17201.4
1583.88	17199.6
1584.93	17205.8
1585.98	17212.2
1587.02	17218.6
1588.07	17223.8
1589.11	17227.9
1590.16	17221.5
1591.2	17209.3
1592.25	17191
1593.29	17177.4
1594.34	17164.6
1595.38	17148
1596.43	17132.6
1597.47	17114.7
1598.52	17097.5
1599.56	17082.1
1600.6	17073.9
1601.65	17091.2
1602.69	17084.7
1603.73	17047.6
1604.78	17027.4
1605.82	17011.1
1606.86	16995.6
1607.91	16981.7
1608.95	16977.2
1609.99	16957.3
1611.03	16941.8
1612.08	16922.8
1613.12	16928.3
1614.16	16931.5
1615.2	16933.4
1616.24	16931.9
1617.28	16915.2
1618.32	16892.5
1619.36	16852.4
1620.41	16805.3
1621.45	16784.9
1622.49	16773.9
1623.53	16778.9
1624.57	16791.4
1625.61	16781.6
1626.65	16772
1627.69	16753.3
1628.73	16742.6
1629.76	16734.3
1630.8	16735.7
1631.84	16731.4
1632.88	16717.8
1633.92	16699.5
1634.96	16675.5
1636	16657.3
1637.03	16646.3
1638.07	16636.9
1639.11	16630
1640.15	16625.3
1641.19	16623.5
1642.22	16624.7
1643.26	16625.3
1644.3	16624
1645.33	16620.4
1646.37	16615.5
1647.41	16598.6
1648.44	16580.8
1649.48	16561.9
1650.52	16543.3
1651.55	16525.8
1652.59	16509.7
1653.62	16497.7
1654.66	16486.7
1655.69	16478
1656.73	16470.8
1657.76	16466
1658.8	16463.7
1659.83	16461.2
1660.87	16457
1661.9	16443.7
1662.93	16428.1
1663.97	16422.6
1665	16417.7
1666.04	16414
1667.07	16411.5
1668.1	16410.4
1669.14	16411
1670.17	16412.5
1671.2	16405.3
1672.23	16384.5
1673.27	16369.1
1674.3	16358.9
1675.33	16355.7
1676.36	16363.2
1677.39	16372.8
1678.43	16377.1
1679.46	16377.3
1680.49	16373.7
1681.52	16361
1682.55	16348.7
1683.58	16338.8
1684.61	16330.6
1685.64	16325.1
1686.67	16319.7
1687.7	16299.5
1688.73	16284.4
1689.76	16270.8
1690.79	16256.8
1691.82	16250.5
1692.85	16245.4
1693.88	16240.6
1694.91	16236.7
1695.94	16233.2
1696.97	16230.3
1698	16223.6
1699.02	16220.3
1700.05	16216.9
1701.08	16213.8
1702.11	16211.5
1703.14	16205.4
1704.16	16194
1705.19	16181.1
1706.22	16165.9
1707.25	16149.4
1708.27	16130
1709.3	16118.1
1710.33	16100.2
1711.35	16093.9
1712.38	16072.8
1713.41	16032.3
1714.43	15945.3
1715.46	16053.3
1716.48	16046.8
1717.51	16039.2
1718.53	16034.3
1719.56	16021.4
1720.58	16004.4
1721.61	15980.5
1722.63	15974.8
1723.66	15967.7
1724.68	15965.6
1725.71	15962
1726.73	15951.1
1727.75	15934
1728.78	15916.2
1729.8	15893.2
1730.83	15869.5
1731.85	15855.5
1732.87	15848.6
1733.89	15843
1734.92	15841
1735.94	15843
1736.96	15848.1
1737.98	15847.9
1739.01	15823.8
1740.03	15796
1741.05	15777.8
1742.07	15758.7
1743.09	15750.1
1744.12	15744.3
1745.14	15743.5
1746.16	15745.7
1747.18	15750.3
1748.2	15753.7
1749.22	15739
1750.24	15724
1751.26	15708.9
1752.28	15693.8
1753.3	15677.6
1754.32	15660.8
1755.34	15644.2
1756.36	15630.5
1757.38	15619.4
1758.4	15616.5
1759.42	15612.8
1760.44	15616.2
1761.45	15621.8
1762.47	15629.9
1763.49	15631.9
1764.51	15597.7
1765.53	15561.9
1766.55	15549.5
1767.56	15547
1768.58	15540.3
1769.6	15532.5
1770.61	15527.5
1771.63	15523.1
1772.65	15518.8
1773.67	15514.9
1774.68	15511
1775.7	15508.4
1776.72	15506.3
1777.73	15503.3
1778.75	15499.3
1779.76	15491.4
1780.78	15481.5
1781.79	15469.4
1782.81	15454.8
1783.83	15438.6
1784.84	15417.4
1785.85	15394.1
1786.87	15373.5
1787.88	15357.2
1788.9	15347.2
1789.91	15341.6
1790.93	15339.8
1791.94	15343.6
1792.95	15353.5
1793.97	15371.9
1794.98	15363
1796	15337.1
1797.01	15311.9
1798.02	15291.5
1799.03	15275.1
1800.05	15261.7
1801.06	15248.9
1802.07	15237.3
1803.08	15226.5
1804.1	15216.7
1805.11	15207.3
1806.12	15197.7
1807.13	15189
1808.14	15180.6
1809.15	15173.5
1810.17	15165.4
1811.18	15133
1812.19	15098
1813.2	15089.4
1814.21	15092.9
1815.22	15083.8
1816.23	15072.6
1817.24	15056.7
1818.25	15040.5
1819.26	15017.7
1820.27	14993.1
1821.28	14965.7
1822.29	14945.2
1823.3	14941.2
1824.3	14935.7
1825.31	14935.2
1826.32	14951
1827.33	14955.7
1828.34	14954.6
1829.35	14950.9
1830.35	14939.3
1831.36	14909.3
1832.37	14893.4
1833.38	14876.9
1834.38	14867.6
1835.39	14856.3
1836.4	14846.7
1837.41	14835
1838.41	14824
1839.42	14814.1
1840.43	14805.1
1841.43	14795.2
1842.44	14789.5
1843.44	14758.2
1844.45	14725.7
1845.46	14705.4
1846.46	14692.2
1847.47	14705.8
1848.47	14704.3
1849.48	14708.9
1850.48	14699.5
1851.49	14678.4
1852.49	14658
1853.49	14637.9
1854.5	14610.5
1855.5	14586
1856.51	14577.5
1857.51	14571.8
1858.51	14574.2
1859.52	14589.4
1860.52	14588.1
1861.52	14583.1
1862.53	14582.1
1863.53	14560.4
1864.53	14529.1
1865.54	14509
1866.54	14495.6
1867.54	14485.1
1868.54	14489
1869.54	14488.8
1870.55	14491.1
1871.55	14494.7
1872.55	14492.9
1873.55	14476.8
1874.55	14457
1875.55	14434.7
1876.55	14407.2
1877.55	14396
1878.55	14391.8
1879.55	14384.6
1880.56	14372.9
1881.55	14355.2
1882.56	14330.1
1883.55	14295.7
1884.55	14273.9
1885.55	14256.9
1886.55	14235.4
1887.55	14219.9
1888.55	14206.9
1889.55	14218.1
1890.55	14227.8
1891.55	14236.6
1892.55	14242.9
1893.54	14246.2
1894.54	14247.2
1895.54	14240.5
1896.54	14232.6
1897.54	14220.1
1898.53	14205.9
1899.53	14189.8
1900.53	14173.7
1901.52	14157.6
1902.52	14142.1
1903.52	14128.9
1904.51	14120.4
1905.51	14140.2
1906.51	14139.6
1907.5	14138.3
1908.5	14106.2
1909.49	14056
1910.49	14036.9
1911.49	14033.1
1912.48	14027.8
1913.48	14025.7
1914.47	14023.7
1915.46	14018.2
1916.46	14011.1
1917.45	13998.1
1918.45	13971.4
1919.44	13954.5
1920.44	13940.6
1921.43	13929.8
1922.43	13919.7
1923.42	13911.5
1924.41	13906.6
1925.41	13903.3
1926.4	13901.4
1927.39	13899.2
1928.38	13880
1929.38	13861.1
1930.37	13846
1931.36	13831.5
1932.35	13813.6
1933.35	13798.8
1934.34	13789.7
1935.33	13779.8
1936.32	13769.4
1937.31	13758.9
1938.3	13739.4
1939.29	13707.9
1940.29	13698.1
1941.28	13691.2
1942.27	13680.4
1943.26	13683.5
1944.25	13681.4
1945.24	13677.8
1946.23	13671
1947.22	13659.6
1948.21	13626.1
1949.2	13595.1
1950.19	13580.8
1951.18	13568.6
1952.17	13560.4
1953.16	13558.9
1954.14	13550.5
1955.13	13535
1956.12	13507.2
1957.11	13483.9
1958.1	13461
1959.09	13450.7
1960.07	13451.3
1961.06	13463.1
1962.05	13464.9
1963.04	13463.5
1964.02	13452.5
1965.01	13430.8
1966	13403
1966.99	13387.4
1967.97	13377.9
1968.96	13375
1969.95	13388.3
1970.93	13389.8
1971.92	13379.9
1972.9	13364
1973.89	13345.9
1974.88	13325.9
1975.86	13315.9
1976.85	13305.7
1977.83	13294.2
1978.82	13282.4
1979.8	13272.3
1980.79	13263.1
1981.77	13253.5
1982.76	13241.8
1983.74	13230.1
1984.72	13212.2
1985.71	13193.8
1986.69	13179.8
1987.67	13166.4
1988.66	13154.2
1989.64	13143.3
1990.62	13133.8
1991.61	13125.9
1992.59	13119
1993.57	13113.3
1994.56	13107.8
1995.54	13108.9
1996.52	13111.1
1997.5	13119.9
1998.49	13106.8
1999.47	13083.9
2000.45	13067.2
2001.43	13053.4
2002.41	13042
2003.39	13033.6
2004.38	13027.9
2005.36	13025.4
2006.34	13024.5
2007.32	13008.3
2008.3	12989.5
2009.28	12973.4
2010.26	12956.9
2011.24	12938.9
2012.22	12922.6
2013.2	12907.1
2014.18	12893.2
2015.16	12881.5
2016.14	12873.2
2017.12	12861.6
2018.1	12848.8
2019.07	12835.2
2020.05	12820.3
2021.03	12804.3
2022.01	12787.3
2022.99	12770.7
2023.97	12768.6
2024.95	12759.3
2025.92	12745.2
2026.9	12724.6
2027.88	12707.6
2028.86	12694.1
2029.83	12683.4
2030.81	12677.8
2031.79	12662.3
2032.76	12647.2
2033.74	12631.9
2034.72	12614.6
2035.69	12596.9
2036.67	12592.7
2037.65	12591.7
2038.62	12593.1
2039.6	12596.8
2040.57	12600.6
2041.55	12592
2042.52	12575.6
2043.5	12556.6
2044.47	12535.3
2045.45	12515
2046.42	12497.3
2047.4	12479.4
2048.37	12462.4
2049.35	12447.3
2050.32	12434.2
2051.29	12426.9
2052.27	12437.6
2053.24	12432.2
2054.21	12416.5
2055.19	12397.8
2056.16	12375.3
2057.13	12350
2058.11	12334.7
2059.08	12329.5
2060.05	12332.4
2061.02	12339.9
2062	12338.6
2062.97	12332.2
2063.94	12323.4
2064.91	12311.9
2065.89	12298
2066.86	12281.3
2067.83	12262
2068.8	12239.8
2069.77	12215
2070.74	12187.6
2071.71	12157.8
2072.68	12132.7
2073.65	12134.9
2074.62	12139.4
2075.59	12146.6
2076.56	12150.8
2077.53	12144.3
2078.5	12125.2
2079.47	12109
2080.44	12089.5
2081.41	12070.5
2082.38	12058.7
2083.35	12060.6
2084.32	12059
2085.29	12050.1
2086.26	12034.8
2087.23	12012.7
2088.19	11993.6
2089.16	11977.7
2090.13	11961.9
2091.1	11953.5
2092.07	11949.2
2093.03	11947
2094	11944.3
2094.97	11940.1
2095.94	11924
2096.9	11901.1
2097.87	11876.6
2098.84	11860.6
2099.8	11847.7
2100.77	11838.4
2101.74	11829.5
2102.7	11816.9
2103.67	11804.7
2104.63	11792.1
2105.6	11781.3
2106.56	11772
2107.53	11764.5
2108.49	11761.3
2109.46	11755.5
2110.42	11749.5
2111.39	11743.6
2112.35	11737.2
2113.32	11730.4
2114.28	11723.7
2115.25	11716.9
2116.21	11709.9
2117.17	11702.3
2118.14	11694.2
2119.1	11681.6
2120.07	11662.7
2121.03	11647.5
2121.99	11633.1
2122.96	11636.3
2123.92	11646.8
2124.88	11669.6
2125.84	11644.4
2126.81	11496.3
2127.77	11555.4
2128.73	11580.3
2129.69	11583.2
2130.65	11587
2131.62	11579.6
2132.58	11558.8
2133.54	11536.3
2134.5	11515.1
2135.46	11491
2136.42	11456.8
2137.38	11429.4
2138.34	11415.9
2139.3	11407.6
2140.26	11404.5
2141.22	11397.9
2142.18	11386.9
2143.14	11376.1
2144.1	11361.5
2145.06	11345.7
2146.02	11326.3
2146.98	11309.5
2147.94	11301.6
2148.9	11298.3
2149.86	11291.1
2150.82	11274.5
2151.78	11261.1
2152.74	11250.5
2153.69	11242.8
2154.65	11235.3
2155.61	11231.8
2156.57	11236.7
2157.53	11230.9
2158.48	11217.7
2159.44	11198.7
2160.4	11177.7
2161.36	11154.6
2162.31	11141
2163.27	11134
2164.23	11121.9
2165.18	11107.3
2166.14	11090.2
2167.1	11074.2
2168.05	11053.2
2169.01	11044.8
2169.96	11044.7
2170.92	11037.1
2171.88	11012.9
2172.83	10982.7
2173.79	10944.4
2174.74	10916.8
2175.7	10892.3
2176.65	10877.7
2177.6	10867.3
2178.56	10857.7
2179.51	10849.7
2180.47	10842.5
2181.42	10829.9
2182.38	10816.1
2183.33	10801.9
2184.28	10783.4
2185.24	10775.5
2186.19	10780.5
2187.14	10779.7
2188.1	10758.1
2189.05	10719.1
2190	10719
2190.96	10713.2
2191.91	10704.2
2192.86	10692.2
2193.81	10677
2194.76	10658.6
2195.72	10636.5
2196.67	10613.1
2197.62	10598
2198.57	10587.9
2199.52	10584.6
2200.47	10585.2
2201.43	10593.9
2202.38	10596
2203.33	10590.3
2204.28	10575.3
2205.23	10548.5
2206.18	10515
2207.13	10526.8
2208.08	10518.8
2209.03	10513.7
2209.98	10508.7
2210.93	10509.5
2211.88	10507.4
2212.83	10497.6
2213.78	10483.1
2214.73	10461.6
2215.67	10437.3
2216.62	10415.1
2217.57	10388
2218.52	10379.1
2219.47	10367.2
2220.42	10367.5
2221.37	10370.5
2222.31	10376.5
2223.26	10374.1
2224.21	10356.2
2225.16	10350.4
2226.1	10341.9
2227.05	10335
2228	10334.3
2228.94	10333
2229.89	10332.4
2230.84	10319.9
2231.78	10309.9
2232.73	10301.5
2233.68	10295.5
2234.62	10299.9
2235.57	10301.7
2236.51	10311.1
2237.46	10314.1
2238.41	10309.8
2239.35	10303.9
2240.3	10295.8
2241.24	10284.9
2242.19	10269.9
2243.13	10250.3
2244.07	10226.9
2245.02	10224.5
2245.96	10211
2246.91	10202.3
2247.85	10196.7
2248.8	10193.3
2249.74	10193.4
2250.68	10195.9
2251.63	10199
2252.57	10201.5
2253.51	10201.3
2254.46	10200.2
2255.4	10192.4
2256.34	10180.5
2257.28	10162.9
2258.23	10148.9
2259.17	10137.4
2260.11	10126.5
2261.05	10117.9
2262	10114.1
2262.94	10112.2
2263.88	10111.9
2264.82	10112
2265.76	10108.9
2266.7	10105.6
2267.64	10103.6
2268.58	10102.5
2269.53	10102.4
2270.47	10102.5
2271.41	10103.3
2272.35	10101.1
2273.29	10091.5
2274.23	10082.2
2275.17	10074.3
2276.11	10070.5
2277.05	10067.6
2277.99	10062.5
2278.93	10053.1
2279.86	10045.9
2280.8	10041.4
2281.74	10042.7
2282.68	10060
2283.62	10069.6
2284.56	10066.3
2285.5	10047.3
2286.44	10034.7
2287.37	10020.9
2288.31	10008.1
2289.25	9997.27
2290.19	9993.28
2291.12	9997.5
2292.06	10009.7
2293	10023
2293.94	10035.7
2294.87	10040.2
2295.81	10029
2296.75	10011.2
2297.68	9991.8
2298.62	9977.92
2299.55	9965.55
2300.49	9961.27
2301.43	9958.95
2302.36	9956.5
2303.3	9951.6
2304.23	9941.17
2305.17	9926.12
2306.1	9908.99
2307.04	9895.22
2307.98	9883.94
2308.91	9874.67
2309.84	9867.36
2310.78	9861.98
2311.71	9858.19
2312.65	9855.38
2313.58	9853.42
2314.52	9851.38
2315.45	9846.86
2316.38	9839.95
2317.32	9827.83
2317.72	9821.22
2318.66	9815.32
2319.6	9813.76
2320.54	9814
2321.48	9796.78
2322.41	9777.39
2323.35	9761.04
2324.29	9742.86
2325.23	9724.46
2326.16	9707.45
2327.1	9691.52
2328.04	9676.96
2328.97	9663.75
2329.91	9652.17
2330.85	9642.85
2331.78	9635
2332.72	9629.6
2333.66	9626.88
2334.59	9630.01
2335.53	9633.51
2336.46	9630.06
2337.4	9618.4
2338.33	9608.85
2339.27	9594.17
2340.2	9582.13
2341.14	9571.18
2342.07	9560.9
2343.01	9551.27
2343.94	9542.03
2344.88	9533.98
2345.81	9526.22
2346.75	9518.06
2347.68	9509.61
2348.61	9500.74
2349.55	9491.45
2350.48	9484.2
2351.41	9481.73
2352.35	9485.4
2353.28	9484.81
2354.21	9483.95
2355.15	9477.29
2356.08	9471.57
2357.01	9464.93
2357.94	9457.81
2358.88	9450.19
2359.81	9442.28
2360.74	9436.35
2361.67	9433.03
2362.6	9428.25
2363.54	9424.68
2364.47	9380.75
2365.4	9346.35
2366.33	9368.69
2367.26	9388.48
2368.19	9416.53
2369.12	9418.49
2370.05	9407.74
2370.98	9393.79
2371.91	9378.63
2372.84	9367.1
2373.77	9356.18
2374.7	9353.43
2375.63	9348.18
2376.56	9342.04
2377.49	9331.59
2378.42	9317.69
2379.35	9300.19
2380.28	9281.62
2381.21	9258.3
2382.14	9239.66
2383.07	9239.92
2384	9251.96
2384.92	9263.03
2385.85	9273.99
2386.78	9280.85
2387.71	9277.31
2388.64	9266.85
2389.56	9270.03
2390.49	9270.97
2391.42	9270.78
2392.35	9270.02
2393.27	9266.04
2394.2	9250.72
2395.13	9229.02
2396.05	9215.77
2396.98	9197.1
2397.91	9185.62
2398.83	9182.5
2399.76	9185.18
2400.69	9186.2
2401.61	9173.41
2402.54	9159.39
2403.46	9150.09
2404.39	9156.08
2405.31	9153.33
2406.24	9152.91
2407.17	9155.8
2408.09	9158.19
2409.01	9156.29
2409.94	9141.79
2410.86	9117.93
2411.79	9098.49
2412.71	9082.22
2413.64	9068.73
2414.56	9056.1
2415.49	9053.66
2416.41	9054.84
2417.33	9048.09
2418.26	9040.78
2419.18	9021.68
2420.1	9004.23
2421.03	8992.28
2421.95	8982.71
2422.87	8974.45
2423.79	8970.23
2424.72	8971.26
2425.64	8973.04
2426.56	8972.97
2427.48	8970.41
2428.41	8964.32
2429.33	8952.65
2430.25	8942.92
2431.17	8931.51
2432.09	8918.85
2433.01	8905.91
2433.93	8893.6
2434.86	8881.54
2435.78	8869.69
2436.7	8858.52
2437.62	8850.67
2438.54	8842.68
2439.46	8833.78
2440.38	8823.92
2441.3	8815.45
2442.22	8806.33
2443.14	8796.24
2444.06	8785.1
2444.98	8772.74
2445.9	8756.85
2446.82	8739.91
2447.73	8733.83
2448.65	8732.19
2449.57	8733.02
2450.49	8736.3
2451.41	8731.68
2452.33	8720.02
2453.25	8700.24
2454.17	8684.11
2455.08	8666.75
2456	8648.68
2456.92	8634.23
2457.84	8621.81
2458.75	8609.51
2459.67	8595.44
2460.59	8575.55
2461.51	8556.76
2462.42	8555.82
2463.34	8561.53
2464.26	8559.87
2465.17	8558.64
2466.09	8557.99
2467	8557.29
2467.92	8556.33
2468.84	8554.58
2469.75	8552.68
2470.67	8549.54
2471.58	8545.28
2472.5	8539.37
2473.42	8531.94
2474.33	8522.39
2475.25	8506.06
2476.16	8483.63
2477.08	8459.14
2477.99	8442.38
2478.9	8462.34
2479.82	8466.09
2480.73	8468.5
2481.65	8469.54
2482.56	8468.95
2483.47	8466.29
2484.39	8459.52
2485.3	8442.86
2486.22	8424.99
2487.13	8406.14
2488.04	8393.47
2488.96	8384.46
2489.87	8376.41
2490.78	8377.73
2491.69	8387.96
2492.61	8394.23
2493.52	8394.93
2494.43	8379.06
2495.34	8369.38
2496.25	8355.88
2497.17	8345.66
2498.08	8348.13
2498.99	8352.22
2499.9	8357.92
2500.81	8368.32
2501.72	8370.46
2502.63	8368.03
2503.55	8360.04
2504.46	8347.01
2505.37	8328.03
2506.28	8322.61
2507.19	8325.39
2508.1	8327.24
2509.01	8328.34
2509.92	8329.34
2510.83	8324.21
2511.74	8306.55
2512.65	8265.85
2513.56	8259.64
2514.47	8255.98
2515.37	8253.81
2516.28	8253
2517.19	8251.12
2518.1	8251.74
2519.01	8252.85
2519.92	8255.11
2520.83	8257.84
2521.73	8261.27
2522.64	8263.63
2523.55	8252.09
2524.46	8230.19
2525.37	8209.45
2526.27	8189.66
2527.18	8187.7
2528.09	8194.64
2529	8193.38
2529.9	8187.75
2530.81	8188.58
2531.72	8178.2
2532.62	8161.77
2533.53	8154.51
2534.44	8149.45
2535.34	8145.54
2536.25	8143.36
2537.15	8127.87
2538.06	8112.27
2538.96	8096.41
2539.87	8082.37
2540.78	8068.95
2541.68	8068.51
2542.59	8069.07
2543.49	8070.08
2544.4	8071.56
2545.3	8068.94
2546.21	8064.92
2547.11	8059.41
2548.01	8052.24
2548.92	8043.4
2549.82	8032.86
2550.73	8020.49
2551.63	8006.16
2552.53	7987.62
2553.44	7964.67
2554.34	7945.2
2555.24	7929.68
2556.15	7923.67
2557.05	7929.32
2557.95	7922.79
2558.86	7917.07
2559.76	7913.32
2560.66	7910.32
2561.56	7907.32
2562.46	7903.45
2563.37	7898.39
2564.27	7892.21
2565.17	7885.11
2566.07	7876.96
2566.97	7867.91
2567.88	7857.71
2568.78	7846.94
2569.68	7836.46
2570.58	7827.08
2571.48	7816.24
2572.38	7808.31
2573.28	7807.31
2574.18	7808.83
2575.08	7810.9
2575.98	7806.56
2576.88	7800.61
2577.78	7792.79
2578.68	7783.1
2579.58	7771.1
2580.48	7757.06
2581.38	7742.01
2582.28	7727.11
2583.18	7716.9
2584.08	7708.53
2584.98	7700.34
2585.88	7693.51
2586.77	7687.54
2587.67	7681.92
2588.57	7675.86
2589.47	7669.1
2590.37	7662.5
2591.27	7655.43
2592.16	7648.12
2593.06	7640.4
2593.96	7631.97
2594.86	7622.67
2595.75	7610.36
2596.65	7596.94
2597.55	7578.43
2598.45	7558.11
2599.34	7545.85
2600.24	7541.5
2601.13	7558.44
2602.03	7587.37
2602.93	7582.81
2603.82	7555.98
2604.72	7543
2605.62	7529.09
2606.51	7519.03
2607.41	7510.14
2608.3	7509.73
2609.2	7509.27
2610.09	7508.82
2610.99	7507.85
2611.88	7499.09
2612.78	7482.85
2613.67	7478.57
2614.57	7473.48
2615.46	7471.15
2616.36	7465.96
2617.25	7451.28
2618.14	7438.97
2619.04	7413.53
2619.93	7401.29
2620.83	7398.51
2621.72	7395.13
2622.61	7395.82
2623.5	7395.45
2624.4	7394.77
2625.29	7396.16
2626.18	7398.3
2627.08	7402.33
2627.97	7401.01
2628.86	7384.05
2629.75	7355.02
2630.65	7356.16
2631.54	7350.36
2632.43	7340.58
2633.32	7328.8
2634.21	7315.27
2635.11	7302.56
2636	7287.03
2636.89	7270.97
2637.78	7253.06
2638.67	7234.42
2639.56	7217.07
2640.45	7202.06
2641.34	7196.53
2642.23	7193.55
2643.12	7193.62
2644.01	7198.11
2644.9	7190.5
2645.79	7182.77
2646.68	7161.36
2647.57	7144.24
2648.46	7129.67
2649.35	7116.65
2650.24	7110.07
2651.13	7105.11
2652.02	7103.39
2652.91	7103.86
2653.8	7106.28
2654.69	7107.27
2655.58	7097.45
2656.46	7089.86
2657.35	7083.82
2658.24	7076.18
2659.13	7068.02
2660.02	7059.35
2660.9	7049.79
2661.79	7039.84
2662.68	7031.16
2663.57	7026.43
2664.45	7024.06
2665.34	7019.72
2666.23	7015.96
2667.11	7012.9
2668	7010.17
2668.89	7007.95
2669.77	7006.24
2670.66	7005.1
2671.55	7005.4
2672.43	7005.6
2673.32	7001.01
2674.21	6993.92
2675.09	6979.77
2675.98	6963.26
2676.86	6950.19
2677.75	6937.13
2678.63	6925.27
2679.52	6915.08
2680.4	6905.89
2681.29	6898.65
2682.17	6893.1
2683.06	6888.29
2683.94	6883.51
2684.82	6874.42
2685.71	6865.53
2686.59	6852.69
2687.48	6839.42
2688.36	6824.2
2689.24	6812.89
2690.13	6807.7
2691.01	6803.67
2691.89	6797.71
2692.78	6793.23
2693.66	6789.5
2694.54	6786.51
2695.43	6783.72
2696.31	6781.46
2697.19	6777.48
2698.07	6763.76
2698.96	6750.23
2699.84	6740.69
2700.72	6730.75
2701.6	6721.08
2702.48	6712.21
2703.36	6703.79
2704.25	6695.19
2705.13	6686.16
2706.01	6674.19
2706.89	6659.87
2707.77	6655.11
2708.65	6659.45
2709.53	6658.45
2710.41	6650.33
2711.29	6645.49
2712.17	6638.44
2713.05	6628.58
2713.93	6616.98
2714.81	6608.5
2715.69	6603.4
2716.57	6598
2717.45	6596.34
2718.33	6591.2
2719.21	6585.56
2720.09	6578.62
2720.97	6569.94
2721.85	6560.2
2722.73	6546.81
2723.61	6538.39
2724.48	6536.87
2725.36	6536.98
2726.24	6539.76
2727.12	6541.03
2728	6541.71
2728.88	6541.42
2729.75	6540.1
2730.63	6537.73
2731.51	6534.14
2732.39	6526.01
2733.26	6516.39
2734.14	6503.42
2735.02	6488.04
2735.89	6471.92
2736.77	6457.52
2737.65	6454.64
2738.52	6451.59
2739.4	6448.62
2740.28	6446.73
2741.15	6447.74
2742.03	6450.26
2742.9	6452.76
2743.78	6453.61
2744.65	6435.33
2745.53	6413.88
2746.41	6401.03
2747.28	6400.31
2748.16	6404.85
2749.03	6399.31
2749.91	6394.71
2750.78	6390.09
2751.66	6384.66
2752.53	6378.1
2753.4	6369.8
2754.28	6359.91
2755.15	6348.48
2756.02	6336.64
2756.9	6327.52
2757.77	6316.1
2758.65	6316.93
2759.52	6318.96
2760.39	6320.09
2761.27	6319.72
2762.14	6318.08
2763.01	6313.35
2763.88	6307.25
2764.76	6299.51
2765.63	6290.22
2766.5	6279.1
2767.37	6266.81
2768.25	6253.91
2769.12	6244.28
2769.99	6241.88
2770.86	6252.96
2771.73	6250.16
2772.61	6237.98
2773.48	6224.12
2774.35	6208.17
2775.22	6193.15
2776.09	6188.86
2776.96	6190.17
2777.83	6190.71
2778.7	6183.53
2779.57	6168.91
2780.44	6156.05
2781.31	6145.86
2782.18	6137.95
2783.05	6131.93
2783.92	6130.52
2784.79	6131.56
2785.66	6129.62
2786.53	6123.89
2787.4	6116.06
2788.27	6107.08
2789.14	6100.3
2790.01	6093.22
2790.88	6086.82
2791.75	6080.63
2792.62	6074.91
2793.48	6070.3
2794.35	6066.31
2795.22	6064.29
2796.09	6061.45
2796.96	6053.64
2797.82	6047.09
2798.69	6039.9
2799.56	6032.22
2800.43	6024.1
2801.29	6015.33
2802.16	6006.58
2803.03	5999.92
2803.9	5998.5
2804.76	5999.86
2805.63	6006.17
2806.5	6009.81
2807.36	6017.42
2808.23	6006.1
2809.09	5987.21
2809.96	5963.63
2810.83	5957.45
2811.69	5969.7
2812.56	5976.23
2813.42	5978.76
2814.29	5972.83
2815.15	5955.52
2816.02	5946.25
2816.88	5935.63
2817.75	5924.47
2818.61	5914.08
2819.48	5905.08
2820.34	5897.76
2821.21	5891.93
2822.07	5888.18
2822.94	5888.34
2823.8	5889.93
2824.66	5892.7
2825.53	5891.53
2826.39	5884.72
2827.26	5873.8
2828.12	5865.87
2828.98	5857.94
2829.85	5849.87
2830.71	5842.21
2831.57	5835.51
2832.43	5829.8
2833.3	5825.38
2834.16	5821.96
2835.02	5820.44
2835.88	5818.42
2836.75	5813.93
2837.61	5806.15
2838.47	5796.61
2839.33	5786.28
2840.19	5778.29
2841.06	5779.57
2841.92	5778.83
2842.78	5784.34
2843.64	5798.2
2844.5	5800.95
2845.36	5788.9
2846.22	5770.83
2847.08	5764
2847.94	5761.24
2848.81	5762.54
2849.67	5768.31
2850.53	5763.38
2851.39	5759.73
2852.25	5751
2853.11	5734.63
2853.97	5724.88
2854.82	5719.71
2855.68	5715.36
2856.54	5711.04
2857.4	5702.01
2858.26	5693.8
2859.12	5685.88
2859.98	5678.33
2860.84	5671.1
2861.7	5664.46
2862.56	5658.45
2863.41	5653.43
2864.27	5648.43
2865.13	5640.85
2865.99	5633.5
2866.85	5628.22
2867.7	5625.27
2868.56	5624.18
2869.42	5624.93
2870.28	5627.27
2871.13	5633.31
2871.99	5637.24
2872.85	5634.24
2873.7	5620.82
2874.56	5606.39
2875.42	5590.07
2876.27	5573
2877.13	5564.38
2877.99	5560.41
2878.84	5562.8
2879.7	5567.66
2880.56	5567.27
2881.41	5564.87
2882.27	5559.63
2883.12	5545.5
2883.98	5525.35
2884.83	5516.6
2885.69	5518.13
2886.54	5518.07
2887.4	5517.69
2888.25	5515.01
2889.11	5516.06
2889.96	5519.07
2890.82	5513.41
2891.67	5502.37
2892.52	5486.22
2893.38	5465.69
2894.23	5446.94
2895.09	5432.69
2895.94	5448.87
2896.79	5446.07
2897.65	5442.82
2898.5	5440.48
2899.35	5431.16
2900.21	5422.52
2901.06	5412.5
2901.91	5398.73
2902.76	5390.2
2903.62	5385.06
2904.47	5382.16
2905.32	5378.74
2906.17	5375.72
2907.03	5368.31
2907.88	5348.22
2908.73	5350.45
2909.58	5355.63
2910.43	5376.45
2911.28	5378.53
2912.14	5349.42
2912.99	5330.71
2913.84	5330.8
2914.69	5336
2915.54	5347.48
2916.39	5361.74
2917.24	5369.72
2918.09	5333.28
2918.94	5261.93
2919.79	5278.61
2920.64	5271.04
2921.49	5268.44
2922.34	5273.2
2923.19	5291.14
2924.04	5252.28
2924.89	5236.02
2925.74	5226.74
2926.59	5218.87
2927.44	5212.57
2928.29	5211.08
2929.14	5213.43
2929.98	5220.35
2930.83	5228.71
2931.68	5236.36
2932.53	5239.82
2933.38	5233.73
2934.23	5221.43
2935.07	5210.2
2935.92	5197.29
2936.77	5182.72
2937.62	5177.64
2938.47	5172.27
2939.31	5167.27
2940.16	5162.84
2941.01	5158.58
2941.85	5158.51
2942.7	5148.05
2943.55	5131.5
2944.39	5115.54
2945.24	5103.36
2946.09	5097.12
2946.93	5093.04
2947.78	5091.43
2948.63	5093.43
2949.47	5097.99
2950.32	5104.97
2951.16	5112.76
2952.01	5099.05
2952.85	5088.12
2953.7	5075.04
2954.55	5068.84
2955.39	5063.38
2956.24	5060.45
2957.08	5067.93
2957.92	5069.79
2958.77	5065.79
2959.61	5058.48
2960.46	5050.96
2961.3	5042.13
2962.15	5035.8
2962.99	5032.87
2963.83	5030.77
2964.68	5022.96
2965.52	5016.7
2966.37	5011.07
2967.21	5005.48
2968.05	5000.21
2968.9	4994.26
2969.74	4988.83
2970.58	4984.24
2971.42	4981.19
2972.27	4981.73
2973.11	4978.35
2973.95	4972.8
2974.79	4966.56
2975.64	4958.62
2976.48	4945.61
2977.32	4935.34
2978.16	4929.38
2979	4937.56
2979.85	4943.46
2980.69	4944.76
2981.53	4934.87
2982.37	4909.4
2983.21	4918.65
2984.05	4921.41
2984.89	4920.54
2985.73	4922.5
2986.57	4917.5
2987.41	4907.04
2988.25	4888.94
2989.1	4882.74
2989.94	4883.8
2990.77	4890.41
2991.62	4889.08
2992.45	4886.41
2993.29	4883.07
2994.13	4878.05
2994.97	4867.08
2995.81	4855.35
2996.65	4849.31
2997.49	4874.25
2998.33	4874.69
2999.17	4845.5
