200.833	15395.8
202.102	15485.8
203.371	15484.5
204.639	15456.2
205.907	15469.3
207.175	15472.9
208.442	15499.2
209.71	15503.6
210.977	15498.3
212.244	15509.4
213.511	15524.9
214.777	15544.7
216.042	15567
217.309	15581
218.575	15589.1
219.84	15598.1
221.106	15613.4
222.371	15638.7
223.635	15670.2
224.9	15706.3
226.165	15744.7
227.429	15780.2
228.694	15816.7
229.956	15848.1
231.22	15875.5
232.484	15896.3
233.747	15916.5
235.011	15936.4
236.272	15958.3
237.535	15981
238.798	16007
240.06	16037.7
241.321	16067.5
242.583	16099.2
243.845	16130.6
245.105	16160.4
246.367	16188.1
247.628	16213.2
248.888	16234.5
250.149	16252.9
251.409	16268.9
252.67	16281.2
253.928	16288
255.189	16290.3
256.447	16284.7
257.707	16279.6
258.966	16280.5
260.224	16285.4
261.483	16294.1
262.742	16309
263.999	16329.5
265.257	16354
266.514	16382.8
267.772	16415.1
269.028	16448.3
270.286	16464
271.543	16476.1
272.799	16481.9
274.056	16483.2
275.311	16476.8
276.568	16479.2
277.823	16491.5
279.079	16512.9
280.333	16542.1
281.589	16575.3
282.843	16615.6
284.099	16648.8
285.352	16673.4
286.607	16686.3
287.86	16680.7
289.114	16684.2
290.368	16687.5
291.621	16695.7
292.875	16704.4
294.127	16715.1
295.38	16724.4
296.632	16736.2
297.884	16749.5
299.137	16764.9
300.388	16782.7
301.641	16812.7
302.891	16845.6
304.142	16873.7
305.394	16896.5
306.644	16915
307.894	16909.1
309.146	16907.1
310.395	16892.2
311.645	16884.3
312.895	16877.6
314.144	16878.3
315.393	16891.4
316.642	16915.6
317.892	16969.2
319.14	17022.4
320.388	17033.7
321.637	17020
322.885	16988.1
324.132	16979.4
325.38	16996.2
326.628	17008.8
327.875	17026.8
329.122	17054.7
330.368	17084.7
331.614	17113.7
332.862	17139.1
334.108	17166.3
335.353	17185.4
336.599	17195.3
337.844	17196.5
339.089	17198.9
340.335	17206.8
341.58	17214.5
342.824	17224.3
344.068	17235.7
345.312	17248.7
346.556	17263.4
347.8	17281
349.043	17300.6
350.286	17322.8
351.53	17338.1
352.774	17331.3
354.016	17310
355.259	17297.4
356.501	17292.2
357.743	17297.1
358.985	17304.5
360.227	17308.8
361.468	17312.9
362.709	17319.9
363.95	17317.7
365.191	17311.9
366.432	17309
367.672	17314.3
368.912	17330.9
370.152	17373.6
371.392	17424.9
372.632	17330.1
373.871	17393.9
375.11	17401.1
376.348	17405.2
377.587	17407.7
378.825	17411.2
380.064	17415.2
381.302	17419.7
382.54	17424.4
383.778	17430.3
385.016	17436.9
386.253	17444.7
387.489	17453.4
388.726	17463.3
389.963	17474.1
391.199	17487.4
392.436	17505.5
393.672	17526
394.907	17540.8
396.142	17555.1
397.378	17566.3
398.614	17574.1
399.849	17581
401.082	17588.4
402.317	17598.9
403.552	17613
404.786	17632.8
406.019	17655.9
407.253	17680.7
408.487	17704.6
409.721	17690
410.953	17665.9
412.186	17644.8
413.419	17644.8
414.651	17679.4
415.883	17697.7
417.116	17712
418.347	17724.9
419.579	17728.3
420.811	17722.9
422.041	17714.3
423.272	17703.2
424.504	17696.8
425.733	17695.7
426.964	17699
428.194	17706.3
429.424	17716.1
430.654	17734.5
431.883	17760.7
433.113	17788.9
434.341	17811.1
435.571	17786.4
436.799	17772.3
438.028	17795.5
439.257	17812.2
440.484	17814.6
441.713	17807.4
442.94	17802.2
444.168	17802.1
445.394	17799.5
446.622	17807.2
447.848	17818.1
449.076	17835.7
450.301	17853.2
451.528	17870.8
452.754	17887.5
453.979	17893.9
455.205	17897.9
456.43	17901.9
457.656	17892.5
458.88	17857.7
460.106	17699.4
461.33	17955
462.554	17935
463.779	17952
465.002	17944.7
466.225	17934.1
467.45	17902.6
468.672	17877.8
469.895	17866.7
471.119	17865.1
472.341	17862.8
473.563	17863.2
474.786	17867.5
476.008	17875.4
477.229	17887
478.452	17902.2
479.673	17915
480.894	17922.3
482.115	17916.4
483.337	17904.5
484.557	17885.6
485.777	17856
486.997	17831.6
488.218	17811.9
489.438	17801.2
490.657	17801.4
491.876	17811.3
493.096	17817.8
494.315	17819.9
495.533	17818.5
496.752	17809.7
497.97	17806.8
499.188	17817.2
500.407	17823.2
501.625	17842
502.842	17866.6
504.059	17868.5
505.276	17859.4
506.493	17838.9
507.71	17811.6
508.926	17793
510.142	17798.6
511.358	17836.5
512.575	17864.8
513.791	17892.3
515.006	17916.4
516.222	17931.1
517.437	17942.7
518.651	17949.8
519.866	17952.8
521.081	17952.2
522.295	17949.5
523.509	17956.1
524.723	17962.6
525.937	17971.1
527.15	17981.1
528.363	17994.5
529.576	18019.7
530.789	18047.7
532.002	18039
533.215	18026.5
534.426	18006.4
535.638	18003.9
536.85	18014.3
538.061	18025.3
539.273	18034.3
540.484	18042.8
541.695	18059.7
542.906	18064.1
544.117	18062.2
545.327	18054.7
546.537	18044.5
547.747	18039.9
548.957	18036.8
550.167	18034.7
551.377	18034.3
552.585	18035.4
553.794	18038.4
555.003	18042.8
556.212	18048.2
557.421	18052.1
558.628	18046.8
559.836	18038
561.044	18034.7
562.252	18033.2
563.458	18033.4
564.666	18035.4
565.873	18045.4
567.08	18056.9
568.286	18071.5
569.493	18087.7
570.699	18078.3
571.904	18067.4
573.111	18053.2
574.317	18036.7
575.521	18018.8
576.727	18011.8
577.932	18013.8
579.136	18026.3
580.341	18046.4
581.544	18069.8
582.749	18086.8
583.954	18094.1
585.156	18083.9
586.361	18073.3
587.563	18065.2
588.767	18042.7
589.97	18025.4
591.172	18025.6
592.375	18030.3
593.577	18034.9
594.78	18039.9
595.981	18043.9
597.183	18048.3
598.384	18051.5
599.586	18055
600.786	18057.7
601.988	18062
603.188	18066.6
604.389	18072.7
605.589	18072.1
606.79	18050
607.989	18023.3
609.188	18001.4
610.389	17984.3
611.587	17974.6
612.787	17979.4
613.986	17985.4
615.184	17992.4
616.383	17995.4
617.581	17992.6
618.78	17980.2
619.977	17961.3
621.174	17936.3
622.373	17911
623.57	17892.5
624.766	17878.1
625.964	17866.7
627.16	17860.4
628.356	17858.7
629.554	17861
630.749	17868
631.945	17877.5
633.14	17881.7
634.337	17873.6
635.532	17868.7
636.726	17852.8
637.921	17826.5
639.117	17790.9
640.311	17785.7
641.505	17772.9
642.699	17760.6
643.892	17736.3
645.087	17716
646.28	17701.1
647.473	17695.2
648.666	17714.3
649.859	17739.9
651.051	17772.2
652.245	17807
653.437	17827.4
654.629	17826.6
655.821	17802.8
657.012	17803
658.204	17800.6
659.395	17804.2
660.586	17814.1
661.777	17830.6
662.967	17835
664.158	17826
665.349	17802.8
666.539	17788.8
667.729	17788.5
668.919	17797.1
670.109	17805.6
671.298	17824.4
672.487	17844.7
673.676	17865.4
674.865	17874.5
676.053	17874
677.242	17871
678.43	17866.3
679.616	17858.7
680.804	17848.7
681.992	17834.3
683.179	17820.4
684.366	17810.4
685.554	17802.1
686.74	17801.8
687.927	17799.2
689.114	17794.8
690.3	17789.7
691.486	17783.5
692.671	17775.6
693.856	17766
695.042	17754.1
696.227	17740.9
697.413	17728.1
698.598	17720.7
699.781	17724
700.966	17729.2
702.15	17729.1
703.334	17725.2
704.518	17717
705.701	17700
706.885	17689.5
708.068	17686.3
709.252	17689.4
710.433	17700.4
711.616	17711.7
712.799	17703.6
713.98	17689.5
715.163	17675.9
716.345	17669.7
717.527	17670
718.707	17676.6
719.889	17676.4
721.071	17672.6
722.25	17669.5
723.432	17668.2
724.611	17668.9
725.792	17671.6
726.972	17678.3
728.151	17686.8
729.332	17698.6
730.512	17712.6
731.69	17726.4
732.87	17736.1
734.048	17739.9
735.227	17739.2
736.405	17731
737.584	17717
738.761	17698.6
739.94	17688
741.117	17680.7
742.295	17674
743.471	17670.6
744.649	17670.3
745.825	17673.8
747.003	17681.6
748.179	17694.5
749.356	17715
750.531	17727.7
751.708	17736.9
752.883	17741.5
754.059	17740.5
755.234	17736.3
756.409	17730.3
757.585	17734.2
758.759	17741.9
759.934	17753
761.108	17759.8
762.282	17758.7
763.456	17749
764.63	17731.5
765.803	17709.1
766.977	17682.2
768.15	17649.9
769.323	17617.7
770.496	17588
771.668	17568.8
772.841	17572.2
774.014	17582.9
775.185	17599
776.357	17614.9
777.528	17582.9
778.701	17562.5
779.872	17582.5
781.042	17592.4
782.213	17594.9
783.383	17589
784.555	17571.4
785.725	17550
786.895	17529.6
788.064	17511.7
789.234	17495.6
790.404	17481.3
791.573	17470.4
792.742	17461.7
793.911	17454.1
795.08	17440.7
796.248	17421
797.416	17406.9
798.584	17395.3
799.753	17389
800.921	17386.4
802.088	17388
803.256	17392.8
804.423	17400.2
805.59	17407.6
806.756	17398.9
807.923	17396.2
809.089	17399.5
810.256	17402
811.422	17409.9
812.587	17427.9
813.753	17440.8
814.918	17446.6
816.084	17449.6
817.249	17450.3
818.414	17448.9
819.578	17444.7
820.743	17440.1
821.907	17436.1
823.072	17433.1
824.236	17434
825.399	17437.6
826.562	17444.5
827.725	17453.9
828.889	17467.3
830.052	17481.9
831.215	17484.8
832.377	17469.6
833.54	17455.4
834.701	17444.6
835.863	17437.1
837.025	17434.6
838.187	17435.2
839.349	17446.2
840.51	17452.5
841.67	17446.6
842.831	17440
843.992	17437.4
845.153	17438.3
846.312	17439.7
847.473	17439.3
848.633	17433.8
849.793	17426
850.951	17416.6
852.111	17405.9
853.27	17395
854.428	17384.3
855.588	17375.6
856.747	17364.7
857.904	17352.4
859.063	17339.8
860.221	17327.5
861.378	17315.2
862.536	17303.2
863.694	17291.3
864.85	17279.4
866.008	17267.5
867.164	17255.4
868.321	17243.2
869.478	17230.8
870.633	17218.1
871.79	17205.1
872.945	17191.6
874.101	17175.5
875.256	17160.9
876.412	17140
877.566	17116.5
878.722	17084.8
879.876	17058.5
881.031	17047.2
882.185	17050.9
883.34	17083.2
884.493	17095
885.647	17089.2
886.8	17082.7
887.954	17072.6
889.107	17059.1
890.261	17037.7
891.413	17018.2
892.565	17013.9
893.718	17014.3
894.87	17024.4
896.023	17020.5
897.174	17025.6
898.326	17005.4
899.478	16982.1
900.629	17012.3
901.779	17131.9
902.931	16945.4
904.081	16974.7
905.231	16941.3
906.383	17016.3
907.532	17085.4
908.682	17104.4
909.831	17102
910.982	17083.2
912.131	17059.4
913.28	17034.1
914.429	17031.9
915.578	17029.5
916.727	17028.1
917.875	17028.7
919.023	17029.9
920.171	17033
921.32	17024.6
922.467	17024.1
923.614	17028.8
924.761	17043.2
925.908	17080.8
927.055	17080.5
928.203	17064.2
929.349	17053.7
930.496	17054.4
931.642	17059
932.787	17062.4
933.933	17059.7
935.079	17052
936.224	17032.2
937.369	17010.6
938.514	16989.9
939.659	16989.1
940.804	17005
941.948	17012.8
943.092	17023.2
944.236	17026.1
945.38	17020.3
946.524	16990.1
947.667	16961.4
948.811	16934
949.954	16910.3
951.097	16894
952.24	16884.5
953.383	16885.2
954.525	16880.2
955.667	16879.9
956.81	16868.5
957.952	16852
959.093	16837.1
960.235	16823.5
961.376	16811.8
962.516	16801.8
963.658	16794.9
964.798	16800.5
965.939	16803.2
967.08	16810.8
968.22	16815.5
969.359	16811.7
970.499	16797.8
971.639	16772.6
972.779	16744.5
973.918	16737.4
975.056	16732.8
976.195	16729.5
977.334	16726.6
978.473	16723.3
979.61	16720.1
980.749	16716.4
981.887	16711.8
983.024	16710.2
984.162	16717.7
985.3	16740.9
986.437	16748
987.573	16754.7
988.711	16761
989.848	16766.8
990.983	16770.6
992.12	16772.1
993.255	16770.7
994.392	16766.7
995.528	16758.7
996.662	16749.5
997.798	16735
998.933	16730.7
1000.07	16738
1001.2	16750.9
1002.34	16755.7
1003.47	16757.1
1004.61	16756.4
1005.74	16753.9
1006.87	16748
1008.01	16740.5
1009.14	16730.9
1010.27	16723.6
1011.41	16738.6
1012.54	16748.2
1013.67	16752.5
1014.81	16751.3
1015.94	16745
1017.07	16734.2
1018.2	16719.3
1019.33	16702.6
1020.47	16681.1
1021.6	16662.1
1022.73	16647.6
1023.86	16636.8
1024.99	16636.8
1026.12	16629.9
1027.25	16622.7
1028.38	16615.4
1029.51	16608
1030.64	16600.1
1031.77	16592
1032.9	16582.6
1034.03	16578.7
1035.16	16576.6
1036.29	16571.8
1037.42	16559.6
1038.55	16534.6
1039.67	16516.7
1040.8	16498.3
1041.93	16479.5
1043.06	16461.4
1044.19	16448
1045.31	16436.7
1046.44	16428.1
1047.57	16420.4
1048.69	16413.4
1049.82	16407.3
1050.95	16402.8
1052.08	16399.3
1053.2	16396.7
1054.33	16394.4
1055.45	16380
1056.58	16356.8
1057.7	16336.8
1058.83	16323.9
1059.95	16314.2
1061.08	16308.2
1062.2	16301.9
1063.33	16324.3
1064.45	16348
1065.58	16352.9
1066.7	16347.1
1067.83	16293.5
1068.95	16254.5
1070.07	16280.2
1071.2	16270.4
1072.32	16258.5
1073.44	16244
1074.56	16241.8
1075.69	16237.4
1076.81	16245
1077.93	16255.2
1079.05	16263.2
1080.17	16270.5
1081.3	16274.1
1082.42	16272.9
1083.54	16272.3
1084.66	16270.5
1085.78	16268.3
1086.9	16265
1088.02	16263.4
1089.14	16264.4
1090.26	16265.6
1091.38	16266.9
1092.5	16266.3
1093.62	16261
1094.74	16256.1
1095.86	16248.5
1096.98	16236.4
1098.1	16224.3
1099.22	16217.6
1100.34	16216.1
1101.45	16220.8
1102.57	16229.9
1103.69	16243.5
1104.81	16258.9
1105.93	16274.1
1107.04	16270.7
1108.16	16260.1
1109.28	16240
1110.4	16224.3
1111.51	16209.4
1112.63	16194.3
1113.75	16179
1114.86	16157.5
1115.98	16135.6
1117.09	16112.6
1118.21	16088.9
1119.32	16061.4
1120.44	16036.8
1121.55	16035.4
1122.67	16050.5
1123.78	16061.8
1124.9	16039.8
1126.01	16009.1
1127.13	15972.9
1128.24	15955.5
1129.35	15940.4
1130.47	15927
1131.58	15916.3
1132.7	15911.4
1133.81	15907.2
1134.92	15893.8
1136.03	15879.9
1137.15	15885
1138.26	15932
1139.37	15695.8
1140.48	15675.7
1141.59	15700
1142.71	15723.8
1143.82	15767.5
1144.93	15806.3
1146.04	15773.7
1147.15	15762.3
1148.26	15742.9
1149.37	15719.8
1150.48	15698.9
1151.59	15679.4
1152.7	15662.5
1153.81	15634.4
1154.92	15638.6
1156.03	15647.1
1157.14	15646.9
1158.25	15642.2
1159.36	15634.4
1160.47	15626.8
1161.58	15619.5
1162.68	15612.1
1163.79	15604.8
1164.9	15596.3
1166.01	15588.1
1167.12	15580.2
1168.22	15573.7
1169.33	15582.8
1170.44	15587.8
1171.55	15597.2
1172.65	15605.3
1173.76	15611.8
1174.87	15616.7
1175.97	15619.1
1177.08	15619.6
1178.18	15618.1
1179.29	15614.5
1180.4	15608.8
1181.5	15601.1
1182.61	15591.3
1183.71	15579
1184.82	15564.7
1185.92	15552.5
1187.02	15547.7
1188.13	15558.8
1189.23	15578
1190.34	15592
1191.44	15608.8
1192.54	15626.7
1193.65	15632.5
1194.75	15632.9
1195.85	15614.7
1196.96	15595.5
1198.06	15577.8
1199.16	15561
1200.26	15559.3
1201.37	15563.4
1202.47	15570.7
1203.57	15588.9
1204.67	15613.7
1205.77	15639
1206.87	15643.6
1207.97	15644.4
1209.08	15639
1210.18	15623.9
1211.28	15598.7
1212.38	15568.4
1213.48	15535.7
1214.58	15518.5
1215.68	15508.4
1216.78	15500.5
1217.88	15501.8
1218.98	15508.2
1220.07	15517.4
1221.17	15527.5
1222.27	15513.1
1223.37	15503.6
1224.47	15482.6
1225.57	15464.8
1226.66	15445.3
1227.76	15421.7
1228.86	15404.6
1229.96	15399.5
1231.06	15400.1
1232.15	15399.3
1233.25	15394.5
1234.35	15388.5
1235.44	15380
1236.54	15368.6
1237.63	15355.2
1238.73	15340
1239.83	15323.5
1240.92	15313.7
1242.02	15314.7
1243.11	15317.2
1244.21	15322.5
1245.3	15332.1
1246.4	15334.6
1247.49	15303
1248.59	15271.6
1249.68	15250.9
1250.78	15239.4
1251.87	15236.7
1252.96	15242.8
1254.06	15247.4
1255.15	15253.8
1256.24	15255.7
1257.34	15248.1
1258.43	15232.4
1259.52	15223.5
1260.62	15217.6
1261.71	15213.8
1262.8	15210.1
1263.89	15209.3
1264.98	15209.5
1266.08	15210.7
1267.17	15209.3
1268.26	15189.7
1269.35	15180.3
1270.44	15174
1271.53	15169.1
1272.62	15175.9
1273.71	15201.5
1274.8	15216.5
1275.89	15221.9
1276.98	15211.7
1278.07	15197
1279.16	15184.6
1280.25	15173.4
1281.34	15164.2
1282.43	15157.8
1283.52	15155.5
1284.61	15160.3
1285.69	15169.6
1286.78	15169.6
1287.87	15161.5
1288.96	15159.5
1290.05	15168.3
1291.13	15183.2
1292.22	15201.5
1293.31	15219.2
1294.4	15135.9
1295.48	15140.4
1296.57	15141.2
1297.66	15145.8
1298.74	15146.3
1299.83	15149
1300.92	15152
1302	15156.1
1303.09	15160.3
1304.17	15154.7
1305.26	15167.7
1306.34	15184.4
1307.43	15186.4
1308.51	15178.8
1309.6	15146.7
1310.68	15123.4
1311.76	15106.3
1312.85	15092.9
1313.93	15085.7
1315.02	15078.8
1316.1	15085.4
1317.18	15093.3
1318.27	15113.5
1319.35	15126.9
1320.43	15122.4
1321.52	15108.5
1322.6	15089
1323.68	15074.1
1324.76	15058.7
1325.85	15043
1326.93	15031
1328.01	15022
1329.09	15017.5
1330.17	15013.9
1331.25	15009.1
1332.33	14999.5
1333.41	14996
1334.49	14995.3
1335.58	14993.3
1336.65	14988.3
1337.74	14982.7
1338.82	14976.1
1339.89	14967.9
1340.97	14957.2
1342.05	14943.7
1343.13	14928.4
1344.21	14919.5
1345.29	14914
1346.37	14900.3
1347.45	14883.7
1348.53	14868.5
1349.6	14851.5
1350.68	14843.3
1351.76	14843.5
1352.84	14853.2
1353.92	14862.7
1354.99	14872.9
1356.07	14883.7
1357.15	14883
1358.22	14878.2
1359.3	14855
1360.38	14848.3
1361.45	14849.9
1362.53	14870.7
1363.61	14890.4
1364.68	14895.8
1365.76	14899.5
1366.83	14887.5
1367.91	14870.9
1368.98	14857.6
1370.06	14848.4
1371.13	14838.9
1372.21	14834.1
1373.28	14839.7
1374.35	14850.8
1375.43	14853.7
1376.5	14852.1
1377.58	14843
1378.65	14831
1379.72	14824.7
1380.8	14821.8
1381.87	14816.8
1382.94	14819.8
1384.01	14820.5
1385.09	14818.4
1386.16	14814.7
1387.23	14807.1
1388.3	14797.9
1389.38	14789.6
1390.45	14783.4
1391.52	14779.5
1392.59	14777.9
1393.66	14776.3
1393.92	14774.4
1395	14758.8
1396.07	14746.9
1397.15	14737.3
1398.22	14725.9
1399.3	14717.1
1400.38	14715.1
1401.45	14714.9
1402.53	14712.5
1403.6	14706.7
1404.68	14697.5
1405.75	14688.6
1406.82	14682.7
1407.9	14677.9
1408.97	14673.9
1410.05	14672.3
1411.12	14672.2
1412.19	14673.5
1413.27	14674.5
1414.34	14671.2
1415.41	14666.4
1416.49	14660.2
1417.56	14652.7
1418.63	14645
1419.7	14636.5
1420.78	14629.7
1421.85	14626
1422.92	14620.6
1423.99	14613.5
1425.06	14585.8
1426.14	14564.2
1427.21	14550.4
1428.28	14544.3
1429.35	14546.3
1430.42	14548.1
1431.49	14554
1432.56	14559.3
1433.63	14559.1
1434.7	14556.1
1435.77	14548.1
1436.84	14541
1437.91	14536.5
1438.98	14533.7
1440.05	14535
1441.12	14537.3
1442.18	14540
1443.25	14540.4
1444.32	14538.9
1445.39	14537.5
1446.46	14536.1
1447.53	14520
1448.59	14499.4
1449.66	14476.4
1450.73	14451.2
1451.8	14423.5
1452.86	14391.4
1453.93	14385.3
1455	14392.9
1456.06	14413.3
1457.13	14440.9
1458.2	14455.6
1459.26	14441
1460.33	14353.3
1461.39	14389.1
1462.46	14380.4
1463.52	14376.1
1464.59	14377.8
1465.65	14385.1
1466.72	14401.6
1467.78	14417.2
1468.85	14407.3
1469.91	14400.3
1470.98	14391
1472.04	14386.6
1473.1	14383.4
1474.17	14376.9
1475.23	14373.2
1476.3	14370.9
1477.36	14371.8
1478.42	14383.2
1479.48	14405.3
1480.55	14423.1
1481.61	14419.4
1482.67	14399.1
1483.73	14353.5
1484.8	14319.7
1485.86	14299.6
1486.92	14289
1487.98	14287.3
1489.04	14290.6
1490.1	14302.4
1491.17	14313.9
1492.23	14317
1493.29	14314.2
1494.35	14305
1495.41	14291.3
1496.47	14274.9
1497.53	14262.4
1498.59	14262
1499.65	14260.2
1500.71	14253.2
1501.77	14242.9
1502.83	14230.7
1503.88	14214.6
1504.94	14194.2
1506	14168.7
1507.06	14171.8
1508.12	14189.9
1509.18	14213.9
1510.23	14213.6
1511.29	14209.4
1512.35	14202.8
1513.41	14193.3
1514.47	14179.3
1515.52	14162.8
1516.58	14146.3
1517.64	14132.9
1518.69	14121.9
1519.75	14113.8
1520.81	14109.3
1521.86	14106.9
1522.92	14106
1523.97	14092.7
1525.03	14074.7
1526.08	14061
1527.14	14049.5
1528.2	14041.4
1529.25	14036.7
1530.31	14034.8
1531.36	14034.6
1532.42	14032.9
1533.47	14028.2
1534.52	14019.6
1535.58	14006.9
1536.63	13992.6
1537.69	13979.1
1538.74	13968.5
1539.79	13962.7
1540.84	13958.9
1541.9	13957.1
1542.95	13958.5
1544	13962.9
1545.06	13969.4
1546.11	13976.9
1547.16	13985.5
1548.21	13993.2
1549.27	13998.6
1550.32	14003.4
1551.37	14005
1552.42	13999.9
1553.47	13991
1554.52	13978.6
1555.57	13962.4
1556.62	13943.7
1557.67	13935
1558.72	13925.9
1559.77	13929.4
1560.82	13937.3
1561.87	13944.1
1562.92	13948.1
1563.97	13948.5
1565.02	13946.9
1566.07	13942
1567.12	13934.3
1568.17	13923.4
1569.22	13909.7
1570.27	13892.9
1571.32	13874
1572.36	13857.2
1573.41	13853.1
1574.46	13853.6
1575.51	13866.7
1576.56	13876.1
1577.6	13880.6
1578.65	13881.2
1579.7	13878.6
1580.74	13869.4
1581.79	13858.8
1582.84	13848.5
1583.88	13846
1584.93	13847.2
1585.98	13855.5
1587.02	13865.9
1588.07	13860.3
1589.11	13846.5
1590.16	13823.4
1591.2	13800.5
1592.25	13796
1593.29	13786.9
1594.34	13780.4
1595.38	13776.6
1596.43	13775
1597.47	13776.4
1598.52	13781.8
1599.56	13787.8
1600.6	13789.4
1601.65	13753
1602.69	13731
1603.73	13709.9
1604.78	13696.6
1605.82	13681.9
1606.86	13669.3
1607.91	13661.2
1608.95	13655.8
1609.99	13651.6
1611.03	13640
1612.08	13622.2
1613.12	13609.9
1614.16	13596.6
1615.2	13584.5
1616.24	13573.7
1617.28	13564
1618.32	13556.4
1619.36	13550
1620.41	13545.1
1621.45	13540.5
1622.49	13516.8
1623.53	13490.4
1624.57	13468.2
1625.61	13450.2
1626.65	13436.2
1627.69	13426
1628.73	13419.7
1629.76	13417.7
1630.8	13419.9
1631.84	13426.1
1632.88	13435.1
1633.92	13439.4
1634.96	13431.1
1636	13409
1637.03	13400.4
1638.07	13391.6
1639.11	13381.5
1640.15	13372
1641.19	13372.8
1642.22	13368.8
1643.26	13360.4
1644.3	13348.1
1645.33	13335.3
1646.37	13312.8
1647.41	13303.5
1648.44	13294
1649.48	13285.5
1650.52	13278.8
1651.55	13273.8
1652.59	13269.2
1653.62	13264.8
1654.66	13255.9
1655.69	13247.1
1656.73	13237.4
1657.76	13228.1
1658.8	13219.6
1659.83	13212.6
1660.87	13210.6
1661.9	13208.1
1662.93	13212.4
1663.97	13216.8
1665	13220.2
1666.04	13220.7
1667.07	13209.4
1668.1	13195.8
1669.14	13193.1
1670.17	13199
1671.2	13195.9
1672.23	13184
1673.27	13172.5
1674.3	13161.4
1675.33	13147.4
1676.36	13134.9
1677.39	13131.3
1678.43	13132.6
1679.46	13153.1
1680.49	13148.7
1681.52	13136.7
1682.55	13122.4
1683.58	13107
1684.61	13097.1
1685.64	13094.7
1686.67	13091.6
1687.7	13089.9
1688.73	13090.6
1689.76	13094
1690.79	13091.4
1691.82	13085
1692.85	13065
1693.88	13050.2
1694.91	13046.7
1695.94	13046.1
1696.97	13047.4
1698	13051
1699.02	13055
1700.05	13060.6
1701.08	13053.2
1702.11	13026
1703.14	13004.5
1704.16	12990.7
1705.19	12984.5
1706.22	12976.3
1707.25	12966.9
1708.27	12956.5
1709.3	12945.5
1710.33	12934.2
1711.35	12921.6
1712.38	12900.5
1713.41	12876.5
1714.43	12855.6
1715.46	12846.9
1716.48	12840
1717.51	12832.4
1718.53	12824.1
1719.56	12815.8
1720.58	12807.6
1721.61	12799.2
1722.63	12790.7
1723.66	12782
1724.68	12773.3
1725.71	12764.5
1726.73	12755.3
1727.75	12744.2
1728.78	12726.4
1729.8	12713.1
1730.83	12703.6
1731.85	12700.4
1732.87	12696.7
1733.89	12696.7
1734.92	12696.8
1735.94	12698.3
1736.96	12699.6
1737.98	12689.3
1739.01	12674
1740.03	12653.3
1741.05	12635.4
1742.07	12618.7
1743.09	12609.6
1744.12	12601.1
1745.14	12595.9
1746.16	12593.3
1747.18	12593.2
1748.2	12595.2
1749.22	12599.4
1750.24	12600.8
1751.26	12581.3
1752.28	12572.3
1753.3	12559.7
1754.32	12545.2
1755.34	12531.6
1756.36	12519.1
1757.38	12510.1
1758.4	12508.8
1759.42	12514.7
1760.44	12518.9
1761.45	12529.7
1762.47	12524.6
1763.49	12510.7
1764.51	12486
1765.53	12469.6
1766.55	12455.4
1767.56	12442.4
1768.58	12431.1
1769.6	12418.7
1770.61	12408.3
1771.63	12399.5
1772.65	12394.4
1773.67	12406.7
1774.68	12410
1775.7	12416.6
1776.72	12417.6
1777.73	12411.5
1778.75	12398.4
1779.76	12376.5
1780.78	12353.4
1781.79	12336.3
1782.81	12319
1783.83	12307.4
1784.84	12299.2
1785.85	12293.3
1786.87	12288.6
1787.88	12285.1
1788.9	12282.6
1789.91	12278
1790.93	12274.5
1791.94	12272
1792.95	12269.4
1793.97	12266.2
1794.98	12260.6
1796	12252.2
1797.01	12244.4
1798.02	12236.7
1799.03	12229.5
1800.05	12222.9
1801.06	12217.2
1802.07	12269.9
1803.08	12163
1804.1	12136.9
1805.11	12126.2
1806.12	12175.8
1807.13	12187.3
1808.14	12170.4
1809.15	12153.4
1810.17	12132.7
1811.18	12103.7
1812.19	12083.8
1813.2	12080.5
1814.21	12071.5
1815.22	12062.4
1816.23	12056.2
1817.24	12049.6
1818.25	12044.1
1819.26	12037.6
1820.27	12029.2
1821.28	12018.6
1822.29	11999.4
1823.3	11981.3
1824.3	11966.8
1825.31	11953.3
1826.32	11942.7
1827.33	11933.5
1828.34	11924.8
1829.35	11914.6
1830.35	11897.4
1831.36	11881.3
1832.37	11871.4
1833.38	11867.9
1834.38	11863.8
1835.39	11853.6
1836.4	11840
1837.41	11819.5
1838.41	11805.4
1839.42	11797.9
1840.43	11794.9
1841.43	11795.8
1842.44	11797.9
1843.44	11796.5
1844.45	11795.6
1845.46	11794.2
1846.46	11791.7
1847.47	11787.7
1848.47	11779.4
1849.48	11755.9
1850.48	11714.4
1851.49	11683.2
1852.49	11658.7
1853.49	11641.3
1854.5	11661.4
1855.5	11674.1
1856.51	11683.1
1857.51	11688.5
1858.51	11683.4
1859.52	11675.7
1860.52	11663.3
1861.52	11646.5
1862.53	11625.9
1863.53	11602.2
1864.53	11608.1
1865.54	11615.4
1866.54	11610.5
1867.54	11606.7
1868.54	11601
1869.54	11593.2
1870.55	11581.1
1871.55	11567.7
1872.55	11554
1873.55	11540
1874.55	11525.8
1875.55	11511.2
1876.55	11497
1877.55	11485.1
1878.55	11476.8
1879.55	11473.2
1880.56	11474.4
1881.55	11474.8
1882.56	11477
1883.55	11466.6
1884.55	11457.4
1885.55	11449
1886.55	11441.3
1887.55	11434.3
1888.55	11427.8
1889.55	11420.7
1890.55	11411.7
1891.55	11401.1
1892.55	11390.3
1893.54	11382
1894.54	11374.2
1895.54	11384.1
1896.54	11386.9
1897.54	11385.4
1898.53	11377
1899.53	11343.7
1900.53	11319.2
1901.52	11295.6
1902.52	11289.3
1903.52	11277.4
1904.51	11286.4
1905.51	11295.3
1906.51	11289.7
1907.5	11268.7
1908.5	11247.6
1909.49	11226
1910.49	11220.4
1911.49	11220
1912.48	11220.9
1913.48	11221.1
1914.47	11218.7
1915.46	11193.7
1916.46	11158.8
1917.45	11136.1
1918.45	11115.8
1919.44	11097.2
1920.44	11080.6
1921.43	11066.2
1922.43	11053.9
1923.42	11043.7
1924.41	11035.5
1925.41	11029.2
1926.4	11025
1927.39	11024.3
1928.38	11026
1929.38	11029.9
1930.37	11028.2
1931.36	11012.2
1932.35	10981
1933.35	10972.3
1934.34	10976.1
1935.33	10987.8
1936.32	10982.8
1937.31	10974.1
1938.3	10875.5
1939.29	10913.2
1940.29	10911.6
1941.28	10906.2
1942.27	10896.6
1943.26	10888.4
1944.25	10879.8
1945.24	10868.2
1946.23	10856.5
1947.22	10844.7
1948.21	10834.3
1949.2	10824.6
1950.19	10817.7
1951.18	10812.9
1952.17	10809.2
1953.16	10806.7
1954.14	10804.2
1955.13	10798.3
1956.12	10785.3
1957.11	10772.2
1958.1	10758.3
1959.09	10745.2
1960.07	10735.4
1961.06	10726.7
1962.05	10720.7
1963.04	10716.7
1964.02	10715
1965.01	10715.3
1966	10718.2
1966.99	10721.7
1967.97	10695.3
1968.96	10651.3
1969.95	10621.5
1970.93	10604
1971.92	10603.9
1972.9	10619.8
1973.89	10610.1
1974.88	10590.7
1975.86	10563.6
1976.85	10542.3
1977.83	10558.2
1978.82	10560.4
1979.8	10559.4
1980.79	10555.7
1981.77	10550.3
1982.76	10539.2
1983.74	10526
1984.72	10510.5
1985.71	10493.4
1986.69	10478.2
1987.67	10476.6
1988.66	10472.4
1989.64	10471
1990.62	10469.5
1991.61	10472.6
1992.59	10468.3
1993.57	10459.6
1994.56	10446.3
1995.54	10428.2
1996.52	10412.7
1997.5	10398.9
1998.49	10386.7
1999.47	10376
2000.45	10366.8
2001.43	10359.1
2002.41	10353
2003.39	10348.4
2004.38	10343.7
2005.36	10339.7
2006.34	10335.4
2007.32	10330.3
2008.3	10324.3
2009.28	10318.2
2010.26	10311.9
2011.24	10305.2
2012.22	10298
2013.2	10289.8
2014.18	10274.8
2015.16	10256.8
2016.14	10237.5
2017.12	10219.9
2018.1	10211.9
2019.07	10209.7
2020.05	10204.5
2021.03	10199.3
2022.01	10191.5
2022.99	10184.2
2023.97	10178.1
2024.95	10171.8
2025.92	10164.8
2026.9	10156.8
2027.88	10146.5
2028.86	10134.4
2029.83	10120.1
2030.81	10104.7
2031.79	10089.4
2032.76	10075.2
2033.74	10062.4
2034.72	10050.9
2035.69	10039.9
2036.67	10030.5
2037.65	10028.5
2038.62	10031.1
2039.6	10032.4
2040.57	10022.8
2041.55	9995.29
2042.52	9974.87
2043.5	9955.39
2044.47	9932.87
2045.45	9913.1
2046.42	9896.39
2047.4	9887.55
2048.37	9882.79
2049.35	9872.78
2050.32	9863.11
2051.29	9854.96
2052.27	9848.07
2053.24	9842.65
2054.21	9838.83
2055.19	9836.94
2056.16	9838.47
2057.13	9839.48
2058.11	9840.19
2059.08	9825.98
2060.05	9807.92
2061.02	9803.53
2062	9799.35
2062.97	9793.38
2063.94	9785.68
2064.91	9776.05
2065.89	9764.44
2066.86	9750.79
2067.83	9734.85
2068.8	9703.88
2069.77	9663.75
2070.74	9628.86
2071.71	9621.8
2072.68	9623.72
2073.65	9633.92
2074.62	9648.09
2075.59	9644.15
2076.56	9637.96
2077.53	9623.85
2078.5	9603.92
2079.47	9572.29
2080.44	9551.64
2081.41	9537.99
2082.38	9524.24
2083.35	9514.57
2084.32	9516.64
2085.29	9516.04
2086.26	9516.07
2087.23	9505.47
2088.19	9496.73
2089.16	9482.12
2090.13	9478.28
2091.1	9478.69
2092.07	9484.13
2093.03	9486.23
2094	9482.43
2094.97	9473.79
2095.94	9461.19
2096.9	9446.07
2097.87	9429.28
2098.84	9411.85
2099.8	9398.8
2100.77	9383
2101.74	9367.84
2102.7	9356.89
2103.67	9352.36
2104.63	9374.59
2105.6	9387.27
2106.56	9391.6
2107.53	9385.39
2108.49	9351.13
2109.46	9329.07
2110.42	9307.27
2111.39	9285.86
2112.35	9268.83
2113.32	9259.08
2114.28	9252.86
2115.25	9249.78
2116.21	9249.67
2117.17	9249.25
2118.14	9236.42
2119.1	9226.24
2120.07	9215.41
2121.03	9204.86
2121.99	9195.09
2122.96	9186.76
2123.92	9180.53
2124.88	9175.95
2125.84	9169.01
2126.81	9159.31
2127.77	9148.97
2128.73	9137.58
2129.69	9124.83
2130.65	9111.1
2131.62	9096.18
2132.58	9080.11
2133.54	9063.76
2134.5	9047.32
2135.46	9032.79
2136.42	9023.85
2137.38	9021.92
2138.34	9023.29
2139.3	9028.14
2140.26	9030
2141.22	9031.73
2142.18	9023.72
2143.14	9016.24
2144.1	8997.49
2145.06	8984.91
2146.02	8974.96
2146.98	8966.76
2147.94	8959.59
2148.9	8951.92
2149.86	8943.5
2150.82	8934.76
2151.78	8925.5
2152.74	8912.33
2153.69	8898.95
2154.65	8885.31
2155.61	8872.85
2156.57	8862.19
2157.53	8852.74
2158.48	8844.76
2159.44	8837.54
2160.4	8831.96
2161.36	8827.32
2162.31	8822.44
2163.27	8816.9
2164.23	8810.41
2165.18	8803.06
2166.14	8794.51
2167.1	8785.34
2168.05	8775.04
2169.01	8763.35
2169.96	8749.36
2170.92	8717.85
2171.88	8687.46
2172.83	8668.79
2173.79	8650.62
2174.74	8640.36
2175.7	8635.44
2176.65	8636.18
2177.6	8633.2
2178.56	8624.26
2179.51	8609.17
2180.47	8586.02
2181.42	8569.27
2182.38	8552.38
2183.33	8540.01
2184.28	8530.21
2185.24	8521.61
2186.19	8514.57
2187.14	8508.85
2188.1	8503.15
2189.05	8494.52
2190	8482.66
2190.96	8467.67
2191.91	8450.7
2192.86	8442.83
2193.81	8459.25
2194.76	8457.25
2195.72	8439.69
2196.67	8420.08
2197.62	8360.25
2198.57	8339.47
2199.52	8324.87
2200.47	8322.26
2201.43	8327.85
2202.38	8338.48
2203.33	8346.18
2204.28	8349.51
2205.23	8346.87
2206.18	8340.56
2207.13	8332.52
2208.08	8322.26
2209.03	8310.12
2209.98	8297.78
2210.93	8286.73
2211.88	8276.96
2212.83	8268.6
2213.78	8261.28
2214.73	8256.15
2215.67	8252.03
2216.62	8248.7
2217.57	8245.54
2218.52	8238.79
2219.47	8229.9
2220.42	8218.17
2221.37	8206.87
2222.31	8195.87
2223.26	8184.73
2224.21	8177.6
2225.16	8170.91
2226.1	8164.99
2227.05	8156.21
2228	8144.14
2228.94	8131.71
2229.89	8122.62
2230.84	8115.19
2231.78	8109.65
2232.73	8106.35
2233.68	8104.97
2234.62	8104.75
2235.57	8103.93
2236.51	8102.85
2237.46	8100.08
2238.41	8097.06
2239.35	8094.83
2240.3	8093.29
2241.24	8092.01
2242.19	8093.37
2243.13	8093.47
2244.07	8094.18
2245.02	8089.88
2245.96	8077.7
2246.91	8067.25
2247.85	8059.07
2248.8	8052.05
2249.74	8047.64
2250.68	8045.39
2251.63	8043.46
2252.57	8041.75
2253.51	8039.14
2254.46	8034.87
2255.4	8030.13
2256.34	8024.86
2257.28	8018.4
2258.23	8009.74
2259.17	7996.9
2260.11	7976.77
2261.05	7950.88
2262	7943.65
2262.94	7935.81
2263.88	7931.21
2264.82	7939.42
2265.76	7961.44
2266.7	7989.8
2267.64	7993.46
2268.58	7985.92
2269.53	7978.08
2270.47	7971.11
2271.41	7964.02
2272.35	7958.33
2273.29	7950.55
2274.23	7943.42
2275.17	7938.19
2276.11	7936.55
2277.05	7944.14
2277.99	7949.3
2278.93	7953.35
2279.86	7962.48
2280.8	7948.55
2281.74	7928.71
2282.68	7905.84
2283.62	7884.51
2284.56	7874.11
2285.5	7869.4
2286.44	7872.15
2287.37	7873.08
2288.31	7872.6
2289.25	7871.48
2290.19	7870.29
2291.12	7875.24
2292.06	7881.14
2293	7886.76
2293.94	7891.88
2294.87	7895.08
2295.81	7896.01
2296.75	7886.88
2297.68	7873.95
2298.62	7858.04
2299.55	7839.22
2300.49	7819.21
2301.43	7806.39
2302.36	7808.31
2303.3	7809.12
2304.23	7800.59
2305.17	7788.43
2306.1	7782.67
2307.04	7784.42
2307.98	7787.29
2308.91	7789.94
2309.84	7792.07
2310.78	7794.55
2311.71	7797.48
2312.65	7792.95
2313.58	7776.17
2314.52	7755.11
2315.45	7735.89
2316.38	7719.61
2317.32	7705.58
2317.72	7699.57
2318.66	7690.77
2319.6	7684.46
2320.54	7680.74
2321.48	7679.48
2322.41	7680.77
2323.35	7671.5
2324.29	7656.49
2325.23	7645.15
2326.16	7634.09
2327.1	7623.72
2328.04	7614.4
2328.97	7606.44
2329.91	7599.36
2330.85	7593.15
2331.78	7588.41
2332.72	7584.97
2333.66	7582.65
2334.59	7580.12
2335.53	7571.97
2336.46	7562.43
2337.4	7554.49
2338.33	7547.23
2339.27	7540.79
2340.2	7534.91
2341.14	7530.11
2342.07	7526.07
2343.01	7522.92
2343.94	7520.48
2344.88	7518.84
2345.81	7518.41
2346.75	7518.37
2347.68	7517.95
2348.61	7514.76
2349.55	7509.65
2350.48	7502.49
2351.41	7493.74
2352.35	7482.69
2353.28	7469.8
2354.21	7454.93
2355.15	7438.87
2356.08	7427.3
2357.01	7419.83
2357.94	7430.48
2358.88	7430.55
2359.81	7431.96
2360.74	7427.36
2361.67	7423.43
2362.6	7422.26
2363.54	7425.58
2364.47	7429.09
2365.4	7428.71
2366.33	7425.08
2367.26	7413
2368.19	7395.05
2369.12	7378.65
2370.05	7364.27
2370.98	7352.35
2371.91	7343.11
2372.84	7336.18
2373.77	7331.4
2374.7	7328.25
2375.63	7326.64
2376.56	7325.77
2377.49	7325.13
2378.42	7325.54
2379.35	7327.19
2380.28	7330.12
2381.21	7332.64
2382.14	7332.8
2383.07	7325.72
2384	7315.82
2384.92	7308.25
2385.85	7300.42
2386.78	7290.59
2387.71	7280.32
2388.64	7268.86
2389.56	7256.68
2390.49	7245.53
2391.42	7236.08
2392.35	7231.36
2393.27	7229.25
2394.2	7231.13
2395.13	7236.49
2396.05	7239.55
2396.98	7238.79
2397.91	7237.49
2398.83	7229.81
2399.76	7217.7
2400.69	7199.2
2401.61	7181.12
2402.54	7164.82
2403.46	7149.9
2404.39	7139.3
2405.31	7128.29
2406.24	7119.4
2407.17	7113.95
2408.09	7112.6
2409.01	7118.64
2409.94	7125.92
2410.86	7130.68
2411.79	7133.22
2412.71	7133.9
2413.64	7132.63
2414.56	7129.57
2415.49	7124.64
2416.41	7117.62
2417.33	7108.56
2418.26	7096.78
2419.18	7083.27
2420.1	7065.32
2421.03	7051.83
2421.95	7043.26
2422.87	7041.07
2423.79	7044.77
2424.72	7052.76
2425.64	7062.94
2426.56	7068.72
2427.48	7064.71
2428.41	7055.83
2429.33	7043.59
2430.25	7027.44
2431.17	7008.12
2432.09	6984.47
2433.01	6963.65
2433.93	6945.95
2434.86	6932.13
2435.78	6931.77
2436.7	6930.09
2437.62	6928.09
2438.54	6926.86
2439.46	6925.87
2440.38	6918.72
2441.3	6905.84
2442.22	6879.47
2443.14	6865.26
2444.06	6861.59
2444.98	6869.53
2445.9	6881
2446.82	6888.99
2447.73	6867.36
2448.65	6855.71
2449.57	6843.09
2450.49	6829.47
2451.41	6815.61
2452.33	6801.97
2453.25	6790.51
2454.17	6785.4
2455.08	6781
2456	6778.07
2456.92	6776.34
2457.84	6776.3
2458.75	6777.09
2459.67	6778.44
2460.59	6778.34
2461.51	6773.68
2462.42	6762.71
2463.34	6748.29
2464.26	6738.67
2465.17	6731.78
2466.09	6727.14
2467	6726.35
2467.92	6721.93
2468.84	6714.65
2469.75	6701.06
2470.67	6685.13
2471.58	6670.49
2472.5	6660.26
2473.42	6651.31
2474.33	6645.2
2475.25	6640.97
2476.16	6639.38
2477.08	6639.98
2477.99	6644.57
2478.9	6662.99
2479.82	6655.49
2480.73	6641.3
2481.65	6624.71
2482.56	6608.3
2483.47	6592.76
2484.39	6582.58
2485.3	6581.66
2486.22	6582.53
2487.13	6583.49
2488.04	6583.83
2488.96	6581.41
2489.87	6578.42
2490.78	6573.69
2491.69	6568
2492.61	6560.34
2493.52	6551.49
2494.43	6541.28
2495.34	6532.74
2496.25	6532.33
2497.17	6542.72
2498.08	6550.21
2498.99	6552.79
2499.9	6552.81
2500.81	6546.38
2501.72	6521.62
2502.63	6510.06
2503.55	6501.65
2504.46	6496.52
2505.37	6493.53
2506.28	6503.19
2507.19	6504.64
2508.1	6502.48
2509.01	6498.84
2509.92	6494.12
2510.83	6489.01
2511.74	6485.08
2512.65	6480.27
2513.56	6475.34
2514.47	6470.62
2515.37	6465.61
2516.28	6462.07
2517.19	6458.78
2518.1	6456.16
2519.01	6449.31
2519.92	6438.15
2520.83	6429.03
2521.73	6423.74
2522.64	6420.43
2523.55	6417.31
2524.46	6414.82
2525.37	6412.55
2526.27	6409.69
2527.18	6405.31
2528.09	6399.7
2529	6392.03
2529.9	6387.81
2530.81	6386.86
2531.72	6383.07
2532.62	6372.54
2533.53	6354.72
2534.44	6348.61
2535.34	6343.33
2536.25	6338.3
2537.15	6333.63
2538.06	6329.55
2538.96	6325.41
2539.87	6317.7
2540.78	6304.37
2541.68	6287.2
2542.59	6280.39
2543.49	6298.59
2544.4	6309.01
2545.3	6312.69
2546.21	6308.55
2547.11	6298.03
2548.01	6282.28
2548.92	6273.06
2549.82	6264.95
2550.73	6256.77
2551.63	6246.98
2552.53	6237.74
2553.44	6226.39
2554.34	6213.37
2555.24	6199.35
2556.15	6188.45
2557.05	6180.96
2557.95	6179.07
2558.86	6185.4
2559.76	6192.27
2560.66	6196.19
2561.56	6202.15
2562.46	6199.96
2563.37	6190.35
2564.27	6170.59
2565.17	6154.66
2566.07	6142.83
2566.97	6129.66
2567.88	6127.31
2568.78	6125.93
2569.68	6126.83
2570.58	6125.91
2571.48	6123.02
2572.38	6117.57
2573.28	6110.23
2574.18	6101.29
2575.08	6091.54
2575.98	6079.81
2576.88	6067.15
2577.78	6054.73
2578.68	6042.98
2579.58	6031.94
2580.48	6021.76
2581.38	6011.83
2582.28	6002.55
2583.18	5993.91
2584.08	5986.22
2584.98	5989.99
2585.88	5989.95
2586.77	5987.22
2587.67	5984.94
2588.57	5978.68
2589.47	5972.26
2590.37	5966.29
2591.27	5960.47
2592.16	5954.52
2593.06	5948.52
2593.96	5942.59
2594.86	5936.88
2595.75	5931.11
2596.65	5925.44
2597.55	5919.73
2598.45	5914.03
2599.34	5908.54
2600.24	5903.42
2601.13	5899.57
2602.03	5898.92
2602.93	5897.07
2603.82	5894.99
2604.72	5890.22
2605.62	5884.25
2606.51	5873.75
2607.41	5863.76
2608.3	5861.01
2609.2	5857.05
2610.09	5861.31
2610.99	5870.57
2611.88	5866.8
2612.78	5862.17
2613.67	5856.94
2614.57	5841.14
2615.46	5825.98
2616.36	5810.28
2617.25	5795.85
2618.14	5788.3
2619.04	5794.22
2619.93	5798.76
2620.83	5800.91
2621.72	5802.69
2622.61	5799.76
2623.5	5790.42
2624.4	5775.31
2625.29	5753.26
2626.18	5746.95
2627.08	5747.49
2627.97	5746.78
2628.86	5741.5
2629.75	5737.83
2630.65	5734.99
2631.54	5732.21
2632.43	5729.28
2633.32	5726.08
2634.21	5721.23
2635.11	5710.3
2636	5696.75
2636.89	5680.26
2637.78	5662.15
2638.67	5646.56
2639.56	5633.62
2640.45	5622.64
2641.34	5614.09
2642.23	5608.11
2643.12	5604.94
2644.01	5604.29
2644.9	5606.2
2645.79	5605.97
2646.68	5597.58
2647.57	5586.02
2648.46	5573.51
2649.35	5561.5
2650.24	5549.97
2651.13	5539.62
2652.02	5530.86
2652.91	5523.42
2653.8	5516.75
2654.69	5511.98
2655.58	5508.19
2656.46	5506.84
2657.35	5504.93
2658.24	5502.92
2659.13	5500.29
2660.02	5496.47
2660.9	5492.79
2661.79	5489.15
2662.68	5485.89
2663.57	5483.15
2664.45	5481.4
2665.34	5480.57
2666.23	5480.8
2667.11	5481.92
2668	5484.27
2668.89	5487.26
2669.77	5487.38
2670.66	5478.95
2671.55	5466.37
2672.43	5455.99
2673.32	5446.23
2674.21	5438.08
2675.09	5431.78
2675.98	5427.96
2676.86	5417.06
2677.75	5404.99
2678.63	5393.98
2679.52	5376.49
2680.4	5363.56
2681.29	5355.46
2682.17	5351.92
2683.06	5355.3
2683.94	5336.86
2684.82	5303.35
2685.71	5301.84
2686.59	5304.09
2687.48	5331.39
2688.36	5338.13
2689.24	5335.75
2690.13	5333.92
2691.01	5324.91
2691.89	5314.33
2692.78	5303.49
2693.66	5292.74
2694.54	5282.68
2695.43	5273.34
2696.31	5264.77
2697.19	5257.19
2698.07	5250.68
2698.96	5245.17
2699.84	5241.39
2700.72	5245.94
2701.6	5258.02
2702.48	5261.12
2703.36	5261.64
2704.25	5253.8
2705.13	5238.9
2706.01	5202.16
2706.89	5180.58
2707.77	5159.9
2708.65	5154.36
2709.53	5162.59
2710.41	5163.24
2711.29	5152.83
2712.17	5146.98
2713.05	5142.99
2713.93	5142.01
2714.81	5140.49
2715.69	5143.42
2716.57	5132.12
2717.45	5124.94
2718.33	5116.26
2719.21	5099.27
2720.09	5087.35
2720.97	5080.45
2721.85	5078.9
2722.73	5082.96
2723.61	5092.44
2724.48	5105.44
2725.36	5104.14
2726.24	5107.66
2727.12	5098.05
2728	5085.41
2728.88	5071.17
2729.75	5060.5
2730.63	5057.89
2731.51	5061.95
2732.39	5065.39
2733.26	5065.14
2734.14	5063.46
2735.02	5060.26
2735.89	5056.02
2736.77	5049.57
2737.65	5042.06
2738.52	5033.81
2739.4	5025.57
2740.28	5023.43
2741.15	5020.95
2742.03	5016.69
2742.9	5010.33
2743.78	5004.26
2744.65	4998.44
2745.53	4992.79
2746.41	4988.1
2747.28	4985.12
2748.16	4983.45
2749.03	4982.41
2749.91	4981.28
2750.78	4979.84
2751.66	4977.39
2752.53	4973.85
2753.4	4969.53
2754.28	4964.33
2755.15	4958.02
2756.02	4950.47
2756.9	4941.46
2757.77	4930.31
2758.65	4923.3
2759.52	4923.63
2760.39	4924.37
2761.27	4924.09
2762.14	4924.72
2763.01	4919.48
2763.88	4913.79
2764.76	4905.74
2765.63	4896.02
2766.5	4885.04
2767.37	4873.56
2768.25	4863.81
2769.12	4865.22
2769.99	4867.39
2770.86	4865.72
2771.73	4862.35
2772.61	4857.76
2773.48	4844.6
2774.35	4837.6
2775.22	4829.77
2776.09	4822.21
2776.96	4815.74
2777.83	4810.4
2778.7	4806.01
2779.57	4802.39
2780.44	4800.07
2781.31	4798.72
2782.18	4798.34
2783.05	4798.7
2783.92	4798.06
2784.79	4795.71
2785.66	4770.73
2786.53	4766.36
2787.4	4762.32
2788.27	4760.88
2789.14	4762.33
2790.01	4766.47
2790.88	4771.78
2791.75	4778.34
2792.62	4759.09
2793.48	4734.81
2794.35	4708.96
2795.22	4705.08
2796.09	4707.04
2796.96	4719.23
2797.82	4732.5
2798.69	4741.46
2799.56	4723.63
2800.43	4705.35
2801.29	4690.79
2802.16	4678.51
2803.03	4668.14
2803.9	4660.63
2804.76	4655.51
2805.63	4652.87
2806.5	4652.63
2807.36	4654.72
2808.23	4655.43
2809.09	4643.36
2809.96	4640.95
2810.83	4645.3
2811.69	4647.47
2812.56	4647.66
2813.42	4644.44
2814.29	4635.14
2815.15	4630.31
2816.02	4630.41
2816.88	4632.33
2817.75	4633.7
2818.61	4632.85
2819.48	4630
2820.34	4620.77
2821.21	4608.94
2822.07	4595.75
2822.94	4580.26
2823.8	4570.63
2824.66	4562.73
2825.53	4556.34
2826.39	4551.59
2827.26	4548.25
2828.12	4546.88
2828.98	4544.09
2829.85	4531.98
2830.71	4517.36
2831.57	4510.07
2832.43	4508.23
2833.3	4512.46
2834.16	4521.1
2835.02	4521.73
2835.88	4521.67
2836.75	4495.47
2837.61	4489.13
2838.47	4487.38
2839.33	4487.79
2840.19	4488.7
2841.06	4487.85
2841.92	4486.25
2842.78	4483.04
2843.64	4478.55
2844.5	4470.82
2845.36	4454.92
2846.22	4467.32
2847.08	4483.03
2847.94	4500.56
2848.81	4494.66
2849.67	4454.07
2850.53	4448.47
2851.39	4442.91
2852.25	4448.56
2853.11	4449.34
2853.97	4443.7
2854.82	4445.52
2855.68	4353
2856.54	4426.08
2857.4	4420.18
2858.26	4420.68
2859.12	4418.84
2859.98	4408.81
2860.84	4401.3
2861.7	4394.19
2862.56	4376.27
2863.41	4365.48
2864.27	4353.97
2865.13	4358.08
2865.99	4363.65
2866.85	4371.04
2867.7	4377.79
2868.56	4379.47
2869.42	4377.37
2870.28	4369.85
2871.13	4360.16
2871.99	4358.96
2872.85	4357.04
2873.7	4354.5
2874.56	4351.41
2875.42	4347.8
2876.27	4343.42
2877.13	4337.61
2877.99	4331.18
2878.84	4325.14
2879.7	4322.15
2880.56	4324.9
2881.41	4312.99
2882.27	4301.02
2883.12	4290.71
2883.98	4281.41
2884.83	4271.33
2885.69	4263.91
2886.54	4265.06
2887.4	4273.3
2888.25	4276.54
2889.11	4271.19
2889.96	4263.45
2890.82	4255.8
2891.67	4246.83
2892.52	4237.38
2893.38	4227.4
2894.23	4219.41
2895.09	4219.1
2895.94	4218.49
2896.79	4216.41
2897.65	4212.66
2898.5	4208.4
2899.35	4203.7
2900.21	4199.08
2901.06	4194.13
2901.91	4189.81
2902.76	4185.77
2903.62	4182.68
2904.47	4180.45
2905.32	4177.07
2906.17	4170.11
2907.03	4155
2907.88	4138.98
2908.73	4146.34
2909.58	4151.97
2910.43	4155.71
2911.28	4155.28
2912.14	4133.89
2912.99	4131.07
2913.84	4128.38
2914.69	4124.02
2915.54	4120.34
2916.39	4115.82
2917.24	4112.66
2918.09	4107.8
2918.94	4109.63
2919.79	4121.68
2920.64	4126.14
2921.49	4126.27
2922.34	4122.16
2923.19	4114.17
2924.04	4102.26
2924.89	4086.17
2925.74	4081.29
2926.59	4077.72
2927.44	4071.19
2928.29	4061.38
2929.14	4046.78
2929.98	4027.08
2930.83	4023.04
2931.68	4020.15
2932.53	4020.76
2933.38	4025.49
2934.23	4036.28
2935.07	4035.42
2935.92	4031.83
2936.77	4025.93
2937.62	4018.23
2938.47	4010.16
2939.31	4000.21
2940.16	4000.15
2941.01	3997.92
2941.85	3993.65
2942.7	3986.91
2943.55	3977.94
2944.39	3966.75
2945.24	3954.77
2946.09	3949.95
2946.93	3946.67
2947.78	3944.76
2948.63	3948.78
2949.47	3952.74
2950.32	3958.34
2951.16	3965.58
2952.01	3974
2952.85	3972.85
2953.7	3965.36
2954.55	3956.39
2955.39	3945.63
2956.24	3933.99
2957.08	3919.35
2957.92	3904.69
2958.77	3900.19
2959.61	3898.91
2960.46	3898.1
2961.3	3896.84
2962.15	3894.06
2962.99	3891.05
2963.83	3886.85
2964.68	3882.41
2965.52	3877.63
2966.37	3872.77
2967.21	3868.19
2968.05	3865.31
2968.9	3867.42
2969.74	3863.34
2970.58	3856.4
2971.42	3848.7
2972.27	3841.81
2973.11	3834.16
2973.95	3827.16
2974.79	3821.44
2975.64	3817.54
2976.48	3815.41
2977.32	3815.99
2978.16	3817.45
2979	3819.43
2979.85	3821.21
2980.69	3823.24
2981.53	3826.67
2982.37	3823.25
2983.21	3810.42
2984.05	3799.69
2984.89	3790.38
2985.73	3783.39
2986.57	3781.45
2987.41	3781.04
2988.25	3778.07
2989.1	3774.25
2989.94	3768.17
2990.77	3763.46
2991.62	3764.65
2992.45	3767.26
2993.29	3770.18
2994.13	3772.46
2994.97	3775.76
2995.81	3765.25
2996.65	3749.21
2997.49	3736.92
2998.33	3773.91
2999.17	3704.61
