200.833	19761.7
202.102	19691.7
203.371	19774.4
204.639	19814.3
205.907	19835.6
207.175	19854.3
208.442	19879.8
209.71	19877.7
210.977	19871.9
212.244	19871.2
213.511	19875.8
214.777	19884.3
216.042	19896.3
217.309	19911.4
218.575	19929.5
219.84	19949.7
221.106	19972.5
222.371	19999.2
223.635	20030
224.9	20068.6
226.165	20112.1
227.429	20157.7
228.694	20211.7
229.956	20267.7
231.22	20321.8
232.484	20371
233.747	20413.7
235.011	20450.8
236.272	20481.1
237.535	20506.9
238.798	20526.3
240.06	20540.6
241.321	20547
242.583	20573.8
243.845	20639
245.105	20688.1
246.367	20719.3
247.628	20735.6
248.888	20757.9
250.149	20778.4
251.409	20796.8
252.67	20812.8
253.928	20825
255.189	20835.2
256.447	20843.8
257.707	20851.6
258.966	20858.7
260.224	20864.9
261.483	20881.3
262.742	20892.6
263.999	20902.6
265.257	20905.5
266.514	20892.4
267.772	20891.3
269.028	20907.8
270.286	20933.5
271.543	20962.1
272.799	20993.1
274.056	21021.6
275.311	21050.3
276.568	21079.9
277.823	21110.5
279.079	21142
280.333	21173.9
281.589	21205.8
282.843	21236.1
284.099	21246
285.352	21253.7
286.607	21258
287.86	21275.1
289.114	21305.9
290.368	21347.1
291.621	21389.6
292.875	21438.3
294.127	21473.1
295.38	21514.2
296.632	21528
297.884	21503.4
299.137	21486.7
300.388	21468.3
301.641	21458.8
302.891	21484
304.142	21541.7
305.394	21661
306.644	21596.1
307.894	21605.9
309.146	21618.2
310.395	21600.9
311.645	21586.1
312.895	21549.7
314.144	21536
315.393	21594.7
316.642	21644.8
317.892	21681.9
319.14	21708.9
320.388	21731.4
321.637	21749.9
322.885	21762.1
324.132	21768.9
325.38	21771.8
326.628	21772.6
327.875	21773.6
329.122	21802.5
330.368	21823.8
331.614	21860.1
332.862	21898.5
334.108	21935.6
335.353	21966.1
336.599	21985.5
337.844	22001.9
339.089	22012.4
340.335	22017.3
341.58	22016.5
342.824	22010.3
344.068	21999.7
345.312	22002.2
346.556	22025.3
347.8	22092.1
349.043	22110.9
350.286	22124.1
351.53	22133.8
352.774	22138.5
354.016	22141
355.259	22142.6
356.501	22147.3
357.743	22152.3
358.985	22157.7
360.227	22163.6
361.468	22169.9
362.709	22176.7
363.95	22182.1
365.191	22179.3
366.432	22165.7
367.672	22145.4
368.912	22133.5
370.152	22121.2
371.392	22133.3
372.632	22153.6
373.871	22181.2
375.11	22191.7
376.348	22213.1
377.587	22215.5
378.825	22215.7
380.064	22223.2
381.302	22237.3
382.54	22259.5
383.778	22296.9
385.016	22320.6
386.253	22328.2
387.489	22329.5
388.726	22333.4
389.963	22345.3
391.199	22361.5
392.436	22385
393.672	22413.7
394.907	22430.9
396.142	22442
397.378	22449.2
398.614	22455.4
399.849	22466.2
401.082	22477.8
402.317	22493.4
403.552	22508.6
404.786	22519.9
406.019	22529.5
407.253	22536.4
408.487	22542.3
409.721	22548.4
410.953	22555.9
412.186	22564.8
413.419	22574.8
414.651	22585
415.883	22592.9
417.116	22598.4
418.347	22602.5
419.579	22606
420.811	22608.9
422.041	22611.4
423.272	22613.6
424.504	22615.5
425.733	22618.3
426.964	22621.7
428.194	22626.1
429.424	22632.1
430.654	22640.5
431.883	22651.7
433.113	22665.6
434.341	22681.8
435.571	22700.7
436.799	22708.4
438.028	22701.5
439.257	22699.5
440.484	22700.8
441.713	22704.3
442.94	22710.3
444.168	22718.3
445.394	22728.9
446.622	22741.6
447.848	22755.9
449.076	22771.3
450.301	22784.1
451.528	22800.4
452.754	22815
453.979	22827.6
455.205	22837.6
456.43	22838.1
457.656	22828.3
458.88	22816.7
460.106	22807
461.33	22810.7
462.554	22826.8
463.779	22848.3
465.002	22867.3
466.225	22864.3
467.45	22851.3
468.672	22831.7
469.895	22813.6
471.119	22807.2
472.341	22817.5
473.563	22835.1
474.786	22856.7
476.008	22866.4
477.229	22876.3
478.452	22829.5
479.673	22816.4
480.894	22816.1
482.115	22827.2
483.337	22838
484.557	22858
485.777	22861.1
486.997	22835.3
488.218	22782
489.438	22710.3
490.657	22665
491.876	22671.5
493.096	22686
494.315	22705.5
495.533	22731.8
496.752	22771.8
497.97	22802.7
499.188	22822.2
500.407	22831.6
501.625	22832.3
502.842	22808
504.059	22778.9
505.276	22751.9
506.493	22733
507.71	22741.8
508.926	22770.8
510.142	22762.9
511.358	22740.3
512.575	22732.1
513.791	22733.6
515.006	22749.4
516.222	22782.1
517.437	22836.3
518.651	22877.5
519.866	22909.1
521.081	22933.1
522.295	22946.8
523.509	22952.2
524.723	22954.1
525.937	22951.2
527.15	22946.9
528.363	22942.9
529.576	22939.7
530.789	22939.9
532.002	22941.4
533.215	22946.3
534.426	22960.2
535.638	23004.3
536.85	22992.2
538.061	22958.7
539.273	22894.2
540.484	22914.3
541.695	22951.4
542.906	23019.3
544.117	23001.7
545.327	23005
546.537	23007.7
547.747	23008.6
548.957	23029.6
550.167	23027.8
551.377	23013.3
552.585	23001.6
553.794	22995.5
555.003	22993.4
556.212	22994.9
557.421	23001
558.628	23007.9
559.836	23015.2
561.044	23021.3
562.252	23024.4
563.458	23024.1
564.666	23022
565.873	23018.2
567.08	23013.1
568.286	23009.2
569.493	23009.7
570.699	23015.2
571.904	23021.4
573.111	23024.2
574.317	23018.3
575.521	22983.5
576.727	22948.3
577.932	22930.6
579.136	22933.2
580.341	22966.4
581.544	23000.8
582.749	22986.5
583.954	22989
585.156	23007
586.361	23026.3
587.563	23045.8
588.767	23062.7
589.97	23065.1
591.172	23060
592.375	23051.1
593.577	23039.3
594.78	23031.2
595.981	23024.3
597.183	23024.4
598.384	23025.1
599.586	23024.4
600.786	23020.6
601.988	23012.9
603.188	22998.7
604.389	22984.8
605.589	22971.4
606.79	22957.6
607.989	22943.6
609.188	22930.3
610.389	22916.1
611.587	22901.6
612.787	22886.1
613.986	22868.9
615.184	22852.8
616.383	22841.7
617.581	22853.3
618.78	22876.1
619.977	22830.7
621.174	22807
622.373	22804.6
623.57	22808.5
624.766	22804.1
625.964	22799.9
627.16	22793.7
628.356	22782.9
629.554	22771.1
630.749	22754
631.945	22735.5
633.14	22716.4
634.337	22700.1
635.532	22693.3
636.726	22682.6
637.921	22669.7
639.117	22656.7
640.311	22649.9
641.505	22654.6
642.699	22664.3
643.892	22681.5
645.087	22694.5
646.28	22700.8
647.473	22706.9
648.666	22705.1
649.859	22699
651.051	22688
652.245	22677.3
653.437	22667.5
654.629	22660.9
655.821	22657.6
657.012	22658.7
658.204	22678.2
659.395	22701.2
660.586	22725.7
661.777	22747.5
662.967	22766.2
664.158	22769.8
665.349	22769.5
666.539	22759.2
667.729	22745.1
668.919	22730.7
670.109	22720
671.298	22735.4
672.487	22752.8
673.676	22769.9
674.865	22782.4
676.053	22784.2
677.242	22781.3
678.43	22762.2
679.616	22741
680.804	22716.1
681.992	22691.4
683.179	22679.1
684.366	22676
685.554	22674.1
686.74	22677.4
687.927	22680.9
689.114	22686.1
690.3	22687
691.486	22685.8
692.671	22681.3
693.856	22672.9
695.042	22646.7
696.227	22617.7
697.413	22587.5
698.598	22576
699.781	22583.3
700.966	22602.3
702.15	22615.7
703.334	22620.5
704.518	22616.2
705.701	22602.6
706.885	22579.9
708.068	22543.5
709.252	22504
710.433	22480.3
711.616	22472.6
712.799	22478.5
713.98	22480.8
715.163	22488
716.345	22495.8
717.527	22495.6
718.707	22491.9
719.889	22482.7
721.071	22476.1
722.25	22472.1
723.432	22469
724.611	22467.7
725.792	22469.2
726.972	22473.8
728.151	22485.2
729.332	22514.7
730.512	22542.8
731.69	22558
732.87	22536.5
734.048	22517.7
735.227	22495.1
736.405	22505.9
737.584	22523
738.761	22539.1
739.94	22554
741.117	22566.2
742.295	22579.2
743.471	22573.3
744.649	22564.6
745.825	22549.5
747.003	22542.7
748.179	22540.2
749.356	22546.1
750.531	22565.8
751.708	22587.4
752.883	22608.6
754.059	22622
755.234	22628.2
756.409	22626.9
757.585	22618.5
758.759	22603.6
759.934	22582.3
761.108	22555
762.282	22523
763.456	22491.5
764.63	22476.6
765.803	22468.1
766.977	22466.5
768.15	22473
769.323	22489.1
770.496	22515.2
771.668	22489.7
772.841	22437.9
774.014	22403.1
775.185	22377
776.357	22358.5
777.528	22348.1
778.701	22347.1
779.872	22354
781.042	22371.5
782.213	22390.6
783.383	22379.6
784.555	22354.9
785.725	22296.1
786.895	22270.8
788.064	22255.7
789.234	22231.2
790.404	22230.2
791.573	22233.9
792.742	22239.7
793.911	22238.9
795.08	22236.4
796.248	22231.5
797.416	22222.4
798.584	22211.3
799.753	22195.9
800.921	22178
802.088	22157.9
803.256	22141.3
804.423	22140.6
805.59	22139.3
806.756	22139.9
807.923	22142.4
809.089	22146.5
810.256	22152.5
811.422	22160.1
812.587	22168.8
813.753	22178.1
814.918	22184.2
816.084	22183.2
817.249	22161.8
818.414	22159.3
819.578	22157.3
820.743	22174.1
821.907	22234.8
823.072	22258.2
824.236	22262.4
825.399	22247.5
826.562	22220.4
827.725	22205.8
828.889	22199.7
830.052	22204.6
831.215	22207.8
832.377	22215.1
833.54	22227.6
834.701	22242.8
835.863	22243.3
837.025	22236.6
838.187	22227.4
839.349	22209.8
840.51	22195.8
841.67	22191.4
842.831	22194.1
843.992	22205.2
845.153	22221.6
846.312	22221.4
847.473	22201.8
848.633	22170.9
849.793	22143.7
850.951	22122.4
852.111	22103.2
853.27	22084.5
854.428	22070.3
855.588	22060
856.747	22054.1
857.904	22053.8
859.063	22064.3
860.221	22075.9
861.378	22076.9
862.536	22062.7
863.694	22020.6
864.85	21978.7
866.008	21927.5
867.164	21886.1
868.321	21859.4
869.478	21869.8
870.633	21870.5
871.79	21897.4
872.945	21910.6
874.101	21904.1
875.256	21875.1
876.412	21841.9
877.566	21812.2
878.722	21780.3
879.876	21757.1
881.031	21747.1
882.185	21739.4
883.34	21733.4
884.493	21727.1
885.647	21719.4
886.8	21710.9
887.954	21702.7
889.107	21692.2
890.261	21681.8
891.413	21671.2
892.565	21661.7
893.718	21656.5
894.87	21652.9
896.023	21651.3
897.174	21651.7
898.326	21653.4
899.478	21657.5
900.629	21658.9
901.779	21656.1
902.931	21649.3
904.081	21637.7
905.231	21679.2
906.383	21711.8
907.532	21725.7
908.682	21719.3
909.831	21687.3
910.982	21648.8
912.131	21618.5
913.28	21596.1
914.429	21598.2
915.578	21605.5
916.727	21625.4
917.875	21655.2
919.023	21698.7
920.171	21744.4
921.32	21772.8
922.467	21779.3
923.614	21781.7
924.761	21770.9
925.908	21731.7
927.055	21699
928.203	21682.1
929.349	21693.2
930.496	21718.6
931.642	21743.1
932.787	21754.8
933.933	21760.9
935.079	21757.9
936.224	21747.3
937.369	21731.7
938.514	21710.1
939.659	21683.1
940.804	21650.1
941.948	21633.7
943.092	21612.7
944.236	21609.8
945.38	21623.4
946.524	21627.1
947.667	21635.7
948.811	21637.3
949.954	21621.1
951.097	21600.3
952.24	21578.1
953.383	21551.7
954.525	21524.2
955.667	21500.7
956.81	21478.5
957.952	21456.8
959.093	21439.3
960.235	21422.9
961.376	21408.2
962.516	21394.3
963.658	21378.4
964.798	21355.5
965.939	21330
967.08	21349
968.22	21351.6
969.359	21352.1
970.499	21360.9
971.639	21365.1
972.779	21380.2
973.918	21386.8
975.056	21356.3
976.195	21279
977.334	21255
978.473	21348
979.61	21353.1
980.749	21341.7
981.887	21341
983.024	21329.9
984.162	21320
985.3	21301.7
986.437	21270.8
987.573	21280.5
988.711	21324
989.848	21419.9
990.983	21497.4
992.12	21382.2
993.255	21348.5
994.392	21336.4
995.528	21321.1
996.662	21314
997.798	21308.7
998.933	21308.9
1000.07	21312.6
1001.2	21317.4
1002.34	21324.1
1003.47	21333.9
1004.61	21344.8
1005.74	21393
1006.87	21414.3
1008.01	21423.8
1009.14	21334.6
1010.27	21315.9
1011.41	21312
1012.54	21318.4
1013.67	21307.1
1014.81	21294
1015.94	21281.8
1017.07	21278.2
1018.2	21269.1
1019.33	21268.9
1020.47	21275
1021.6	21290
1022.73	21286.8
1023.86	21278.2
1024.99	21261.7
1026.12	21240.1
1027.25	21219.8
1028.38	21194.5
1029.51	21178.3
1030.64	21166.5
1031.77	21161.7
1032.9	21153.5
1034.03	21142.8
1035.16	21130.6
1036.29	21115.3
1037.42	21097.4
1038.55	21076.9
1039.67	21054.1
1040.8	21028.9
1041.93	21002.7
1043.06	20981.2
1044.19	20957.9
1045.31	20935.9
1046.44	20917.8
1047.57	20903
1048.69	20895.3
1049.82	20899.7
1050.95	20912
1052.08	20935.2
1053.2	20940.9
1054.33	20918.6
1055.45	20894.2
1056.58	20865.5
1057.7	20836.1
1058.83	20805.7
1059.95	20800.1
1061.08	20788.1
1062.2	20791
1063.33	20798.8
1064.45	20799.4
1065.58	20801.6
1066.7	20749.3
1067.83	20733.8
1068.95	20730.2
1070.07	20742.3
1071.2	20768.3
1072.32	20773.2
1073.44	20770
1074.56	20743.3
1075.69	20734
1076.81	20720.3
1077.93	20713.1
1079.05	20707.1
1080.17	20703.7
1081.3	20704.7
1082.42	20708.6
1083.54	20721.6
1084.66	20735.3
1085.78	20748.1
1086.9	20757.5
1088.02	20760.5
1089.14	20769.5
1090.26	20778.5
1091.38	20787.8
1092.5	20795.5
1093.62	20801.9
1094.74	20804.2
1095.86	20805.2
1096.98	20796.7
1098.1	20784.9
1099.22	20769.9
1100.34	20753.6
1101.45	20736.4
1102.57	20720.5
1103.69	20707.7
1104.81	20707.9
1105.93	20714.3
1107.04	20717.1
1108.16	20711.3
1109.28	20699.8
1110.4	20682.3
1111.51	20654.6
1112.63	20622.6
1113.75	20610.2
1114.86	20603
1115.98	20605
1117.09	20600.2
1118.21	20583.5
1119.32	20559.2
1120.44	20531
1121.55	20499.1
1122.67	20458.8
1123.78	20425.5
1124.9	20421.5
1126.01	20419.2
1127.13	20405.7
1128.24	20374.1
1129.35	20346.2
1130.47	20317
1131.58	20303
1132.7	20290.2
1133.81	20278.3
1134.92	20266.1
1136.03	20256.8
1137.15	20245.8
1138.26	20226.2
1139.37	20203.6
1140.48	20172.8
1141.59	20145
1142.71	20119.6
1143.82	20094.1
1144.93	20070.6
1146.04	20050.7
1147.15	20033.6
1148.26	20022.6
1149.37	20016.1
1150.48	20018.1
1151.59	20022.1
1152.7	20031.5
1153.81	20036.3
1154.92	20017.2
1156.03	19992.5
1157.14	19964.1
1158.25	19943.4
1159.36	19926.7
1160.47	19914.1
1161.58	19906.1
1162.68	19904.1
1163.79	19907.9
1164.9	19916.5
1166.01	19929.9
1167.12	19945
1168.22	19953.7
1169.33	19959.8
1170.44	19962.5
1171.55	19960.8
1172.65	19952.7
1173.76	19939.2
1174.87	19931
1175.97	19928.2
1177.08	19934.7
1178.18	19939.1
1179.29	19948.3
1180.4	19960.6
1181.5	19970.6
1182.61	19975.8
1183.71	19965.6
1184.82	19955.7
1185.92	19945.4
1187.02	19945
1188.13	19950.2
1189.23	19962.5
1190.34	19986.7
1191.44	20001.5
1192.54	20001
1193.65	19988.9
1194.75	19967.6
1195.85	19942.6
1196.96	19919
1198.06	19897.3
1199.16	19919
1200.26	19938.3
1201.37	19942.5
1202.47	19933.1
1203.57	19910.4
1204.67	19924.2
1205.77	19922.5
1206.87	19963.7
1207.97	19964.5
1209.08	19927
1210.18	19892
1211.28	19900
1212.38	19906.9
1213.48	19907.4
1214.58	19906.8
1215.68	19905.9
1216.78	19899.9
1217.88	19891.8
1218.98	19880
1220.07	19865.9
1221.17	19849.8
1222.27	19832.4
1223.37	19815.2
1224.47	19795.5
1225.57	19773.1
1226.66	19754.6
1227.76	19769.1
1228.86	19773.7
1229.96	19763.6
1231.06	19748.7
1232.15	19741.2
1233.25	19735.6
1234.35	19738.7
1235.44	19738.5
1236.54	19729.4
1237.63	19710.3
1238.73	19685
1239.83	19648.5
1240.92	19613
1242.02	19578.3
1243.11	19548.4
1244.21	19523.5
1245.3	19504
1246.4	19493.5
1247.49	19491.3
1248.59	19493.8
1249.68	19498.9
1250.78	19499.6
1251.87	19501.7
1252.96	19513.3
1254.06	19504.2
1255.15	19490.8
1256.24	19476.2
1257.34	19456.6
1258.43	19446.3
1259.52	19443
1260.62	19447.1
1261.71	19457.6
1262.8	19468.8
1263.89	19477.1
1264.98	19482.7
1266.08	19485.9
1267.17	19487
1268.26	19485.5
1269.35	19481.8
1270.44	19475.5
1271.53	19469
1272.62	19465.3
1273.71	19462.2
1274.8	19459.7
1275.89	19457.1
1276.98	19454.8
1278.07	19452.8
1279.16	19450.9
1280.25	19449
1281.34	19447.1
1282.43	19444.7
1283.52	19442.6
1284.61	19440.5
1285.69	19437.5
1286.78	19429.8
1287.87	19423.4
1288.96	19416.2
1290.05	19414.2
1291.13	19432.6
1292.22	19443.2
1293.31	19462
1294.4	19463
1295.48	19455.2
1296.57	19453.2
1297.66	19457.3
1298.74	19460.8
1299.83	19462.2
1300.92	19460.1
1302	19456.9
1303.09	19453.9
1304.17	19450.2
1305.26	19446.1
1306.34	19439.6
1307.43	19433.2
1308.51	19421.5
1309.6	19411.5
1310.68	19400.9
1311.76	19394.1
1312.85	19398.1
1313.93	19413.2
1315.02	19427.5
1316.1	19428.1
1317.18	19418.9
1318.27	19408.1
1319.35	19395.5
1320.43	19382.5
1321.52	19369.1
1322.6	19364.6
1323.68	19351.5
1324.76	19336.1
1325.85	19316.7
1326.93	19297.4
1328.01	19276.1
1329.09	19254.7
1330.17	19234.4
1331.25	19225.8
1332.33	19219.6
1333.41	19212.1
1334.49	19205
1335.58	19200.4
1336.65	19214
1337.74	19220.7
1338.82	19207.1
1339.89	19185.8
1340.97	19163.7
1342.05	19167
1343.13	19158.3
1344.21	19145.6
1345.29	19133
1346.37	19120.4
1347.45	19110.8
1348.53	19104.4
1349.6	19095.7
1350.68	19086.4
1351.76	19077.1
1352.84	19068.8
1353.92	19061.4
1354.99	19056.3
1356.07	19051.7
1357.15	19051.4
1358.22	19055.7
1359.3	19063.6
1360.38	19074.6
1361.45	19082.9
1362.53	19089.7
1363.61	19095
1364.68	19098.3
1365.76	19097.5
1366.83	19095.2
1367.91	19090.9
1368.98	19084.9
1370.06	19079.9
1371.13	19070.8
1372.21	19060.5
1373.28	19049.5
1374.35	19044.1
1375.43	19045.7
1376.5	19049.8
1377.58	19050.6
1378.65	19049.9
1379.72	19047.6
1380.8	19043.8
1381.87	19036.1
1382.94	19023.4
1384.01	19010.2
1385.09	18995.8
1386.16	18981.2
1387.23	18967.3
1388.3	18957.6
1389.38	18963.5
1390.45	18980.3
1391.52	18975.1
1392.59	18968.1
1393.66	18958.6
1393.92	18955.1
1395	18944.2
1396.07	18929.9
1397.15	18914.1
1398.22	18906.7
1399.3	18904.1
1400.38	18905.5
1401.45	18907.8
1402.53	18904.9
1403.6	18897.8
1404.68	18886.4
1405.75	18870
1406.82	18851.5
1407.9	18839.9
1408.97	18834.4
1410.05	18834.4
1411.12	18841.3
1412.19	18843.2
1413.27	18835
1414.34	18826.4
1415.41	18817.6
1416.49	18808.4
1417.56	18800.5
1418.63	18793.3
1419.7	18785.8
1420.78	18777.4
1421.85	18768.1
1422.92	18757.6
1423.99	18744
1425.06	18729
1426.14	18711.8
1427.21	18693.6
1428.28	18675.1
1429.35	18659.2
1430.42	18645.7
1431.49	18635.5
1432.56	18630
1433.63	18628.1
1434.7	18629.5
1435.77	18633.3
1436.84	18635.8
1437.91	18634.8
1438.98	18628.9
1440.05	18619.8
1441.12	18608.8
1442.18	18597.3
1443.25	18588.2
1444.32	18593.4
1445.39	18592.5
1446.46	18590.2
1447.53	18586.2
1448.59	18581.2
1449.66	18575
1450.73	18568.8
1451.8	18561.7
1452.86	18554.7
1453.93	18548.2
1455	18542.9
1456.06	18540.5
1457.13	18540.5
1458.2	18543.7
1459.26	18550.3
1460.33	18561.8
1461.39	18574.8
1462.46	18574.3
1463.52	18537.4
1464.59	18508.6
1465.65	18489.9
1466.72	18478.2
1467.78	18503.9
1468.85	18514.3
1469.91	18521
1470.98	18524.7
1472.04	18523.3
1473.1	18514.8
1474.17	18504.9
1475.23	18499
1476.3	18500.7
1477.36	18501.8
1478.42	18502.3
1479.48	18499.3
1480.55	18495.5
1481.61	18490
1482.67	18483.7
1483.73	18477.4
1484.8	18469.4
1485.86	18458.7
1486.92	18445.4
1487.98	18426.2
1489.04	18399.5
1490.1	18371.2
1491.17	18341.9
1492.23	18321.8
1493.29	18329.2
1494.35	18361.2
1495.41	18382.8
1496.47	18396.7
1497.53	18403.4
1498.59	18398.8
1499.65	18382
1500.71	18358.8
1501.77	18333.9
1502.83	18309.9
1503.88	18295.8
1504.94	18282
1506	18270.5
1507.06	18260.5
1508.12	18252.2
1509.18	18247.8
1510.23	18239.2
1511.29	18229.7
1512.35	18210.6
1513.41	18187.2
1514.47	18163
1515.52	18145.1
1516.58	18124.4
1517.64	18106.9
1518.69	18097.7
1519.75	18103.6
1520.81	18121.4
1521.86	18127.8
1522.92	18128.2
1523.97	18114.4
1525.03	18097.5
1526.08	18087.5
1527.14	18079.4
1528.2	18076.2
1529.25	18076.7
1530.31	18091.5
1531.36	18090.3
1532.42	18072.7
1533.47	18037.1
1534.52	17992.5
1535.58	17960.9
1536.63	17940.9
1537.69	17935.4
1538.74	17943.4
1539.79	17961.3
1540.84	17982.8
1541.9	18008.4
1542.95	18017.7
1544	18013.2
1545.06	18003.4
1546.11	17992.9
1547.16	17982.8
1548.21	17973.2
1549.27	17964.4
1550.32	17956.8
1551.37	17950
1552.42	17945.3
1553.47	17942
1554.52	17940.7
1555.57	17941.3
1556.62	17942.9
1557.67	17943.7
1558.72	17940.8
1559.77	17938.7
1560.82	17937
1561.87	17935.3
1562.92	17934
1563.97	17932.3
1565.02	17929.1
1566.07	17921.3
1567.12	17899.1
1568.17	17871.1
1569.22	17844.4
1570.27	17829.4
1571.32	17826.3
1572.36	17833.9
1573.41	17843.5
1574.46	17852.8
1575.51	17861.6
1576.56	17866.8
1577.6	17874.1
1578.65	17880.1
1579.7	17885.7
1580.74	17886.5
1581.79	17867.7
1582.84	17839.3
1583.88	17809.8
1584.93	17788.8
1585.98	17772.5
1587.02	17760.4
1588.07	17754.2
1589.11	17753.7
1590.16	17758.1
1591.2	17769
1592.25	17780.8
1593.29	17778.9
1594.34	17763.3
1595.38	17750.9
1596.43	17737.2
1597.47	17724
1598.52	17712.6
1599.56	17704.5
1600.6	17698.7
1601.65	17701.3
1602.69	17691.7
1603.73	17672.4
1604.78	17646.6
1605.82	17621
1606.86	17595
1607.91	17573.4
1608.95	17558
1609.99	17545.6
1611.03	17536
1612.08	17527.7
1613.12	17520.7
1614.16	17512.8
1615.2	17507.6
1616.24	17502.7
1617.28	17498.9
1618.32	17494.3
1619.36	17489.2
1620.41	17477.2
1621.45	17449.7
1622.49	17420.1
1623.53	17396.5
1624.57	17372.1
1625.61	17354.1
1626.65	17339.4
1627.69	17327.7
1628.73	17317.4
1629.76	17310.3
1630.8	17287.4
1631.84	17253.4
1632.88	17215.2
1633.92	17189.9
1634.96	17178.6
1636	17181.5
1637.03	17187.5
1638.07	17191
1639.11	17192.4
1640.15	17185.2
1641.19	17164
1642.22	17159.2
1643.26	17151.2
1644.3	17145.7
1645.33	17142.8
1646.37	17141.1
1647.41	17136.9
1648.44	17131.8
1649.48	17125.4
1650.52	17117.8
1651.55	17109.8
1652.59	17100.5
1653.62	17090
1654.66	17077.7
1655.69	17062.7
1656.73	17046
1657.76	17026.6
1658.8	17006.3
1659.83	16984.7
1660.87	16981.1
1661.9	16989.2
1662.93	16998.8
1663.97	17020.9
1665	17043.2
1666.04	17054.9
1667.07	17060.1
1668.1	17058.5
1669.14	17050
1670.17	17032.5
1671.2	17008.4
1672.23	16976.6
1673.27	16940
1674.3	16922
1675.33	16922.7
1676.36	16932.2
1677.39	16934.6
1678.43	16937
1679.46	16938.5
1680.49	16939.5
1681.52	16924.9
1682.55	16909.7
1683.58	16893.9
1684.61	16877.9
1685.64	16861.7
1686.67	16834
1687.7	16830.1
1688.73	16832.4
1689.76	16828.9
1690.79	16821.2
1691.82	16809.2
1692.85	16793.8
1693.88	16789
1694.91	16787.9
1695.94	16787.1
1696.97	16785.1
1698	16778.8
1699.02	16769.9
1700.05	16758.8
1701.08	16745.2
1702.11	16729.4
1703.14	16711.4
1704.16	16694
1705.19	16703.7
1706.22	16711.6
1707.25	16718.6
1708.27	16718.2
1709.3	16720.7
1710.33	16715
1711.35	16705.4
1712.38	16691.8
1713.41	16674.4
1714.43	16653
1715.46	16627.3
1716.48	16598.1
1717.51	16565.8
1718.53	16533.6
1719.56	16523.9
1720.58	16515.6
1721.61	16508.8
1722.63	16503.1
1723.66	16497.7
1724.68	16486.1
1725.71	16463.4
1726.73	16427.6
1727.75	16398.2
1728.78	16383
1729.8	16380.6
1730.83	16400.5
1731.85	16418.2
1732.87	16429.1
1733.89	16432.4
1734.92	16428.8
1735.94	16413
1736.96	16389.2
1737.98	16362.1
1739.01	16343.5
1740.03	16326.6
1741.05	16310.5
1742.07	16296.1
1743.09	16283.5
1744.12	16272.9
1745.14	16264.1
1746.16	16258.6
1747.18	16250.9
1748.2	16227.2
1749.22	16200.9
1750.24	16191.8
1751.26	16186.3
1752.28	16179.1
1753.3	16166.9
1754.32	16154
1755.34	16141.8
1756.36	16129.8
1757.38	16118.5
1758.4	16108.5
1759.42	16100.3
1760.44	16099.6
1761.45	16096.4
1762.47	16089.9
1763.49	16080.2
1764.51	16066.2
1765.53	16061.8
1766.55	16055.3
1767.56	16049.5
1768.58	16043.1
1769.6	16036.4
1770.61	16028.4
1771.63	15995.4
1772.65	15957.9
1773.67	15978.6
1774.68	15983.2
1775.7	15968.1
1776.72	15947.4
1777.73	15934.2
1778.75	15919.5
1779.76	15910.8
1780.78	15905.7
1781.79	15902.4
1782.81	15900.6
1783.83	15897.9
1784.84	15892.3
1785.85	15877.5
1786.87	15862.6
1787.88	15848
1788.9	15832.8
1789.91	15818.3
1790.93	15802.2
1791.94	15785.7
1792.95	15768.4
1793.97	15751
1794.98	15752.4
1796	15762
1797.01	15776.6
1798.02	15771.2
1799.03	15770.4
1800.05	15763.5
1801.06	15754.3
1802.07	15743.4
1803.08	15731.2
1804.1	15718.5
1805.11	15705.8
1806.12	15692.1
1807.13	15677.7
1808.14	15661.9
1809.15	15645.5
1810.17	15618.5
1811.18	15587
1812.19	15561.7
1813.2	15546.9
1814.21	15537.2
1815.22	15530.3
1816.23	15525.7
1817.24	15522.9
1818.25	15521.2
1819.26	15521.2
1820.27	15519.6
1821.28	15515.2
1822.29	15504.7
1823.3	15491.2
1824.3	15471.4
1825.31	15447.5
1826.32	15421
1827.33	15401.1
1828.34	15382.5
1829.35	15367.7
1830.35	15355.1
1831.36	15344.6
1832.37	15336.7
1833.38	15330.4
1834.38	15325.2
1835.39	15319.1
1836.4	15308.7
1837.41	15299.1
1838.41	15285.2
1839.42	15264.3
1840.43	15246
1841.43	15225.4
1842.44	15209.8
1843.44	15182.2
1844.45	15141.4
1845.46	15087.4
1846.46	15104.1
1847.47	15104.5
1848.47	15114.4
1849.48	15121.6
1850.48	15125.7
1851.49	15127.2
1852.49	15127.7
1853.49	15109.3
1854.5	15094.4
1855.5	15073.1
1856.51	15047.3
1857.51	15026.9
1858.51	15016.8
1859.52	15009.1
1860.52	15003
1861.52	15001.2
1862.53	14998.4
1863.53	14992.2
1864.53	14984.9
1865.54	14975.2
1866.54	14964.3
1867.54	14953
1868.54	14944.4
1869.54	14943.8
1870.55	14939.2
1871.55	14944.3
1872.55	14942.2
1873.55	14884.3
1874.55	14859.4
1875.55	14838.1
1876.55	14821.9
1877.55	14811.5
1878.55	14805.5
1879.55	14815.1
1880.56	14809.4
1881.55	14805.3
1882.56	14790.3
1883.55	14767.3
1884.55	14748.2
1885.55	14732.6
1886.55	14719.2
1887.55	14706.4
1888.55	14699.7
1889.55	14699.2
1890.55	14699.8
1891.55	14698.7
1892.55	14694.9
1893.54	14687.1
1894.54	14676.3
1895.54	14663.6
1896.54	14646.7
1897.54	14627.2
1898.53	14605.5
1899.53	14585.6
1900.53	14575.5
1901.52	14577.7
1902.52	14575.7
1903.52	14567.4
1904.51	14553
1905.51	14523.8
1906.51	14500.3
1907.5	14478.8
1908.5	14459.4
1909.49	14447.1
1910.49	14437
1911.49	14428.9
1912.48	14423.1
1913.48	14420.4
1914.47	14419.4
1915.46	14420.1
1916.46	14418.1
1917.45	14379.6
1918.45	14340
1919.44	14310.6
1920.44	14321.6
1921.43	14324
1922.43	14326.1
1923.42	14328.3
1924.41	14326.7
1925.41	14319.4
1926.4	14305.3
1927.39	14285
1928.38	14260.6
1929.38	14240.8
1930.37	14223.7
1931.36	14199.4
1932.35	14190.7
1933.35	14184.5
1934.34	14180.9
1935.33	14177.6
1936.32	14173.1
1937.31	14166.5
1938.3	14140.7
1939.29	14113.7
1940.29	14083.8
1941.28	14045.3
1942.27	14017.2
1943.26	14003.1
1944.25	14001.5
1945.24	14014.7
1946.23	14022.9
1947.22	14030.7
1948.21	14033.4
1949.2	14028.8
1950.19	14014.3
1951.18	13980.2
1952.17	13949.8
1953.16	13920.7
1954.14	13894.3
1955.13	13870.6
1956.12	13850.4
1957.11	13844.2
1958.1	13852.3
1959.09	13845.5
1960.07	13838
1961.06	13830.9
1962.05	13822
1963.04	13813.2
1964.02	13802.1
1965.01	13789.5
1966	13771.9
1966.99	13738.3
1967.97	13731.7
1968.96	13729.1
1969.95	13729
1970.93	13731.4
1971.92	13732.7
1972.9	13726.9
1973.89	13716
1974.88	13699.9
1975.86	13679.5
1976.85	13654.8
1977.83	13636.4
1978.82	13624.1
1979.8	13622.1
1980.79	13617.5
1981.77	13610.4
1982.76	13600.6
1983.74	13589
1984.72	13575
1985.71	13558.3
1986.69	13538.9
1987.67	13515
1988.66	13489.3
1989.64	13467.6
1990.62	13450.3
1991.61	13449.1
1992.59	13451.1
1993.57	13460.1
1994.56	13466.9
1995.54	13469.2
1996.52	13468.7
1997.5	13462.8
1998.49	13443.3
1999.47	13419.6
2000.45	13402.7
2001.43	13415.4
2002.41	13400.9
2003.39	13381.9
2004.38	13359.2
2005.36	13330.4
2006.34	13318.5
2007.32	13309
2008.3	13292.5
2009.28	13280.9
2010.26	13259.3
2011.24	13236.8
2012.22	13210.3
2013.2	13197.3
2014.18	13191
2015.16	13192.5
2016.14	13201.7
2017.12	13200.6
2018.1	13193.7
2019.07	13187.4
2020.05	13179.3
2021.03	13169.2
2022.01	13157.3
2022.99	13142.5
2023.97	13125
2024.95	13106
2025.92	13086
2026.9	13068.6
2027.88	13052.2
2028.86	13049.5
2029.83	13045.1
2030.81	13041.8
2031.79	13036.2
2032.76	13031
2033.74	13013.4
2034.72	12994
2035.69	12971.4
2036.67	12945.6
2037.65	12920.2
2038.62	12901.7
2039.6	12891.2
2040.57	12878
2041.55	12864.1
2042.52	12851.2
2043.5	12845.5
2044.47	12841.6
2045.45	12843.7
2046.42	12841
2047.4	12835.5
2048.37	12820.2
2049.35	12803.8
2050.32	12787
2051.29	12758.7
2052.27	12755.6
2053.24	12761.2
2054.21	12757.4
2055.19	12734.9
2056.16	12673.7
2057.13	12626.5
2058.11	12618.8
2059.08	12617.1
2060.05	12618.3
2061.02	12622.3
2062	12627
2062.97	12607.9
2063.94	12597.6
2064.91	12585.5
2065.89	12573.8
2066.86	12564.7
2067.83	12556.5
2068.8	12550.9
2069.77	12546.8
2070.74	12544
2071.71	12542
2072.68	12535.2
2073.65	12520.9
2074.62	12504
2075.59	12484.1
2076.56	12462.6
2077.53	12440.6
2078.5	12421.5
2079.47	12403
2080.44	12385.4
2081.41	12369.5
2082.38	12355
2083.35	12342.6
2084.32	12333.8
2085.29	12328.3
2086.26	12328.7
2087.23	12332.4
2088.19	12341.5
2089.16	12342.8
2090.13	12328.1
2091.1	12304.1
2092.07	12271.1
2093.03	12247
2094	12225.6
2094.97	12204.5
2095.94	12186.4
2096.9	12170
2097.87	12156.7
2098.84	12147.7
2099.8	12143.4
2100.77	12144.4
2101.74	12140
2102.7	12132.6
2103.67	12122.6
2104.63	12104.1
2105.6	12085
2106.56	12067.1
2107.53	12052.4
2108.49	12038.6
2109.46	12026.4
2110.42	12016.8
2111.39	12008.5
2112.35	12003.1
2113.32	11999.3
2114.28	11996.3
2115.25	11991.6
2116.21	11971.8
2117.17	11951.1
2118.14	11953.4
2119.1	11956.4
2120.07	11945.3
2121.03	11920.6
2121.99	11905.4
2122.96	11890
2123.92	11877
2124.88	11867.2
2125.84	11860.5
2126.81	11856.5
2127.77	11854.7
2128.73	11853.7
2129.69	11852.9
2130.65	11839.3
2131.62	11816
2132.58	11786
2133.54	11762
2134.5	11747.6
2135.46	11734.4
2136.42	11724.4
2137.38	11716.6
2138.34	11710.8
2139.3	11707
2140.26	11703.3
2141.22	11687.2
2142.18	11668.2
2143.14	11652.5
2144.1	11626.7
2145.06	11619.4
2146.02	11619.3
2146.98	11621.6
2147.94	11627.3
2148.9	11635
2149.86	11627.9
2150.82	11605
2151.78	11570.2
2152.74	11548
2153.69	11530.8
2154.65	11518.4
2155.61	11507.3
2156.57	11491.1
2157.53	11475.5
2158.48	11455.7
2159.44	11435.6
2160.4	11420.8
2161.36	11414.9
2162.31	11415.8
2163.27	11408
2164.23	11401.8
2165.18	11388.4
2166.14	11365.7
2167.1	11337.3
2168.05	11310.7
2169.01	11284.6
2169.96	11268.3
2170.92	11251.3
2171.88	11232.6
2172.83	11213.4
2173.79	11194
2174.74	11174.6
2175.7	11154.9
2176.65	11135.2
2177.6	11115.6
2178.56	11096.4
2179.51	11078.2
2180.47	11061.2
2181.42	11045.4
2182.38	11031.2
2183.33	11018.3
2184.28	11007.6
2185.24	11011.6
2186.19	11012.3
2187.14	11004.3
2188.1	10966.6
2189.05	10932.6
2190	10915.4
2190.96	10909.6
2191.91	10907.5
2192.86	10902.7
2193.81	10898
2194.76	10886.8
2195.72	10871.8
2196.67	10856.6
2197.62	10840.9
2198.57	10827.7
2199.52	10813
2200.47	10799.2
2201.43	10787.2
2202.38	10778.5
2203.33	10775.4
2204.28	10775.1
2205.23	10778
2206.18	10780.4
2207.13	10782.6
2208.08	10782
2209.03	10767
2209.98	10752
2210.93	10730.7
2211.88	10713.2
2212.83	10697.3
2213.78	10677.4
2214.73	10667.2
2215.67	10658.5
2216.62	10648.2
2217.57	10637.8
2218.52	10624.9
2219.47	10608.5
2220.42	10595.4
2221.37	10587
2222.31	10582.4
2223.26	10583
2224.21	10586
2225.16	10581.1
2226.1	10572.6
2227.05	10568
2228	10557
2228.94	10539.1
2229.89	10537.6
2230.84	10536.5
2231.78	10537.1
2232.73	10538.4
2233.68	10535.9
2234.62	10527.1
2235.57	10516.3
2236.51	10502.7
2237.46	10487
2238.41	10468
2239.35	10449
2240.3	10431.2
2241.24	10425.5
2242.19	10428.7
2243.13	10433.3
2244.07	10438
2245.02	10441.6
2245.96	10442.7
2246.91	10442.9
2247.85	10436.7
2248.8	10428.4
2249.74	10418.1
2250.68	10409.2
2251.63	10401.3
2252.57	10391.7
2253.51	10390.1
2254.46	10388.3
2255.4	10393
2256.34	10396.4
2257.28	10391.3
2258.23	10382.3
2259.17	10371.3
2260.11	10361.2
2261.05	10363.1
2262	10363.6
2262.94	10359.9
2263.88	10352.6
2264.82	10344.6
2265.76	10332
2266.7	10319.9
2267.64	10309.7
2268.58	10301.5
2269.53	10294.7
2270.47	10288.2
2271.41	10282.5
2272.35	10277.6
2273.29	10272.8
2274.23	10268.2
2275.17	10262.9
2276.11	10255.3
2277.05	10248.8
2277.99	10244
2278.93	10245.3
2279.86	10233.8
2280.8	10219.8
2281.74	10210.8
2282.68	10207.9
2283.62	10217.2
2284.56	10222.8
2285.5	10225.3
2286.44	10227.7
2287.37	10228.2
2288.31	10221.7
2289.25	10216
2290.19	10209.4
2291.12	10201.6
2292.06	10194.2
2293	10188.9
2293.94	10186.6
2294.87	10188.1
2295.81	10191.2
2296.75	10196.1
2297.68	10190.2
2298.62	10175.5
2299.55	10159
2300.49	10142.5
2301.43	10125.8
2302.36	10109.7
2303.3	10103
2304.23	10104.8
2305.17	10107.8
2306.1	10108.7
2307.04	10102.5
2307.98	10090.2
2308.91	10074.6
2309.84	10059.5
2310.78	10046.9
2311.71	10039
2312.65	10038.9
2313.58	10043.7
2314.52	10046
2315.45	10042.5
2316.38	10032.1
2317.32	10018.9
2317.72	10013
2318.66	10000.3
2319.6	9989.74
2320.54	9980.91
2321.48	9973.19
2322.41	9965.41
2323.35	9949.2
2324.29	9929.43
2325.23	9909.23
2326.16	9888.06
2327.1	9872.39
2328.04	9862.41
2328.97	9863.83
2329.91	9871.54
2330.85	9887.04
2331.78	9906.37
2332.72	9897.46
2333.66	9853.43
2334.59	9818.13
2335.53	9811.85
2336.46	9797.46
2337.4	9782.36
2338.33	9770.9
2339.27	9763.01
2340.2	9759.03
2341.14	9758.77
2342.07	9761.81
2343.01	9767.51
2343.94	9775.43
2344.88	9781.07
2345.81	9779.25
2346.75	9761.97
2347.68	9733.58
2348.61	9706.79
2349.55	9686.56
2350.48	9673.09
2351.41	9662.74
2352.35	9656.17
2353.28	9655.19
2354.21	9658.1
2355.15	9664.64
2356.08	9672.8
2357.01	9669.34
2357.94	9664.76
2358.88	9656.31
2359.81	9645.08
2360.74	9630.96
2361.67	9615.06
2362.6	9599.73
2363.54	9587.16
2364.47	9575.39
2365.4	9564.39
2366.33	9556.56
2367.26	9549.7
2368.19	9544.57
2369.12	9540.53
2370.05	9537.26
2370.98	9533.41
2371.91	9522.95
2372.84	9518.21
2373.77	9514.69
2374.7	9512.49
2375.63	9516.41
2376.56	9521.11
2377.49	9507.1
2378.42	9492.91
2379.35	9481.21
2380.28	9475.78
2381.21	9471.52
2382.14	9487.73
2383.07	9490.59
2384	9488.99
2384.92	9487.26
2385.85	9483.44
2386.78	9472.26
2387.71	9457.82
2388.64	9445.09
2389.56	9433.32
2390.49	9422.62
2391.42	9413.13
2392.35	9405.31
2393.27	9398.63
2394.2	9393.16
2395.13	9388.75
2396.05	9385.37
2396.98	9381.18
2397.91	9378.09
2398.83	9374.54
2399.76	9370.94
2400.69	9365.86
2401.61	9360.8
2402.54	9355.13
2403.46	9343.73
2404.39	9328.84
2405.31	9312.71
2406.24	9298.69
2407.17	9286.95
2408.09	9276.36
2409.01	9269.85
2409.94	9265.75
2410.86	9264.78
2411.79	9264.14
2412.71	9263.25
2413.64	9258.52
2414.56	9250.42
2415.49	9241.78
2416.41	9231.36
2417.33	9220.96
2418.26	9211.97
2419.18	9211.2
2420.1	9217.69
2421.03	9211.79
2421.95	9198.83
2422.87	9189.54
2423.79	9176.77
2424.72	9152.44
2425.64	9137.02
2426.56	9129.81
2427.48	9137.91
2428.41	9143.53
2429.33	9139.35
2430.25	9128.45
2431.17	9118.73
2432.09	9108.19
2433.01	9095.12
2433.93	9081.4
2434.86	9070.99
2435.78	9062.49
2436.7	9054.27
2437.62	9035.61
2438.54	9017.72
2439.46	8998.02
2440.38	8977.57
2441.3	8950.61
2442.22	8926.43
2443.14	8917.14
2444.06	8914.29
2444.98	8912.68
2445.9	8921.31
2446.82	8921.66
2447.73	8911.63
2448.65	8897.36
2449.57	8877.65
2450.49	8858.56
2451.41	8849.01
2452.33	8844.7
2453.25	8844.49
2454.17	8845.79
2455.08	8845.37
2456	8842.88
2456.92	8837.33
2457.84	8830.61
2458.75	8822.31
2459.67	8812.63
2460.59	8801.17
2461.51	8788.73
2462.42	8788.11
2463.34	8789.13
2464.26	8788.68
2465.17	8797.36
2466.09	8759.44
2467	8743.07
2467.92	8727.71
2468.84	8712.23
2469.75	8697.71
2470.67	8686.28
2471.58	8678.05
2472.5	8670.45
2473.42	8660.89
2474.33	8648.89
2475.25	8609.56
2476.16	8588.69
2477.08	8587.13
2477.99	8607.73
2478.9	8674.63
2479.82	8594.71
2480.73	8616.34
2481.65	8618.69
2482.56	8622.26
2483.47	8622.05
2484.39	8618.57
2485.3	8609.72
2486.22	8599.32
2487.13	8586.86
2488.04	8572.69
2488.96	8561.42
2489.87	8559.53
2490.78	8555.57
2491.69	8552.61
2492.61	8550.82
2493.52	8549.93
2494.43	8548.67
2495.34	8545.79
2496.25	8542.08
2497.17	8537.39
2498.08	8532.13
2498.99	8528.08
2499.9	8524.46
2500.81	8522
2501.72	8526.47
2502.63	8528.16
2503.55	8528.27
2504.46	8515.25
2505.37	8501.17
2506.28	8486.91
2507.19	8472.09
2508.1	8456.91
2509.01	8441.94
2509.92	8430.28
2510.83	8429.27
2511.74	8423.76
2512.65	8431.05
2513.56	8428.81
2514.47	8423.05
2515.37	8414.39
2516.28	8404.93
2517.19	8393.16
2518.1	8382.31
2519.01	8379.06
2519.92	8376.03
2520.83	8372.58
2521.73	8369.69
2522.64	8367.7
2523.55	8367.46
2524.46	8356.78
2525.37	8347.2
2526.27	8335.18
2527.18	8320.67
2528.09	8310.27
2529	8295.1
2529.9	8308.07
2530.81	8321.91
2531.72	8329.54
2532.62	8317.1
2533.53	8286.55
2534.44	8271.43
2535.34	8265.23
2536.25	8260.3
2537.15	8264.85
2538.06	8258.81
2538.96	8262.88
2539.87	8253.65
2540.78	8237.17
2541.68	8232.46
2542.59	8237.83
2543.49	8249.62
2544.4	8267.03
2545.3	8279.03
2546.21	8281.74
2547.11	8251.57
2548.01	8230.44
2548.92	8207.03
2549.82	8181.85
2550.73	8159.24
2551.63	8139.18
2552.53	8128.43
2553.44	8123.67
2554.34	8121.15
2555.24	8115.69
2556.15	8109.1
2557.05	8101.12
2557.95	8092.07
2558.86	8081.83
2559.76	8070.45
2560.66	8057.99
2561.56	8044.16
2562.46	8031.72
2563.37	8025.86
2564.27	8031.83
2565.17	8032.92
2566.07	8027.07
2566.97	8018.19
2567.88	8006.06
2568.78	7991.26
2569.68	7973.66
2570.58	7952.5
2571.48	7928.53
2572.38	7911.73
2573.28	7911.01
2574.18	7912.75
2575.08	7917.56
2575.98	7927.87
2576.88	7940.52
2577.78	7939.97
2578.68	7929.2
2579.58	7912.24
2580.48	7896.06
2581.38	7880.42
2582.28	7866.1
2583.18	7853.91
2584.08	7853.02
2584.98	7850.54
2585.88	7846.26
2586.77	7839.89
2587.67	7831.64
2588.57	7819.03
2589.47	7805.53
2590.37	7788.46
2591.27	7774.6
2592.16	7762.45
2593.06	7751.03
2593.96	7740.84
2594.86	7732.39
2595.75	7725.54
2596.65	7721.89
2597.55	7723.77
2598.45	7724.9
2599.34	7721.83
2600.24	7717.05
2601.13	7710.22
2602.03	7702.42
2602.93	7691.76
2603.82	7690.88
2604.72	7692.05
2605.62	7698.29
2606.51	7706.79
2607.41	7695.13
2608.3	7675.6
2609.2	7652.91
2610.09	7622.15
2610.99	7606.34
2611.88	7584.77
2612.78	7598.91
2613.67	7630.69
2614.57	7644.17
2615.46	7581.1
2616.36	7555.35
2617.25	7535.54
2618.14	7569.55
2619.04	7580.71
2619.93	7579.36
2620.83	7577.5
2621.72	7576.46
2622.61	7573.68
2623.5	7567.57
2624.4	7559.11
2625.29	7546.78
2626.18	7533.02
2627.08	7519.3
2627.97	7505.97
2628.86	7493.51
2629.75	7481.72
2630.65	7471.49
2631.54	7462.44
2632.43	7457.82
2633.32	7449.14
2634.21	7432.1
2635.11	7422.44
2636	7420.89
2636.89	7420.11
2637.78	7434.95
2638.67	7410.08
2639.56	7388.69
2640.45	7369.84
2641.34	7352.69
2642.23	7337.23
2643.12	7323.67
2644.01	7313.5
2644.9	7304.64
2645.79	7296.94
2646.68	7289.79
2647.57	7281.12
2648.46	7271.02
2649.35	7258.96
2650.24	7249.94
2651.13	7243.1
2652.02	7238.33
2652.91	7236.59
2653.8	7231.23
2654.69	7228.5
2655.58	7226.17
2656.46	7226.18
2657.35	7221.11
2658.24	7204.89
2659.13	7196.16
2660.02	7186.19
2660.9	7173.99
2661.79	7161.23
2662.68	7141.8
2663.57	7137.28
2664.45	7137.22
2665.34	7150.82
2666.23	7175.36
2667.11	7152.55
2668	7145.46
2668.89	7137.31
2669.77	7127.78
2670.66	7116.04
2671.55	7100.92
2672.43	7083.2
2673.32	7071.68
2674.21	7065.56
2675.09	7060.59
2675.98	7061.46
2676.86	7059.42
2677.75	7051.9
2678.63	7040.97
2679.52	7027.37
2680.4	7010.84
2681.29	6991.17
2682.17	6968.35
2683.06	6959.66
2683.94	6961.32
2684.82	6972.13
2685.71	6994.18
2686.59	6999.05
2687.48	6986.25
2688.36	6973.05
2689.24	6958.16
2690.13	6941.17
2691.01	6920.64
2691.89	6908.27
2692.78	6902.6
2693.66	6902.48
2694.54	6904.68
2695.43	6892.12
2696.31	6879
2697.19	6863.59
2698.07	6846.88
2698.96	6838.92
2699.84	6839.15
2700.72	6850.8
2701.6	6853.61
2702.48	6851.85
2703.36	6840.87
2704.25	6819.25
2705.13	6798.92
2706.01	6785.28
2706.89	6779.55
2707.77	6781.86
2708.65	6783.44
2709.53	6788.34
2710.41	6782.86
2711.29	6766.29
2712.17	6740.47
2713.05	6726.07
2713.93	6723.07
2714.81	6730.64
2715.69	6739.77
2716.57	6753.59
2717.45	6761.47
2718.33	6755.47
2719.21	6739.89
2720.09	6717.28
2720.97	6686.66
2721.85	6663.85
2722.73	6659.53
2723.61	6659.18
2724.48	6671.03
2725.36	6687.09
2726.24	6684.32
2727.12	6669.05
2728	6642.13
2728.88	6628.51
2729.75	6618.66
2730.63	6613.6
2731.51	6612.6
2732.39	6609.28
2733.26	6607.14
2734.14	6604.68
2735.02	6601.79
2735.89	6598.64
2736.77	6595.01
2737.65	6590.35
2738.52	6584.83
2739.4	6577.58
2740.28	6570.88
2741.15	6564.07
2742.03	6563.85
2742.9	6557.43
2743.78	6546.68
2744.65	6537.07
2745.53	6526.55
2746.41	6507.95
2747.28	6497.53
2748.16	6493.45
2749.03	6492.24
2749.91	6490.65
2750.78	6487.24
2751.66	6484.27
2752.53	6480.78
2753.4	6477.36
2754.28	6473.52
2755.15	6468.45
2756.02	6461.87
2756.9	6450.94
2757.77	6437.16
2758.65	6422.74
2759.52	6409.97
2760.39	6398.9
2761.27	6394.08
2762.14	6391.99
2763.01	6387.58
2763.88	6383.63
2764.76	6376.28
2765.63	6367.16
2766.5	6357.1
2767.37	6350.71
2768.25	6345.61
2769.12	6340.97
2769.99	6337.72
2770.86	6335.52
2771.73	6333.95
2772.61	6332.65
2773.48	6329.51
2774.35	6325.2
2775.22	6318.9
2776.09	6311.18
2776.96	6297.73
2777.83	6283.3
2778.7	6273.17
2779.57	6269.87
2780.44	6281.57
2781.31	6289.93
2782.18	6287.68
2783.05	6281.24
2783.92	6274.36
2784.79	6265.91
2785.66	6254.8
2786.53	6241.9
2787.4	6234.67
2788.27	6227.87
2789.14	6222.59
2790.01	6219.19
2790.88	6217.81
2791.75	6215.03
2792.62	6210.29
2793.48	6203.79
2794.35	6195.24
2795.22	6185.21
2796.09	6184.12
2796.96	6181.23
2797.82	6192.59
2798.69	6164.02
2799.56	6139.12
2800.43	6136.14
2801.29	6132.77
2802.16	6134.13
2803.03	6139.83
2803.9	6143.79
2804.76	6130.34
2805.63	6119.57
2806.5	6109.41
2807.36	6099.04
2808.23	6084.83
2809.09	6073.06
2809.96	6072.12
2810.83	6080.24
2811.69	6092.74
2812.56	6102.21
2813.42	6099.89
2814.29	6074.55
2815.15	6053.27
2816.02	6035.4
2816.88	6021.31
2817.75	6011.81
2818.61	6006.39
2819.48	6004.27
2820.34	6005.91
2821.21	6010.96
2822.07	6019.54
2822.94	6028.84
2823.8	6028.83
2824.66	6016.09
2825.53	6002.61
2826.39	5991.26
2827.26	5984.36
2828.12	5977.29
2828.98	5969.93
2829.85	5961.21
2830.71	5951.56
2831.57	5941.36
2832.43	5930.41
2833.3	5919.04
2834.16	5908.03
2835.02	5898.57
2835.88	5890.6
2836.75	5884.27
2837.61	5880.29
2838.47	5878.36
2839.33	5879.62
2840.19	5883.97
2841.06	5884.93
2841.92	5883.31
2842.78	5873.42
2843.64	5862.22
2844.5	5853.67
2845.36	5850.56
2846.22	5853.55
2847.08	5856.63
2847.94	5865.23
2848.81	5860.62
2849.67	5846.76
2850.53	5837.07
2851.39	5823.71
2852.25	5805.95
2853.11	5802.6
2853.97	5800.94
2854.82	5805.07
2855.68	5811.73
2856.54	5808.15
2857.4	5800.56
2858.26	5792.98
2859.12	5784.42
2859.98	5775.39
2860.84	5766.58
2861.7	5761.53
2862.56	5757.13
2863.41	5754
2864.27	5751.53
2865.13	5750.29
2865.99	5749.14
2866.85	5750.56
2867.7	5743.7
2868.56	5733.37
2869.42	5722.29
2870.28	5714.06
2871.13	5708.81
2871.99	5705.36
2872.85	5702.97
2873.7	5702.02
2874.56	5702.72
2875.42	5702.41
2876.27	5699.05
2877.13	5693.43
2877.99	5679.27
2878.84	5659.11
2879.7	5636.62
2880.56	5620.89
2881.41	5605.82
2882.27	5604.18
2883.12	5610.62
2883.98	5615.71
2884.83	5618.77
2885.69	5618.07
2886.54	5615.98
2887.4	5612.44
2888.25	5607.97
2889.11	5602.43
2889.96	5595.92
2890.82	5588.81
2891.67	5580.85
2892.52	5571.7
2893.38	5561.84
2894.23	5555.75
2895.09	5553.06
2895.94	5553.75
2896.79	5552.54
2897.65	5547.09
2898.5	5542.12
2899.35	5537.33
2900.21	5532.14
2901.06	5526.75
2901.91	5520.59
2902.76	5515.49
2903.62	5511.18
2904.47	5503.87
2905.32	5494.73
2906.17	5484.24
2907.03	5473.99
2907.88	5466.14
2908.73	5462.08
2909.58	5458.6
2910.43	5455.62
2911.28	5452.38
2912.14	5448.51
2912.99	5444.04
2913.84	5438.6
2914.69	5433.01
2915.54	5426.74
2916.39	5419.43
2917.24	5410.54
2918.09	5395.81
2918.94	5384.29
2919.79	5378.49
2920.64	5378.52
2921.49	5374.1
2922.34	5366.9
2923.19	5357.21
2924.04	5348.49
2924.89	5336.66
2925.74	5325.38
2926.59	5316.52
2927.44	5312.01
2928.29	5310.35
2929.14	5305.61
2929.98	5301.51
2930.83	5297.29
2931.68	5294.85
2932.53	5292.81
2933.38	5291.12
2934.23	5289.81
2935.07	5289.2
2935.92	5288.86
2936.77	5286.46
2937.62	5281.8
2938.47	5257.9
2939.31	5243.28
2940.16	5238.49
2941.01	5243.35
2941.85	5249.31
2942.7	5256.47
2943.55	5230.98
2944.39	5218.47
2945.24	5207.27
2946.09	5194.66
2946.93	5186.87
2947.78	5186.75
2948.63	5186.9
2949.47	5188.49
2950.32	5188.76
2951.16	5185.48
2952.01	5182.72
2952.85	5178.83
2953.7	5174.35
2954.55	5169.16
2955.39	5163.63
2956.24	5157.91
2957.08	5152.5
2957.92	5148.51
2958.77	5147.69
2959.61	5145.24
2960.46	5125.2
2961.3	5113.76
2962.15	5105.34
2962.99	5099.49
2963.83	5096.08
2964.68	5095.37
2965.52	5095.98
2966.37	5094.4
2967.21	5080.56
2968.05	5063.4
2968.9	5051.17
2969.74	5054.22
2970.58	5062.24
2971.42	5062.63
2972.27	5060.57
2973.11	5056.75
2973.95	5050.05
2974.79	5039.74
2975.64	5027.26
2976.48	5013.83
2977.32	5001.66
2978.16	5006.75
2979	5008.21
2979.85	5017.45
2980.69	5022.96
2981.53	5023.98
2982.37	5021.01
2983.21	5013.86
2984.05	5006.75
2984.89	4999.86
2985.73	4990.84
2986.57	4985.12
2987.41	4981.36
2988.25	4978.36
2989.1	4976.32
2989.94	4975.25
2990.77	4975.32
2991.62	4970.48
2992.45	4961.51
2993.29	4945.39
2994.13	4915.77
2994.97	4911.3
2995.81	4897.06
2996.65	4957.87
2997.49	4918.91
2998.33	4904.94
2999.17	4899.97
