200.833	1315.08
202.102	1424.16
203.371	1427.88
204.639	1359.76
205.907	1361.3
207.175	1381.67
208.442	1418.77
209.71	1452.82
210.977	1457
212.244	1447.82
213.511	1428.19
214.777	1417.92
216.042	1412.64
217.309	1414.64
218.575	1438.69
219.84	1484.05
221.106	1538.81
222.371	1593.38
223.635	1640.86
224.9	1674.5
226.165	1705.19
227.429	1731.06
228.694	1753.26
229.956	1770.73
231.22	1807.06
232.484	1853.49
233.747	1894.19
235.011	1930.04
236.272	1912.06
237.535	1975.74
238.798	2032.51
240.06	2081.73
241.321	2123.81
242.583	2159.52
243.845	2187.27
245.105	2208.21
246.367	2221.31
247.628	2227.37
248.888	2227.41
250.149	2223.72
251.409	2229.65
252.67	2238.94
253.928	2249.46
255.189	2262.34
256.447	2276.81
257.707	2293.29
258.966	2311.09
260.224	2323.97
261.483	2331.09
262.742	2340.04
263.999	2351.79
265.257	2366.31
266.514	2384.42
267.772	2404.97
269.028	2428
270.286	2452.24
271.543	2480.18
272.799	2501.3
274.056	2518.39
275.311	2536.74
276.568	2544.8
277.823	2558.81
279.079	2577.23
280.333	2595.86
281.589	2615.61
282.843	2636.48
284.099	2658.83
285.352	2681.46
286.607	2705.71
287.86	2734.05
289.114	2766.67
290.368	2805.41
291.621	2836.15
292.875	2860.97
294.127	2884.96
295.38	2904.41
296.632	2919.41
297.884	2929.15
299.137	2927.84
300.388	2918.33
301.641	2914.2
302.891	2918.66
304.142	2914.46
305.394	2912.02
306.644	2925.57
307.894	2945
309.146	2971.42
310.395	3004.65
311.645	3022.36
312.895	3028.19
314.144	2999.04
315.393	2995.82
316.642	2997.25
317.892	3008.89
319.14	3038.71
320.388	3067.17
321.637	3102.48
322.885	3129.65
324.132	3149.45
325.38	3160.93
326.628	3161.2
327.875	3159.57
329.122	3173.38
330.368	3204.71
331.614	3213.8
332.862	3225.04
334.108	3235.35
335.353	3249.43
336.599	3266.12
337.844	3282.44
339.089	3305.36
340.335	3330.82
341.58	3354.44
342.824	3376.17
344.068	3387.94
345.312	3398.78
346.556	3403.89
347.8	3406.45
349.043	3410.5
350.286	3413.7
351.53	3424.98
352.774	3435.38
354.016	3444.97
355.259	3454.52
356.501	3463.06
357.743	3469.46
358.985	3474.6
360.227	3478.6
361.468	3481.56
362.709	3488.33
363.95	3495.39
365.191	3502.07
366.432	3507.87
367.672	3512.87
368.912	3514.27
370.152	3509.13
371.392	3502.36
372.632	3496.55
373.871	3495.16
375.11	3497.5
376.348	3505.35
377.587	3513.84
378.825	3545.01
380.064	3578.37
381.302	3610.43
382.54	3631.02
383.778	3616.26
385.016	3609.94
386.253	3613.85
387.489	3626.83
388.726	3642.87
389.963	3678.54
391.199	3715.55
392.436	3756.61
393.672	3776.91
394.907	3794.18
396.142	3801.43
397.378	3796.35
398.614	3793.44
399.849	3795.24
401.082	3799.38
402.317	3806.02
403.552	3814.38
404.786	3825.48
406.019	3838.71
407.253	3853.97
408.487	3869.47
409.721	3879
410.953	3882.25
412.186	3892.21
413.419	3899.35
414.651	3908.02
415.883	3915.03
417.116	3922.14
418.347	3930.33
419.579	3931.22
420.811	3925.97
422.041	3916.7
423.272	3910.45
424.504	3904.96
425.733	3900.52
426.964	3903.02
428.194	3906.07
429.424	3912.17
430.654	3920.46
431.883	3931.4
433.113	3944.84
434.341	3961.21
435.571	3978.24
436.799	3991.54
438.028	4001.48
439.257	4007.91
440.484	4013.75
441.713	4018.36
442.94	4022.01
444.168	4024.65
445.394	4026.44
446.622	4027.4
447.848	4027.21
449.076	4028.07
450.301	4030.37
451.528	4071.38
452.754	4117.32
453.979	4147.89
455.205	4155.06
456.43	4127.19
457.656	4112.48
458.88	4108.62
460.106	4105.68
461.33	4103.14
462.554	4107.84
463.779	4118.97
465.002	4128.44
466.225	4134.72
467.45	4115.07
468.672	4085.76
469.895	4066.29
471.119	4100.48
472.341	4143.3
473.563	4180.63
474.786	4148.13
476.008	4128.43
477.229	4109.22
478.452	4094.11
479.673	4078.56
480.894	4065.02
482.115	4054.13
483.337	4053.87
484.557	4043.28
485.777	4017.34
486.997	3979.86
488.218	3981.42
489.438	3997.79
490.657	4019.39
491.876	4026.58
493.096	4021.4
494.315	3985.57
495.533	3968.69
496.752	3970.17
497.97	3978.39
499.188	4005.38
500.407	4030.67
501.625	4045.58
502.842	4047.78
504.059	4044.15
505.276	4038.22
506.493	4027
507.71	4009.93
508.926	3996.55
510.142	4011.06
511.358	4033.58
512.575	4052.65
513.791	4067.55
515.006	4082.38
516.222	4096.48
517.437	4109.2
518.651	4120.22
519.866	4129.95
521.081	4137.83
522.295	4144.16
523.509	4148.96
524.723	4152.59
525.937	4161.16
527.15	4172.49
528.363	4189.23
529.576	4205.47
530.789	4219.61
532.002	4226.17
533.215	4224.65
534.426	4217.18
535.638	4214.6
536.85	4216.31
538.061	4223.23
539.273	4229.31
540.484	4237.02
541.695	4246.1
542.906	4249.23
544.117	4251.15
545.327	4239.19
546.537	4230.3
547.747	4224.46
548.957	4220.7
550.167	4237.83
551.377	4251.45
552.585	4271.01
553.794	4285.68
555.003	4282.81
556.212	4276.49
557.421	4266.17
558.628	4246.75
559.836	4240.38
561.044	4244.59
562.252	4252.29
563.458	4260.92
564.666	4265.97
565.873	4271.27
567.08	4276.43
568.286	4281.37
569.493	4286.16
570.699	4291.21
571.904	4296.79
573.111	4302.4
574.317	4309.04
575.521	4306.64
576.727	4293.24
577.932	4278.6
579.136	4260.7
580.341	4245.94
581.544	4234.21
582.749	4236.96
583.954	4238
585.156	4244.32
586.361	4256.25
587.563	4266.9
588.767	4276.4
589.97	4276.28
591.172	4277.5
592.375	4283.82
593.577	4290.23
594.78	4295.62
595.981	4300.8
597.183	4306.12
598.384	4311.79
599.586	4316.14
600.786	4305.69
601.988	4272.22
603.188	4250.42
604.389	4238.01
605.589	4226.74
606.79	4217.97
607.989	4212.6
609.188	4210.11
610.389	4211.68
611.587	4214.29
612.787	4213.29
613.986	4208.34
615.184	4188.26
616.383	4162.46
617.581	4133.7
618.78	4108.91
619.977	4088.48
621.174	4072.76
622.373	4061.2
623.57	4057.96
624.766	4050.2
625.964	4031.49
627.16	3986.71
628.356	3956.57
629.554	3943.27
630.749	3942.59
631.945	3942.18
633.14	3943.6
634.337	3945.51
635.532	3948.25
636.726	3949.19
637.921	3939.28
639.117	3926.23
640.311	3927.75
641.505	3933.32
642.699	3934.93
643.892	3931.73
645.087	3924.53
646.28	3913.33
647.473	3899.17
648.666	3916.29
649.859	3928.73
651.051	3935.11
652.245	3934.81
653.437	3927.75
654.629	3914.58
655.821	3897.37
657.012	3899.7
658.204	3905.5
659.395	3920.83
660.586	3934.89
661.777	3945.45
662.967	3954.52
664.158	3957.65
665.349	3952.14
666.539	3947.45
667.729	3946.58
668.919	3949.7
670.109	3970.81
671.298	3992.14
672.487	4003.18
673.676	4014.6
674.865	4029.2
676.053	4041.7
677.242	4045.02
678.43	4040.37
679.616	4026.43
680.804	4005.94
681.992	4004.08
683.179	3997.59
684.366	3989.99
685.554	3981.28
686.74	3971.95
687.927	3962.38
689.114	3951.98
690.3	3940.18
691.486	3928.95
692.671	3918.45
693.856	3908.88
695.042	3901.85
696.227	3898.07
697.413	3895.5
698.598	3895.54
699.781	3899.41
700.966	3902.85
702.15	3903.33
703.334	3898.1
704.518	3887.99
705.701	3874.06
706.885	3854.88
708.068	3832.09
709.252	3809.99
710.433	3791.11
711.616	3784.22
712.799	3779.08
713.98	3775.22
715.163	3773.01
716.345	3775.23
717.527	3779.02
718.707	3782.6
719.889	3784.98
721.071	3786.27
722.25	3787.9
723.432	3790.44
724.611	3792.59
725.792	3793.61
726.972	3793.88
728.151	3792.39
729.332	3790.74
730.512	3789.02
731.69	3786.24
732.87	3784.01
734.048	3788.53
735.227	3800.66
736.405	3820.18
737.584	3817.75
738.761	3816.64
739.94	3816.72
741.117	3818.01
742.295	3821.81
743.471	3827.87
744.649	3837.39
745.825	3847.11
747.003	3856.48
748.179	3866.21
749.356	3875.44
750.531	3884.9
751.708	3892.52
752.883	3893.21
754.059	3887.6
755.234	3871.75
756.409	3858.45
757.585	3853.53
758.759	3848.28
759.934	3847.22
761.108	3845.21
762.282	3841.75
763.456	3837.96
764.63	3833.07
765.803	3811.02
766.977	3786.87
768.15	3757.38
769.323	3733.88
770.496	3716.4
771.668	3727.24
772.841	3738.47
774.014	3746.8
775.185	3755.52
776.357	3754.52
777.528	3732.45
778.701	3705.55
779.872	3678.29
781.042	3650.68
782.213	3624.81
783.383	3600.26
784.555	3574.52
785.725	3574.19
786.895	3583.08
788.064	3583.4
789.234	3581.14
790.404	3577.86
791.573	3570.41
792.742	3560.27
793.911	3546.68
795.08	3529.04
796.248	3506.96
797.416	3514.06
798.584	3503.56
799.753	3485.96
800.921	3468.46
802.088	3453.95
803.256	3441.93
804.423	3441.77
805.59	3472.31
806.756	3500.65
807.923	3557.35
809.089	3542.05
810.256	3504.19
811.422	3496.3
812.587	3488.53
813.753	3482.83
814.918	3480.52
816.084	3484
817.249	3493.25
818.414	3507.13
819.578	3522.85
820.743	3532.55
821.907	3534.49
823.072	3533.63
824.236	3531.67
825.399	3526.47
826.562	3518.5
827.725	3509.68
828.889	3502.3
830.052	3501.14
831.215	3507.08
832.377	3524.55
833.54	3566.9
834.701	3601.11
835.863	3621.85
837.025	3540.08
838.187	3468.44
839.349	3444.1
840.51	3455.15
841.67	3543.05
842.831	3528.21
843.992	3535.63
845.153	3538.67
846.312	3537.18
847.473	3531.41
848.633	3522.32
849.793	3510.55
850.951	3496.9
852.111	3480.73
853.27	3463.25
854.428	3444.81
855.588	3427.12
856.747	3412.38
857.904	3401.33
859.063	3394.58
860.221	3394.27
861.378	3380.26
862.536	3368.21
863.694	3346.28
864.85	3307.86
866.008	3273.81
867.164	3244.15
868.321	3219.16
869.478	3200.49
870.633	3185.65
871.79	3188.78
872.945	3186.48
874.101	3197.58
875.256	3197.92
876.412	3172.48
877.566	3146.06
878.722	3120.02
879.876	3092.9
881.031	3071.39
882.185	3059.35
883.34	3051.21
884.493	3045.33
885.647	3042.03
886.8	3040.03
887.954	3038.38
889.107	3034.27
890.261	3030.73
891.413	3027.1
892.565	3027.6
893.718	3037.43
894.87	3049.31
896.023	3052.17
897.174	3051.67
898.326	3046.02
899.478	3036.56
900.629	3017.67
901.779	3002.03
902.931	3001.82
904.081	3019.06
905.231	3048.39
906.383	3078.26
907.532	3098.51
908.682	3075.68
909.831	3068.99
910.982	3060.42
912.131	3049.75
913.28	3035.51
914.429	3019.01
915.578	3018.6
916.727	3031.85
917.875	3043.59
919.023	3057.22
920.171	3072.64
921.32	3094.18
922.467	3056.67
923.614	3042.11
924.761	3022.8
925.908	3010.31
927.055	3013.94
928.203	3011.22
929.349	3013.23
930.496	3024.1
931.642	3037.34
932.787	3042.9
933.933	3039.73
935.079	3028.33
936.224	3008.63
937.369	2982.01
938.514	2972.78
939.659	2956.37
940.804	2967.8
941.948	3004.79
943.092	3052.29
944.236	3008.44
945.38	2999.95
946.524	2983.5
947.667	2962.8
948.811	2938.81
949.954	2913.72
951.097	2893.22
952.24	2885.05
953.383	2885.5
954.525	2897.06
955.667	2893.66
956.81	2887.66
957.952	2875.26
959.093	2858.19
960.235	2835.92
961.376	2816.9
962.516	2811.38
963.658	2799.61
964.798	2788.6
965.939	2768.76
967.08	2733.38
968.22	2740
969.359	2744.13
970.499	2741.25
971.639	2730.65
972.779	2712.4
973.918	2701.97
975.056	2698.35
976.195	2703.25
977.334	2714.81
978.473	2728.72
979.61	2737.34
980.749	2741.52
981.887	2741.03
983.024	2737.56
984.162	2730.83
985.3	2721.84
986.437	2710.65
987.573	2699.89
988.711	2699.5
989.848	2700.71
990.983	2700.5
992.12	2719.19
993.255	2729.37
994.392	2741.31
995.528	2738.48
996.662	2726.18
997.798	2712.81
998.933	2703.23
1000.07	2697.95
1001.2	2700.4
1002.34	2701.22
1003.47	2710.61
1004.61	2719.94
1005.74	2725.44
1006.87	2724.48
1008.01	2720.52
1009.14	2713.81
1010.27	2705.57
1011.41	2696.33
1012.54	2686.58
1013.67	2677.34
1014.81	2668.81
1015.94	2662.82
1017.07	2658.71
1018.2	2655.35
1019.33	2651.1
1020.47	2644.94
1021.6	2628.69
1022.73	2613.33
1023.86	2598.71
1024.99	2587.07
1026.12	2577
1027.25	2568.27
1028.38	2560.86
1029.51	2554.59
1030.64	2550.14
1031.77	2546.72
1032.9	2545.6
1034.03	2544.65
1035.16	2541.85
1036.29	2531.54
1037.42	2518.13
1038.55	2500.41
1039.67	2478.97
1040.8	2452.56
1041.93	2422.15
1043.06	2387.83
1044.19	2350.83
1045.31	2329.6
1046.44	2318.18
1047.57	2334.3
1048.69	2327.35
1049.82	2318.5
1050.95	2312.3
1052.08	2303.81
1053.2	2294.51
1054.33	2286.86
1055.45	2279.13
1056.58	2277.06
1057.7	2265.14
1058.83	2233.59
1059.95	2207.73
1061.08	2178.74
1062.2	2160.74
1063.33	2156.09
1064.45	2164.7
1065.58	2187.39
1066.7	2206.17
1067.83	2212.47
1068.95	2203.78
1070.07	2196.24
1071.2	2185.14
1072.32	2169.44
1073.44	2184.79
1074.56	2212.18
1075.69	2238.34
1076.81	2225.19
1077.93	2201.34
1079.05	2134.84
1080.17	2149.86
1081.3	2179.52
1082.42	2213.69
1083.54	2215.29
1084.66	2214.94
1085.78	2209.66
1086.9	2160.11
1088.02	2062.38
1089.14	2151.43
1090.26	2136.14
1091.38	2136.81
1092.5	2126.52
1093.62	2135.57
1094.74	2144.27
1095.86	2154.99
1096.98	2163.79
1098.1	2170.1
1099.22	2173.16
1100.34	2172.63
1101.45	2168.56
1102.57	2160.89
1103.69	2150.15
1104.81	2136.27
1105.93	2121.15
1107.04	2106.56
1108.16	2093.98
1109.28	2083.09
1110.4	2073.48
1111.51	2064.48
1112.63	2057.16
1113.75	2074.8
1114.86	2063.52
1115.98	2040.61
1117.09	2012.71
1118.21	1976.82
1119.32	1938.01
1120.44	1913.27
1121.55	1892.92
1122.67	1882.27
1123.78	1901.92
1124.9	1899.85
1126.01	1904.29
1127.13	1892.52
1128.24	1874.76
1129.35	1856.11
1130.47	1836.19
1131.58	1820.38
1132.7	1793.58
1133.81	1792.26
1134.92	1800.04
1136.03	1788.71
1137.15	1734.78
1138.26	1660.84
1139.37	1604.27
1140.48	1609.43
1141.59	1657.95
1142.71	1632.82
1143.82	1600.04
1144.93	1558.47
1146.04	1550.8
1147.15	1545.02
1148.26	1536.85
1149.37	1528.16
1150.48	1515.31
1151.59	1497.94
1152.7	1464.79
1153.81	1448.19
1154.92	1434.51
1156.03	1425.75
1157.14	1435.81
1158.25	1452.39
1159.36	1472.2
1160.47	1488.92
1161.58	1496.34
1162.68	1484.29
1163.79	1465.35
1164.9	1437.22
1166.01	1401.24
1167.12	1354.19
1168.22	1328.95
1169.33	1325.22
1170.44	1347.25
1171.55	1386.5
1172.65	1411.04
1173.76	1429.19
1174.87	1433.68
1175.97	1433.48
1177.08	1428.62
1178.18	1426.84
1179.29	1428.66
1180.4	1432.93
1181.5	1439.07
1182.61	1446.63
1183.71	1454.44
1184.82	1465.39
1185.92	1474.37
1187.02	1468.26
1188.13	1453.76
1189.23	1439.07
1190.34	1422.17
1191.44	1407.63
1192.54	1409.3
1193.65	1412.52
1194.75	1414.17
1195.85	1413.54
1196.96	1412.28
1198.06	1407.49
1199.16	1402.58
1200.26	1396.45
1201.37	1390.67
1202.47	1382.62
1203.57	1374.74
1204.67	1368.05
1205.77	1363.2
1206.87	1367.67
1207.97	1376.06
1209.08	1384.86
1210.18	1386.61
1211.28	1380.91
1212.38	1373.69
1213.48	1357.93
1214.58	1325.94
1215.68	1312.83
1216.78	1311.85
1217.88	1328.52
1218.98	1346.12
1220.07	1371.7
1221.17	1350.1
1222.27	1325.55
1223.37	1303.02
1224.47	1292.72
1225.57	1276.95
1226.66	1263.9
1227.76	1253.95
1228.86	1243.85
1229.96	1233.08
1231.06	1221.1
1232.15	1207.98
1233.25	1193.06
1234.35	1177.91
1235.44	1161.2
1236.54	1142.3
1237.63	1119.18
1238.73	1072.23
1239.83	1031.62
1240.92	1034.38
1242.02	1037.74
1243.11	1050.13
1244.21	1050.02
1245.3	1031.94
1246.4	1029.7
1247.49	1029.18
1248.59	1030.28
1249.68	1031.12
1250.78	1034.24
1251.87	1030.15
1252.96	1022.1
1254.06	1004.63
1255.15	987.339
1256.24	976.419
1257.34	966.935
1258.43	960.056
1259.52	958.857
1260.62	967.384
1261.71	986.824
1262.8	992.136
1263.89	987.015
1264.98	963.453
1266.08	911.394
1267.17	854.05
1268.26	875.783
1269.35	937.246
1270.44	960.189
1271.53	963.601
1272.62	959.978
1273.71	952.3
1274.8	946.79
1275.89	941.15
1276.98	948.617
1278.07	965.165
1279.16	991.687
1280.25	1005.09
1281.34	1015.26
1282.43	1022.06
1283.52	1010.82
1284.61	995.203
1285.69	976.662
1286.78	964.29
1287.87	954.195
1288.96	945.007
1290.05	937.697
1291.13	932.447
1292.22	929.124
1293.31	927.195
1294.4	926.988
1295.48	929.423
1296.57	934.478
1297.66	943.193
1298.74	953.665
1299.83	963.544
1300.92	972.316
1302	976.771
1303.09	981.292
1304.17	981.121
1305.26	975.82
1306.34	965.558
1307.43	951.414
1308.51	937.574
1309.6	922.568
1310.68	921.402
1311.76	918.144
1312.85	913.472
1313.93	906.185
1315.02	896.306
1316.1	884.902
1317.18	871.644
1318.27	872.355
1319.35	884.656
1320.43	896.296
1321.52	889.726
1322.6	867.38
1323.68	839.554
1324.76	815.048
1325.85	793.271
1326.93	775.714
1328.01	767.966
1329.09	766.372
1330.17	769.787
1331.25	782.005
1332.33	777.548
1333.41	765.158
1334.49	736.421
1335.58	704.22
1336.65	676.269
1337.74	668.83
1338.82	678.203
1339.89	696.337
1340.97	719.236
1342.05	717.632
1343.13	707.562
1344.21	689.771
1345.29	670.456
1346.37	641.583
1347.45	612.533
1348.53	598.755
1349.6	601.876
1350.68	620.31
1351.76	643.642
1352.84	647.167
1353.92	644.337
1354.99	619.831
1356.07	605.007
1357.15	590.982
1358.22	579.408
1359.3	590.974
1360.38	600.169
1361.45	607.07
1362.53	612.605
1363.61	620.365
1364.68	628.636
1365.76	629.931
1366.83	624.974
1367.91	619.15
1368.98	616.144
1370.06	611.122
1371.13	603.247
1372.21	593.31
1373.28	582.177
1374.35	574.513
1375.43	573.654
1376.5	568.138
1377.58	562.226
1378.65	553.824
1379.72	546.392
1380.8	539.128
1381.87	533.599
1382.94	535.789
1384.01	551.408
1385.09	610.179
1386.16	609.134
1387.23	583.324
1388.3	559.251
1389.38	536.931
1390.45	513.806
1391.52	494.662
1392.59	485.931
1393.66	480.605
1393.92	477.931
1395	475.421
1396.07	469.568
1397.15	461.261
1398.22	437.941
1399.3	414.755
1400.38	396.988
1401.45	392.199
1402.53	401.029
1403.6	400.927
1404.68	402.339
1405.75	405.38
1406.82	409.165
1407.9	411.574
1408.97	413.029
1410.05	412.415
1411.12	409.228
1412.19	402.027
1413.27	393.97
1414.34	384.63
1415.41	375.521
1416.49	366.212
1417.56	355.328
1418.63	343.962
1419.7	332.04
1420.78	321.449
1421.85	317.763
1422.92	319.474
1423.99	358.191
1425.06	361.621
1426.14	361.632
1427.21	343.454
1428.28	307.947
1429.35	289.556
1430.42	275.47
1431.49	264.755
1432.56	254.027
1433.63	246.023
1434.7	240.13
1435.77	235.937
1436.84	233.751
1437.91	233.732
1438.98	235.736
1440.05	240.367
1441.12	246.714
1442.18	228.703
1443.25	217.769
1444.32	204.761
1445.39	196.203
1446.46	178.749
1447.53	160.185
1448.59	166.171
1449.66	195.121
1450.73	210.865
1451.8	208.193
1452.86	191.976
1453.93	175.425
1455	161.302
1456.06	144.697
1457.13	127.861
1458.2	113.55
1459.26	105.601
1460.33	99.269
1461.39	96.2162
1462.46	96.1205
1463.52	99.0151
1464.59	104.718
1465.65	112.871
1466.72	114.755
1467.78	94.7787
1468.85	80.0795
1469.91	69.058
1470.98	61.8647
1472.04	57.0053
1473.1	68.3803
1474.17	74.4838
1475.23	77.3178
1476.3	72.9311
1477.36	63.9272
1478.42	54.6772
1479.48	52.5951
1480.55	48.1908
1481.61	46.6361
1482.67	45.7201
1483.73	47.3979
1484.8	46.5619
1485.86	43.9838
1486.92	33.2807
1487.98	9.63029
1489.04	-6.1744
1490.1	-17.8365
1491.17	-31.6764
1492.23	-41.7525
1493.29	-52.3092
1494.35	-59.1998
1495.41	-55.3072
1496.47	-40.8228
1497.53	18.9486
1498.59	-10.2545
1499.65	-75.4244
1500.71	-91.2115
1501.77	-98.5435
1502.83	-103.329
1503.88	-104.077
1504.94	-111.422
1506	-114.139
1507.06	-106.69
1508.12	-109.571
1509.18	-121.469
1510.23	-143.422
1511.29	-165.801
1512.35	-184.196
1513.41	-197.264
1514.47	-209.481
1515.52	-219.505
1516.58	-227.713
1517.64	-233.928
1518.69	-238.616
1519.75	-243.336
1520.81	-247.944
1521.86	-251.046
1522.92	-254.157
1523.97	-256.342
1525.03	-258.824
1526.08	-263.06
1527.14	-269.187
1528.2	-279.071
1529.25	-289.419
1530.31	-302.045
1531.36	-311.229
1532.42	-302.17
1533.47	-303.815
1534.52	-309.084
1535.58	-317.156
1536.63	-324.729
1537.69	-333.039
1538.74	-342.517
1539.79	-353.68
1540.84	-366.591
1541.9	-381.121
1542.95	-397.44
1544	-415.763
1545.06	-436.195
1546.11	-438.944
1547.16	-427.793
1548.21	-419.389
1549.27	-412.768
1550.32	-410.901
1551.37	-413.55
1552.42	-420.335
1553.47	-430.881
1554.52	-445.748
1555.57	-464.972
1556.62	-487.511
1557.67	-502.3
1558.72	-472.282
1559.77	-423.406
1560.82	-436.41
1561.87	-449.972
1562.92	-460.054
1563.97	-467.291
1565.02	-477.36
1566.07	-485.979
1567.12	-491.916
1568.17	-495.293
1569.22	-496.196
1570.27	-494.528
1571.32	-494.007
1572.36	-493.238
1573.41	-491.28
1574.46	-489.027
1575.51	-486.101
1576.56	-482.879
1577.6	-480.483
1578.65	-478.51
1579.7	-483.974
1580.74	-491.289
1581.79	-502.006
1582.84	-513.844
1583.88	-524.902
1584.93	-535.323
1585.98	-542.935
1587.02	-551.86
1588.07	-560.58
1589.11	-568.973
1590.16	-576.84
1591.2	-584.367
1592.25	-591.57
1593.29	-595.532
1594.34	-599.253
1595.38	-607.189
1596.43	-620.504
1597.47	-638.046
1598.52	-653.428
1599.56	-666.404
1600.6	-677.829
1601.65	-688.698
1602.69	-698.866
1603.73	-704.681
1604.78	-704.381
1605.82	-700.796
1606.86	-696.26
1607.91	-696.091
1608.95	-695.342
1609.99	-704.933
1611.03	-731.983
1612.08	-756.397
1613.12	-792.181
1614.16	-816.119
1615.2	-827.529
1616.24	-837.2
1617.28	-846.18
1618.32	-854.464
1619.36	-864.536
1620.41	-887.491
1621.45	-913.457
1622.49	-935.813
1623.53	-958.196
1624.57	-986.84
1625.61	-1003.9
1626.65	-1010.26
1627.69	-1006.86
1628.73	-994.654
1629.76	-977.432
1630.8	-982.907
1631.84	-999.482
1632.88	-1010.79
1633.92	-1031.82
1634.96	-1058.06
1636	-1077.35
1637.03	-1081.42
1638.07	-1089.94
1639.11	-1099.54
1640.15	-1108.82
1641.19	-1117.01
1642.22	-1122
1643.26	-1135.45
1644.3	-1164.23
1645.33	-1170.48
1646.37	-1167.06
1647.41	-1152.75
1648.44	-1128.63
1649.48	-1129.65
1650.52	-1152.6
1651.55	-1175.57
1652.59	-1197.38
1653.62	-1217.74
1654.66	-1235.16
1655.69	-1210.76
1656.73	-1214.14
1657.76	-1218.22
1658.8	-1227.88
1659.83	-1240.27
1660.87	-1249.25
1661.9	-1259.87
1662.93	-1266.87
1663.97	-1269.97
1665	-1271.69
1666.04	-1273.09
1667.07	-1274.39
1668.1	-1275.81
1669.14	-1277.38
1670.17	-1281.23
1671.2	-1285
1672.23	-1289.28
1673.27	-1294.45
1674.3	-1299.39
1675.33	-1306.21
1676.36	-1319.64
1677.39	-1342.94
1678.43	-1379.32
1679.46	-1400.66
1680.49	-1417.13
1681.52	-1423.14
1682.55	-1415.98
1683.58	-1400.4
1684.61	-1381.17
1685.64	-1374.08
1686.67	-1378.53
1687.7	-1394.57
1688.73	-1410.18
1689.76	-1419.89
1690.79	-1434.12
1691.82	-1436.31
1692.85	-1431.55
1693.88	-1429.12
1694.91	-1426.86
1695.94	-1437.8
1696.97	-1470.03
1698	-1500.51
1699.02	-1517.83
1700.05	-1528.96
1701.08	-1543.15
1702.11	-1541.07
1703.14	-1540.41
1704.16	-1541.46
1705.19	-1537.07
1706.22	-1545.87
1707.25	-1563.97
1708.27	-1576.82
1709.3	-1592.83
1710.33	-1610.07
1711.35	-1630.72
1712.38	-1637.93
1713.41	-1640.39
1714.43	-1648.51
1715.46	-1667.29
1716.48	-1731.13
1717.51	-1718.64
1718.53	-1701.65
1719.56	-1707.2
1720.58	-1719.24
1721.61	-1731.02
1722.63	-1741.84
1723.66	-1741.31
1724.68	-1742.01
1725.71	-1743.3
1726.73	-1746.02
1727.75	-1753.69
1728.78	-1764.46
1729.8	-1778.34
1730.83	-1794.76
1731.85	-1814.15
1732.87	-1834.79
1733.89	-1835.41
1734.92	-1834.26
1735.94	-1841.63
1736.96	-1860.9
1737.98	-1879.39
1739.01	-1906.5
1740.03	-1928.36
1741.05	-1942.75
1742.07	-1951.02
1743.09	-1948.03
1744.12	-1936.63
1745.14	-1931.15
1746.16	-1929.21
1747.18	-1938.74
1748.2	-1955.86
1749.22	-1974.62
1750.24	-1989.29
1751.26	-2000.63
1752.28	-2010.59
1753.3	-2017.74
1754.32	-2029.15
1755.34	-2039.79
1756.36	-2050.31
1757.38	-2060.44
1758.4	-2070.81
1759.42	-2080.22
1760.44	-2087.97
1761.45	-2093.53
1762.47	-2096.79
1763.49	-2098.64
1764.51	-2099.67
1765.53	-2101.61
1766.55	-2103.18
1767.56	-2106.72
1768.58	-2113.8
1769.6	-2124.9
1770.61	-2147.87
1771.63	-2174.29
1772.65	-2202.62
1773.67	-2213.1
1774.68	-2204.78
1775.7	-2208.65
1776.72	-2216.38
1777.73	-2226.45
1778.75	-2240.45
1779.76	-2262.45
1780.78	-2287.2
1781.79	-2300.34
1782.81	-2300.58
1783.83	-2292.51
1784.84	-2278.89
1785.85	-2265.72
1786.87	-2243.81
1787.88	-2242.38
1788.9	-2266.79
1789.91	-2307.83
1790.93	-2347.47
1791.94	-2375.74
1792.95	-2389.48
1793.97	-2388.39
1794.98	-2380.92
1796	-2365.26
1797.01	-2339.42
1798.02	-2331.13
1799.03	-2378.42
1800.05	-2429.74
1801.06	-2466.1
1802.07	-2476.04
1803.08	-2487.88
1804.1	-2496.01
1805.11	-2499.4
1806.12	-2498.52
1807.13	-2491.96
1808.14	-2504.9
1809.15	-2528.87
1810.17	-2553.72
1811.18	-2571.76
1812.19	-2586.94
1813.2	-2598.31
1814.21	-2607.47
1815.22	-2615.37
1816.23	-2620.91
1817.24	-2626.69
1818.25	-2646.48
1819.26	-2662.04
1820.27	-2674.16
1821.28	-2682.47
1822.29	-2693.59
1823.3	-2700.94
1824.3	-2716.06
1825.31	-2732.54
1826.32	-2746.6
1827.33	-2755.98
1828.34	-2763.45
1829.35	-2767.06
1830.35	-2764.95
1831.36	-2760.54
1832.37	-2758.6
1833.38	-2770.14
1834.38	-2789.9
1835.39	-2823.69
1836.4	-2854.4
1837.41	-2879.64
1838.41	-2895.2
1839.42	-2887.3
1840.43	-2878.47
1841.43	-2866.88
1842.44	-2855.29
1843.44	-2862.25
1844.45	-2877.65
1845.46	-2898.67
1846.46	-2929.19
1847.47	-2959.26
1848.47	-2979.79
1849.48	-2995.53
1850.48	-3003.89
1851.49	-3009.14
1852.49	-3014.8
1853.49	-3026.57
1854.5	-3036.02
1855.5	-3044.91
1856.51	-3052.73
1857.51	-3059.6
1858.51	-3064.9
1859.52	-3068.89
1860.52	-3071.69
1861.52	-3073.04
1862.53	-3074.18
1863.53	-3083.97
1864.53	-3096.33
1865.54	-3097.19
1866.54	-3101.64
1867.54	-3110.21
1868.54	-3119.76
1869.54	-3131.5
1870.55	-3143.81
1871.55	-3160
1872.55	-3179.49
1873.55	-3199.66
1874.55	-3213.87
1875.55	-3197.43
1876.55	-3186.1
1877.55	-3176.83
1878.55	-3179.72
1879.55	-3206
1880.56	-3223.09
1881.55	-3241.39
1882.56	-3266.34
1883.55	-3291.71
1884.55	-3315.09
1885.55	-3336.37
1886.55	-3355.26
1887.55	-3371.53
1888.55	-3381.7
1889.55	-3386.53
1890.55	-3389.4
1891.55	-3391.08
1892.55	-3399.25
1893.54	-3409.58
1894.54	-3422.13
1895.54	-3435.02
1896.54	-3439.24
1897.54	-3439.97
1898.53	-3432.06
1899.53	-3433.12
1900.53	-3431.54
1901.52	-3434.28
1902.52	-3453.9
1903.52	-3470.22
1904.51	-3487.18
1905.51	-3502.76
1906.51	-3518.56
1907.5	-3533.66
1908.5	-3548
1909.49	-3563.32
1910.49	-3578.39
1911.49	-3593.34
1912.48	-3608.34
1913.48	-3618.3
1914.47	-3623.23
1915.46	-3624.21
1916.46	-3621.71
1917.45	-3613.05
1918.45	-3602.08
1919.44	-3610.59
1920.44	-3640.21
1921.43	-3692.25
1922.43	-3688.25
1923.42	-3689.2
1924.41	-3703.73
1925.41	-3719.08
1926.4	-3730.61
1927.39	-3743.36
1928.38	-3758.79
1929.38	-3773.26
1930.37	-3785.98
1931.36	-3792.96
1932.35	-3789.17
1933.35	-3792.27
1934.34	-3801.21
1935.33	-3798.06
1936.32	-3794.03
1937.31	-3823.52
1938.3	-3859.18
1939.29	-3888.43
1940.29	-3911.33
1941.28	-3926.71
1942.27	-3933.62
1943.26	-3928.28
1944.25	-3944.43
1945.24	-3959.01
1946.23	-3984.55
1947.22	-4012.28
1948.21	-4032.96
1949.2	-4047.06
1950.19	-4056.31
1951.18	-4056.55
1952.17	-4058.69
1953.16	-4057.28
1954.14	-4047.48
1955.13	-4041.22
1956.12	-4049.15
1957.11	-4072.58
1958.1	-4095.56
1959.09	-4122.84
1960.07	-4150.11
1961.06	-4168.98
1962.05	-4189.67
1963.04	-4194.54
1964.02	-4200.35
1965.01	-4206.86
1966	-4214.25
1966.99	-4217.46
1967.97	-4221.71
1968.96	-4230.15
1969.95	-4243.21
1970.93	-4265.18
1971.92	-4283.5
1972.9	-4303.37
1973.89	-4326.51
1974.88	-4333.62
1975.86	-4330.89
1976.85	-4331.72
1977.83	-4332.38
1978.82	-4332.85
1979.8	-4333.42
1980.79	-4333.97
1981.77	-4334.97
1982.76	-4337.86
1983.74	-4341.21
1984.72	-4343.66
1985.71	-4361.81
1986.69	-4387.28
1987.67	-4407.97
1988.66	-4426.72
1989.64	-4443.77
1990.62	-4457.48
1991.61	-4468.35
1992.59	-4477.16
1993.57	-4483.65
1994.56	-4488.42
1995.54	-4490.96
1996.52	-4497.16
1997.5	-4508.27
1998.49	-4524.87
1999.47	-4549.57
2000.45	-4569.86
2001.43	-4575.15
2002.41	-4570.39
2003.39	-4574.73
2004.38	-4578.56
2005.36	-4585.59
2006.34	-4595.72
2007.32	-4609.05
2008.3	-4625.97
2009.28	-4616.12
2010.26	-4609.44
2011.24	-4609.72
2012.22	-4630.91
2013.2	-4720.7
2014.18	-4729.55
2015.16	-4718.51
2016.14	-4701.28
2017.12	-4691.82
2018.1	-4700.92
2019.07	-4709.24
2020.05	-4720.66
2021.03	-4736.33
2022.01	-4756.27
2022.99	-4781.26
2023.97	-4790.69
2024.95	-4798.38
2025.92	-4805.56
2026.9	-4812.03
2027.88	-4817.35
2028.86	-4824.43
2029.83	-4833.82
2030.81	-4847.12
2031.79	-4862.48
2032.76	-4880.14
2033.74	-4899.77
2034.72	-4921.62
2035.69	-4945.14
2036.67	-4951.43
2037.65	-4877.89
2038.62	-4954.97
2039.6	-4976.3
2040.57	-4982.96
2041.55	-4985.42
2042.52	-4998.72
2043.5	-5019.52
2044.47	-5043.78
2045.45	-5055.29
2046.42	-5067.7
2047.4	-5079.68
2048.37	-5093.22
2049.35	-5108.66
2050.32	-5122.41
2051.29	-5133
2052.27	-5137.05
2053.24	-5140.07
2054.21	-5143.35
2055.19	-5149.61
2056.16	-5160.99
2057.13	-5177.66
2058.11	-5197.11
2059.08	-5218.64
2060.05	-5238.86
2061.02	-5253.89
2062	-5266.43
2062.97	-5277
2063.94	-5285.18
2064.91	-5292.36
2065.89	-5298.22
2066.86	-5304.05
2067.83	-5310.12
2068.8	-5318.69
2069.77	-5336.73
2070.74	-5351.24
2071.71	-5364.65
2072.68	-5375.97
2073.65	-5384.54
2074.62	-5378.26
2075.59	-5378.15
2076.56	-5387.29
2077.53	-5402.98
2078.5	-5417.4
2079.47	-5446.83
2080.44	-5480.95
2081.41	-5499.58
2082.38	-5501.36
2083.35	-5502.15
2084.32	-5498.52
2085.29	-5513.66
2086.26	-5528.41
2087.23	-5600.01
2088.19	-5576.01
2089.16	-5575.86
2090.13	-5585.8
2091.1	-5598.51
2092.07	-5609.13
2093.03	-5618.03
2094	-5626.33
2094.97	-5633.55
2095.94	-5638.89
2096.9	-5642.99
2097.87	-5646.09
2098.84	-5648.21
2099.8	-5653.47
2100.77	-5660.92
2101.74	-5674.91
2102.7	-5688.69
2103.67	-5705.54
2104.63	-5723.1
2105.6	-5740.12
2106.56	-5753.31
2107.53	-5761.54
2108.49	-5767.96
2109.46	-5772.96
2110.42	-5776.83
2111.39	-5779.94
2112.35	-5786.23
2113.32	-5793.02
2114.28	-5800.93
2115.25	-5810.39
2116.21	-5833.2
2117.17	-5856.71
2118.14	-5865.06
2119.1	-5869.65
2120.07	-5873.82
2121.03	-5867.15
2121.99	-5867.43
2122.96	-5877
2123.92	-5882.34
2124.88	-5898.86
2125.84	-5916.92
2126.81	-5934.85
2127.77	-5954.74
2128.73	-5969.78
2129.69	-5982.99
2130.65	-5994.39
2131.62	-6010.33
2132.58	-6035.65
2133.54	-6053.28
2134.5	-6066.77
2135.46	-6076.43
2136.42	-6083.39
2137.38	-6088.15
2138.34	-6091.09
2139.3	-6091.72
2140.26	-6090.92
2141.22	-6092.25
2142.18	-6096.31
2143.14	-6103.78
2144.1	-6114.06
2145.06	-6114.42
2146.02	-6113.23
2146.98	-6120.15
2147.94	-6135.3
2148.9	-6153.14
2149.86	-6193.52
2150.82	-6235.87
2151.78	-6237.48
2152.74	-6242.75
2153.69	-6243.49
2154.65	-6244.2
2155.61	-6253.06
2156.57	-6262.66
2157.53	-6285.94
2158.48	-6302.54
2159.44	-6322.42
2160.4	-6342.67
2161.36	-6355.6
2162.31	-6364.89
2163.27	-6371.34
2164.23	-6374.96
2165.18	-6377.7
2166.14	-6375.56
2167.1	-6378.95
2168.05	-6393.9
2169.01	-6416.42
2169.96	-6437.49
2170.92	-6460.81
2171.88	-6479.74
2172.83	-6498.97
2173.79	-6520.42
2174.74	-6540.73
2175.7	-6561.04
2176.65	-6580.68
2177.6	-6598.24
2178.56	-6613.76
2179.51	-6623.18
2180.47	-6635.94
2181.42	-6648.2
2182.38	-6660.69
2183.33	-6673.86
2184.28	-6687.82
2185.24	-6703.1
2186.19	-6713.95
2187.14	-6718.47
2188.1	-6720.5
2189.05	-6722.38
2190	-6721.64
2190.96	-6727.98
2191.91	-6742.39
2192.86	-6761.84
2193.81	-6782.37
2194.76	-6797.35
2195.72	-6809.32
2196.67	-6820.38
2197.62	-6831.18
2198.57	-6842.01
2199.52	-6852.69
2200.47	-6863.84
2201.43	-6876.4
2202.38	-6886.37
2203.33	-6890.86
2204.28	-6899.53
2205.23	-6913.45
2206.18	-6929.53
2207.13	-6943.94
2208.08	-6950.59
2209.03	-6956.74
2209.98	-6960.64
2210.93	-6963.4
2211.88	-6963.29
2212.83	-6968.25
2213.78	-6987.45
2214.73	-7002.78
2215.67	-7014.76
2216.62	-7023.59
2217.57	-7026.64
2218.52	-7029.09
2219.47	-7034.42
2220.42	-7041.19
2221.37	-7050.63
2222.31	-7061.3
2223.26	-7075.63
2224.21	-7089.02
2225.16	-7095.44
2226.1	-7099.86
2227.05	-7100.02
2228	-7098.15
2228.94	-7104.21
2229.89	-7129.96
2230.84	-7184.81
2231.78	-7150.02
2232.73	-7121.09
2233.68	-7109.27
2234.62	-7112.43
2235.57	-7129.75
2236.51	-7142.32
2237.46	-7157.18
2238.41	-7172.39
2239.35	-7186.6
2240.3	-7190.93
2241.24	-7194.97
2242.19	-7210.34
2243.13	-7191.86
2244.07	-7192.84
2245.02	-7196.47
2245.96	-7203.06
2246.91	-7209.97
2247.85	-7219.27
2248.8	-7228.64
2249.74	-7240.95
2250.68	-7255.53
2251.63	-7272.5
2252.57	-7289.59
2253.51	-7288.05
2254.46	-7288.86
2255.4	-7287.74
2256.34	-7280.2
2257.28	-7278.56
2258.23	-7275.94
2259.17	-7275.23
2260.11	-7279.63
2261.05	-7285.98
2262	-7293.2
2262.94	-7294.78
2263.88	-7296.45
2264.82	-7298.22
2265.76	-7301.88
2266.7	-7305.48
2267.64	-7308.84
2268.58	-7320.72
2269.53	-7330.46
2270.47	-7337.16
2271.41	-7343.62
2272.35	-7347.56
2273.29	-7350.41
2274.23	-7359.99
2275.17	-7366.46
2276.11	-7364.39
2277.05	-7360.07
2277.99	-7358.03
2278.93	-7363.5
2279.86	-7370.64
2280.8	-7376.73
2281.74	-7385.1
2282.68	-7395.21
2283.62	-7403.96
2284.56	-7408.67
2285.5	-7410.71
2286.44	-7412.66
2287.37	-7415.21
2288.31	-7418.97
2289.25	-7422.53
2290.19	-7424.08
2291.12	-7423.05
2292.06	-7420.95
2293	-7418.31
2293.94	-7415.15
2294.87	-7412.35
2295.81	-7412.21
2296.75	-7419.66
2297.68	-7434.09
2298.62	-7449.22
2299.55	-7462.79
2300.49	-7469.68
2301.43	-7469.15
2302.36	-7467.8
2303.3	-7470.99
2304.23	-7477.81
2305.17	-7485.6
2306.1	-7495.45
2307.04	-7508.02
2307.98	-7522.5
2308.91	-7537.34
2309.84	-7551.98
2310.78	-7566.33
2311.71	-7580.53
2312.65	-7594.6
2313.58	-7608.38
2314.52	-7621.52
2315.45	-7631.98
2316.38	-7638.41
2317.32	-7643.88
2317.72	-7647.52
2318.66	-7655.83
2319.6	-7665.5
2320.54	-7681.12
2321.48	-7689.09
2322.41	-7698.33
2323.35	-7669.45
2324.29	-7720.13
2325.23	-7739.38
2326.16	-7733.77
2327.1	-7726.93
2328.04	-7713.14
2328.97	-7686.9
2329.91	-7721.93
2330.85	-7725.98
2331.78	-7731.75
2332.72	-7741.65
2333.66	-7755.68
2334.59	-7774.67
2335.53	-7792.64
2336.46	-7810.15
2337.4	-7827.56
2338.33	-7840.97
2339.27	-7846.47
2340.2	-7834.77
2341.14	-7822.59
2342.07	-7813.89
2343.01	-7808.53
2343.94	-7837.88
2344.88	-7850.99
2345.81	-7861.59
2346.75	-7869.31
2347.68	-7870.18
2348.61	-7866.9
2349.55	-7865.66
2350.48	-7863.52
2351.41	-7861.8
2352.35	-7862.49
2353.28	-7864.32
2354.21	-7871.13
2355.15	-7881.65
2356.08	-7893.44
2357.01	-7907.39
2357.94	-7923.54
2358.88	-7941.61
2359.81	-7955.92
2360.74	-7964.44
2361.67	-7961.27
2362.6	-7956.06
2363.54	-7951.63
2364.47	-7952.87
2365.4	-7957.21
2366.33	-7972.61
2367.26	-8001.69
2368.19	-8019.2
2369.12	-8039.46
2370.05	-8055.61
2370.98	-8067.79
2371.91	-8075.93
2372.84	-8080.09
2373.77	-8080.25
2374.7	-8076.72
2375.63	-8069.49
2376.56	-8060.12
2377.49	-8064.84
2378.42	-8089.77
2379.35	-8089.42
2380.28	-8070.22
2381.21	-8046.15
2382.14	-8032.95
2383.07	-8079.76
2384	-8129.12
2384.92	-8112.07
2385.85	-8097.84
2386.78	-8086.96
2387.71	-8079.01
2388.64	-8100.8
2389.56	-8117.25
2390.49	-8131.9
2391.42	-8144.78
2392.35	-8155.67
2393.27	-8159.24
2394.2	-8159.86
2395.13	-8161.82
2396.05	-8168.29
2396.98	-8181.02
2397.91	-8196.8
2398.83	-8213.16
2399.76	-8221.27
2400.69	-8228.62
2401.61	-8217.7
2402.54	-8208.8
2403.46	-8202.86
2404.39	-8199.36
2405.31	-8193.54
2406.24	-8206.95
2407.17	-8226.62
2408.09	-8253.24
2409.01	-8281.78
2409.94	-8293.71
2410.86	-8283.93
2411.79	-8270.87
2412.71	-8272.24
2413.64	-8278.47
2414.56	-8284.17
2415.49	-8292.8
2416.41	-8305.21
2417.33	-8320.51
2418.26	-8338.91
2419.18	-8358.73
2420.1	-8379.15
2421.03	-8395.13
2421.95	-8404.02
2422.87	-8406.39
2423.79	-8409.7
2424.72	-8414.35
2425.64	-8416.04
2426.56	-8416.94
2427.48	-8416.28
2428.41	-8414.23
2429.33	-8410.47
2430.25	-8406.48
2431.17	-8398.7
2432.09	-8411.56
2433.01	-8431.2
2433.93	-8453.19
2434.86	-8465.55
2435.78	-8468.12
2436.7	-8474.29
2437.62	-8481.62
2438.54	-8529.17
2439.46	-8556.29
2440.38	-8570.89
2441.3	-8582.16
2442.22	-8545.68
2443.14	-8532.8
2444.06	-8529.39
2444.98	-8527.43
2445.9	-8545.96
2446.82	-8568.61
2447.73	-8595.48
2448.65	-8612.22
2449.57	-8627.3
2450.49	-8639.73
2451.41	-8649.61
2452.33	-8655.66
2453.25	-8661.12
2454.17	-8666.34
2455.08	-8671.78
2456	-8682.42
2456.92	-8688.83
2457.84	-8685.44
2458.75	-8686.58
2459.67	-8692.27
2460.59	-8700.88
2461.51	-8711.08
2462.42	-8722.46
2463.34	-8729.43
2464.26	-8737.04
2465.17	-8745.49
2466.09	-8753.57
2467	-8763.71
2467.92	-8775.45
2468.84	-8786.37
2469.75	-8794.35
2470.67	-8791.16
2471.58	-8785.7
2472.5	-8784.47
2473.42	-8777.12
2474.33	-8782.49
2475.25	-8793.51
2476.16	-8818.89
2477.08	-8834.67
2477.99	-8846.79
2478.9	-8850.35
2479.82	-8854.49
2480.73	-8858.8
2481.65	-8860.7
2482.56	-8863.89
2483.47	-8867.96
2484.39	-8872.34
2485.3	-8877.11
2486.22	-8882.51
2487.13	-8888.41
2488.04	-8895.14
2488.96	-8902.52
2489.87	-8910.75
2490.78	-8919.69
2491.69	-8930.17
2492.61	-8941.57
2493.52	-8951.39
2494.43	-8954.74
2495.34	-8952.85
2496.25	-8942.93
2497.17	-8933.8
2498.08	-8933.73
2498.99	-8941.88
2499.9	-8957.82
2500.81	-8980.32
2501.72	-9005.67
2502.63	-9027.15
2503.55	-9021.34
2504.46	-9022.49
2505.37	-9015.7
2506.28	-9005.83
2507.19	-9006.77
2508.1	-9010.51
2509.01	-9013.99
2509.92	-9015.9
2510.83	-9019.75
2511.74	-9022.97
2512.65	-9026.31
2513.56	-9028.96
2514.47	-9030.71
2515.37	-9030.94
2516.28	-9026.93
2517.19	-9023.63
2518.1	-9030.29
2519.01	-9038.78
2519.92	-9062.52
2520.83	-9075.79
2521.73	-9088
2522.64	-9093.88
2523.55	-9098.5
2524.46	-9101.67
2525.37	-9103.65
2526.27	-9105.21
2527.18	-9105.22
2528.09	-9104.45
2529	-9103.33
2529.9	-9104.08
2530.81	-9103.66
2531.72	-9111.44
2532.62	-9138.22
2533.53	-9161.5
2534.44	-9182.58
2535.34	-9198.81
2536.25	-9200.03
2537.15	-9199.21
2538.06	-9196.14
2538.96	-9191.27
2539.87	-9184.44
2540.78	-9191.69
2541.68	-9205.83
2542.59	-9219.85
2543.49	-9233.71
2544.4	-9248.89
2545.3	-9263.09
2546.21	-9274.48
2547.11	-9284.12
2548.01	-9291.41
2548.92	-9297.98
2549.82	-9304.15
2550.73	-9309.58
2551.63	-9314.79
2552.53	-9319.94
2553.44	-9325.36
2554.34	-9331.06
2555.24	-9336.55
2556.15	-9340.61
2557.05	-9343.06
2557.95	-9343.1
2558.86	-9341.25
2559.76	-9340.77
2560.66	-9342.78
2561.56	-9359.52
2562.46	-9375.26
2563.37	-9389.96
2564.27	-9406.63
2565.17	-9418.24
2566.07	-9419.03
2566.97	-9427.51
2567.88	-9442.29
2568.78	-9458.31
2569.68	-9480.12
2570.58	-9493.02
2571.48	-9501.54
2572.38	-9495.54
2573.28	-9484.46
2574.18	-9475.27
2575.08	-9468.34
2575.98	-9470.33
2576.88	-9476.1
2577.78	-9484.66
2578.68	-9497.87
2579.58	-9514.59
2580.48	-9533.95
2581.38	-9554.83
2582.28	-9564.33
2583.18	-9567.19
2584.08	-9562.23
2584.98	-9558.96
2585.88	-9558.26
2586.77	-9560.43
2587.67	-9566.38
2588.57	-9577.54
2589.47	-9590.49
2590.37	-9602.52
2591.27	-9615.24
2592.16	-9626.74
2593.06	-9637.42
2593.96	-9645.89
2594.86	-9651.39
2595.75	-9653.04
2596.65	-9653.15
2597.55	-9652.07
2598.45	-9650.67
2599.34	-9653.25
2600.24	-9667.65
2601.13	-9675.71
2602.03	-9687.24
2602.93	-9697.83
2603.82	-9707.83
2604.72	-9716.96
2605.62	-9724.85
2606.51	-9731.89
2607.41	-9737.85
2608.3	-9742.77
2609.2	-9746.47
2610.09	-9749.1
2610.99	-9752.95
2611.88	-9759.51
2612.78	-9767.7
2613.67	-9776.96
2614.57	-9787.26
2615.46	-9793.61
2616.36	-9798.7
2617.25	-9802.64
2618.14	-9804.96
2619.04	-9806.27
2619.93	-9808.01
2620.83	-9819.7
2621.72	-9833.95
2622.61	-9842.77
2623.5	-9851.32
2624.4	-9859.77
2625.29	-9867.79
2626.18	-9875.25
2627.08	-9882.36
2627.97	-9888.98
2628.86	-9895.31
2629.75	-9901.29
2630.65	-9906.81
2631.54	-9911.87
2632.43	-9916.19
2633.32	-9920.06
2634.21	-9923.58
2635.11	-9926.21
2636	-9934.94
2636.89	-9968.91
2637.78	-9974.83
2638.67	-9975.07
2639.56	-9971.87
2640.45	-9972.98
2641.34	-9981.18
2642.23	-9993.18
2643.12	-10021.2
2644.01	-10032.6
2644.9	-10046
2645.79	-10061.7
2646.68	-10077
2647.57	-10093.6
2648.46	-10108.9
2649.35	-10122.6
2650.24	-10133.3
2651.13	-10140.8
2652.02	-10145
2652.91	-10145.6
2653.8	-10144.1
2654.69	-10139.7
2655.58	-10133.8
2656.46	-10129
2657.35	-10125.7
2658.24	-10126.2
2659.13	-10128
2660.02	-10134.7
2660.9	-10151.8
2661.79	-10175.2
2662.68	-10189.9
2663.57	-10205.2
2664.45	-10201.9
2665.34	-10199.1
2666.23	-10192.5
2667.11	-10188.7
2668	-10190.1
2668.89	-10197.3
2669.77	-10210.6
2670.66	-10228.6
2671.55	-10249.3
2672.43	-10274.7
2673.32	-10261.1
2674.21	-10238.4
2675.09	-10264
2675.98	-10279.5
2676.86	-10285.9
2677.75	-10283.3
2678.63	-10277
2679.52	-10275.9
2680.4	-10280.8
2681.29	-10289.2
2682.17	-10295.8
2683.06	-10312.1
2683.94	-10325.5
2684.82	-10334.6
2685.71	-10341.3
2686.59	-10347.4
2687.48	-10356.4
2688.36	-10365.6
2689.24	-10375.1
2690.13	-10385.1
2691.01	-10395.9
2691.89	-10407.2
2692.78	-10417.9
2693.66	-10427.1
2694.54	-10432.6
2695.43	-10437.3
2696.31	-10439.6
2697.19	-10441.2
2698.07	-10443.4
2698.96	-10449.1
2699.84	-10459.7
2700.72	-10471.7
2701.6	-10483.9
2702.48	-10498.9
2703.36	-10512.2
2704.25	-10520.6
2705.13	-10514.4
2706.01	-10506.6
2706.89	-10500.4
2707.77	-10501.2
2708.65	-10503
2709.53	-10512
2710.41	-10523.5
2711.29	-10539.4
2712.17	-10558.2
2713.05	-10579
2713.93	-10599.5
2714.81	-10604.1
2715.69	-10600.8
2716.57	-10599.7
2717.45	-10598.9
2718.33	-10605.6
2719.21	-10613.8
2720.09	-10625.8
2720.97	-10630.5
2721.85	-10629.2
2722.73	-10622.7
2723.61	-10612
2724.48	-10603.3
2725.36	-10599.3
2726.24	-10600
2727.12	-10605.8
2728	-10622.1
2728.88	-10638.2
2729.75	-10650.7
2730.63	-10658
2731.51	-10661
2732.39	-10664.4
2733.26	-10666.4
2734.14	-10671.6
2735.02	-10678.6
2735.89	-10689
2736.77	-10703.1
2737.65	-10709
2738.52	-10711.5
2739.4	-10714.6
2740.28	-10716.4
2741.15	-10717
2742.03	-10716.2
2742.9	-10726
2743.78	-10737.5
2744.65	-10752.2
2745.53	-10766
2746.41	-10776.7
2747.28	-10783.6
2748.16	-10788.6
2749.03	-10790.8
2749.91	-10790.4
2750.78	-10787.5
2751.66	-10781.7
2752.53	-10774.4
2753.4	-10773.4
2754.28	-10780.4
2755.15	-10788
2756.02	-10797.9
2756.9	-10806.3
2757.77	-10810.8
2758.65	-10816.3
2759.52	-10821.6
2760.39	-10826.3
2761.27	-10830.8
2762.14	-10836.9
2763.01	-10845.6
2763.88	-10862
2764.76	-10878.1
2765.63	-10884.2
2766.5	-10887.2
2767.37	-10890.2
2768.25	-10892.1
2769.12	-10892
2769.99	-10895.9
2770.86	-10902.8
2771.73	-10910.6
2772.61	-10919.6
2773.48	-10926.5
2774.35	-10931.7
2775.22	-10936.7
2776.09	-10939.9
2776.96	-10942.7
2777.83	-10944.8
2778.7	-10946.7
2779.57	-10948.2
2780.44	-10949.7
2781.31	-10953.5
2782.18	-10962.5
2783.05	-10974.2
2783.92	-10983.8
2784.79	-10990.3
2785.66	-10985.5
2786.53	-10985.8
2787.4	-10994.6
2788.27	-11001.8
2789.14	-11018.8
2790.01	-11028.8
2790.88	-11040.2
2791.75	-11044.3
2792.62	-11048.8
2793.48	-11053.6
2794.35	-11058.9
2795.22	-11070.3
2796.09	-11080.9
2796.96	-11083
2797.82	-11087.5
2798.69	-11089.3
2799.56	-11095.6
2800.43	-11101.4
2801.29	-11109.3
2802.16	-11115.4
2803.03	-11117
2803.9	-11117.9
2804.76	-11118.8
2805.63	-11120.7
2806.5	-11123.7
2807.36	-11127.7
2808.23	-11133.1
2809.09	-11139.4
2809.96	-11146.7
2810.83	-11155
2811.69	-11163.9
2812.56	-11172.6
2813.42	-11180.5
2814.29	-11176.6
2815.15	-11177.8
2816.02	-11176.3
2816.88	-11172
2817.75	-11173.7
2818.61	-11181
2819.48	-11195
2820.34	-11212.7
2821.21	-11222.7
2822.07	-11226.8
2822.94	-11214
2823.8	-11216
2824.66	-11218.9
2825.53	-11227.9
2826.39	-11242.4
2827.26	-11252
2828.12	-11264.1
2828.98	-11271.9
2829.85	-11273.5
2830.71	-11269.9
2831.57	-11267.3
2832.43	-11267.6
2833.3	-11269.7
2834.16	-11273.5
2835.02	-11278.6
2835.88	-11284.9
2836.75	-11292.5
2837.61	-11300.3
2838.47	-11307.2
2839.33	-11312.4
2840.19	-11315.4
2841.06	-11316
2841.92	-11313.4
2842.78	-11312.5
2843.64	-11315
2844.5	-11326.6
2845.36	-11338.3
2846.22	-11347.3
2847.08	-11351.4
2847.94	-11355.3
2848.81	-11358
2849.67	-11357.4
2850.53	-11354.8
2851.39	-11352.5
2852.25	-11353
2853.11	-11360.6
2853.97	-11370.8
2854.82	-11380.5
2855.68	-11388
2856.54	-11393
2857.4	-11391.7
2858.26	-11406.1
2859.12	-11418.1
2859.98	-11426
2860.84	-11429.5
2861.7	-11428.3
2862.56	-11432.8
2863.41	-11440.4
2864.27	-11452.9
2865.13	-11457.4
2865.99	-11463.4
2866.85	-11470.4
2867.7	-11475.4
2868.56	-11485.5
2869.42	-11495.3
2870.28	-11505.6
2871.13	-11516
2871.99	-11525.6
2872.85	-11533.9
2873.7	-11522.9
2874.56	-11513.2
2875.42	-11511.9
2876.27	-11507.6
2877.13	-11508
2877.99	-11512.4
2878.84	-11513.3
2879.7	-11511.4
2880.56	-11510.7
2881.41	-11510.9
2882.27	-11511.9
2883.12	-11513.7
2883.98	-11524.6
2884.83	-11535.1
2885.69	-11549.8
2886.54	-11564.7
2887.4	-11578.4
2888.25	-11589.3
2889.11	-11599.5
2889.96	-11604.8
2890.82	-11607.5
2891.67	-11607.9
2892.52	-11606.7
2893.38	-11606.4
2894.23	-11606.8
2895.09	-11608.5
2895.94	-11611.7
2896.79	-11616.1
2897.65	-11621.7
2898.5	-11628.1
2899.35	-11634.4
2900.21	-11640.7
2901.06	-11643.9
2901.91	-11648.5
2902.76	-11654.9
2903.62	-11662.8
2904.47	-11688.2
2905.32	-11701.9
2906.17	-11712.5
2907.03	-11718.2
2907.88	-11720.7
2908.73	-11724
2909.58	-11727.3
2910.43	-11729.1
2911.28	-11730.5
2912.14	-11731.5
2912.99	-11731.7
2913.84	-11731.8
2914.69	-11731.8
2915.54	-11733.5
2916.39	-11736.3
2917.24	-11740.1
2918.09	-11745
2918.94	-11750.4
2919.79	-11756.9
2920.64	-11764.7
2921.49	-11774.2
2922.34	-11789.6
2923.19	-11807.8
2924.04	-11826.6
2924.89	-11846.1
2925.74	-11854
2926.59	-11860.2
2927.44	-11863.7
2928.29	-11863.1
2929.14	-11859.7
2929.98	-11853.2
2930.83	-11844.1
2931.68	-11835.8
2932.53	-11833.9
2933.38	-11836.7
2934.23	-11845
2935.07	-11855.9
2935.92	-11869.8
2936.77	-11884.6
2937.62	-11903.1
2938.47	-11920.2
2939.31	-11931.8
2940.16	-11936.8
2941.01	-11928.4
2941.85	-11920.6
2942.7	-11916.2
2943.55	-11914
2944.39	-11927.9
2945.24	-11938.9
2946.09	-11949.3
2946.93	-11959.4
2947.78	-11971.4
2948.63	-11974.8
2949.47	-11968.8
2950.32	-11965.6
2951.16	-11962.2
2952.01	-11962.4
2952.85	-11964.6
2953.7	-11967.5
2954.55	-11971.6
2955.39	-11975.7
2956.24	-11980.2
2957.08	-11985.2
2957.92	-11990.7
2958.77	-11997.1
2959.61	-12004.1
2960.46	-12011.7
2961.3	-12020
2962.15	-12029.1
2962.99	-12039
2963.83	-12047.6
2964.68	-12052.6
2965.52	-12049.6
2966.37	-12045
2967.21	-12038.7
2968.05	-12041.2
2968.9	-12046.1
2969.74	-12051.2
2970.58	-12060.8
2971.42	-12070.2
2972.27	-12076.5
2973.11	-12078.2
2973.95	-12082.1
2974.79	-12090
2975.64	-12097.4
2976.48	-12102.8
2977.32	-12106.8
2978.16	-12109.2
2979	-12111
2979.85	-12099.7
2980.69	-12087.6
2981.53	-12088.8
2982.37	-12098.8
2983.21	-12110.5
2984.05	-12119.2
2984.89	-12125.8
2985.73	-12132.2
2986.57	-12137.7
2987.41	-12142.3
2988.25	-12146.3
2989.1	-12149.3
2989.94	-12152
2990.77	-12154.3
2991.62	-12155.6
2992.45	-12154.4
2993.29	-12144.4
2994.13	-12140
2994.97	-12139.9
2995.81	-12154.3
2996.65	-12168.7
2997.49	-12187.9
2998.33	-12204
2999.17	-12195.4
