200.833	14562
202.102	14616.8
203.371	14634.9
204.639	14591.7
205.907	14635.7
207.175	14651.7
208.442	14660.6
209.71	14661.8
210.977	14656
212.244	14643.1
213.511	14638.8
214.777	14651.8
216.042	14663.4
217.309	14692.8
218.575	14721.7
219.84	14752.4
221.106	14780.8
222.371	14804.6
223.635	14822.2
224.9	14830
226.165	14842.3
227.429	14863.1
228.694	14904
229.956	14970.2
231.22	15017.6
232.484	15065.5
233.747	15094
235.011	15123.1
236.272	15140.2
237.535	15146.7
238.798	15167.5
240.06	15184.3
241.321	15206.1
242.583	15216.2
243.845	15230.8
245.105	15226.9
246.367	15226.2
247.628	15223.5
248.888	15220.3
250.149	15240.6
251.409	15270.7
252.67	15293.8
253.928	15313.3
255.189	15331.6
256.447	15348
257.707	15367.8
258.966	15389.5
260.224	15410
261.483	15430.8
262.742	15449.5
263.999	15458.7
265.257	15463.6
266.514	15471.4
267.772	15479.5
269.028	15489.3
270.286	15500.5
271.543	15510.7
272.799	15521.6
274.056	15537.4
275.311	15557.6
276.568	15584.4
277.823	15607.3
279.079	15624.7
280.333	15643.6
281.589	15664.6
282.843	15687.3
284.099	15711.7
285.352	15737.3
286.607	15778
287.86	15810.4
289.114	15831.3
290.368	15842.6
291.621	15849.9
292.875	15856.2
294.127	15861.8
295.38	15867.8
296.632	15873.2
297.884	15878.4
299.137	15884.1
300.388	15891.8
301.641	15900.5
302.891	15908.8
304.142	15909.4
305.394	15902.2
306.644	15912
307.894	15935
309.146	15963.6
310.395	15981.3
311.645	15991.2
312.895	15989.4
314.144	15984.4
315.393	15981.2
316.642	15979.9
317.892	15987.2
319.14	15992.3
320.388	15997.4
321.637	16001.7
322.885	16005.3
324.132	16007.8
325.38	16020.8
326.628	16051.1
327.875	16073.5
329.122	16096.4
330.368	16118.6
331.614	16136.6
332.862	16153.3
334.108	16168.1
335.353	16182
336.599	16195.9
337.844	16210.6
339.089	16220.2
340.335	16223.5
341.58	16227.9
342.824	16233.3
344.068	16246.3
345.312	16260.2
346.556	16274.6
347.8	16290.6
349.043	16307
350.286	16323.4
351.53	16338.5
352.774	16352.9
354.016	16367.1
355.259	16377.1
356.501	16381.2
357.743	16357.9
358.985	16335.9
360.227	16321.8
361.468	16316.1
362.709	16319.6
363.95	16331.8
365.191	16348
366.432	16362.6
367.672	16372.8
368.912	16384.4
370.152	16394.4
371.392	16406.3
372.632	16420.9
373.871	16433.6
375.11	16445
376.348	16443
377.587	16436.8
378.825	16432.9
380.064	16431.6
381.302	16438.6
382.54	16445.4
383.778	16459
385.016	16474.4
386.253	16490
387.489	16505.5
388.726	16497.4
389.963	16505
391.199	16518.6
392.436	16531.8
393.672	16551.9
394.907	16573.5
396.142	16582.5
397.378	16589.5
398.614	16592.1
399.849	16593.2
401.082	16593.4
402.317	16596.8
403.552	16613.6
404.786	16628
406.019	16643.8
407.253	16661.7
408.487	16677
409.721	16691.9
410.953	16699
412.186	16704.3
413.419	16707
414.651	16707
415.883	16704.5
417.116	16700.4
418.347	16696.4
419.579	16693.2
420.811	16694.4
422.041	16693.1
423.272	16690.1
424.504	16698.5
425.733	16710.3
426.964	16725.3
428.194	16737.6
429.424	16747.7
430.654	16756.2
431.883	16763.1
433.113	16768.5
434.341	16772.6
435.571	16776.1
436.799	16793.5
438.028	16793.4
439.257	16785.3
440.484	16788.7
441.713	16796.8
442.94	16811
444.168	16826.4
445.394	16840.7
446.622	16853.7
447.848	16865.1
449.076	16875.2
450.301	16883.3
451.528	16889.1
452.754	16891.7
453.979	16891.4
455.205	16886.5
456.43	16878.2
457.656	16872.6
458.88	16870.6
460.106	16879.8
461.33	16900.5
462.554	16903.9
463.779	16891
465.002	16871.5
466.225	16859.7
467.45	16857.9
468.672	16863.9
469.895	16893.8
471.119	16939.2
472.341	16969.8
473.563	16934.2
474.786	16748.6
476.008	16867.6
477.229	16881.1
478.452	16916.5
479.673	16908.6
480.894	16885.5
482.115	16868.8
483.337	16856.2
484.557	16848
485.777	16842.8
486.997	16839.7
488.218	16837.2
489.438	16837.6
490.657	16835.5
491.876	16820.3
493.096	16797.5
494.315	16793
495.533	16792.4
496.752	16796.3
497.97	16802.8
499.188	16808.3
500.407	16818.6
501.625	16819.8
502.842	16812.6
504.059	16813.1
505.276	16821
506.493	16841.2
507.71	16858.1
508.926	16873.6
510.142	16885.3
511.358	16893
512.575	16897.3
513.791	16897.9
515.006	16894.1
516.222	16886.1
517.437	16871.4
518.651	16861.8
519.866	16870.8
521.081	16888.3
522.295	16907.5
523.509	16923.4
524.723	16937
525.937	16953.3
527.15	16967.6
528.363	16980.7
529.576	16988
530.789	16988
532.002	16983
533.215	16979.4
534.426	16977.6
535.638	16981.1
536.85	16997.2
538.061	17018.5
539.273	17039.5
540.484	17057.5
541.695	17068.5
542.906	17073.1
544.117	17058.2
545.327	17044.7
546.537	17021.9
547.747	17007.3
548.957	16987.9
550.167	16969.8
551.377	16963
552.585	16970.2
553.794	16982
555.003	16991.1
556.212	16998.9
557.421	17005
558.628	17013.1
559.836	17023.2
561.044	17036.6
562.252	17048
563.458	17058.6
564.666	17066.5
565.873	17063.2
567.08	17057.8
568.286	17035.4
569.493	17012.7
570.699	16999.3
571.904	16996.7
573.111	16996.7
574.317	16993.7
575.521	16991.7
576.727	16990.1
577.932	16990.1
579.136	16983.2
580.341	16983.9
581.544	17001.3
582.749	17014.4
583.954	17029.3
585.156	17052.2
586.361	17067.7
587.563	17084.5
588.767	17094.4
589.97	17099.3
591.172	17089.5
592.375	17072.4
593.577	17060.8
594.78	17056.2
595.981	17055
597.183	17057
598.384	17057.7
599.586	17056.1
600.786	17046.4
601.988	17035.1
603.188	17016.3
604.389	16999.1
605.589	16985.2
606.79	16974.6
607.989	16964.9
609.188	16956.2
610.389	16948.7
611.587	16942.6
612.787	16938.1
613.986	16934.6
615.184	16932.5
616.383	16931.6
617.581	16933.2
618.78	16938.7
619.977	16939.5
621.174	16933.1
622.373	16914.6
623.57	16895.2
624.766	16873.6
625.964	16852.5
627.16	16829.2
628.356	16835.9
629.554	16851.2
630.749	16855.6
631.945	16854.2
633.14	16850
634.337	16839.4
635.532	16826
636.726	16803.2
637.921	16779.2
639.117	16753.7
640.311	16735.8
641.505	16730
642.699	16726.5
643.892	16737.1
645.087	16755.8
646.28	16783.8
647.473	16811
648.666	16800.6
649.859	16775.3
651.051	16769.2
652.245	16766.4
653.437	16769.2
654.629	16776
655.821	16790.1
657.012	16803.9
658.204	16802.2
659.395	16795.7
660.586	16795.1
661.777	16796.9
662.967	16801.6
664.158	16808
665.349	16817.1
666.539	16827.6
667.729	16840.8
668.919	16852.6
670.109	16835.1
671.298	16815.5
672.487	16805.4
673.676	16809.5
674.865	16822.9
676.053	16838.5
677.242	16862.5
678.43	16874.5
679.616	16882.8
680.804	16860.9
681.992	16840
683.179	16809.1
684.366	16792.3
685.554	16783.4
686.74	16782.2
687.927	16785
689.114	16796.2
690.3	16797.2
691.486	16803.6
692.671	16800.9
693.856	16787
695.042	16763.2
696.227	16744.4
697.413	16730.7
698.598	16721.2
699.781	16714.5
700.966	16711.2
702.15	16710
703.334	16712.4
704.518	16713.7
705.701	16696.4
706.885	16688.8
708.068	16680.3
709.252	16677.1
710.433	16673
711.616	16669.8
712.799	16666.9
713.98	16664.2
715.163	16660.8
716.345	16655.3
717.527	16649.4
718.707	16642.4
719.889	16632
721.071	16621.3
722.25	16609.1
723.432	16602.1
724.611	16601.3
725.792	16616.6
726.972	16640.3
728.151	16660.3
729.332	16668.8
730.512	16660.9
731.69	16647
732.87	16637.1
734.048	16637.6
735.227	16634.6
736.405	16655.6
737.584	16666.4
738.761	16674.7
739.94	16684
741.117	16682.4
742.295	16683.8
743.471	16685.1
744.649	16687.7
745.825	16692.3
747.003	16697.9
748.179	16704.5
749.356	16712.5
750.531	16721.7
751.708	16730
752.883	16731
754.059	16722.7
755.234	16721.6
756.409	16720.3
757.585	16720.2
758.759	16720.4
759.934	16721.9
761.108	16721.6
762.282	16718.9
763.456	16713.8
764.63	16702.3
765.803	16685.9
766.977	16663.9
768.15	16640.8
769.323	16621.2
770.496	16604.8
771.668	16594.8
772.841	16587.5
774.014	16582.4
775.185	16577.2
776.357	16572.3
777.528	16567.5
778.701	16562.4
779.872	16557.1
781.042	16550.2
782.213	16543.3
783.383	16538.8
784.555	16539.8
785.725	16541
786.895	16539
788.064	16533.8
789.234	16524.2
790.404	16507.1
791.573	16486.1
792.742	16461.3
793.911	16454.1
795.08	16458.5
796.248	16459.6
797.416	16460.8
798.584	16462.9
799.753	16468.4
800.921	16466.8
802.088	16456.9
803.256	16442.7
804.423	16430.4
805.59	16417.3
806.756	16416.7
807.923	16423.8
809.089	16426.3
810.256	16426.5
811.422	16422.3
812.587	16419.1
813.753	16418.8
814.918	16420.4
816.084	16423.9
817.249	16430.6
818.414	16438
819.578	16445.5
820.743	16447.9
821.907	16448.3
823.072	16448.4
824.236	16452.1
825.399	16458.9
826.562	16478.7
827.725	16491.3
828.889	16509.4
830.052	16516.7
831.215	16505.5
832.377	16508.8
833.54	16508.7
834.701	16510.8
835.863	16529.7
837.025	16533.6
838.187	16524.8
839.349	16504
840.51	16464
841.67	16444.1
842.831	16443.4
843.992	16462.1
845.153	16469.3
846.312	16473.1
847.473	16472.9
848.633	16468.6
849.793	16460.3
850.951	16447.8
852.111	16432.1
853.27	16413.4
854.428	16393.2
855.588	16371.6
856.747	16348.7
857.904	16330.5
859.063	16317.8
860.221	16309.5
861.378	16301
862.536	16294
863.694	16288.5
864.85	16284.8
866.008	16282.5
867.164	16281.8
868.321	16282.7
869.478	16286
870.633	16298.4
871.79	16293.7
872.945	16266.4
874.101	16225.7
875.256	16216.4
876.412	16225.6
877.566	16216.4
878.722	16202.5
879.876	16187.7
881.031	16166.4
882.185	16140.3
883.34	16111.2
884.493	16079.9
885.647	16050.2
886.8	16045.3
887.954	16076.1
889.107	16089.8
890.261	16100.8
891.413	16115.4
892.565	16115
893.718	16112.6
894.87	16109.8
896.023	16106
897.174	16101.6
898.326	16094.5
899.478	16084.6
900.629	16073.7
901.779	16058.2
902.931	16049.2
904.081	16052.8
905.231	16059.5
906.383	16070.2
907.532	16087.1
908.682	16106.5
909.831	16126.5
910.982	16133.6
912.131	16136
913.28	16122.9
914.429	16104.1
915.578	16088.8
916.727	16080.7
917.875	16077.5
919.023	16082.1
920.171	16091.2
921.32	16098
922.467	16100.1
923.614	16097.6
924.761	16093.7
925.908	16088.1
927.055	16086.4
928.203	16087.6
929.349	16089.3
930.496	16090.9
931.642	16092.7
932.787	16094.9
933.933	16097.1
935.079	16096.6
936.224	16092.8
937.369	16086.4
938.514	16077.1
939.659	16063.5
940.804	16054.9
941.948	16051.5
943.092	16055.8
944.236	16061.7
945.38	16056.7
946.524	16030.4
947.667	16026.5
948.811	16019.3
949.954	16013.1
951.097	16004.5
952.24	15988.6
953.383	15973.2
954.525	15955.8
955.667	15936.7
956.81	15915.1
957.952	15899.3
959.093	15908.1
960.235	15911.7
961.376	15911
962.516	15907.5
963.658	15903.6
964.798	15897.5
965.939	15889.8
967.08	15880.4
968.22	15870
969.359	15856.5
970.499	15841.5
971.639	15826.7
972.779	15814
973.918	15805.1
975.056	15802.1
976.195	15800.8
977.334	15802.7
978.473	15806.1
979.61	15813.1
980.749	15821.6
981.887	15832.6
983.024	15843
984.162	15851.7
985.3	15853.6
986.437	15849.1
987.573	15847.6
988.711	15845.6
989.848	15843.4
990.983	15841.8
992.12	15841.2
993.255	15841.7
994.392	15845.9
995.528	15852.1
996.662	15851.3
997.798	15841
998.933	15832.2
1000.07	15822.2
1001.2	15821.1
1002.34	15820.4
1003.47	15821.9
1004.61	15825.1
1005.74	15830.9
1006.87	15837.9
1008.01	15846.3
1009.14	15850.7
1010.27	15845.1
1011.41	15833.2
1012.54	15821.9
1013.67	15778
1014.81	15757.1
1015.94	15747.8
1017.07	15750.9
1018.2	15835.6
1019.33	15829.4
1020.47	15816.6
1021.6	15794.3
1022.73	15762
1023.86	15734.1
1024.99	15709.9
1026.12	15738.1
1027.25	15715.9
1028.38	15695.8
1029.51	15679.6
1030.64	15666.6
1031.77	15657.9
1032.9	15651.5
1034.03	15658.1
1035.16	15653.8
1036.29	15644.2
1037.42	15626.2
1038.55	15602
1039.67	15579.1
1040.8	15559.8
1041.93	15543.1
1043.06	15527.8
1044.19	15514.7
1045.31	15505.1
1046.44	15499.6
1047.57	15503.3
1048.69	15510.5
1049.82	15502.4
1050.95	15490.4
1052.08	15477.6
1053.2	15464.4
1054.33	15448.1
1055.45	15440.2
1056.58	15451.5
1057.7	15455.1
1058.83	15453.4
1059.95	15447.4
1061.08	15438.2
1062.2	15426.1
1063.33	15412
1064.45	15396.3
1065.58	15379.4
1066.7	15363.7
1067.83	15363.7
1068.95	15364.3
1070.07	15365.8
1071.2	15368.5
1072.32	15373.2
1073.44	15379.1
1074.56	15386.8
1075.69	15395.6
1076.81	15404.5
1077.93	15412.3
1079.05	15413.5
1080.17	15403.3
1081.3	15392
1082.42	15379.5
1083.54	15374.4
1084.66	15373.9
1085.78	15380.8
1086.9	15387.6
1088.02	15393.3
1089.14	15399.3
1090.26	15404.7
1091.38	15408.5
1092.5	15409.9
1093.62	15404.6
1094.74	15377.9
1095.86	15333.4
1096.98	15284.4
1098.1	15471.9
1099.22	15385.4
1100.34	15367.1
1101.45	15332
1102.57	15330.5
1103.69	15335.9
1104.81	15347.9
1105.93	15346.4
1107.04	15343.2
1108.16	15336.6
1109.28	15327.1
1110.4	15314
1111.51	15298.3
1112.63	15282
1113.75	15264.9
1114.86	15248.8
1115.98	15233.2
1117.09	15218.7
1118.21	15205.1
1119.32	15192.4
1120.44	15179.5
1121.55	15166.3
1122.67	15149.6
1123.78	15133.3
1124.9	15143.6
1126.01	15134.3
1127.13	15121.5
1128.24	15103.6
1129.35	15088.6
1130.47	15080.5
1131.58	15070.1
1132.7	15065.6
1133.81	15054.7
1134.92	15040.4
1136.03	15023.7
1137.15	15006.4
1138.26	14989
1139.37	14971.6
1140.48	14955
1141.59	14939
1142.71	14923.3
1143.82	14907.8
1144.93	14892.4
1146.04	14858.8
1147.15	14866
1148.26	14907.6
1149.37	14907.8
1150.48	14892.5
1151.59	14872.5
1152.7	14848.2
1153.81	14820.8
1154.92	14800.9
1156.03	14785.7
1157.14	14775.7
1158.25	14769.7
1159.36	14771.4
1160.47	14769.3
1161.58	14770.8
1162.68	14768.8
1163.79	14756.3
1164.9	14734.8
1166.01	14723.7
1167.12	14726.4
1168.22	14737.9
1169.33	14747.1
1170.44	14755.9
1171.55	14764.9
1172.65	14772
1173.76	14777.3
1174.87	14782.7
1175.97	14788
1177.08	14793.8
1178.18	14800.9
1179.29	14803
1180.4	14785.1
1181.5	14769
1182.61	14756.4
1183.71	14745.8
1184.82	14741
1185.92	14742.1
1187.02	14749.5
1188.13	14759.2
1189.23	14768.4
1190.34	14775.3
1191.44	14778.3
1192.54	14779.9
1193.65	14779.9
1194.75	14777.5
1195.85	14773.7
1196.96	14767.9
1198.06	14762.9
1199.16	14765.3
1200.26	14782.4
1201.37	14799.7
1202.47	14813.1
1203.57	14807.6
1204.67	14798
1205.77	14781.8
1206.87	14767.1
1207.97	14756.4
1209.08	14746.8
1210.18	14738.6
1211.28	14734.8
1212.38	14732.6
1213.48	14733.4
1214.58	14735.9
1215.68	14739.1
1216.78	14741.9
1217.88	14739.8
1218.98	14737.8
1220.07	14728.5
1221.17	14714
1222.27	14693.6
1223.37	14677
1224.47	14661.8
1225.57	14652.2
1226.66	14647.3
1227.76	14644.9
1228.86	14644.5
1229.96	14648.1
1231.06	14649
1232.15	14629.7
1233.25	14595.9
1234.35	14574.7
1235.44	14543.2
1236.54	14520.8
1237.63	14515.1
1238.73	14523.4
1239.83	14533.4
1240.92	14545.3
1242.02	14556
1243.11	14532.1
1244.21	14511.8
1245.3	14492
1246.4	14485.2
1247.49	14485.4
1248.59	14492.8
1249.68	14490.7
1250.78	14484.6
1251.87	14473.1
1252.96	14460.7
1254.06	14448
1255.15	14435.5
1256.24	14423.7
1257.34	14413
1258.43	14404.2
1259.52	14394.5
1260.62	14386.3
1261.71	14379.4
1262.8	14378.2
1263.89	14383
1264.98	14383.9
1266.08	14384.2
1267.17	14384.6
1268.26	14384
1269.35	14382.3
1270.44	14379.6
1271.53	14375.8
1272.62	14370.6
1273.71	14364.2
1274.8	14318.2
1275.89	14285.6
1276.98	14301.9
1278.07	14322.1
1279.16	14390.8
1280.25	14409.3
1281.34	14414
1282.43	14415.8
1283.52	14410.1
1284.61	14401.9
1285.69	14392.6
1286.78	14384.5
1287.87	14378
1288.96	14373.6
1290.05	14371.5
1291.13	14372.5
1292.22	14377.4
1293.31	14384
1294.4	14393.1
1295.48	14404.9
1296.57	14417.8
1297.66	14408.8
1298.74	14392.6
1299.83	14369.2
1300.92	14345.3
1302	14345
1303.09	14342.8
1304.17	14342.4
1305.26	14342.9
1306.34	14341.8
1307.43	14352.4
1308.51	14369.7
1309.6	14408.2
1310.68	14394.7
1311.76	14333
1312.85	14339.4
1313.93	14343.1
1315.02	14342.4
1316.1	14340.1
1317.18	14336.8
1318.27	14333.5
1319.35	14330.1
1320.43	14326.7
1321.52	14323
1322.6	14318.2
1323.68	14311.9
1324.76	14302.6
1325.85	14288.6
1326.93	14268.4
1328.01	14242.3
1329.09	14218.1
1330.17	14198.6
1331.25	14185.4
1332.33	14180
1333.41	14176.2
1334.49	14172.2
1335.58	14170.4
1336.65	14171
1337.74	14171.9
1338.82	14172.7
1339.89	14163.2
1340.97	14153
1342.05	14142
1343.13	14130.1
1344.21	14120.7
1345.29	14119.3
1346.37	14122.4
1347.45	14129.6
1348.53	14135.6
1349.6	14132.7
1350.68	14126.6
1351.76	14120.7
1352.84	14114.5
1353.92	14116.4
1354.99	14119.2
1356.07	14123.6
1357.15	14126
1358.22	14125
1359.3	14117.1
1360.38	14119.6
1361.45	14142.7
1362.53	14158.4
1363.61	14160.8
1364.68	14145.6
1365.76	14129.8
1366.83	14122.1
1367.91	14116.7
1368.98	14110.9
1370.06	14109.5
1371.13	14109.2
1372.21	14111.9
1373.28	14101.9
1374.35	14082.4
1375.43	14074.6
1376.5	14068.8
1377.58	14071.7
1378.65	14073.9
1379.72	14070.6
1380.8	14066.5
1381.87	14062.3
1382.94	14057.8
1384.01	14052.4
1385.09	14048
1386.16	14044.4
1387.23	14041
1388.3	14037.4
1389.38	14031.9
1390.45	14025.1
1391.52	14012.4
1392.59	13995.6
1393.66	13989.7
1393.92	13988.2
1395	13989.8
1396.07	14000.6
1397.15	13999.5
1398.22	13997.9
1399.3	13992.7
1400.38	13991.2
1401.45	13988.3
1402.53	13986
1403.6	13985.9
1404.68	13985.8
1405.75	13985.6
1406.82	13981.3
1407.9	13963.2
1408.97	13948.5
1410.05	13945
1411.12	13943.7
1412.19	13944.6
1413.27	13902.4
1414.34	13881.5
1415.41	13863.3
1416.49	13874.3
1417.56	13882.9
1418.63	13914.3
1419.7	13884.6
1420.78	13872.9
1421.85	13862.1
1422.92	13856.1
1423.99	13849.7
1425.06	13842.9
1426.14	13834.7
1427.21	13826.8
1428.28	13819.4
1429.35	13811.5
1430.42	13803.6
1431.49	13795.6
1432.56	13789.5
1433.63	13784.6
1434.7	13782.3
1435.77	13779
1436.84	13775.3
1437.91	13771.6
1438.98	13767.3
1440.05	13762.7
1441.12	13757.5
1442.18	13752
1443.25	13746.2
1444.32	13740
1445.39	13737.7
1446.46	13739.1
1447.53	13737.5
1448.59	13732.6
1449.66	13717.1
1450.73	13710.7
1451.8	13711.5
1452.86	13720.5
1453.93	13740.7
1455	13738.4
1456.06	13743.8
1457.13	13728
1458.2	13701.4
1459.26	13682.3
1460.33	13676.1
1461.39	13681.9
1462.46	13703.7
1463.52	13727.5
1464.59	13740.4
1465.65	13720.6
1466.72	13709.6
1467.78	13691.7
1468.85	13675.2
1469.91	13663.4
1470.98	13656.8
1472.04	13655.2
1473.1	13659.4
1474.17	13665
1475.23	13667.3
1476.3	13661.3
1477.36	13651.6
1478.42	13642.9
1479.48	13652.6
1480.55	13662.8
1481.61	13669.5
1482.67	13670.5
1483.73	13665.3
1484.8	13652.3
1485.86	13634.9
1486.92	13620.6
1487.98	13607.8
1489.04	13596
1490.1	13584
1491.17	13572.7
1492.23	13562.7
1493.29	13554.3
1494.35	13555.2
1495.41	13570.1
1496.47	13589.8
1497.53	13602.4
1498.59	13607.9
1499.65	13603.4
1500.71	13582.7
1501.77	13550.1
1502.83	13515.4
1503.88	13490.9
1504.94	13477.7
1506	13475.1
1507.06	13478.5
1508.12	13479.6
1509.18	13479.7
1510.23	13473.1
1511.29	13466.9
1512.35	13463.5
1513.41	13461.1
1514.47	13458
1515.52	13449.8
1516.58	13433.2
1517.64	13422.7
1518.69	13413.5
1519.75	13404.8
1520.81	13399.1
1521.86	13394.5
1522.92	13392.2
1523.97	13392.1
1525.03	13392
1526.08	13391
1527.14	13383.6
1528.2	13374.1
1529.25	13361.4
1530.31	13345.8
1531.36	13337.3
1532.42	13326.5
1533.47	13322.3
1534.52	13319.3
1535.58	13319.5
1536.63	13320.6
1537.69	13321.6
1538.74	13319.9
1539.79	13276.5
1540.84	13260
1541.9	13259.6
1542.95	13255.6
1544	13252.7
1545.06	13249.7
1546.11	13246.7
1547.16	13238.6
1548.21	13236.1
1549.27	13236.2
1550.32	13242.2
1551.37	13260
1552.42	13275.8
1553.47	13288.8
1554.52	13298.2
1555.57	13302.4
1556.62	13302.8
1557.67	13297.7
1558.72	13293.6
1559.77	13284.7
1560.82	13274.1
1561.87	13259.8
1562.92	13243.6
1563.97	13225.6
1565.02	13210.5
1566.07	13228.9
1567.12	13232.7
1568.17	13240.4
1569.22	13241.9
1570.27	13236.1
1571.32	13223.9
1572.36	13204.7
1573.41	13189.9
1574.46	13185.5
1575.51	13190.8
1576.56	13196.3
1577.6	13198.3
1578.65	13200.2
1579.7	13202.1
1580.74	13203
1581.79	13203
1582.84	13201.6
1583.88	13198.6
1584.93	13193
1585.98	13184.8
1587.02	13174.5
1588.07	13161.4
1589.11	13145.2
1590.16	13131.4
1591.2	13131.5
1592.25	13128.2
1593.29	13120.6
1594.34	13112.8
1595.38	13106.2
1596.43	13100.1
1597.47	13094.5
1598.52	13089.3
1599.56	13083.9
1600.6	13079.6
1601.65	13070.1
1602.69	13048.3
1603.73	13028.3
1604.78	13015.3
1605.82	13013.7
1606.86	13016.3
1607.91	13013.7
1608.95	13005.4
1609.99	12995.7
1611.03	12983.7
1612.08	12969.1
1613.12	12951.8
1614.16	12930.7
1615.2	12912.1
1616.24	12905
1617.28	12898
1618.32	12890.8
1619.36	12883.7
1620.41	12876.8
1621.45	12869.5
1622.49	12861.6
1623.53	12852.5
1624.57	12841
1625.61	12830
1626.65	12821.9
1627.69	12819
1628.73	12811
1629.76	12802.6
1630.8	12792.4
1631.84	12780.3
1632.88	12767
1633.92	12750.3
1634.96	12732
1636	12709.9
1637.03	12691.4
1638.07	12717.3
1639.11	12740.6
1640.15	12761.5
1641.19	12733
1642.22	12687.5
1643.26	12613.7
1644.3	12648.1
1645.33	12670.4
1646.37	12688.1
1647.41	12699.2
1648.44	12696
1649.48	12687.3
1650.52	12665.1
1651.55	12641.4
1652.59	12604.8
1653.62	12594.6
1654.66	12607
1655.69	12612.4
1656.73	12618.7
1657.76	12628.1
1658.8	12638.2
1659.83	12624.9
1660.87	12610.2
1661.9	12592.2
1662.93	12572.9
1663.97	12561
1665	12554.9
1666.04	12553.5
1667.07	12556.3
1668.1	12562.7
1669.14	12574.2
1670.17	12562.1
1671.2	12552.6
1672.23	12542.7
1673.27	12528.3
1674.3	12523.5
1675.33	12519.5
1676.36	12517.1
1677.39	12516.3
1678.43	12515
1679.46	12504.5
1680.49	12474
1681.52	12453.8
1682.55	12438
1683.58	12436.7
1684.61	12440.5
1685.64	12443.2
1686.67	12444.2
1687.7	12441.5
1688.73	12428.3
1689.76	12416.3
1690.79	12406
1691.82	12405.7
1692.85	12409.2
1693.88	12417.2
1694.91	12423.7
1695.94	12422.9
1696.97	12415.1
1698	12400.5
1699.02	12379.2
1700.05	12362.1
1701.08	12349.2
1702.11	12340.6
1703.14	12336.1
1704.16	12335.8
1705.19	12340.5
1706.22	12348.5
1707.25	12343.3
1708.27	12333.6
1709.3	12319.8
1710.33	12303.2
1711.35	12281.9
1712.38	12270.9
1713.41	12271.2
1714.43	12269.3
1715.46	12268.9
1716.48	12266.6
1717.51	12261.3
1718.53	12255.6
1719.56	12242.7
1720.58	12229.8
1721.61	12217.1
1722.63	12204.4
1723.66	12190.2
1724.68	12176.4
1725.71	12166
1726.73	12157.4
1727.75	12178.2
1728.78	12195.9
1729.8	12174.5
1730.83	12147.6
1731.85	12119.3
1732.87	12091.6
1733.89	12068.5
1734.92	12058.7
1735.94	12084.3
1736.96	12088.5
1737.98	12091.6
1739.01	12088.4
1740.03	12053.9
1741.05	12035.2
1742.07	12011.8
1743.09	11985.6
1744.12	11950.4
1745.14	11944.8
1746.16	11951.7
1747.18	11966.8
1748.2	11971
1749.22	11959.9
1750.24	11941.3
1751.26	11932.8
1752.28	11923.6
1753.3	11916.9
1754.32	11914.7
1755.34	11914.6
1756.36	11918.3
1757.38	11924.7
1758.4	11933
1759.42	11941.8
1760.44	11947.4
1761.45	11933.2
1762.47	11915.3
1763.49	11896.2
1764.51	11875.7
1765.53	11868.5
1766.55	11864.7
1767.56	11863.1
1768.58	11865.4
1769.6	11867.2
1770.61	11868.8
1771.63	11860.9
1772.65	11851.4
1773.67	11841.3
1774.68	11833
1775.7	11830.6
1776.72	11824.3
1777.73	11814.2
1778.75	11803.5
1779.76	11791.7
1780.78	11778.2
1781.79	11763.3
1782.81	11746.8
1783.83	11729.9
1784.84	11717.2
1785.85	11714.4
1786.87	11717
1787.88	11727.2
1788.9	11738.4
1789.91	11739.5
1790.93	11727
1791.94	11715.2
1792.95	11702.6
1793.97	11684
1794.98	11667.8
1796	11650.3
1797.01	11637
1798.02	11626.2
1799.03	11617.6
1800.05	11610.7
1801.06	11605.9
1802.07	11603
1803.08	11602.1
1804.1	11597.7
1805.11	11590.9
1806.12	11579
1807.13	11562.3
1808.14	11542
1809.15	11532.1
1810.17	11524.3
1811.18	11517.3
1812.19	11513
1813.2	11511.5
1814.21	11507.4
1815.22	11496.3
1816.23	11468.4
1817.24	11452.7
1818.25	11445.9
1819.26	11442.4
1820.27	11436.7
1821.28	11434.7
1822.29	11432.3
1823.3	11430.1
1824.3	11425.2
1825.31	11418.8
1826.32	11409.9
1827.33	11398.2
1828.34	11382.3
1829.35	11360.5
1830.35	11334.3
1831.36	11337
1832.37	11354.7
1833.38	11323.9
1834.38	11276.6
1835.39	11251.8
1836.4	11245.8
1837.41	11256.7
1838.41	11253.4
1839.42	11253.6
1840.43	11254.3
1841.43	11255
1842.44	11255.2
1843.44	11255.3
1844.45	11254.6
1845.46	11252.5
1846.46	11248
1847.47	11240.9
1848.47	11231.8
1849.48	11220.2
1850.48	11206.3
1851.49	11189.9
1852.49	11171.1
1853.49	11150.1
1854.5	11125.1
1855.5	11108.3
1856.51	11101.5
1857.51	11098
1858.51	11099
1859.52	11098.4
1860.52	11097.7
1861.52	11097.9
1862.53	11098.8
1863.53	11100
1864.53	11101.1
1865.54	11098.8
1866.54	11079.7
1867.54	11037.8
1868.54	11010.1
1869.54	10990.4
1870.55	10977.2
1871.55	11004.2
1872.55	11009.2
1873.55	11016.6
1874.55	11021.9
1875.55	11009.7
1876.55	10994.5
1877.55	10978.4
1878.55	10962.6
1879.55	10948.6
1880.56	10934.9
1881.55	10921.6
1882.56	10908.5
1883.55	10894.8
1884.55	10880.7
1885.55	10866.9
1886.55	10853.9
1887.55	10844.5
1888.55	10837.6
1889.55	10837.9
1890.55	10838.4
1891.55	10842.4
1892.55	10847
1893.54	10850.8
1894.54	10852.4
1895.54	10848.9
1896.54	10840.6
1897.54	10823.5
1898.53	10800.2
1899.53	10780.2
1900.53	10764.3
1901.52	10753.3
1902.52	10745.9
1903.52	10740.7
1904.51	10738.7
1905.51	10741.2
1906.51	10746.7
1907.5	10756.6
1908.5	10766.5
1909.49	10747.1
1910.49	10726.8
1911.49	10704.6
1912.48	10681.4
1913.48	10657.6
1914.47	10636.8
1915.46	10619.5
1916.46	10605.6
1917.45	10594.7
1918.45	10587.1
1919.44	10583.4
1920.44	10583.3
1921.43	10584.9
1922.43	10586.1
1923.42	10573.9
1924.41	10554.6
1925.41	10526.5
1926.4	10510
1927.39	10489.9
1928.38	10479.3
1929.38	10483.3
1930.37	10484.3
1931.36	10481.3
1932.35	10479.8
1933.35	10474
1934.34	10459.5
1935.33	10439.9
1936.32	10426
1937.31	10408.1
1938.3	10400
1939.29	10396.5
1940.29	10397.6
1941.28	10399.2
1942.27	10395.3
1943.26	10391.1
1944.25	10386.1
1945.24	10379
1946.23	10367.8
1947.22	10352.9
1948.21	10332.8
1949.2	10304.3
1950.19	10284.3
1951.18	10269.6
1952.17	10252.2
1953.16	10247.7
1954.14	10256.3
1955.13	10263.5
1956.12	10264.4
1957.11	10261.3
1958.1	10261
1959.09	10250
1960.07	10236.6
1961.06	10222.6
1962.05	10222.9
1963.04	10220.1
1964.02	10223.4
1965.01	10216.7
1966	10206.7
1966.99	10192.3
1967.97	10174.8
1968.96	10155.3
1969.95	10133.6
1970.93	10119.8
1971.92	10110.7
1972.9	10111.4
1973.89	10113.2
1974.88	10113.8
1975.86	10110.9
1976.85	10105.2
1977.83	10097.5
1978.82	10087.6
1979.8	10075.6
1980.79	10061.6
1981.77	10047
1982.76	10038.8
1983.74	10038.9
1984.72	10041.4
1985.71	10046.1
1986.69	10041.2
1987.67	10030.6
1988.66	10017.6
1989.64	10006.2
1990.62	9995.56
1991.61	9983.84
1992.59	9972.13
1993.57	9960.23
1994.56	9948.35
1995.54	9936.47
1996.52	9924.66
1997.5	9913.14
1998.49	9902.64
1999.47	9894.32
2000.45	9888.15
2001.43	9884.27
2002.41	9881.77
2003.39	9882.92
2004.38	9882.73
2005.36	9877.79
2006.34	9864.07
2007.32	9845.59
2008.3	9825.86
2009.28	9809.98
2010.26	9798.08
2011.24	9789.43
2012.22	9787.31
2013.2	9788.81
2014.18	9782.78
2015.16	9782.59
2016.14	9770.96
2017.12	9752.16
2018.1	9747.15
2019.07	9746.81
2020.05	9740.55
2021.03	9731.65
2022.01	9720.53
2022.99	9707.1
2023.97	9693.04
2024.95	9678.09
2025.92	9663.87
2026.9	9661.16
2027.88	9665.65
2028.86	9664.22
2029.83	9660.97
2030.81	9658.23
2031.79	9644.35
2032.76	9626.81
2033.74	9608.33
2034.72	9589.71
2035.69	9571.61
2036.67	9555.04
2037.65	9549.65
2038.62	9543.43
2039.6	9539.88
2040.57	9539.23
2041.55	9539.31
2042.52	9531.16
2043.5	9505.06
2044.47	9476.29
2045.45	9458.38
2046.42	9452.93
2047.4	9504.14
2048.37	9490.29
2049.35	9457.74
2050.32	9443.76
2051.29	9434.48
2052.27	9427.36
2053.24	9423.48
2054.21	9422.36
2055.19	9426.56
2056.16	9427.51
2057.13	9412.85
2058.11	9390.85
2059.08	9360.22
2060.05	9337.72
2061.02	9320.53
2062	9310.24
2062.97	9301.42
2063.94	9294.86
2064.91	9290.28
2065.89	9287.47
2066.86	9285.26
2067.83	9283.23
2068.8	9280.56
2069.77	9276.49
2070.74	9271.59
2071.71	9267.04
2072.68	9261.93
2073.65	9251.13
2074.62	9234.22
2075.59	9214.46
2076.56	9195.32
2077.53	9181.19
2078.5	9167.78
2079.47	9155.19
2080.44	9145.29
2081.41	9137.05
2082.38	9131.47
2083.35	9128.96
2084.32	9132.04
2085.29	9134.17
2086.26	9131.54
2087.23	9128.44
2088.19	9124.64
2089.16	9120.24
2090.13	9115.11
2091.1	9108.84
2092.07	9101.75
2093.03	9090.46
2094	9075.35
2094.97	9055.22
2095.94	9030.4
2096.9	9008.92
2097.87	8991.08
2098.84	8987.27
2099.8	8986.52
2100.77	8991.07
2101.74	8996.75
2102.7	8992.91
2103.67	8976.27
2104.63	8956.23
2105.6	8940.22
2106.56	8915.33
2107.53	8901.24
2108.49	8896.05
2109.46	8908.34
2110.42	8911.82
2111.39	8907.54
2112.35	8895.11
2113.32	8874.46
2114.28	8843.21
2115.25	8829.13
2116.21	8817.7
2117.17	8818.6
2118.14	8817.87
2119.1	8817.18
2120.07	8813.63
2121.03	8807.2
2121.99	8794.85
2122.96	8778.97
2123.92	8760.84
2124.88	8746.36
2125.84	8742
2126.81	8740.01
2127.77	8736.32
2128.73	8732.07
2129.69	8726.28
2130.65	8719.2
2131.62	8710.77
2132.58	8701.05
2133.54	8690.05
2134.5	8677.54
2135.46	8663.73
2136.42	8648.22
2137.38	8632.85
2138.34	8625.53
2139.3	8632.13
2140.26	8637.59
2141.22	8639.23
2142.18	8634.25
2143.14	8627.27
2144.1	8617.62
2145.06	8602.53
2146.02	8585.79
2146.98	8569.74
2147.94	8554.84
2148.9	8543.38
2149.86	8533.01
2150.82	8524.44
2151.78	8517.24
2152.74	8511.98
2153.69	8508.18
2154.65	8505.53
2155.61	8503.02
2156.57	8494.82
2157.53	8480.95
2158.48	8460.48
2159.44	8451
2160.4	8445.17
2161.36	8438.35
2162.31	8436.98
2163.27	8435.21
2164.23	8431.19
2165.18	8424.52
2166.14	8408.37
2167.1	8391.17
2168.05	8375.66
2169.01	8358.55
2169.96	8339.6
2170.92	8319.36
2171.88	8297.92
2172.83	8275.61
2173.79	8251.69
2174.74	8232.73
2175.7	8228.53
2176.65	8236.35
2177.6	8234.34
2178.56	8218.15
2179.51	8200.34
2180.47	8189.14
2181.42	8178.92
2182.38	8167.25
2183.33	8151.98
2184.28	8137.32
2185.24	8123.41
2186.19	8111.25
2187.14	8109.02
2188.1	8107.27
2189.05	8098.03
2190	8089.99
2190.96	8083.78
2191.91	8078.02
2192.86	8071.52
2193.81	8064.39
2194.76	8057.13
2195.72	8050.47
2196.67	8044.45
2197.62	8039.41
2198.57	8034.58
2199.52	8029.89
2200.47	8025
2201.43	8019.02
2202.38	8008.98
2203.33	7998.91
2204.28	7988.57
2205.23	7978.98
2206.18	7970.17
2207.13	7962.46
2208.08	7955.8
2209.03	7949.8
2209.98	7944.55
2210.93	7940.22
2211.88	7936.4
2212.83	7932.23
2213.78	7919.6
2214.73	7901.99
2215.67	7888.51
2216.62	7878.73
2217.57	7870.93
2218.52	7864.56
2219.47	7857.34
2220.42	7850.5
2221.37	7844.6
2222.31	7838.77
2223.26	7833.48
2224.21	7828.36
2225.16	7824.9
2226.1	7820.02
2227.05	7814.96
2228	7806.08
2228.94	7796.53
2229.89	7784.95
2230.84	7773.41
2231.78	7763.98
2232.73	7755.72
2233.68	7750.72
2234.62	7745.84
2235.57	7743.21
2236.51	7741.47
2237.46	7741.34
2238.41	7740.94
2239.35	7739.63
2240.3	7737.31
2241.24	7732.1
2242.19	7725.05
2243.13	7717.97
2244.07	7709.4
2245.02	7712.87
2245.96	7715.91
2246.91	7720.16
2247.85	7723.25
2248.8	7722.42
2249.74	7716.43
2250.68	7681.12
2251.63	7656.97
2252.57	7647.9
2253.51	7641.55
2254.46	7647.16
2255.4	7653.78
2256.34	7660.42
2257.28	7667.24
2258.23	7675.25
2259.17	7677.32
2260.11	7673.72
2261.05	7665.02
2262	7650.89
2262.94	7633.67
2263.88	7625.29
2264.82	7620.42
2265.76	7620.11
2266.7	7621.39
2267.64	7624.08
2268.58	7625.47
2269.53	7623.11
2270.47	7618.76
2271.41	7611.21
2272.35	7602.12
2273.29	7595.68
2274.23	7588.07
2275.17	7582.27
2276.11	7577.89
2277.05	7575.26
2277.99	7577.07
2278.93	7581.89
2279.86	7589.16
2280.8	7593.72
2281.74	7594.62
2282.68	7590.87
2283.62	7588.13
2284.56	7577.06
2285.5	7562.87
2286.44	7553.32
2287.37	7544.31
2288.31	7537.25
2289.25	7533.44
2290.19	7530.77
2291.12	7528.42
2292.06	7526.48
2293	7524.58
2293.94	7519.9
2294.87	7509.9
2295.81	7499.88
2296.75	7497.08
2297.68	7497.24
2298.62	7500.42
2299.55	7501.97
2300.49	7499.55
2301.43	7492.82
2302.36	7481.7
2303.3	7466.6
2304.23	7450.43
2305.17	7432.37
2306.1	7434.45
2307.04	7450.31
2307.98	7456.9
2308.91	7449.44
2309.84	7434.07
2310.78	7419.36
2311.71	7406.12
2312.65	7401.49
2313.58	7404.39
2314.52	7406.66
2315.45	7404.34
2316.38	7387.44
2317.32	7369.9
2317.72	7364.7
2318.66	7359.56
2319.6	7354.06
2320.54	7347.13
2321.48	7340.19
2322.41	7335.14
2323.35	7328.45
2324.29	7316.82
2325.23	7304.6
2326.16	7292.09
2327.1	7280.21
2328.04	7270.55
2328.97	7261.19
2329.91	7252.85
2330.85	7246.27
2331.78	7241.71
2332.72	7239.66
2333.66	7243.35
2334.59	7247.43
2335.53	7243.91
2336.46	7239.9
2337.4	7235.75
2338.33	7231.73
2339.27	7229.4
2340.2	7228.26
2341.14	7228.76
2342.07	7227.9
2343.01	7227.13
2343.94	7223.29
2344.88	7212.09
2345.81	7200.33
2346.75	7187.48
2347.68	7170.44
2348.61	7154.44
2349.55	7140.36
2350.48	7131.56
2351.41	7135.65
2352.35	7128.11
2353.28	7120.35
2354.21	7114.04
2355.15	7108.77
2356.08	7105.04
2357.01	7102.29
2357.94	7104.3
2358.88	7106.22
2359.81	7108.3
2360.74	7110.4
2361.67	7092.55
2362.6	7072
2363.54	7058.4
2364.47	7058.09
2365.4	7102.02
2366.33	7134.95
2367.26	7112.07
2368.19	7086.31
2369.12	7059.1
2370.05	7051
2370.98	7055.66
2371.91	7053.35
2372.84	7052.57
2373.77	7052.02
2374.7	7049.37
2375.63	7044.45
2376.56	7037.85
2377.49	7029.62
2378.42	7019.95
2379.35	7008.16
2380.28	6994.95
2381.21	6980.17
2382.14	6966.64
2383.07	6967.39
2384	6983.56
2384.92	6987.73
2385.85	6988.32
2386.78	6985.14
2387.71	6977.34
2388.64	6966.47
2389.56	6954.6
2390.49	6941.21
2391.42	6941.87
2392.35	6938.37
2393.27	6930.64
2394.2	6918.3
2395.13	6911.71
2396.05	6908.84
2396.98	6909.39
2397.91	6918.09
2398.83	6942.55
2399.76	6963.46
2400.69	6974.93
2401.61	6975.24
2402.54	6962.39
2403.46	6886.57
2404.39	6888.59
2405.31	6882.43
2406.24	6873.4
2407.17	6862.88
2408.09	6852.61
2409.01	6842.83
2409.94	6832.25
2410.86	6829.12
2411.79	6841.54
2412.71	6851.21
2413.64	6861.5
2414.56	6864.84
2415.49	6858.6
2416.41	6843.07
2417.33	6818.15
2418.26	6791.68
2419.18	6770.21
2420.1	6760.06
2421.03	6757.75
2421.95	6754.78
2422.87	6752.68
2423.79	6750.68
2424.72	6756.3
2425.64	6753.26
2426.56	6746.09
2427.48	6732.95
2428.41	6718.87
2429.33	6705.88
2430.25	6694
2431.17	6683.23
2432.09	6676.53
2433.01	6669.91
2433.93	6666.11
2434.86	6664.47
2435.78	6662.63
2436.7	6657.59
2437.62	6639.14
2438.54	6620.05
2439.46	6603.51
2440.38	6599.1
2441.3	6620.17
2442.22	6639.56
2443.14	6633.8
2444.06	6628.58
2444.98	6621.7
2445.9	6611.25
2446.82	6596.46
2447.73	6578.31
2448.65	6558.3
2449.57	6539.88
2450.49	6519.27
2451.41	6513.07
2452.33	6514.72
2453.25	6517.35
2454.17	6516.89
2455.08	6510.44
2456	6503.19
2456.92	6495.35
2457.84	6488.61
2458.75	6482.4
2459.67	6477.04
2460.59	6471.57
2461.51	6466.9
2462.42	6463.55
2463.34	6461.75
2464.26	6461.91
2465.17	6459.65
2466.09	6455.78
2467	6450.12
2467.92	6442.54
2468.84	6433.13
2469.75	6423.85
2470.67	6414.59
2471.58	6406.98
2472.5	6399.88
2473.42	6391.58
2474.33	6383.42
2475.25	6375.4
2476.16	6368.13
2477.08	6371.51
2477.99	6373.09
2478.9	6373.66
2479.82	6373.05
2480.73	6371.32
2481.65	6368.79
2482.56	6364.54
2483.47	6359.79
2484.39	6354.96
2485.3	6350.04
2486.22	6345.93
2487.13	6341.74
2488.04	6337.65
2488.96	6333.94
2489.87	6330.3
2490.78	6326.94
2491.69	6323.7
2492.61	6320.32
2493.52	6316.08
2494.43	6309.29
2495.34	6302.42
2496.25	6296.38
2497.17	6289.7
2498.08	6286.11
2498.99	6284.88
2499.9	6282.94
2500.81	6280.84
2501.72	6278.68
2502.63	6275.74
2503.55	6268.78
2504.46	6259.08
2505.37	6248.97
2506.28	6239.7
2507.19	6233.89
2508.1	6223.91
2509.01	6223.33
2509.92	6231.8
2510.83	6250.19
2511.74	6252.23
2512.65	6245.82
2513.56	6232.09
2514.47	6217.42
2515.37	6205.44
2516.28	6196.47
2517.19	6190.27
2518.1	6185.57
2519.01	6183.02
2519.92	6183.48
2520.83	6186.02
2521.73	6191.29
2522.64	6196.54
2523.55	6191.46
2524.46	6183.3
2525.37	6174.3
2526.27	6167.16
2527.18	6161.56
2528.09	6155.52
2529	6153
2529.9	6149.57
2530.81	6144.71
2531.72	6138.5
2532.62	6128.9
2533.53	6119.65
2534.44	6111.01
2535.34	6103.51
2536.25	6098.82
2537.15	6095.23
2538.06	6091.17
2538.96	6078.38
2539.87	6064.45
2540.78	6058.71
2541.68	6054.1
2542.59	6050.47
2543.49	6049.06
2544.4	6049.42
2545.3	6052.09
2546.21	6056.06
2547.11	6059.77
2548.01	6063.83
2548.92	6070.35
2549.82	6060.97
2550.73	6046.27
2551.63	6032.98
2552.53	6022.15
2553.44	6011.26
2554.34	6001.81
2555.24	5991.56
2556.15	5981.61
2557.05	5972.77
2557.95	5965.41
2558.86	5960.57
2559.76	5957.01
2560.66	5954.46
2561.56	5950.3
2562.46	5944.29
2563.37	5938.13
2564.27	5931.35
2565.17	5924.2
2566.07	5915.92
2566.97	5907.91
2567.88	5904.83
2568.78	5903.87
2569.68	5902.52
2570.58	5897.2
2571.48	5890.18
2572.38	5881.9
2573.28	5871.75
2574.18	5859.89
2575.08	5846.19
2575.98	5830.62
2576.88	5820.14
2577.78	5811.34
2578.68	5805.87
2579.58	5798.76
2580.48	5790.54
2581.38	5780.99
2582.28	5771.63
2583.18	5765.8
2584.08	5764.65
2584.98	5764.72
2585.88	5763.9
2586.77	5760.72
2587.67	5757.3
2588.57	5753.16
2589.47	5747.9
2590.37	5741.54
2591.27	5733.9
2592.16	5724.76
2593.06	5731.49
2593.96	5735.08
2594.86	5737.16
2595.75	5731.38
2596.65	5716.35
2597.55	5689.07
2598.45	5673.32
2599.34	5658.43
2600.24	5643.55
2601.13	5631.46
2602.03	5622.31
2602.93	5616.31
2603.82	5613.2
2604.72	5617.59
2605.62	5627.54
2606.51	5634.68
2607.41	5639.02
2608.3	5639.4
2609.2	5636.81
2610.09	5631.88
2610.99	5624.37
2611.88	5614.21
2612.78	5602.12
2613.67	5590.25
2614.57	5580.43
2615.46	5574.81
2616.36	5571.4
2617.25	5568.97
2618.14	5567.07
2619.04	5566.94
2619.93	5568.07
2620.83	5570.68
2621.72	5572.67
2622.61	5572.31
2623.5	5569.89
2624.4	5565.03
2625.29	5558.53
2626.18	5549.95
2627.08	5539.61
2627.97	5528.1
2628.86	5516.94
2629.75	5508.42
2630.65	5503.19
2631.54	5503.9
2632.43	5505.53
2633.32	5504.3
2634.21	5506.32
2635.11	5496.11
2636	5477.83
2636.89	5462.67
2637.78	5449.78
2638.67	5438.37
2639.56	5427.84
2640.45	5417.9
2641.34	5408.78
2642.23	5399.69
2643.12	5390.29
2644.01	5378.8
2644.9	5361.47
2645.79	5348.78
2646.68	5338.32
2647.57	5329.72
2648.46	5324.95
2649.35	5322.18
2650.24	5320.57
2651.13	5320.27
2652.02	5320.69
2652.91	5317.59
2653.8	5315.42
2654.69	5313.79
2655.58	5313.18
2656.46	5312.21
2657.35	5310.7
2658.24	5308.48
2659.13	5304.47
2660.02	5297.73
2660.9	5290.15
2661.79	5281.07
2662.68	5270.41
2663.57	5258.27
2664.45	5245.81
2665.34	5236.06
2666.23	5235.25
2667.11	5230.5
2668	5236.89
2668.89	5237.34
2669.77	5236.47
2670.66	5236.26
2671.55	5234.4
2672.43	5228.53
2673.32	5224.11
2674.21	5219.76
2675.09	5214.76
2675.98	5210.08
2676.86	5210.49
2677.75	5199.15
2678.63	5189.68
2679.52	5184.15
2680.4	5183.11
2681.29	5180.53
2682.17	5180.81
2683.06	5184.84
2683.94	5190.1
2684.82	5186.26
2685.71	5168.79
2686.59	5150.09
2687.48	5129.21
2688.36	5116.55
2689.24	5104.87
2690.13	5097.2
2691.01	5091.69
2691.89	5089.37
2692.78	5088.35
2693.66	5087.09
2694.54	5083.72
2695.43	5080.18
2696.31	5075.4
2697.19	5069.67
2698.07	5062.94
2698.96	5054.98
2699.84	5046.16
2700.72	5040.52
2701.6	5046.15
2702.48	5047.15
2703.36	5045.46
2704.25	5042.51
2705.13	5024.3
2706.01	5008.77
2706.89	4986.67
2707.77	4969.47
2708.65	4965.09
2709.53	4972.47
2710.41	4976.07
2711.29	4976.24
2712.17	4973.45
2713.05	4968.03
2713.93	4960
2714.81	4948.62
2715.69	4937.55
2716.57	4935.3
2717.45	4936.2
2718.33	4936.32
2719.21	4932.87
2720.09	4921.95
2720.97	4910.87
2721.85	4903.82
2722.73	4901.03
2723.61	4901.9
2724.48	4913.92
2725.36	4910.09
2726.24	4901.79
2727.12	4891.7
2728	4878.31
2728.88	4866.25
2729.75	4856.66
2730.63	4850.36
2731.51	4849.04
2732.39	4845.28
2733.26	4841.85
2734.14	4840.74
2735.02	4839.73
2735.89	4839.69
2736.77	4839.95
2737.65	4836.5
2738.52	4831.19
2739.4	4825.52
2740.28	4821.34
2741.15	4817.98
2742.03	4814.48
2742.9	4812.57
2743.78	4811
2744.65	4809.51
2745.53	4807.86
2746.41	4804.29
2747.28	4799.13
2748.16	4791.4
2749.03	4780.5
2749.91	4766.13
2750.78	4755.28
2751.66	4750.44
2752.53	4749.98
2753.4	4743.99
2754.28	4737.06
2755.15	4730.76
2756.02	4724.04
2756.9	4718.08
2757.77	4714.17
2758.65	4713.36
2759.52	4719.52
2760.39	4724.79
2761.27	4730.37
2762.14	4734.11
2763.01	4735.57
2763.88	4733.43
2764.76	4727.1
2765.63	4719.05
2766.5	4710.6
2767.37	4702.72
2768.25	4695.18
2769.12	4687.83
2769.99	4686.71
2770.86	4687.19
2771.73	4685.49
2772.61	4682.07
2773.48	4653.4
2774.35	4631.4
2775.22	4617.74
2776.09	4624.55
2776.96	4651.91
2777.83	4626.27
2778.7	4610.35
2779.57	4594.55
2780.44	4587.38
2781.31	4582.99
2782.18	4580.71
2783.05	4592.54
2783.92	4592.67
2784.79	4591.29
2785.66	4586.02
2786.53	4579.14
2787.4	4573.55
2788.27	4568.16
2789.14	4563.22
2790.01	4559.29
2790.88	4555.86
2791.75	4553.34
2792.62	4551.18
2793.48	4549.46
2794.35	4547.87
2795.22	4545.86
2796.09	4546.97
2796.96	4548.99
2797.82	4550.66
2798.69	4551.21
2799.56	4549.35
2800.43	4544.77
2801.29	4538.68
2802.16	4530.97
2803.03	4521.54
2803.9	4510
2804.76	4496.89
2805.63	4486.43
2806.5	4486.42
2807.36	4489.31
2808.23	4487.59
2809.09	4483.84
2809.96	4477.95
2810.83	4447.41
2811.69	4437.08
2812.56	4430.61
2813.42	4427.43
2814.29	4428.15
2815.15	4430.56
2816.02	4432.47
2816.88	4433.57
2817.75	4433.86
2818.61	4433.29
2819.48	4431.43
2820.34	4423.17
2821.21	4411.91
2822.07	4403.16
2822.94	4397.16
2823.8	4394.17
2824.66	4394.73
2825.53	4398.34
2826.39	4401.86
2827.26	4407.31
2828.12	4407.68
2828.98	4402.39
2829.85	4381.77
2830.71	4363.23
2831.57	4344.72
2832.43	4351.77
2833.3	4362.2
2834.16	4363.23
2835.02	4354.31
2835.88	4348.99
2836.75	4347.94
2837.61	4346.53
2838.47	4344.17
2839.33	4346.74
2840.19	4348.71
2841.06	4350.36
2841.92	4343.78
2842.78	4342.74
2843.64	4340.96
2844.5	4339.84
2845.36	4338.64
2846.22	4337.72
2847.08	4333.74
2847.94	4324.55
2848.81	4312.95
2849.67	4305.72
2850.53	4298.66
2851.39	4292.79
2852.25	4287.32
2853.11	4282.57
2853.97	4278.51
2854.82	4275.1
2855.68	4272.17
2856.54	4269.79
2857.4	4268.23
2858.26	4267.23
2859.12	4266.99
2859.98	4266.52
2860.84	4264.1
2861.7	4260.73
2862.56	4256.61
2863.41	4246.6
2864.27	4233.05
2865.13	4214.2
2865.99	4211.37
2866.85	4211.49
2867.7	4218.1
2868.56	4219.67
2869.42	4225.06
2870.28	4228.05
2871.13	4218.14
2871.99	4207.8
2872.85	4198.54
2873.7	4187.43
2874.56	4183.91
2875.42	4183.17
2876.27	4184.97
2877.13	4181.64
2877.99	4172.15
2878.84	4163.14
2879.7	4160.99
2880.56	4164.31
2881.41	4168.96
2882.27	4168.09
2883.12	4162
2883.98	4156.83
2884.83	4146.81
2885.69	4136.54
2886.54	4130.19
2887.4	4126.9
2888.25	4124.91
2889.11	4126.15
2889.96	4126.99
2890.82	4128.01
2891.67	4128.33
2892.52	4127.65
2893.38	4125.73
2894.23	4124.07
2895.09	4118.63
2895.94	4108.96
2896.79	4097.32
2897.65	4084.25
2898.5	4072.94
2899.35	4064.66
2900.21	4057.24
2901.06	4051.15
2901.91	4046.66
2902.76	4043.57
2903.62	4042.06
2904.47	4041
2905.32	4037.96
2906.17	4034.29
2907.03	4029.46
2907.88	4023.95
2908.73	4018.55
2909.58	4013.37
2910.43	4008.51
2911.28	4004.26
2912.14	4000.43
2912.99	3996.87
2913.84	3993.5
2914.69	3990.5
2915.54	3987.66
2916.39	3985.02
2917.24	3981.19
2918.09	3969.75
2918.94	3958.47
2919.79	3913.06
2920.64	3921.24
2921.49	3929.12
2922.34	3941.75
2923.19	3945.9
2924.04	3945.65
2924.89	3941.66
2925.74	3932.95
2926.59	3926.53
2927.44	3924.38
2928.29	3922.44
2929.14	3925.03
2929.98	3924.56
2930.83	3927.06
2931.68	3922.43
2932.53	3914.66
2933.38	3904.12
2934.23	3895.04
2935.07	3887.04
2935.92	3878.98
2936.77	3870.86
2937.62	3862.82
2938.47	3855.41
2939.31	3846.66
2940.16	3837.11
2941.01	3827.7
2941.85	3823.28
2942.7	3834.68
2943.55	3846.1
2944.39	3841.09
2945.24	3829.89
2946.09	3820.08
2946.93	3810.32
2947.78	3800.56
2948.63	3798.23
2949.47	3795.75
2950.32	3800.54
2951.16	3803.93
2952.01	3799.24
2952.85	3792.78
2953.7	3784.32
2954.55	3779.97
2955.39	3776.84
2956.24	3774.61
2957.08	3773.38
2957.92	3773.2
2958.77	3774.03
2959.61	3777.12
2960.46	3775.02
2961.3	3772.43
2962.15	3763.74
2962.99	3754.89
2963.83	3745.94
2964.68	3737.44
2965.52	3729.65
2966.37	3723.36
2967.21	3721.34
2968.05	3719.94
2968.9	3719.86
2969.74	3720.94
2970.58	3723.01
2971.42	3724.84
2972.27	3726.21
2973.11	3726.61
2973.95	3725.61
2974.79	3722.55
2975.64	3716.8
2976.48	3710.39
2977.32	3702.58
2978.16	3693.89
2979	3682.77
2979.85	3694.39
2980.69	3704.32
2981.53	3705.33
2982.37	3707
2983.21	3690.15
2984.05	3675.83
2984.89	3661.84
2985.73	3648.9
2986.57	3638.57
2987.41	3634.36
2988.25	3633.98
2989.1	3638.1
2989.94	3641.1
2990.77	3640.28
2991.62	3638.4
2992.45	3636.84
2993.29	3635.02
2994.13	3633.34
2994.97	3636.38
2995.81	3644.72
2996.65	3644.66
2997.49	3642.79
2998.33	3638.13
2999.17	3620.44
