200.833	16006.7
202.102	16179.8
203.371	16078.8
204.639	16048
205.907	16066.7
207.175	16085.2
208.442	16098.1
209.71	16106.4
210.977	16107.7
212.244	16114
213.511	16121.5
214.777	16134.2
216.042	16146.6
217.309	16163.8
218.575	16185.7
219.84	16212.8
221.106	16245.2
222.371	16284.7
223.635	16317.9
224.9	16343.2
226.165	16370.6
227.429	16391.9
228.694	16418
229.956	16445.3
231.22	16473.4
232.484	16502.5
233.747	16532.7
235.011	16563.7
236.272	16595.5
237.535	16625.4
238.798	16656.1
240.06	16680.5
241.321	16698.6
242.583	16716.5
243.845	16734.2
245.105	16752.1
246.367	16777
247.628	16811.3
248.888	16851.2
250.149	16876
251.409	16895.2
252.67	16905.2
253.928	16906.8
255.189	16902.8
256.447	16893
257.707	16886
258.966	16898.5
260.224	16916.3
261.483	16939.7
262.742	16966.2
263.999	16993.6
265.257	17025
266.514	17035.8
267.772	17039.7
269.028	17057.1
270.286	17078.3
271.543	17129
272.799	17157.9
274.056	17164.1
275.311	17167.5
276.568	17167.3
277.823	17165.7
279.079	17163.7
280.333	17162.8
281.589	17186.1
282.843	17214.8
284.099	17247.1
285.352	17280.6
286.607	17307.3
287.86	17338
289.114	17337.6
290.368	17332.4
291.621	17329.7
292.875	17357.4
294.127	17433.9
295.38	17551.5
296.632	17492.9
297.884	17482
299.137	17490.7
300.388	17499.5
301.641	17485.4
302.891	17466
304.142	17451.4
305.394	17462.1
306.644	17477.5
307.894	17496.7
309.146	17519.1
310.395	17544.9
311.645	17574
312.895	17588.7
314.144	17561.3
315.393	17517.3
316.642	17505.8
317.892	17520.8
319.14	17541.3
320.388	17559.7
321.637	17584.8
322.885	17613.6
324.132	17647.9
325.38	17680.2
326.628	17711.3
327.875	17740.9
329.122	17764.7
330.368	17777.7
331.614	17790.3
332.862	17800.2
334.108	17805.8
335.353	17811.3
336.599	17818.1
337.844	17826.2
339.089	17835.7
340.335	17846.8
341.58	17861
342.824	17876.2
344.068	17892.1
345.312	17908.5
346.556	17916.8
347.8	17927.2
349.043	17937
350.286	17946.8
351.53	17955.8
352.774	17963.5
354.016	17970.1
355.259	17975.1
356.501	17978.7
357.743	17979.4
358.985	17977.3
360.227	17975.6
361.468	17978.4
362.709	17985.7
363.95	17996.9
365.191	18014.1
366.432	18003
367.672	17991.7
368.912	17992.4
370.152	18000
371.392	18014.9
372.632	18039.9
373.871	18060.2
375.11	18070.2
376.348	18078.8
377.587	18086.2
378.825	18091.7
380.064	18094.6
381.302	18094.6
382.54	18093.2
383.778	18096.4
385.016	18107.2
386.253	18123.9
387.489	18143.1
388.726	18161.1
389.963	18178.7
391.199	18201.2
392.436	18222.6
393.672	18247
394.907	18271.2
396.142	18293.6
397.378	18307.9
398.614	18277.7
399.849	18268.6
401.082	18264.9
402.317	18258.7
403.552	18275.1
404.786	18294.8
406.019	18320.8
407.253	18350.6
408.487	18382.9
409.721	18409.4
410.953	18383.4
412.186	18368.2
413.419	18356.9
414.651	18351.9
415.883	18358.5
417.116	18366.8
418.347	18379.9
419.579	18393
420.811	18404.8
422.041	18413.1
423.272	18419.6
424.504	18424.4
425.733	18426.9
426.964	18429.8
428.194	18444.9
429.424	18459.2
430.654	18473.2
431.883	18484.5
433.113	18491
434.341	18486.7
435.571	18481
436.799	18474.2
438.028	18466.2
439.257	18454.7
440.484	18471
441.713	18501.1
442.94	18536.8
444.168	18560.1
445.394	18572.7
446.622	18577.5
447.848	18576.2
449.076	18566.7
450.301	18551.1
451.528	18530.5
452.754	18512.8
453.979	18532.8
455.205	18552.1
456.43	18574.7
457.656	18598
458.88	18606.8
460.106	18602.4
461.33	18605.8
462.554	18613.9
463.779	18621.1
465.002	18625.2
466.225	18623.7
467.45	18618.2
468.672	18610.8
469.895	18602.8
471.119	18597.1
472.341	18591.7
473.563	18588.5
474.786	18589.4
476.008	18591.4
477.229	18583.3
478.452	18574.8
479.673	18575.6
480.894	18578.8
482.115	18582.5
483.337	18584.4
484.557	18584.3
485.777	18582.8
486.997	18580.3
488.218	18575.9
489.438	18568.2
490.657	18550.7
491.876	18530.4
493.096	18514.6
494.315	18504.1
495.533	18500.3
496.752	18505
497.97	18515.1
499.188	18531.4
500.407	18550.3
501.625	18570.5
502.842	18586.4
504.059	18591.4
505.276	18590.7
506.493	18590.9
507.71	18595.5
508.926	18602.6
510.142	18611.7
511.358	18623.2
512.575	18636.8
513.791	18649.4
515.006	18652.9
516.222	18654.9
517.437	18658.4
518.651	18663.6
519.866	18669.7
521.081	18676.1
522.295	18682.6
523.509	18688.7
524.723	18695.4
525.937	18703.4
527.15	18711
528.363	18718.6
529.576	18725.6
530.789	18730.7
532.002	18734.5
533.215	18736.6
534.426	18736.4
535.638	18730.9
536.85	18719
538.061	18709.9
539.273	18698
540.484	18713.8
541.695	18755
542.906	18789.6
544.117	18833.5
545.327	18780.4
546.537	18763.6
547.747	18747.5
548.957	18732
550.167	18717.1
551.377	18701.9
552.585	18687.7
553.794	18684.1
555.003	18687.2
556.212	18706.3
557.421	18741.9
558.628	18770
559.836	18790.6
561.044	18803.2
562.252	18809.2
563.458	18792.8
564.666	18785.2
565.873	18761
567.08	18755.4
568.286	18765.3
569.493	18811.9
570.699	18821.7
571.904	18812.8
573.111	18790.2
574.317	18773.4
575.521	18759.8
576.727	18748
577.932	18751.6
579.136	18773
580.341	18788.3
581.544	18802.3
582.749	18810.2
583.954	18803.1
585.156	18783.6
586.361	18777
587.563	18792.6
588.767	18805
589.97	18827
591.172	18849.2
592.375	18858.5
593.577	18856
594.78	18842.8
595.981	18823.1
597.183	18811.8
598.384	18803.9
599.586	18801
600.786	18797.7
601.988	18789.8
603.188	18779.7
604.389	18769.5
605.589	18761
606.79	18755.5
607.989	18751.7
609.188	18772.7
610.389	18803.2
611.587	18771.2
612.787	18730.7
613.986	18706.3
615.184	18697.1
616.383	18695.4
617.581	18686.5
618.78	18663.7
619.977	18662.4
621.174	18571.3
622.373	18586.2
623.57	18583.9
624.766	18583.3
625.964	18592.9
627.16	18590.1
628.356	18577.4
629.554	18552.3
630.749	18547
631.945	18566.9
633.14	18578.2
634.337	18609.1
635.532	18536.1
636.726	18520.6
637.921	18510.4
639.117	18501.8
640.311	18487.1
641.505	18480.4
642.699	18488.6
643.892	18498.6
645.087	18508.4
646.28	18519.6
647.473	18529.9
648.666	18538.4
649.859	18544.4
651.051	18545.5
652.245	18543.7
653.437	18535.2
654.629	18530.4
655.821	18531.2
657.012	18537
658.204	18563.2
659.395	18592.3
660.586	18638.9
661.777	18677.9
662.967	18668.7
664.158	18643.6
665.349	18596.2
666.539	18555.9
667.729	18546.1
668.919	18542.7
670.109	18540.8
671.298	18539.9
672.487	18540
673.676	18543.2
674.865	18550.2
676.053	18584.4
677.242	18610.8
678.43	18626.1
679.616	18635.5
680.804	18645.9
681.992	18640.3
683.179	18619.3
684.366	18594.8
685.554	18583.7
686.74	18574.2
687.927	18566.3
689.114	18558.8
690.3	18554
691.486	18552.5
692.671	18553.9
693.856	18564.8
695.042	18571.8
696.227	18572.9
697.413	18570.4
698.598	18563.4
699.781	18550.6
700.966	18531.8
702.15	18504
703.334	18474.6
704.518	18451.6
705.701	18434.4
706.885	18424.2
708.068	18418.7
709.252	18418.5
710.433	18422.2
711.616	18428.1
712.799	18432.9
713.98	18433.6
715.163	18432.7
716.345	18428.6
717.527	18422.7
718.707	18415.6
719.889	18412
721.071	18427.5
722.25	18435.8
723.432	18440.3
724.611	18439.5
725.792	18432.7
726.972	18421.5
728.151	18426.5
729.332	18435.2
730.512	18445.7
731.69	18458.8
732.87	18475.9
734.048	18495.1
735.227	18485.6
736.405	18467.3
737.584	18450.9
738.761	18447.3
739.94	18454.8
741.117	18462.6
742.295	18470.2
743.471	18475.8
744.649	18479.2
745.825	18479.9
747.003	18476.9
748.179	18470.3
749.356	18458.9
750.531	18446.8
751.708	18441.6
752.883	18454
754.059	18461.9
755.234	18497
756.409	18499
757.585	18502.9
758.759	18486.7
759.934	18481.8
761.108	18475.9
762.282	18471.1
763.456	18469.9
764.63	18469.3
765.803	18464.2
766.977	18457.8
768.15	18450.2
769.323	18441.1
770.496	18431.6
771.668	18420
772.841	18408
774.014	18396.5
775.185	18387.7
776.357	18382.4
777.528	18378.5
778.701	18375.1
779.872	18371.5
781.042	18365.1
782.213	18356.7
783.383	18345.3
784.555	18331.1
785.725	18308.6
786.895	18266.4
788.064	18228.7
789.234	18193.4
790.404	18228.6
791.573	18225.7
792.742	18224.9
793.911	18205.3
795.08	18186.6
796.248	18187.9
797.416	18198.4
798.584	18207.6
799.753	18215.6
800.921	18221.8
802.088	18225.9
803.256	18228
804.423	18228.3
805.59	18226.8
806.756	18223.5
807.923	18218.5
809.089	18211.9
810.256	18203.9
811.422	18194.2
812.587	18183.4
813.753	18171.8
814.918	18166.9
816.084	18175.6
817.249	18187.8
818.414	18224.5
819.578	18246.4
820.743	18263.1
821.907	18274.3
823.072	18279.5
824.236	18280.6
825.399	18278.3
826.562	18273.7
827.725	18267.2
828.889	18258.7
830.052	18248.5
831.215	18236
832.377	18236.3
833.54	18259.8
834.701	18265.4
835.863	18270.1
837.025	18272.1
838.187	18273
839.349	18260.1
840.51	18252.9
841.67	18246.6
842.831	18243.2
843.992	18250.3
845.153	18242.8
846.312	18235.3
847.473	18228.1
848.633	18219.5
849.793	18209.2
850.951	18196.5
852.111	18180.7
853.27	18161.6
854.428	18141.7
855.588	18127.1
856.747	18109.3
857.904	18111.4
859.063	18112.5
860.221	18109.8
861.378	18103.5
862.536	18094.7
863.694	18083.2
864.85	18067.5
866.008	18048.9
867.164	18027.8
868.321	18005.1
869.478	17991.4
870.633	17979.8
871.79	17975
872.945	17974.8
874.101	17975.9
875.256	17969.9
876.412	17962.6
877.566	17931
878.722	17892
879.876	17857.1
881.031	17836.3
882.185	17833.3
883.34	17838.9
884.493	17844.1
885.647	17842.6
886.8	17840
887.954	17825
889.107	17820
890.261	17817.6
891.413	17828.1
892.565	17823.5
893.718	17813.7
894.87	17800.2
896.023	17786.4
897.174	17791.1
898.326	17795
899.478	17800
900.629	17801.7
901.779	17798.5
902.931	17795.9
904.081	17792.7
905.231	17788.3
906.383	17782.7
907.532	17779
908.682	17778
909.831	17806.4
910.982	17837
912.131	17825.6
913.28	17813.3
914.429	17810.1
915.578	17824.7
916.727	17841.2
917.875	17849.9
919.023	17858.7
920.171	17859.6
921.32	17853.6
922.467	17839.4
923.614	17821.2
924.761	17807.7
925.908	17802
927.055	17798
928.203	17796.6
929.349	17799
930.496	17804.4
931.642	17813.5
932.787	17823.4
933.933	17827.1
935.079	17827.1
936.224	17816.3
937.369	17805.4
938.514	17794.3
939.659	17802.7
940.804	17809
941.948	17821.1
943.092	17824.6
944.236	17812.7
945.38	17789.9
946.524	17760.8
947.667	17738.1
948.811	17710.8
949.954	17696.2
951.097	17695.4
952.24	17699
953.383	17698.1
954.525	17706.4
955.667	17713.7
956.81	17695.8
957.952	17672.5
959.093	17642
960.235	17623.5
961.376	17619.2
962.516	17624.2
963.658	17627.3
964.798	17622.5
965.939	17621.1
967.08	17610.8
968.22	17590.1
969.359	17566.9
970.499	17552.6
971.639	17542.4
972.779	17538.9
973.918	17553.5
975.056	17581.9
976.195	17599
977.334	17605.4
978.473	17600.5
979.61	17585.8
980.749	17578.7
981.887	17568.8
983.024	17554.6
984.162	17548.1
985.3	17554.3
986.437	17558.4
987.573	17564.8
988.711	17583.1
989.848	17587.7
990.983	17578.4
992.12	17572.3
993.255	17552.5
994.392	17552.5
995.528	17549.3
996.662	17565.9
997.798	17590.6
998.933	17611.2
1000.07	17626.5
1001.2	17636.8
1002.34	17641
1003.47	17642.3
1004.61	17639.1
1005.74	17632.2
1006.87	17621.4
1008.01	17607.4
1009.14	17594.1
1010.27	17581.4
1011.41	17579.9
1012.54	17566.8
1013.67	17538.8
1014.81	17521.9
1015.94	17506
1017.07	17500.1
1018.2	17498.4
1019.33	17498.7
1020.47	17501
1021.6	17493.8
1022.73	17486.1
1023.86	17475.4
1024.99	17460.2
1026.12	17445.4
1027.25	17430.4
1028.38	17417.2
1029.51	17404
1030.64	17390.5
1031.77	17377.1
1032.9	17364
1034.03	17351
1035.16	17338.2
1036.29	17324.9
1037.42	17322.4
1038.55	17325.6
1039.67	17322.3
1040.8	17319.7
1041.93	17321.6
1043.06	17326.2
1044.19	17291
1045.31	17250.3
1046.44	17230.5
1047.57	17215.6
1048.69	17204.2
1049.82	17207.2
1050.95	17210.2
1052.08	17210.7
1053.2	17209.3
1054.33	17201.8
1055.45	17191.7
1056.58	17177.2
1057.7	17159.8
1058.83	17140.7
1059.95	17119.4
1061.08	17105.7
1062.2	17096.7
1063.33	17088.8
1064.45	17082.4
1065.58	17077.4
1066.7	17074.4
1067.83	17072.8
1068.95	17070.7
1070.07	17066.3
1071.2	17059.6
1072.32	17050
1073.44	17088.4
1074.56	17092.8
1075.69	17087.4
1076.81	17081.3
1077.93	17048.8
1079.05	17053.9
1080.17	17060.9
1081.3	17070.5
1082.42	17081.7
1083.54	17094.3
1084.66	17106.5
1085.78	17107.5
1086.9	17098.5
1088.02	17080.2
1089.14	17055.7
1090.26	17042.4
1091.38	17034.8
1092.5	17047.5
1093.62	17047.1
1094.74	17074.4
1095.86	17000.1
1096.98	17036
1098.1	17056.6
1099.22	17063.7
1100.34	17066.1
1101.45	17056.9
1102.57	17046.3
1103.69	17035.1
1104.81	17022.7
1105.93	17015.3
1107.04	17013.7
1108.16	17018
1109.28	17026.6
1110.4	17034.9
1111.51	17048.3
1112.63	17059.3
1113.75	17062.4
1114.86	17043.9
1115.98	16996.4
1117.09	16945
1118.21	16917.7
1119.32	16893
1120.44	16899.8
1121.55	16888
1122.67	16870.2
1123.78	16847.9
1124.9	16824.1
1126.01	16800
1127.13	16780.3
1128.24	16771.4
1129.35	16767
1130.47	16767.3
1131.58	16764.6
1132.7	16751.6
1133.81	16733.8
1134.92	16700.8
1136.03	16672.2
1137.15	16649.8
1138.26	16633.7
1139.37	16625.5
1140.48	16622
1141.59	16598.1
1142.71	16576
1143.82	16556.5
1144.93	16540
1146.04	16526.8
1147.15	16516.9
1148.26	16511.2
1149.37	16509.8
1150.48	16517.5
1151.59	16505.5
1152.7	16476.7
1153.81	16472.6
1154.92	16472.5
1156.03	16477.7
1157.14	16487.4
1158.25	16487
1159.36	16472.6
1160.47	16427.3
1161.58	16483.9
1162.68	16474.2
1163.79	16452.6
1164.9	16434.7
1166.01	16420.7
1167.12	16406.6
1168.22	16402.1
1169.33	16403.5
1170.44	16413.2
1171.55	16438.7
1172.65	16477.5
1173.76	16476.8
1174.87	16466.6
1175.97	16455.1
1177.08	16440.4
1178.18	16430.4
1179.29	16444.6
1180.4	16455.8
1181.5	16460.7
1182.61	16460.7
1183.71	16456.5
1184.82	16449.6
1185.92	16443.8
1187.02	16438.2
1188.13	16430.8
1189.23	16423.9
1190.34	16416.3
1191.44	16409.2
1192.54	16405.6
1193.65	16406.3
1194.75	16480.1
1195.85	16511.7
1196.96	16495.5
1198.06	16484.4
1199.16	16471.4
1200.26	16457.5
1201.37	16429.8
1202.47	16429.6
1203.57	16436.1
1204.67	16451.6
1205.77	16453.2
1206.87	16441.5
1207.97	16425.5
1209.08	16411.5
1210.18	16398.1
1211.28	16385.8
1212.38	16376.6
1213.48	16385.1
1214.58	16392.6
1215.68	16392.3
1216.78	16376.3
1217.88	16354.1
1218.98	16323.3
1220.07	16304.1
1221.17	16294.5
1222.27	16295.5
1223.37	16304.4
1224.47	16316.4
1225.57	16315.2
1226.66	16307.4
1227.76	16298.7
1228.86	16288.8
1229.96	16277.2
1231.06	16266.2
1232.15	16258.6
1233.25	16252.6
1234.35	16244.6
1235.44	16233.5
1236.54	16219.8
1237.63	16194.6
1238.73	16169.5
1239.83	16139.6
1240.92	16108.1
1242.02	16092
1243.11	16073.8
1244.21	16078.5
1245.3	16090.5
1246.4	16116.9
1247.49	16141.3
1248.59	16154.9
1249.68	16156.7
1250.78	16147.2
1251.87	16125.5
1252.96	16096.3
1254.06	16078.9
1255.15	16065.7
1256.24	16058.3
1257.34	16064.9
1258.43	16059.1
1259.52	16051.4
1260.62	16041.7
1261.71	16033.6
1262.8	16022.6
1263.89	16010.2
1264.98	16002.5
1266.08	15998.9
1267.17	16002.2
1268.26	16006.5
1269.35	16005.3
1270.44	16007.5
1271.53	16009.8
1272.62	16012.2
1273.71	16015.6
1274.8	16021.4
1275.89	16029.5
1276.98	16036.2
1278.07	16040.4
1279.16	16042.5
1280.25	16042.7
1281.34	16041.7
1282.43	16039.8
1283.52	16036.8
1284.61	16033.3
1285.69	16029.3
1286.78	16025
1287.87	16021.5
1288.96	16019.1
1290.05	16019.8
1291.13	16021.2
1292.22	16023.7
1293.31	16026.8
1294.4	16029.4
1295.48	16029.1
1296.57	16030
1297.66	16040.9
1298.74	16052.8
1299.83	16063.6
1300.92	16058.5
1302	16045.4
1303.09	16036.1
1304.17	16027.4
1305.26	16018.6
1306.34	16005.8
1307.43	16013.1
1308.51	16032.3
1309.6	16064
1310.68	16045
1311.76	16016.2
1312.85	15985.4
1313.93	15960.9
1315.02	15939.7
1316.1	15922
1317.18	15910.1
1318.27	15905.1
1319.35	15905.1
1320.43	15909.6
1321.52	15917.1
1322.6	15927.8
1323.68	15932.4
1324.76	15940.6
1325.85	15935.4
1326.93	15930.2
1328.01	15915.7
1329.09	15900.1
1330.17	15883
1331.25	15865.3
1332.33	15848.9
1333.41	15833.1
1334.49	15817.1
1335.58	15803
1336.65	15804.5
1337.74	15804.5
1338.82	15812.3
1339.89	15821.5
1340.97	15837.9
1342.05	15827.6
1343.13	15815.5
1344.21	15793.9
1345.29	15777.3
1346.37	15766.2
1347.45	15761
1348.53	15758.3
1349.6	15774.6
1350.68	15680.2
1351.76	15706.7
1352.84	15717.9
1353.92	15731.2
1354.99	15745.3
1356.07	15757.5
1357.15	15762.7
1358.22	15765.7
1359.3	15763.9
1360.38	15753
1361.45	15743.3
1362.53	15737.2
1363.61	15731.1
1364.68	15726.2
1365.76	15723.5
1366.83	15723.4
1367.91	15725.9
1368.98	15732.5
1370.06	15745.9
1371.13	15754.4
1372.21	15760.6
1373.28	15748.6
1374.35	15737.5
1375.43	15727.9
1376.5	15720.4
1377.58	15716.3
1378.65	15717.9
1379.72	15711.9
1380.8	15705.3
1381.87	15696
1382.94	15685.4
1384.01	15674.2
1385.09	15663.6
1386.16	15651.1
1387.23	15634.9
1388.3	15620.2
1389.38	15609.6
1390.45	15612.8
1391.52	15623.7
1392.59	15633.9
1393.66	15642.1
1393.92	15643.3
1395	15650.8
1396.07	15655
1397.15	15655.1
1398.22	15652.1
1399.3	15646.2
1400.38	15636.7
1401.45	15624.1
1402.53	15608.7
1403.6	15590.8
1404.68	15575.3
1405.75	15562.2
1406.82	15562.9
1407.9	15560.7
1408.97	15576.6
1410.05	15578.5
1411.12	15560.8
1412.19	15539.3
1413.27	15515.7
1414.34	15492.2
1415.41	15478.5
1416.49	15465.6
1417.56	15473.4
1418.63	15481.9
1419.7	15489.8
1420.78	15496.4
1421.85	15495.9
1422.92	15493.1
1423.99	15487.2
1425.06	15476.3
1426.14	15462.3
1427.21	15443.1
1428.28	15425.6
1429.35	15425.9
1430.42	15427.6
1431.49	15429.8
1432.56	15429
1433.63	15428.5
1434.7	15426.6
1435.77	15422.7
1436.84	15416.8
1437.91	15408.9
1438.98	15398.7
1440.05	15386.4
1441.12	15373.8
1442.18	15359.5
1443.25	15338.1
1444.32	15307.5
1445.39	15312.2
1446.46	15323
1447.53	15343.1
1448.59	15357.3
1449.66	15374.2
1450.73	15377.7
1451.8	15363.6
1452.86	15336.2
1453.93	15314.7
1455	15292.4
1456.06	15283.4
1457.13	15302.3
1458.2	15333.4
1459.26	15322.2
1460.33	15311
1461.39	15306.3
1462.46	15302.6
1463.52	15297.6
1464.59	15293.9
1465.65	15291.5
1466.72	15290.4
1467.78	15290.7
1468.85	15292.2
1469.91	15294.4
1470.98	15286.6
1472.04	15282
1473.1	15275.5
1474.17	15271
1475.23	15267.6
1476.3	15264.5
1477.36	15262.7
1478.42	15261.7
1479.48	15261.6
1480.55	15262.4
1481.61	15264
1482.67	15266
1483.73	15271
1484.8	15277.1
1485.86	15282.1
1486.92	15278
1487.98	15260.3
1489.04	15240.1
1490.1	15209.9
1491.17	15184.4
1492.23	15154.1
1493.29	15136.3
1494.35	15123.6
1495.41	15116.3
1496.47	15119.6
1497.53	15130.2
1498.59	15144.4
1499.65	15158
1500.71	15157
1501.77	15162.4
1502.83	15133.5
1503.88	15096.2
1504.94	15065.6
1506	15061.4
1507.06	15072.6
1508.12	15080.9
1509.18	15086.6
1510.23	15088.1
1511.29	15071.2
1512.35	15059.4
1513.41	15032.5
1514.47	14996.7
1515.52	14964.4
1516.58	14948.1
1517.64	14948.6
1518.69	14956.1
1519.75	14963.8
1520.81	14966.2
1521.86	14966.2
1522.92	14962
1523.97	14955
1525.03	14944.4
1526.08	14930.5
1527.14	14913.6
1528.2	14893.4
1529.25	14899.2
1530.31	14906.7
1531.36	14926.1
1532.42	14974.5
1533.47	14984.5
1534.52	14978.3
1535.58	14929.6
1536.63	14892.8
1537.69	14832.9
1538.74	14818.5
1539.79	14862.1
1540.84	14869.8
1541.9	14874.1
1542.95	14873.9
1544	14870.1
1545.06	14866.3
1546.11	14846.9
1547.16	14828.9
1548.21	14826.2
1549.27	14827
1550.32	14831.9
1551.37	14839.9
1552.42	14853.4
1553.47	14859.2
1554.52	14860.6
1555.57	14856.6
1556.62	14848
1557.67	14834.3
1558.72	14816.5
1559.77	14812.8
1560.82	14825.7
1561.87	14821.7
1562.92	14815.5
1563.97	14808.1
1565.02	14801
1566.07	14795.1
1567.12	14790
1568.17	14784.8
1569.22	14780.6
1570.27	14785.6
1571.32	14791.4
1572.36	14800.4
1573.41	14803.8
1574.46	14803.9
1575.51	14800.6
1576.56	14796.2
1577.6	14789.8
1578.65	14782.2
1579.7	14772.8
1580.74	14763.3
1581.79	14754
1582.84	14745.1
1583.88	14738.2
1584.93	14731.3
1585.98	14725.3
1587.02	14720.4
1588.07	14717
1589.11	14715
1590.16	14714.9
1591.2	14715.7
1592.25	14711.5
1593.29	14703.4
1594.34	14690.4
1595.38	14673.5
1596.43	14659
1597.47	14648.3
1598.52	14640.2
1599.56	14634.5
1600.6	14632.9
1601.65	14631.4
1602.69	14628
1603.73	14622.5
1604.78	14621.5
1605.82	14620.2
1606.86	14619.3
1607.91	14618.2
1608.95	14613.8
1609.99	14594.9
1611.03	14573
1612.08	14545.2
1613.12	14513.6
1614.16	14473.6
1615.2	14466.8
1616.24	14465.3
1617.28	14467.4
1618.32	14472.6
1619.36	14462.8
1620.41	14438.9
1621.45	14418.2
1622.49	14400.6
1623.53	14385.2
1624.57	14370.9
1625.61	14370.7
1626.65	14353.5
1627.69	14338.4
1628.73	14327.5
1629.76	14319.7
1630.8	14312
1631.84	14303.9
1632.88	14292.6
1633.92	14279.8
1634.96	14264.6
1636	14247.8
1637.03	14230.6
1638.07	14213.7
1639.11	14198.6
1640.15	14186.5
1641.19	14177.9
1642.22	14179.3
1643.26	14208.3
1644.3	14251.5
1645.33	14183.5
1646.37	14180.5
1647.41	14173.4
1648.44	14165.5
1649.48	14157.3
1650.52	14148.5
1651.55	14139.9
1652.59	14133.2
1653.62	14126.4
1654.66	14118.8
1655.69	14110.6
1656.73	14100.8
1657.76	14087.2
1658.8	14073
1659.83	14059.7
1660.87	14054.1
1661.9	14059.3
1662.93	14075.9
1663.97	14101.2
1665	14130.7
1666.04	14170.9
1667.07	14063
1668.1	14040.1
1669.14	14060
1670.17	14066.5
1671.2	14054.3
1672.23	14044.6
1673.27	14035.7
1674.3	14027.6
1675.33	14019.5
1676.36	14011.7
1677.39	14003.4
1678.43	13995.6
1679.46	13986.2
1680.49	13977
1681.52	13966.9
1682.55	13956.9
1683.58	13947.8
1684.61	13939.7
1685.64	13936
1686.67	13929.9
1687.7	13907
1688.73	13892.4
1689.76	13891.6
1690.79	13892.9
1691.82	13902.6
1692.85	13912.8
1693.88	13918.2
1694.91	13922.8
1695.94	13924.6
1696.97	13925.5
1698	13924.6
1699.02	13916.5
1700.05	13904
1701.08	13884.6
1702.11	13868.5
1703.14	13854.7
1704.16	13838.1
1705.19	13822.6
1706.22	13805.5
1707.25	13789.1
1708.27	13771.8
1709.3	13765.2
1710.33	13764.1
1711.35	13753.2
1712.38	13738.7
1713.41	13723.3
1714.43	13706.4
1715.46	13691.7
1716.48	13678.7
1717.51	13669.6
1718.53	13680
1719.56	13688.7
1720.58	13691
1721.61	13686.5
1722.63	13674.5
1723.66	13657.4
1724.68	13638.5
1725.71	13621.3
1726.73	13609.2
1727.75	13603.6
1728.78	13604.1
1729.8	13597.7
1730.83	13589.6
1731.85	13580
1732.87	13569.9
1733.89	13558.8
1734.92	13546.7
1735.94	13533
1736.96	13520
1737.98	13509.8
1739.01	13502.2
1740.03	13495.9
1741.05	13488.5
1742.07	13482.1
1743.09	13476
1744.12	13470.1
1745.14	13463.8
1746.16	13457.1
1747.18	13444.9
1748.2	13429.5
1749.22	13414.2
1750.24	13398.8
1751.26	13382.4
1752.28	13367
1753.3	13354.2
1754.32	13353.4
1755.34	13359.7
1756.36	13365.9
1757.38	13365.5
1758.4	13355.3
1759.42	13344.6
1760.44	13335.7
1761.45	13331.1
1762.47	13329.3
1763.49	13328.9
1764.51	13326.7
1765.53	13319.4
1766.55	13315
1767.56	13313.6
1768.58	13310.8
1769.6	13308.2
1770.61	13296.3
1771.63	13230.2
1772.65	13213
1773.67	13236.8
1774.68	13246.3
1775.7	13252.8
1776.72	13257.3
1777.73	13254.8
1778.75	13248.8
1779.76	13237.2
1780.78	13222.2
1781.79	13205.5
1782.81	13188
1783.83	13181.6
1784.84	13172.7
1785.85	13163.2
1786.87	13155.1
1787.88	13149.4
1788.9	13138.4
1789.91	13119.3
1790.93	13095.2
1791.94	13080.7
1792.95	13073.4
1793.97	13072.9
1794.98	13077.5
1796	13087.4
1797.01	13099.8
1798.02	13107.3
1799.03	13107.2
1800.05	13067.4
1801.06	13032.5
1802.07	13005.3
1803.08	12985.3
1804.1	12973.8
1805.11	12969.4
1806.12	12964.6
1807.13	12957.7
1808.14	12949.5
1809.15	12938.1
1810.17	12926.6
1811.18	12922.5
1812.19	12920.6
1813.2	12916.6
1814.21	12910.6
1815.22	12900.6
1816.23	12890.4
1817.24	12880.8
1818.25	12874.8
1819.26	12871.9
1820.27	12868.1
1821.28	12859.7
1822.29	12849.1
1823.3	12835.2
1824.3	12816.8
1825.31	12798
1826.32	12781.1
1827.33	12766.1
1828.34	12752.9
1829.35	12741.5
1830.35	12732
1831.36	12724.4
1832.37	12718.6
1833.38	12715.1
1834.38	12708.2
1835.39	12684.9
1836.4	12666
1837.41	12656.3
1838.41	12651.4
1839.42	12649
1840.43	12643
1841.43	12635.9
1842.44	12627.4
1843.44	12617.1
1844.45	12606
1845.46	12594.4
1846.46	12583.3
1847.47	12572.1
1848.47	12560.6
1849.48	12548.1
1850.48	12534.9
1851.49	12520.9
1852.49	12507.2
1853.49	12493.5
1854.5	12480.2
1855.5	12468.2
1856.51	12458.4
1857.51	12453.6
1858.51	12455.1
1859.52	12442
1860.52	12423.7
1861.52	12409
1862.53	12397.4
1863.53	12413.4
1864.53	12411.7
1865.54	12410
1866.54	12407.1
1867.54	12402.9
1868.54	12395.7
1869.54	12391.8
1870.55	12391.8
1871.55	12396.4
1872.55	12394.2
1873.55	12382.7
1874.55	12335.6
1875.55	12328.7
1876.55	12326.5
1877.55	12323.6
1878.55	12320.4
1879.55	12310.9
1880.56	12298.4
1881.55	12283
1882.56	12266.3
1883.55	12246.2
1884.55	12226.2
1885.55	12210
1886.55	12195.8
1887.55	12183.9
1888.55	12175.1
1889.55	12170.1
1890.55	12170.8
1891.55	12183.8
1892.55	12195.2
1893.54	12203.1
1894.54	12201.9
1895.54	12191.8
1896.54	12167.6
1897.54	12136.6
1898.53	12093.3
1899.53	12035
1900.53	11959.6
1901.52	12115.7
1902.52	12091.9
1903.52	12087.9
1904.51	12080.5
1905.51	12070
1906.51	12056.8
1907.5	12041.2
1908.5	12025.6
1909.49	12010.4
1910.49	11994
1911.49	11977.7
1912.48	11959.8
1913.48	11941.7
1914.47	11925.4
1915.46	11911.9
1916.46	11904.4
1917.45	11898.6
1918.45	11895.7
1919.44	11895.1
1920.44	11896.6
1921.43	11900.1
1922.43	11900.8
1923.42	11875.5
1924.41	11854.6
1925.41	11833.5
1926.4	11812.7
1927.39	11791.9
1928.38	11772.6
1929.38	11773.5
1930.37	11780.9
1931.36	11788
1932.35	11787.4
1933.35	11780
1934.34	11765.8
1935.33	11746.7
1936.32	11734.4
1937.31	11726.8
1938.3	11731.1
1939.29	11722.4
1940.29	11713.1
1941.28	11700.6
1942.27	11684.7
1943.26	11663.5
1944.25	11638.5
1945.24	11614.7
1946.23	11596.2
1947.22	11586.7
1948.21	11581.8
1949.2	11580
1950.19	11578.7
1951.18	11579.4
1952.17	11582
1953.16	11583
1954.14	11580.5
1955.13	11573.8
1956.12	11564.8
1957.11	11554.5
1958.1	11543.2
1959.09	11528.6
1960.07	11512.7
1961.06	11493.9
1962.05	11474.7
1963.04	11460
1964.02	11446.4
1965.01	11436.3
1966	11426.1
1966.99	11417.1
1967.97	11408.8
1968.96	11401.3
1969.95	11394.1
1970.93	11387.6
1971.92	11381.3
1972.9	11375.6
1973.89	11370.2
1974.88	11365.4
1975.86	11360
1976.85	11352.1
1977.83	11342.2
1978.82	11329.8
1979.8	11315.8
1980.79	11299.4
1981.77	11281.1
1982.76	11261.1
1983.74	11240.3
1984.72	11238.3
1985.71	11240.6
1986.69	11239.9
1987.67	11237.3
1988.66	11232.2
1989.64	11225.4
1990.62	11216.6
1991.61	11208
1992.59	11198.7
1993.57	11188
1994.56	11176
1995.54	11161.9
1996.52	11147.2
1997.5	11134.4
1998.49	11126.5
1999.47	11121.2
2000.45	11118.3
2001.43	11119.7
2002.41	11123.6
2003.39	11129.9
2004.38	11137
2005.36	11100.6
2006.34	11077.7
2007.32	11051.9
2008.3	11054
2009.28	11046.5
2010.26	11035.3
2011.24	11024.3
2012.22	11013.1
2013.2	11003.6
2014.18	10992.9
2015.16	10981.5
2016.14	10969.8
2017.12	10957.1
2018.1	10945.6
2019.07	10951
2020.05	10946.6
2021.03	10941.1
2022.01	10936.5
2022.99	10929.4
2023.97	10919.7
2024.95	10908.5
2025.92	10895.2
2026.9	10880.5
2027.88	10865.6
2028.86	10852.2
2029.83	10839
2030.81	10825.9
2031.79	10814.8
2032.76	10805.2
2033.74	10797
2034.72	10788.1
2035.69	10778.6
2036.67	10768
2037.65	10755.1
2038.62	10740.9
2039.6	10725.2
2040.57	10708.5
2041.55	10691
2042.52	10676
2043.5	10669.1
2044.47	10672.7
2045.45	10689
2046.42	10681.4
2047.4	10667.8
2048.37	10649.2
2049.35	10627.9
2050.32	10613.4
2051.29	10605.8
2052.27	10604.3
2053.24	10607
2054.21	10601.9
2055.19	10589.7
2056.16	10568.8
2057.13	10551.6
2058.11	10538.6
2059.08	10530.1
2060.05	10525.3
2061.02	10527.1
2062	10530.7
2062.97	10532.2
2063.94	10516.3
2064.91	10481
2065.89	10446.6
2066.86	10418.8
2067.83	10402.7
2068.8	10395.5
2069.77	10387.5
2070.74	10386.8
2071.71	10389.9
2072.68	10396.2
2073.65	10388.7
2074.62	10375.9
2075.59	10357.8
2076.56	10334.9
2077.53	10307.8
2078.5	10275.9
2079.47	10246.7
2080.44	10235.6
2081.41	10240.1
2082.38	10250
2083.35	10252.1
2084.32	10249.6
2085.29	10241.9
2086.26	10234.9
2087.23	10223.9
2088.19	10210.3
2089.16	10194.2
2090.13	10176.9
2091.1	10131.6
2092.07	10151.7
2093.03	10163.1
2094	10155.5
2094.97	10158.8
2095.94	10154
2096.9	10104.3
2097.87	10103.7
2098.84	10089.4
2099.8	10087.4
2100.77	10095
2101.74	10123
2102.7	10093.5
2103.67	10084.2
2104.63	10075.1
2105.6	10059.3
2106.56	10042.2
2107.53	10030
2108.49	10017.4
2109.46	10010.1
2110.42	10004.3
2111.39	10000.4
2112.35	9998.07
2113.32	9996.79
2114.28	9995.56
2115.25	9987.1
2116.21	9975.06
2117.17	9958.5
2118.14	9938.33
2119.1	9921.47
2120.07	9907.54
2121.03	9897.82
2121.99	9888.42
2122.96	9883.03
2123.92	9880.16
2124.88	9875.78
2125.84	9870.21
2126.81	9858.87
2127.77	9847.44
2128.73	9835.18
2129.69	9822.33
2130.65	9808.79
2131.62	9794.48
2132.58	9779.97
2133.54	9765.51
2134.5	9751.77
2135.46	9737.4
2136.42	9725.21
2137.38	9719.32
2138.34	9722.33
2139.3	9733.33
2140.26	9729.51
2141.22	9717.05
2142.18	9685.41
2143.14	9663.76
2144.1	9640.23
2145.06	9616.13
2146.02	9602.24
2146.98	9598.54
2147.94	9604
2148.9	9617.23
2149.86	9627.08
2150.82	9625.37
2151.78	9610.18
2152.74	9579.2
2153.69	9564.37
2154.65	9551.58
2155.61	9542.37
2156.57	9531.79
2157.53	9521.46
2158.48	9514.05
2159.44	9506.23
2160.4	9497.82
2161.36	9488.54
2162.31	9477.95
2163.27	9465.32
2164.23	9450.59
2165.18	9427.36
2166.14	9416.11
2167.1	9404.79
2168.05	9402.19
2169.01	9394.09
2169.96	9390.56
2170.92	9383.07
2171.88	9370.79
2172.83	9353.52
2173.79	9330.64
2174.74	9302.63
2175.7	9281.44
2176.65	9263.81
2177.6	9252.99
2178.56	9250.45
2179.51	9246.35
2180.47	9239.13
2181.42	9231.2
2182.38	9221.44
2183.33	9209.37
2184.28	9194.95
2185.24	9175.48
2186.19	9155.58
2187.14	9137.39
2188.1	9121.42
2189.05	9107.39
2190	9094.48
2190.96	9082.85
2191.91	9073.09
2192.86	9064.59
2193.81	9057.34
2194.76	9050.97
2195.72	9044.85
2196.67	9038.78
2197.62	9029.2
2198.57	9019.82
2199.52	9009.65
2200.47	8996.76
2201.43	8985.62
2202.38	8998.79
2203.33	9003.51
2204.28	8997.35
2205.23	8982.97
2206.18	8970.65
2207.13	8952.74
2208.08	8932.32
2209.03	8922.89
2209.98	8917.59
2210.93	8922.99
2211.88	8926.6
2212.83	8925.82
2213.78	8919.74
2214.73	8910.67
2215.67	8899.63
2216.62	8887.41
2217.57	8871.77
2218.52	8855.09
2219.47	8837.25
2220.42	8822.14
2221.37	8810.37
2222.31	8803.98
2223.26	8810.13
2224.21	8814.25
2225.16	8814.73
2226.1	8811.8
2227.05	8801.09
2228	8790.38
2228.94	8771.17
2229.89	8756.45
2230.84	8745.8
2231.78	8736.02
2232.73	8728.37
2233.68	8722.62
2234.62	8718.69
2235.57	8717.17
2236.51	8716.17
2237.46	8716.82
2238.41	8717.96
2239.35	8718.28
2240.3	8716.92
2241.24	8708.52
2242.19	8702.3
2243.13	8694.42
2244.07	8689.04
2245.02	8682.91
2245.96	8679.55
2246.91	8682.35
2247.85	8683.97
2248.8	8683.01
2249.74	8670.36
2250.68	8659.76
2251.63	8653.36
2252.57	8646.45
2253.51	8646.19
2254.46	8651.96
2255.4	8651.72
2256.34	8647.66
2257.28	8638.89
2258.23	8626.85
2259.17	8618.2
2260.11	8613.03
2261.05	8607.59
2262	8604.84
2262.94	8603.94
2263.88	8599.74
2264.82	8592.29
2265.76	8587.68
2266.7	8582.16
2267.64	8577.36
2268.58	8573.41
2269.53	8570.88
2270.47	8569.99
2271.41	8569.67
2272.35	8569.59
2273.29	8571.01
2274.23	8565.33
2275.17	8558.79
2276.11	8543.64
2277.05	8532.11
2277.99	8529.57
2278.93	8530.4
2279.86	8534.55
2280.8	8538.92
2281.74	8532.87
2282.68	8524.53
2283.62	8511.44
2284.56	8503.65
2285.5	8496.63
2286.44	8492.86
2287.37	8493.49
2288.31	8493.35
2289.25	8492.55
2290.19	8489.42
2291.12	8482.41
2292.06	8476.29
2293	8471.15
2293.94	8466.22
2294.87	8461.56
2295.81	8458.42
2296.75	8455.85
2297.68	8453.77
2298.62	8452.18
2299.55	8447.32
2300.49	8439.35
2301.43	8425.5
2302.36	8413.24
2303.3	8402.64
2304.23	8397.63
2305.17	8397.83
2306.1	8400.68
2307.04	8400.87
2307.98	8400.06
2308.91	8401.73
2309.84	8398.94
2310.78	8391.69
2311.71	8380.87
2312.65	8367.66
2313.58	8353.34
2314.52	8338.47
2315.45	8326.01
2316.38	8316.15
2317.32	8307.8
2317.72	8305.01
2318.66	8303.28
2319.6	8304.08
2320.54	8303.63
2321.48	8298.92
2322.41	8291.35
2323.35	8281.1
2324.29	8266.97
2325.23	8239.5
2326.16	8219.53
2327.1	8216.91
2328.04	8214.55
2328.97	8214.51
2329.91	8214.37
2330.85	8212.07
2331.78	8208.08
2332.72	8196.77
2333.66	8185.66
2334.59	8172.77
2335.53	8170.23
2336.46	8181.88
2337.4	8183.93
2338.33	8181.56
2339.27	8172.87
2340.2	8160.07
2341.14	8145.48
2342.07	8129.39
2343.01	8112.91
2343.94	8096.17
2344.88	8082.59
2345.81	8081.45
2346.75	8077.78
2347.68	8075.85
2348.61	8070.31
2349.55	8062.22
2350.48	8053.3
2351.41	8038.74
2352.35	8028.31
2353.28	8021.27
2354.21	8015.67
2355.15	8011.92
2356.08	8009.84
2357.01	8010.29
2357.94	8012.43
2358.88	8016.82
2359.81	8021.55
2360.74	8022.01
2361.67	8020.76
2362.6	8013.85
2363.54	8005.6
2364.47	7997.92
2365.4	7997.36
2366.33	7997.69
2367.26	7996.19
2368.19	7998.59
2369.12	7985.13
2370.05	7969.56
2370.98	7949.84
2371.91	7933.89
2372.84	7927.06
2373.77	7926.75
2374.7	7930.88
2375.63	7944.33
2376.56	7956.8
2377.49	7960.41
2378.42	7952.68
2379.35	7945.17
2380.28	7930.89
2381.21	7915.53
2382.14	7901.4
2383.07	7891.42
2384	7889.58
2384.92	7894.28
2385.85	7894.98
2386.78	7890.3
2387.71	7874.72
2388.64	7870.3
2389.56	7865.86
2390.49	7861.36
2391.42	7856.51
2392.35	7851.17
2393.27	7845.5
2394.2	7839.35
2395.13	7832.56
2396.05	7825.43
2396.98	7819.71
2397.91	7813.07
2398.83	7820.95
2399.76	7836.04
2400.69	7838.97
2401.61	7833.15
2402.54	7801.5
2403.46	7762.84
2404.39	7728.86
2405.31	7702.23
2406.24	7727.96
2407.17	7742.32
2408.09	7753.86
2409.01	7763.72
2409.94	7765.89
2410.86	7764.04
2411.79	7757.6
2412.71	7746.34
2413.64	7732.02
2414.56	7716.02
2415.49	7704.49
2416.41	7692.63
2417.33	7681.67
2418.26	7671.2
2419.18	7661.44
2420.1	7652.38
2421.03	7644.76
2421.95	7646.71
2422.87	7652.01
2423.79	7652.04
2424.72	7649.01
2425.64	7642.1
2426.56	7632.08
2427.48	7600.08
2428.41	7572.38
2429.33	7554.54
2430.25	7555.88
2431.17	7560.11
2432.09	7555.95
2433.01	7529.51
2433.93	7517.87
2434.86	7506.52
2435.78	7498.17
2436.7	7498.97
2437.62	7500.73
2438.54	7502.03
2439.46	7501.45
2440.38	7497.56
2441.3	7490.4
2442.22	7481.93
2443.14	7471.96
2444.06	7460.49
2444.98	7446.94
2445.9	7432.42
2446.82	7418.35
2447.73	7404.3
2448.65	7391.73
2449.57	7383.61
2450.49	7377.72
2451.41	7373.48
2452.33	7370.08
2453.25	7366.34
2454.17	7355.03
2455.08	7346.35
2456	7337.52
2456.92	7328.48
2457.84	7319.85
2458.75	7315.97
2459.67	7311.54
2460.59	7307.65
2461.51	7304.4
2462.42	7301.95
2463.34	7298.7
2464.26	7288.28
2465.17	7267.89
2466.09	7263.18
2467	7260.94
2467.92	7267.77
2468.84	7271.36
2469.75	7242
2470.67	7227.91
2471.58	7219.89
2472.5	7218.17
2473.42	7219.81
2474.33	7223.19
2475.25	7225.89
2476.16	7226.23
2477.08	7223.12
2477.99	7216.97
2478.9	7208.3
2479.82	7197.07
2480.73	7183.15
2481.65	7166.34
2482.56	7147.3
2483.47	7129.21
2484.39	7112.77
2485.3	7102.08
2486.22	7111
2487.13	7125.21
2488.04	7138.97
2488.96	7143.33
2489.87	7141.85
2490.78	7137.06
2491.69	7126.31
2492.61	7115.16
2493.52	7106.19
2494.43	7101.27
2495.34	7097.79
2496.25	7095.42
2497.17	7094.58
2498.08	7094.49
2498.99	7094.53
2499.9	7085.92
2500.81	7076.46
2501.72	7069.33
2502.63	7066.3
2503.55	7068.02
2504.46	7066.81
2505.37	7063.83
2506.28	7059.89
2507.19	7054.34
2508.1	7047.49
2509.01	7039.5
2509.92	7030.24
2510.83	7019.76
2511.74	7008.2
2512.65	6995.46
2513.56	6981.97
2514.47	6966.14
2515.37	6952.65
2516.28	6951.46
2517.19	6953.72
2518.1	6961.56
2519.01	6975.28
2519.92	6996.57
2520.83	7006.78
2521.73	7012.67
2522.64	7008.7
2523.55	7007.49
2524.46	7000.95
2525.37	6989.7
2526.27	6976.08
2527.18	6962.06
2528.09	6949.36
2529	6936.34
2529.9	6923.07
2530.81	6910.2
2531.72	6898.02
2532.62	6886.65
2533.53	6876.63
2534.44	6869.32
2535.34	6874.67
2536.25	6877.63
2537.15	6887.17
2538.06	6896.71
2538.96	6898.32
2539.87	6899.9
2540.78	6872.4
2541.68	6846.8
2542.59	6820.86
2543.49	6809.69
2544.4	6861.39
2545.3	6844.66
2546.21	6833.63
2547.11	6828.11
2548.01	6824.39
2548.92	6818.18
2549.82	6809.88
2550.73	6799.11
2551.63	6787.34
2552.53	6775.37
2553.44	6763
2554.34	6750.08
2555.24	6737.08
2556.15	6725.63
2557.05	6716.17
2557.95	6708.3
2558.86	6704.87
2559.76	6704.34
2560.66	6703.04
2561.56	6705
2562.46	6693.69
2563.37	6681.23
2564.27	6668.08
2565.17	6654.13
2566.07	6642.38
2566.97	6634.82
2567.88	6627.84
2568.78	6621.99
2569.68	6616.98
2570.58	6613.38
2571.48	6610.32
2572.38	6605.88
2573.28	6596.73
2574.18	6578.31
2575.08	6562.91
2575.98	6556.2
2576.88	6552.31
2577.78	6550.37
2578.68	6551.51
2579.58	6556.87
2580.48	6555.46
2581.38	6552.95
2582.28	6549.33
2583.18	6544.09
2584.08	6537.03
2584.98	6528.24
2585.88	6517.86
2586.77	6505.26
2587.67	6487.12
2588.57	6480.92
2589.47	6481.97
2590.37	6481.83
2591.27	6485.17
2592.16	6484.13
2593.06	6478.21
2593.96	6468.72
2594.86	6458.78
2595.75	6444.2
2596.65	6432.2
2597.55	6423.44
2598.45	6416.79
2599.34	6411.93
2600.24	6406.93
2601.13	6393.14
2602.03	6383.7
2602.93	6365.13
2603.82	6351.7
2604.72	6346.18
2605.62	6348.83
2606.51	6361.93
2607.41	6381.81
2608.3	6397.65
2609.2	6408.56
2610.09	6384.81
2610.99	6371.7
2611.88	6356.05
2612.78	6340.12
2613.67	6327.36
2614.57	6317.45
2615.46	6316.15
2616.36	6314.69
2617.25	6313.58
2618.14	6311.06
2619.04	6299.11
2619.93	6293.3
2620.83	6288.5
2621.72	6284.41
2622.61	6280.09
2623.5	6275.89
2624.4	6271.55
2625.29	6265.5
2626.18	6257.98
2627.08	6250.73
2627.97	6242.97
2628.86	6234.51
2629.75	6225.8
2630.65	6216.39
2631.54	6206.77
2632.43	6197.16
2633.32	6187.98
2634.21	6180.22
2635.11	6173.17
2636	6168.57
2636.89	6165.3
2637.78	6162.33
2638.67	6155.45
2639.56	6142.85
2640.45	6130.55
2641.34	6115.49
2642.23	6103.32
2643.12	6092.23
2644.01	6081.69
2644.9	6071.41
2645.79	6061.47
2646.68	6051.7
2647.57	6042.47
2648.46	6033.29
2649.35	6024.44
2650.24	6016.11
2651.13	6008.62
2652.02	6002.95
2652.91	5999.58
2653.8	5998.07
2654.69	6000.52
2655.58	6006.4
2656.46	6011.08
2657.35	6012.6
2658.24	6009.55
2659.13	6001.23
2660.02	5990.78
2660.9	5980.37
2661.79	5969.64
2662.68	5959.55
2663.57	5947.7
2664.45	5953.32
2665.34	5955.85
2666.23	5965.35
2667.11	5964.28
2668	5946.59
2668.89	5921.39
2669.77	5911.16
2670.66	5906.53
2671.55	5905.21
2672.43	5904.46
2673.32	5904.39
2674.21	5904.11
2675.09	5903.54
2675.98	5902.22
2676.86	5881.98
2677.75	5860.78
2678.63	5848.8
2679.52	5847.66
2680.4	5864.09
2681.29	5856.58
2682.17	5838.31
2683.06	5809.88
2683.94	5794.01
2684.82	5781.64
2685.71	5770.34
2686.59	5763.31
2687.48	5759.31
2688.36	5760.27
2689.24	5766.99
2690.13	5781.15
2691.01	5796.54
2691.89	5769.15
2692.78	5745.5
2693.66	5729.58
2694.54	5717.43
2695.43	5706.36
2696.31	5698.61
2697.19	5694.18
2698.07	5693.17
2698.96	5695.02
2699.84	5700.6
2700.72	5707.49
2701.6	5692.77
2702.48	5671.48
2703.36	5647.12
2704.25	5626.57
2705.13	5613.31
2706.01	5613.98
2706.89	5620.96
2707.77	5627.03
2708.65	5632.07
2709.53	5635.76
2710.41	5636.76
2711.29	5634.28
2712.17	5628.1
2713.05	5619.02
2713.93	5606.92
2714.81	5596.18
2715.69	5589.29
2716.57	5589.18
2717.45	5595.67
2718.33	5589.19
2719.21	5579.41
2720.09	5572.13
2720.97	5563.12
2721.85	5560.52
2722.73	5558.65
2723.61	5557.73
2724.48	5557.74
2725.36	5559.06
2726.24	5561.12
2727.12	5551.36
2728	5528.15
2728.88	5502.79
2729.75	5487.96
2730.63	5494.5
2731.51	5492.63
2732.39	5489.84
2733.26	5485.13
2734.14	5479.35
2735.02	5472.33
2735.89	5464.22
2736.77	5454.4
2737.65	5443.98
2738.52	5433.38
2739.4	5424.48
2740.28	5420.43
2741.15	5420.5
2742.03	5422.29
2742.9	5427.09
2743.78	5434.7
2744.65	5446.22
2745.53	5456.64
2746.41	5460.69
2747.28	5448.49
2748.16	5421.92
2749.03	5414.54
2749.91	5408.3
2750.78	5406.26
2751.66	5401.54
2752.53	5396.61
2753.4	5391.45
2754.28	5385.13
2755.15	5378.62
2756.02	5372.02
2756.9	5366.05
2757.77	5360.62
2758.65	5356.35
2759.52	5352.88
2760.39	5350.26
2761.27	5348.17
2762.14	5347.07
2763.01	5338.24
2763.88	5313.18
2764.76	5295.57
2765.63	5282.96
2766.5	5272.81
2767.37	5271.5
2768.25	5281.85
2769.12	5291.44
2769.99	5319.88
2770.86	5332.18
2771.73	5277.03
2772.61	5269.45
2773.48	5262.47
2774.35	5254.19
2775.22	5243.77
2776.09	5234.7
2776.96	5227.58
2777.83	5222.33
2778.7	5219.65
2779.57	5217.17
2780.44	5215.18
2781.31	5213.32
2782.18	5209.57
2783.05	5206.03
2783.92	5202.54
2784.79	5199.18
2785.66	5195.9
2786.53	5194.9
2787.4	5192.45
2788.27	5188.05
2789.14	5182.2
2790.01	5175.02
2790.88	5166.42
2791.75	5156.97
2792.62	5145.72
2793.48	5139.22
2794.35	5143.37
2795.22	5145.23
2796.09	5163.89
2796.96	5154.79
2797.82	5134.33
2798.69	5118.76
2799.56	5107.84
2800.43	5099.99
2801.29	5092.66
2802.16	5088.85
2803.03	5095.45
2803.9	5095.75
2804.76	5086.62
2805.63	5075.46
2806.5	5063.34
2807.36	5054.81
2808.23	5051.36
2809.09	5048.77
2809.96	5047
2810.83	5050.15
2811.69	5055.93
2812.56	5060.26
2813.42	5061.02
2814.29	5049.37
2815.15	5030.78
2816.02	4999.23
2816.88	4996.87
2817.75	4999.64
2818.61	5000.55
2819.48	5002.99
2820.34	5005.63
2821.21	5001.8
2822.07	4979.39
2822.94	4971.2
2823.8	4975.97
2824.66	4975.29
2825.53	4971.77
2826.39	4969.27
2827.26	4965.69
2828.12	4961.37
2828.98	4956.33
2829.85	4950.21
2830.71	4943.21
2831.57	4934.69
2832.43	4931.96
2833.3	4945.11
2834.16	4960.07
2835.02	4965.85
2835.88	4940.86
2836.75	4931.42
2837.61	4922.41
2838.47	4913.16
2839.33	4905.48
2840.19	4907.86
2841.06	4906.49
2841.92	4905.85
2842.78	4903.25
2843.64	4896.89
2844.5	4889.78
2845.36	4881.81
2846.22	4872.85
2847.08	4863.69
2847.94	4853.96
2848.81	4858.06
2849.67	4867.73
2850.53	4874.41
2851.39	4877.57
2852.25	4878.2
2853.11	4876.05
2853.97	4866.81
2854.82	4856.06
2855.68	4842.69
2856.54	4827.5
2857.4	4814.2
2858.26	4802.8
2859.12	4798.64
2859.98	4795.8
2860.84	4798.26
2861.7	4801.45
2862.56	4804.76
2863.41	4806.27
2864.27	4800.14
2865.13	4794.52
2865.99	4789.7
2866.85	4785.68
2867.7	4784.44
2868.56	4783.74
2869.42	4780.23
2870.28	4774.32
2871.13	4766.19
2871.99	4753.5
2872.85	4740.47
2873.7	4729.28
2874.56	4721.48
2875.42	4717.18
2876.27	4716.74
2877.13	4720.07
2877.99	4727.45
2878.84	4714.96
2879.7	4707.23
2880.56	4698.5
2881.41	4692.38
2882.27	4687.04
2883.12	4683.29
2883.98	4680.5
2884.83	4679.39
2885.69	4679.16
2886.54	4679.35
2887.4	4678.5
2888.25	4673.48
2889.11	4665.01
2889.96	4655.79
2890.82	4644.1
2891.67	4630.89
2892.52	4618.51
2893.38	4606.42
2894.23	4607.87
2895.09	4611.02
2895.94	4616.63
2896.79	4619.53
2897.65	4619.9
2898.5	4618.35
2899.35	4612.42
2900.21	4604.95
2901.06	4593.86
2901.91	4581.98
2902.76	4570.37
2903.62	4560.65
2904.47	4553.63
2905.32	4547.12
2906.17	4542.04
2907.03	4538.46
2907.88	4536.11
2908.73	4535.67
2909.58	4535.36
2910.43	4524.77
2911.28	4514.75
2912.14	4507.04
2912.99	4499.98
2913.84	4499.89
2914.69	4504.61
2915.54	4517
2916.39	4515.54
2917.24	4509.56
2918.09	4497.19
2918.94	4484.35
2919.79	4480.47
2920.64	4474.7
2921.49	4475.35
2922.34	4466.54
2923.19	4453.96
2924.04	4443.83
2924.89	4431.44
2925.74	4424.47
2926.59	4420.16
2927.44	4416.03
2928.29	4409.04
2929.14	4405.96
2929.98	4401.3
2930.83	4395.87
2931.68	4382.21
2932.53	4374.62
2933.38	4369.15
2934.23	4371.55
2935.07	4375.99
2935.92	4380.54
2936.77	4357.39
2937.62	4350.06
2938.47	4344.9
2939.31	4341.21
2940.16	4342.12
2941.01	4341.85
2941.85	4337.54
2942.7	4328.96
2943.55	4319.66
2944.39	4309.78
2945.24	4304.27
2946.09	4304.1
2946.93	4304.02
2947.78	4305.53
2948.63	4305.44
2949.47	4304.1
2950.32	4301.33
2951.16	4298.14
2952.01	4295.14
2952.85	4291.9
2953.7	4290.43
2954.55	4290.15
2955.39	4289.27
2956.24	4286.82
2957.08	4275.66
2957.92	4268.9
2958.77	4259.97
2959.61	4250.26
2960.46	4246.13
2961.3	4245.77
2962.15	4252.62
2962.99	4259.25
2963.83	4261.83
2964.68	4257.7
2965.52	4248.64
2966.37	4244.15
2967.21	4236.24
2968.05	4229.11
2968.9	4225.68
2969.74	4221.5
2970.58	4210.51
2971.42	4197.8
2972.27	4183.66
2973.11	4164.23
2973.95	4158.42
2974.79	4167.27
2975.64	4179.65
2976.48	4188.06
2977.32	4188.61
2978.16	4181.01
2979	4168.65
2979.85	4158.67
2980.69	4147.61
2981.53	4138
2982.37	4129.96
2983.21	4127.05
2984.05	4127.06
2984.89	4138.11
2985.73	4146.92
2986.57	4151.03
2987.41	4152.78
2988.25	4150.02
2989.1	4142.76
2989.94	4133.92
2990.77	4123.73
2991.62	4114.95
2992.45	4112.37
2993.29	4110.87
2994.13	4111.07
2994.97	4113.15
2995.81	4117.17
2996.65	4125.31
2997.49	4126.24
2998.33	4141.2
2999.17	4069.79
