200.833	23039.1
202.102	23234.4
203.371	23171.4
204.639	23169.7
205.907	23163.8
207.175	23160.2
208.442	23159.9
209.71	23163.4
210.977	23170.7
212.244	23182.5
213.511	23200.2
214.777	23228.8
216.042	23265.3
217.309	23323
218.575	23388.4
219.84	23446.4
221.106	23497.4
222.371	23543.6
223.635	23560.7
224.9	23546.4
226.165	23546.3
227.429	23563.2
228.694	23595.9
229.956	23693.3
231.22	23800.2
232.484	23841.8
233.747	23879.2
235.011	23912.1
236.272	23942.6
237.535	23964.8
238.798	23998.6
240.06	24037.4
241.321	24076.9
242.583	24117.6
243.845	24154.2
245.105	24191.8
246.367	24228.9
247.628	24266.7
248.888	24303.5
250.149	24330.4
251.409	24324.9
252.67	24332.4
253.928	24339.9
255.189	24344.4
256.447	24349.2
257.707	24355.9
258.966	24363.4
260.224	24372.2
261.483	24381.4
262.742	24405.3
263.999	24440.7
265.257	24472.7
266.514	24504.7
267.772	24527.8
269.028	24547.1
270.286	24562.9
271.543	24575.2
272.799	24582.5
274.056	24591
275.311	24614.9
276.568	24645.2
277.823	24691.6
279.079	24750.9
280.333	24805.8
281.589	24857
282.843	24905
284.099	24945.7
285.352	24953.6
286.607	24957.4
287.86	24969
289.114	24991.6
290.368	25023.6
291.621	25055.2
292.875	25080.8
294.127	25107.8
295.38	25134
296.632	25159.1
297.884	25181.5
299.137	25198.1
300.388	25203.1
301.641	25204.9
302.891	25215.8
304.142	25232.7
305.394	25260.6
306.644	25280.2
307.894	25310.5
309.146	25341
310.395	25340.1
311.645	25331.8
312.895	25327.5
314.144	25330.4
315.393	25336.8
316.642	25347.8
317.892	25362.2
319.14	25381.4
320.388	25404.1
321.637	25430.6
322.885	25458
324.132	25468.3
325.38	25476.2
326.628	25492.6
327.875	25524.9
329.122	25554.3
330.368	25588.3
331.614	25633.1
332.862	25663.9
334.108	25698.8
335.353	25704.8
336.599	25706.9
337.844	25713.4
339.089	25725
340.335	25740
341.58	25757.9
342.824	25779.8
344.068	25805.6
345.312	25835.3
346.556	25870.4
347.8	25915.2
349.043	25973.2
350.286	25980.8
351.53	25983.1
352.774	25863.3
354.016	25863.4
355.259	25901.5
356.501	26024.1
357.743	25925.9
358.985	25920.5
360.227	25931.9
361.468	25942.8
362.709	25951.9
363.95	25962.4
365.191	25974
366.432	25986.7
367.672	25999.5
368.912	26013.4
370.152	26025
371.392	26016.1
372.632	26003.2
373.871	25990.5
375.11	25988.8
376.348	25998.8
377.587	26021.3
378.825	26053.3
380.064	26102.7
381.302	26143.9
382.54	26163.6
383.778	26172.8
385.016	26168
386.253	26151.1
387.489	26132.1
388.726	26150.8
389.963	26193.4
391.199	26255.6
392.436	26314.5
393.672	26375.5
394.907	26403.4
396.142	26412.2
397.378	26413.3
398.614	26415.2
399.849	26417.8
401.082	26419.8
402.317	26419.9
403.552	26419.9
404.786	26420.1
406.019	26420.7
407.253	26424.1
408.487	26452.1
409.721	26476.6
410.953	26508.7
412.186	26533.6
413.419	26553.3
414.651	26565.8
415.883	26576.4
417.116	26572.5
418.347	26570.7
419.579	26567.9
420.811	26562.4
422.041	26552.4
423.272	26540.1
424.504	26526.2
425.733	26513.4
426.964	26536.6
428.194	26558.9
429.424	26574
430.654	26603.5
431.883	26623.6
433.113	26640.9
434.341	26638.4
435.571	26610.8
436.799	26594.9
438.028	26583
439.257	26587.6
440.484	26602
441.713	26626.7
442.94	26658.7
444.168	26701.8
445.394	26761.1
446.622	26784.7
447.848	26760.9
449.076	26723.3
450.301	26720.2
451.528	26731.6
452.754	26759.7
453.979	26783.1
455.205	26806.5
456.43	26827.2
457.656	26844.7
458.88	26856.7
460.106	26862.4
461.33	26860.2
462.554	26854.2
463.779	26803.5
465.002	26779.7
466.225	26758.9
467.45	26792.4
468.672	26884.9
469.895	26909.8
471.119	26899.5
472.341	26885.8
473.563	26869.5
474.786	26849.9
476.008	26829.2
477.229	26817.5
478.452	26809.7
479.673	26805.5
480.894	26808.9
482.115	26800.4
483.337	26786
484.557	26768.9
485.777	26755.7
486.997	26763.8
488.218	26767.9
489.438	26767
490.657	26761.8
491.876	26752.9
493.096	26740.6
494.315	26725.9
495.533	26708.8
496.752	26690.1
497.97	26677.6
499.188	26661.4
500.407	26669.6
501.625	26683.6
502.842	26707.1
504.059	26728.5
505.276	26756.3
506.493	26796.5
507.71	26838.4
508.926	26848.7
510.142	26850.7
511.358	26836.1
512.575	26828.6
513.791	26815
515.006	26809.6
516.222	26819
517.437	26844.6
518.651	26870.4
519.866	26894.3
521.081	26916.6
522.295	26938.2
523.509	26955.5
524.723	26963.3
525.937	26967.3
527.15	26966.6
528.363	26960.9
529.576	26951.1
530.789	26934.6
532.002	26949.7
533.215	27005.9
534.426	27062.3
535.638	27111.9
536.85	27155.1
538.061	27191
539.273	27145
540.484	27122.9
541.695	27093.5
542.906	27059.6
544.117	27037.5
545.327	27020.7
546.537	27000.4
547.747	27001.3
548.957	27019.2
550.167	27033.8
551.377	27047.8
552.585	27060
553.794	27068.9
555.003	27071.4
556.212	27071.9
557.421	27069.4
558.628	27064
559.836	27057.5
561.044	27063.9
562.252	27069.7
563.458	27070.5
564.666	27059.6
565.873	27042.5
567.08	27028.7
568.286	27017.7
569.493	27027.9
570.699	27036.7
571.904	27057.5
573.111	27083.7
574.317	27114.7
575.521	27140.6
576.727	27140.9
577.932	27129.6
579.136	27113.4
580.341	27104.3
581.544	27098.3
582.749	27093.7
583.954	27093.2
585.156	27095.9
586.361	27101.1
587.563	27108.2
588.767	27116.4
589.97	27120.4
591.172	27119.7
592.375	27119.1
593.577	27116.2
594.78	27110.7
595.981	27100.2
597.183	27118.6
598.384	27160.1
599.586	27185.7
600.786	27209
601.988	27133.9
603.188	27093.6
604.389	27065.6
605.589	27047.1
606.79	27099.5
607.989	27105.8
609.188	27102
610.389	27098.4
611.587	27039.5
612.787	27017.9
613.986	26997.3
615.184	26989.2
616.383	26977.6
617.581	26964.5
618.78	26950.9
619.977	26936.9
621.174	26923.4
622.373	26911.8
623.57	26902.2
624.766	26895.7
625.964	26893.8
627.16	26892.7
628.356	26881.6
629.554	26837.7
630.749	26781
631.945	26725.3
633.14	26698.7
634.337	26730.2
635.532	26735.4
636.726	26749.8
637.921	26751.4
639.117	26742.7
640.311	26719.8
641.505	26705
642.699	26704.2
643.892	26711.3
645.087	26722.5
646.28	26742.2
647.473	26764.1
648.666	26782.4
649.859	26779
651.051	26769.4
652.245	26759.5
653.437	26751.6
654.629	26745.7
655.821	26739.8
657.012	26735.3
658.204	26731.8
659.395	26729.9
660.586	26730
661.777	26732.3
662.967	26750.2
664.158	26776
665.349	26804.3
666.539	26827
667.729	26838.1
668.919	26838.4
670.109	26823.5
671.298	26813.3
672.487	26816.6
673.676	26826.3
674.865	26838.7
676.053	26862.1
677.242	26877.4
678.43	26866.6
679.616	26815.7
680.804	26782.4
681.992	26772.4
683.179	26818.2
684.366	26829.8
685.554	26828.4
686.74	26820.7
687.927	26807.8
689.114	26791.9
690.3	26776.3
691.486	26765.1
692.671	26762.1
693.856	26756.2
695.042	26747.3
696.227	26739.1
697.413	26731.7
698.598	26724.9
699.781	26718.2
700.966	26711.6
702.15	26705
703.334	26699
704.518	26692.4
705.701	26679.2
706.885	26655.4
708.068	26614
709.252	26580
710.433	26557.7
711.616	26548.8
712.799	26538.1
713.98	26547.6
715.163	26565.5
716.345	26580.9
717.527	26583.8
718.707	26532.3
719.889	26502.4
721.071	26500
722.25	26528.8
723.432	26557
724.611	26578.7
725.792	26597.5
726.972	26616.6
728.151	26631.4
729.332	26639.9
730.512	26640.6
731.69	26632.9
732.87	26617.4
734.048	26594.4
735.227	26576.9
736.405	26570.9
737.584	26570.3
738.761	26606
739.94	26650.7
741.117	26692.9
742.295	26726.1
743.471	26743.8
744.649	26749
745.825	26748.6
747.003	26744.6
748.179	26739.9
749.356	26733.7
750.531	26726.9
751.708	26720.3
752.883	26716.1
754.059	26694.3
755.234	26677.8
756.409	26662.4
757.585	26678.5
758.759	26707.1
759.934	26717.9
761.108	26723
762.282	26720.4
763.456	26708.1
764.63	26684.2
765.803	26653.7
766.977	26614.9
768.15	26580
769.323	26589.5
770.496	26632.7
771.668	26628.8
772.841	26626.1
774.014	26614.8
775.185	26590.9
776.357	26552.4
777.528	26510.2
778.701	26467.8
779.872	26443.6
781.042	26423.5
782.213	26412.1
783.383	26418.6
784.555	26410.7
785.725	26387.7
786.895	26341.3
788.064	26293.8
789.234	26278.5
790.404	26278.4
791.573	26289.8
792.742	26294.9
793.911	26292.2
795.08	26288.4
796.248	26271.3
797.416	26247.3
798.584	26222
799.753	26200
800.921	26182.7
802.088	26178.6
803.256	26178
804.423	26181.5
805.59	26190.3
806.756	26204.9
807.923	26221.5
809.089	26239.1
810.256	26252.9
811.422	26263.3
812.587	26259.4
813.753	26256.3
814.918	26253.7
816.084	26252.1
817.249	26252.6
818.414	26256.5
819.578	26261.1
820.743	26266.6
821.907	26274.4
823.072	26283.1
824.236	26293
825.399	26299.4
826.562	26286
827.725	26290.9
828.889	26297.8
830.052	26310.6
831.215	26326.5
832.377	26338.8
833.54	26353.5
834.701	26368.3
835.863	26386
837.025	26391.9
838.187	26364.5
839.349	26347.5
840.51	26328.8
841.67	26318
842.831	26288.7
843.992	26281.7
845.153	26280.7
846.312	26283.4
847.473	26292.9
848.633	26277.3
849.793	26251.7
850.951	26233.8
852.111	26202.2
853.27	26185.5
854.428	26157.3
855.588	26155.7
856.747	26146.4
857.904	26132.7
859.063	26118.6
860.221	26103.8
861.378	26088.7
862.536	26078.8
863.694	26068.3
864.85	26060.1
866.008	26055
867.164	26051.5
868.321	26044.2
869.478	26032.8
870.633	26017.6
871.79	25999.2
872.945	25977.8
874.101	25956.5
875.256	25934.6
876.412	25912.5
877.566	25892.2
878.722	25868.8
879.876	25845
881.031	25820.4
882.185	25795.4
883.34	25768.9
884.493	25743.7
885.647	25731.2
886.8	25727.8
887.954	25734.9
889.107	25737.5
890.261	25740.8
891.413	25747.6
892.565	25751.2
893.718	25743.8
894.87	25732.9
896.023	25714.1
897.174	25696.6
898.326	25683.2
899.478	25669.9
900.629	25657.6
901.779	25646.5
902.931	25638.9
904.081	25636.9
905.231	25648.1
906.383	25664.8
907.532	25683.6
908.682	25699.2
909.831	25714.9
910.982	25717.7
912.131	25718
913.28	25722.8
914.429	25731.8
915.578	25756.1
916.727	25774.7
917.875	25787.8
919.023	25791.8
920.171	25748
921.32	25731.7
922.467	25728.9
923.614	25728.8
924.761	25732.8
925.908	25743
927.055	25757.2
928.203	25786.6
929.349	25817.5
930.496	25839.4
931.642	25839.7
932.787	25747.6
933.933	25687
935.079	25700.4
936.224	25697.6
937.369	25698.2
938.514	25706.4
939.659	25717.5
940.804	25726.4
941.948	25719.6
943.092	25693.7
944.236	25665.5
945.38	25638.2
946.524	25612.3
947.667	25589.4
948.811	25572.3
949.954	25561.6
951.097	25560.5
952.24	25560.8
953.383	25559.4
954.525	25550.1
955.667	25529
956.81	25505.3
957.952	25477.1
959.093	25448.3
960.235	25447.1
961.376	25458.6
962.516	25461.3
963.658	25454.8
964.798	25439.3
965.939	25415.4
967.08	25381.4
968.22	25366.4
969.359	25351.7
970.499	25341
971.639	25352.9
972.779	25350.5
973.918	25335.5
975.056	25329.7
976.195	25333.2
977.334	25341.9
978.473	25352
979.61	25363.3
980.749	25370.9
981.887	25381
983.024	25392
984.162	25387.5
985.3	25377.9
986.437	25361.1
987.573	25346.8
988.711	25328.7
989.848	25306.8
990.983	25299.4
992.12	25309.1
993.255	25322.1
994.392	25334.1
995.528	25345.4
996.662	25352.1
997.798	25348.7
998.933	25333.8
1000.07	25336.4
1001.2	25337
1002.34	25343.5
1003.47	25345.4
1004.61	25341.2
1005.74	25332
1006.87	25320.8
1008.01	25312
1009.14	25300.5
1010.27	25283.9
1011.41	25290
1012.54	25301.8
1013.67	25315.7
1014.81	25324.2
1015.94	25325.8
1017.07	25321.7
1018.2	25312.1
1019.33	25296.7
1020.47	25275.9
1021.6	25251.5
1022.73	25232.5
1023.86	25225.2
1024.99	25207.2
1026.12	25189.4
1027.25	25169.1
1028.38	25151.7
1029.51	25134.4
1030.64	25118.6
1031.77	25102.7
1032.9	25088.3
1034.03	25076.8
1035.16	25070.6
1036.29	25084.8
1037.42	25117.9
1038.55	25105.9
1039.67	25045.3
1040.8	25008.3
1041.93	24966.3
1043.06	24924.7
1044.19	24882.2
1045.31	24857.3
1046.44	24833.4
1047.57	24824.4
1048.69	24835.7
1049.82	24821.5
1050.95	24803.5
1052.08	24778.5
1053.2	24739.3
1054.33	24711.5
1055.45	24700
1056.58	24738.3
1057.7	24738.6
1058.83	24758.3
1059.95	24747.7
1061.08	24714.8
1062.2	24697
1063.33	24703.8
1064.45	24720.7
1065.58	24797.5
1066.7	24724.8
1067.83	24683.1
1068.95	24614.1
1070.07	24564
1071.2	24638.8
1072.32	24741
1073.44	24632.5
1074.56	24592.2
1075.69	24584.4
1076.81	24597.9
1077.93	24632.2
1079.05	24641.7
1080.17	24654.2
1081.3	24666.3
1082.42	24670.1
1083.54	24649.6
1084.66	24653.4
1085.78	24662
1086.9	24671.9
1088.02	24675.1
1089.14	24679
1090.26	24676.8
1091.38	24673.5
1092.5	24666.5
1093.62	24653.4
1094.74	24636.4
1095.86	24655.6
1096.98	24676.6
1098.1	24700.5
1099.22	24709.1
1100.34	24713.7
1101.45	24712.4
1102.57	24707.9
1103.69	24673.9
1104.81	24660.8
1105.93	24647.7
1107.04	24644.8
1108.16	24650.3
1109.28	24674
1110.4	24618.7
1111.51	24598.7
1112.63	24582.5
1113.75	24566.8
1114.86	24532.5
1115.98	24498.5
1117.09	24444.7
1118.21	24386.2
1119.32	24343.3
1120.44	24312.8
1121.55	24302.6
1122.67	24297.9
1123.78	24296.9
1124.9	24299.6
1126.01	24279.7
1127.13	24247.2
1128.24	24226.3
1129.35	24218.8
1130.47	24209.3
1131.58	24197.4
1132.7	24183.8
1133.81	24158.4
1134.92	24107.4
1136.03	24085.9
1137.15	24064.5
1138.26	24054.1
1139.37	24028.5
1140.48	24001.8
1141.59	23971.3
1142.71	23935.4
1143.82	23898.6
1144.93	23881.7
1146.04	23875.5
1147.15	23888.4
1148.26	23890.2
1149.37	23872.1
1150.48	23861
1151.59	23838.7
1152.7	23810.5
1153.81	23766.4
1154.92	23748.9
1156.03	23755.9
1157.14	23769.4
1158.25	23780.2
1159.36	23785.9
1160.47	23784.1
1161.58	23773.4
1162.68	23759.9
1163.79	23754.7
1164.9	23746.5
1166.01	23734.9
1167.12	23722.1
1168.22	23710.3
1169.33	23730.5
1170.44	23745.4
1171.55	23868.7
1172.65	23754.8
1173.76	23706.9
1174.87	23713.3
1175.97	23734.5
1177.08	23758.2
1178.18	23781.7
1179.29	23779.3
1180.4	23780.5
1181.5	23778.1
1182.61	23772
1183.71	23757.7
1184.82	23748
1185.92	23760.3
1187.02	23772.4
1188.13	23785.7
1189.23	23792.7
1190.34	23799
1191.44	23803.1
1192.54	23806
1193.65	23807
1194.75	23798.5
1195.85	23780.8
1196.96	23753.6
1198.06	23718.4
1199.16	23694
1200.26	23685.5
1201.37	23694.9
1202.47	23727.3
1203.57	23773.1
1204.67	23731
1205.77	23716.4
1206.87	23709.7
1207.97	23699.8
1209.08	23695.4
1210.18	23699.1
1211.28	23706.7
1212.38	23717.4
1213.48	23729
1214.58	23736.8
1215.68	23705.7
1216.78	23680.5
1217.88	23659.7
1218.98	23643.9
1220.07	23633
1221.17	23628.5
1222.27	23632.3
1223.37	23650.7
1224.47	23673.4
1225.57	23676.8
1226.66	23640.3
1227.76	23588.5
1228.86	23501.2
1229.96	23483.2
1231.06	23492.6
1232.15	23570.1
1233.25	23533.8
1234.35	23489.2
1235.44	23440.7
1236.54	23408.7
1237.63	23402.3
1238.73	23395.6
1239.83	23393.3
1240.92	23387.9
1242.02	23382.2
1243.11	23376.6
1244.21	23371
1245.3	23365.4
1246.4	23358.9
1247.49	23348.3
1248.59	23327.4
1249.68	23308.6
1250.78	23291
1251.87	23273.4
1252.96	23256.8
1254.06	23241.2
1255.15	23226.4
1256.24	23212.4
1257.34	23199.1
1258.43	23186.8
1259.52	23176
1260.62	23182.9
1261.71	23184.7
1262.8	23183.9
1263.89	23181.1
1264.98	23177.6
1266.08	23174.2
1267.17	23170
1268.26	23165.2
1269.35	23159.4
1270.44	23152.7
1271.53	23145.8
1272.62	23139.6
1273.71	23136.3
1274.8	23135.1
1275.89	23135.3
1276.98	23140.9
1278.07	23149
1279.16	23160.3
1280.25	23172.1
1281.34	23181.8
1282.43	23191.4
1283.52	23200.3
1284.61	23210.8
1285.69	23222.2
1286.78	23233.3
1287.87	23244.5
1288.96	23251.1
1290.05	23253.1
1291.13	23247.6
1292.22	23234.3
1293.31	23216.7
1294.4	23204.8
1295.48	23213.8
1296.57	23228.6
1297.66	23247.7
1298.74	23264.7
1299.83	23260.8
1300.92	23237.8
1302	23213.9
1303.09	23183.8
1304.17	23153.5
1305.26	23132.2
1306.34	23122.9
1307.43	23120.8
1308.51	23126.8
1309.6	23139.6
1310.68	23146.1
1311.76	23152.5
1312.85	23146.9
1313.93	23126.8
1315.02	23102.3
1316.1	23084.1
1317.18	23073.6
1318.27	23063.2
1319.35	23061.3
1320.43	23065.8
1321.52	23070.8
1322.6	23076.9
1323.68	23075.7
1324.76	23067.2
1325.85	23049.6
1326.93	23024.5
1328.01	22999.9
1329.09	22971.4
1330.17	22942.4
1331.25	22936.2
1332.33	22924.4
1333.41	22923.3
1334.49	22935
1335.58	22945.6
1336.65	22940.1
1337.74	22907.9
1338.82	22860
1339.89	22836.3
1340.97	22819
1342.05	22860.8
1343.13	22865.6
1344.21	22803.1
1345.29	22809
1346.37	22829.8
1347.45	22837.7
1348.53	22847.2
1349.6	22840.2
1350.68	22822.8
1351.76	22796.2
1352.84	22765.5
1353.92	22746.1
1354.99	22734.5
1356.07	22746.5
1357.15	22768.4
1358.22	22799.1
1359.3	22789
1360.38	22776.3
1361.45	22791.5
1362.53	22799.6
1363.61	22803.7
1364.68	22803.6
1365.76	22798.1
1366.83	22793.1
1367.91	22790.6
1368.98	22795.9
1370.06	22798.2
1371.13	22791.4
1372.21	22779.7
1373.28	22766.3
1374.35	22751.8
1375.43	22727.7
1376.5	22716.9
1377.58	22714.9
1378.65	22715.5
1379.72	22716
1380.8	22714.7
1381.87	22712.8
1382.94	22708.7
1384.01	22702.8
1385.09	22695.1
1386.16	22685.7
1387.23	22676.3
1388.3	22672.5
1389.38	22687.9
1390.45	22695.1
1391.52	22697.7
1392.59	22696.1
1393.66	22692.6
1393.92	22690.4
1395	22681.7
1396.07	22669.9
1397.15	22654
1398.22	22637.6
1399.3	22620.7
1400.38	22607.7
1401.45	22604.5
1402.53	22598.9
1403.6	22593.7
1404.68	22591.6
1405.75	22585.5
1406.82	22565.1
1407.9	22536
1408.97	22484.3
1410.05	22500.3
1411.12	22531.1
1412.19	22553
1413.27	22550.2
1414.34	22505.2
1415.41	22475.9
1416.49	22461.6
1417.56	22462.3
1418.63	22475.7
1419.7	22484
1420.78	22450.1
1421.85	22428
1422.92	22406.9
1423.99	22387.8
1425.06	22370.1
1426.14	22353.4
1427.21	22338.3
1428.28	22325.7
1429.35	22315.3
1430.42	22308
1431.49	22302.2
1432.56	22306.6
1433.63	22313.3
1434.7	22320.3
1435.77	22325.8
1436.84	22327
1437.91	22325.1
1438.98	22320
1440.05	22311.7
1441.12	22300.2
1442.18	22285.3
1443.25	22267.2
1444.32	22245.7
1445.39	22221.3
1446.46	22199.2
1447.53	22196.2
1448.59	22189.2
1449.66	22196.1
1450.73	22192.5
1451.8	22187.1
1452.86	22181.6
1453.93	22176.4
1455	22168.5
1456.06	22163.9
1457.13	22171.1
1458.2	22180.8
1459.26	22174.4
1460.33	22161.9
1461.39	22148.6
1462.46	22141.6
1463.52	22133.7
1464.59	22127.4
1465.65	22121.1
1466.72	22116.4
1467.78	22113.5
1468.85	22112.4
1469.91	22115.1
1470.98	22118.5
1472.04	22128.5
1473.1	22140.2
1474.17	22153.7
1475.23	22152.3
1476.3	22121.4
1477.36	22098
1478.42	22084
1479.48	22076.7
1480.55	22081.1
1481.61	22112.2
1482.67	22126.8
1483.73	22133.4
1484.8	22126.2
1485.86	22122.9
1486.92	22097.9
1487.98	22061.6
1489.04	22030.3
1490.1	22004.7
1491.17	21984.9
1492.23	21958
1493.29	21943.7
1494.35	21936.9
1495.41	21938.2
1496.47	21943.6
1497.53	21962.1
1498.59	21977.1
1499.65	21983.7
1500.71	21986.1
1501.77	21978.2
1502.83	21961.5
1503.88	21939.9
1504.94	21916.7
1506	21893.4
1507.06	21874.6
1508.12	21858.4
1509.18	21841.7
1510.23	21825.7
1511.29	21810.4
1512.35	21795.9
1513.41	21781.8
1514.47	21767.9
1515.52	21754.4
1516.58	21741.2
1517.64	21729.2
1518.69	21728.2
1519.75	21733.8
1520.81	21742.3
1521.86	21748.7
1522.92	21749
1523.97	21738.7
1525.03	21709.3
1526.08	21665
1527.14	21621.5
1528.2	21576.1
1529.25	21561
1530.31	21561.8
1531.36	21558
1532.42	21577.7
1533.47	21602.8
1534.52	21613.6
1535.58	21604.3
1536.63	21584.1
1537.69	21561.7
1538.74	21529.2
1539.79	21507.2
1540.84	21496.1
1541.9	21494.9
1542.95	21508.2
1544	21522.6
1545.06	21526.5
1546.11	21536.1
1547.16	21534.4
1548.21	21513.8
1549.27	21489.2
1550.32	21479.1
1551.37	21491.1
1552.42	21503.3
1553.47	21515.1
1554.52	21527.7
1555.57	21521.8
1556.62	21511
1557.67	21480.9
1558.72	21457.9
1559.77	21486
1560.82	21511.1
1561.87	21482
1562.92	21465.3
1563.97	21450.5
1565.02	21435.8
1566.07	21426.1
1567.12	21418.4
1568.17	21416
1569.22	21413.9
1570.27	21412.3
1571.32	21411
1572.36	21408.7
1573.41	21408
1574.46	21408.1
1575.51	21409.1
1576.56	21410.7
1577.6	21412.1
1578.65	21414.2
1579.7	21400.8
1580.74	21387.4
1581.79	21365.7
1582.84	21349.6
1583.88	21345.8
1584.93	21337.4
1585.98	21328.6
1587.02	21304.6
1588.07	21291.4
1589.11	21291
1590.16	21288.1
1591.2	21283.2
1592.25	21275.6
1593.29	21265.1
1594.34	21252.3
1595.38	21236.7
1596.43	21219
1597.47	21199.1
1598.52	21183
1599.56	21187.1
1600.6	21185.2
1601.65	21182.9
1602.69	21180.6
1603.73	21163.8
1604.78	21135.2
1605.82	21102
1606.86	21069.5
1607.91	21051.6
1608.95	21051.8
1609.99	21048.2
1611.03	21039.1
1612.08	21024.3
1613.12	21007.6
1614.16	20994.1
1615.2	20983.6
1616.24	20976.7
1617.28	20975
1618.32	20972.8
1619.36	20946.5
1620.41	20918.8
1621.45	20886.1
1622.49	20854.1
1623.53	20833.1
1624.57	20815.8
1625.61	20800.7
1626.65	20788.4
1627.69	20778.1
1628.73	20770.4
1629.76	20760.7
1630.8	20756
1631.84	20746.2
1632.88	20716.3
1633.92	20690.1
1634.96	20664.4
1636	20634.8
1637.03	20614.9
1638.07	20619
1639.11	20619.8
1640.15	20618.9
1641.19	20617
1642.22	20606.9
1643.26	20595.3
1644.3	20578.5
1645.33	20560.6
1646.37	20544.1
1647.41	20528.3
1648.44	20530.8
1649.48	20533.8
1650.52	20535.6
1651.55	20541.5
1652.59	20537.6
1653.62	20529.5
1654.66	20515.5
1655.69	20497.9
1656.73	20477.5
1657.76	20455.5
1658.8	20429
1659.83	20404.1
1660.87	20383.9
1661.9	20369.9
1662.93	20364
1663.97	20365.8
1665	20348.9
1666.04	20339.4
1667.07	20333.6
1668.1	20332.8
1669.14	20345.8
1670.17	20365
1671.2	20358.4
1672.23	20343.9
1673.27	20319.4
1674.3	20285.8
1675.33	20241.2
1676.36	20227.2
1677.39	20225.3
1678.43	20225.9
1679.46	20228.1
1680.49	20226.8
1681.52	20219.4
1682.55	20213.6
1683.58	20208.1
1684.61	20202.4
1685.64	20197.4
1686.67	20194.6
1687.7	20197.2
1688.73	20203.7
1689.76	20207.5
1690.79	20207.3
1691.82	20203
1692.85	20194.9
1693.88	20182.4
1694.91	20165.2
1695.94	20144.4
1696.97	20121.2
1698	20099.4
1699.02	20080.1
1700.05	20072
1701.08	20071.7
1702.11	20062.5
1703.14	20040.6
1704.16	19994.6
1705.19	19971.9
1706.22	19971.2
1707.25	19976.7
1708.27	19983.1
1709.3	19984
1710.33	19975.2
1711.35	19964.3
1712.38	19949.7
1713.41	19931
1714.43	19907.7
1715.46	19880
1716.48	19854.6
1717.51	19833.2
1718.53	19818
1719.56	19814.8
1720.58	19803
1721.61	19792.1
1722.63	19780.8
1723.66	19769.5
1724.68	19758.2
1725.71	19746.7
1726.73	19735.8
1727.75	19729.5
1728.78	19717.9
1729.8	19701.7
1730.83	19680.8
1731.85	19661
1732.87	19644.5
1733.89	19626.5
1734.92	19609.7
1735.94	19593.9
1736.96	19579.1
1737.98	19566.5
1739.01	19555.9
1740.03	19549.2
1741.05	19543.8
1742.07	19541.2
1743.09	19539.9
1744.12	19536.2
1745.14	19524.4
1746.16	19507.5
1747.18	19490.5
1748.2	19472.3
1749.22	19446.7
1750.24	19429.1
1751.26	19422.2
1752.28	19426.5
1753.3	19427
1754.32	19428
1755.34	19425.2
1756.36	19414.2
1757.38	19401
1758.4	19386.5
1759.42	19369.9
1760.44	19375.3
1761.45	19379.1
1762.47	19373.5
1763.49	19357.2
1764.51	19317.4
1765.53	19270.4
1766.55	19258.5
1767.56	19250
1768.58	19248.1
1769.6	19242.8
1770.61	19245.7
1771.63	19241.8
1772.65	19232.6
1773.67	19218.6
1774.68	19205.9
1775.7	19194.7
1776.72	19184.4
1777.73	19175.1
1778.75	19166.9
1779.76	19159.3
1780.78	19152.1
1781.79	19143.7
1782.81	19133.9
1783.83	19113.4
1784.84	19096.2
1785.85	19077.9
1786.87	19057.5
1787.88	19040.3
1788.9	19028.7
1789.91	19020.8
1790.93	19027.3
1791.94	19031.7
1792.95	19030.1
1793.97	19014
1794.98	18995.2
1796	18972.7
1797.01	18943.2
1798.02	18930.6
1799.03	18929.6
1800.05	18925.7
1801.06	18929.1
1802.07	18917.8
1803.08	18896.6
1804.1	18874.1
1805.11	18849.2
1806.12	18815.3
1807.13	18800.4
1808.14	18798.5
1809.15	18786.4
1810.17	18761.7
1811.18	18736.1
1812.19	18699
1813.2	18688.1
1814.21	18687.6
1815.22	18699.1
1816.23	18694.5
1817.24	18692.1
1818.25	18679.4
1819.26	18654.9
1820.27	18627.6
1821.28	18601.8
1822.29	18577.9
1823.3	18560.8
1824.3	18545.2
1825.31	18531.6
1826.32	18520.3
1827.33	18512
1828.34	18506
1829.35	18500.3
1830.35	18495.1
1831.36	18483.4
1832.37	18469.8
1833.38	18438.8
1834.38	18391.7
1835.39	18350
1836.4	18322.6
1837.41	18308.5
1838.41	18307.2
1839.42	18316.8
1840.43	18321.5
1841.43	18325.2
1842.44	18335.8
1843.44	18332.3
1844.45	18315.8
1845.46	18286
1846.46	18244.4
1847.47	18219.7
1848.47	18205.1
1849.48	18194.2
1850.48	18180.4
1851.49	18167.2
1852.49	18156.5
1853.49	18147.7
1854.5	18140.1
1855.5	18134
1856.51	18128
1857.51	18113.6
1858.51	18099.2
1859.52	18082.7
1860.52	18064.5
1861.52	18044.5
1862.53	18022.9
1863.53	18000
1864.53	17987.5
1865.54	17989.2
1866.54	17973.4
1867.54	17957.1
1868.54	17943.7
1869.54	17932.5
1870.55	17928
1871.55	17922.3
1872.55	17916
1873.55	17908.3
1874.55	17898.4
1875.55	17883.4
1876.55	17867.2
1877.55	17848.3
1878.55	17827
1879.55	17802.5
1880.56	17790.7
1881.55	17797
1882.56	17809
1883.55	17829
1884.55	17810.8
1885.55	17775.3
1886.55	17731.3
1887.55	17706.6
1888.55	17687.1
1889.55	17671.6
1890.55	17661.3
1891.55	17654.2
1892.55	17655.1
1893.54	17659.3
1894.54	17666.1
1895.54	17660.6
1896.54	17622.2
1897.54	17587.7
1898.53	17575.7
1899.53	17565
1900.53	17555.4
1901.52	17546.9
1902.52	17539.1
1903.52	17533
1904.51	17535.3
1905.51	17524.2
1906.51	17494
1907.5	17464.1
1908.5	17432.6
1909.49	17404.9
1910.49	17381.9
1911.49	17370.4
1912.48	17364.2
1913.48	17363.2
1914.47	17356.4
1915.46	17346.7
1916.46	17336
1917.45	17323.7
1918.45	17310.6
1919.44	17296.8
1920.44	17283.2
1921.43	17270.3
1922.43	17259.4
1923.42	17250.2
1924.41	17242.8
1925.41	17235.9
1926.4	17223.7
1927.39	17208.1
1928.38	17167.4
1929.38	17134.5
1930.37	17104.1
1931.36	17076.5
1932.35	17056.3
1933.35	17043.2
1934.34	17035.3
1935.33	17033.4
1936.32	17036.8
1937.31	17046.9
1938.3	17057.6
1939.29	17038.5
1940.29	17007.6
1941.28	16866.8
1942.27	16896.3
1943.26	16876.5
1944.25	16921.9
1945.24	16883.9
1946.23	16838.2
1947.22	16826.6
1948.21	16815.8
1949.2	16806
1950.19	16794.2
1951.18	16783
1952.17	16771.7
1953.16	16759.7
1954.14	16747
1955.13	16733.7
1956.12	16719.7
1957.11	16704.5
1958.1	16688
1959.09	16670.9
1960.07	16653.2
1961.06	16640.4
1962.05	16628.9
1963.04	16619.9
1964.02	16604.8
1965.01	16579.7
1966	16550.2
1966.99	16526.3
1967.97	16504.2
1968.96	16488.5
1969.95	16481.9
1970.93	16482.1
1971.92	16491.4
1972.9	16498.6
1973.89	16511.1
1974.88	16500.4
1975.86	16483.3
1976.85	16459.2
1977.83	16429.9
1978.82	16396.7
1979.8	16360.8
1980.79	16353.7
1981.77	16361.1
1982.76	16385.2
1983.74	16377.8
1984.72	16346.9
1985.71	16322.5
1986.69	16299.2
1987.67	16279.4
1988.66	16265.1
1989.64	16253.4
1990.62	16245.2
1991.61	16240.6
1992.59	16239.9
1993.57	16243
1994.56	16259.9
1995.54	16290.6
1996.52	16236.6
1997.5	16188.1
1998.49	16152
1999.47	16127.6
2000.45	16105
2001.43	16090
2002.41	16081.3
2003.39	16077.5
2004.38	16079.1
2005.36	16085.5
2006.34	16096.2
2007.32	16106.5
2008.3	16094.1
2009.28	16074.6
2010.26	16043.7
2011.24	16003.9
2012.22	15980.8
2013.2	15957.4
2014.18	15944.7
2015.16	15942.6
2016.14	15927.5
2017.12	15917.9
2018.1	15906.2
2019.07	15896.2
2020.05	15896.1
2021.03	15896.2
2022.01	15893.6
2022.99	15889.4
2023.97	15883.2
2024.95	15877.6
2025.92	15859.4
2026.9	15835.4
2027.88	15808.8
2028.86	15783.9
2029.83	15763.1
2030.81	15743.6
2031.79	15725.7
2032.76	15710.8
2033.74	15697.8
2034.72	15686.8
2035.69	15676.5
2036.67	15660.5
2037.65	15640.7
2038.62	15612.5
2039.6	15588.6
2040.57	15561.6
2041.55	15555.4
2042.52	15559.3
2043.5	15545
2044.47	15529.9
2045.45	15510.4
2046.42	15486.4
2047.4	15453.1
2048.37	15428.9
2049.35	15409.2
2050.32	15404.4
2051.29	15411.9
2052.27	15414.6
2053.24	15409.8
2054.21	15399.5
2055.19	15385
2056.16	15361.8
2057.13	15332.8
2058.11	15300.1
2059.08	15265.6
2060.05	15239.3
2061.02	15219.5
2062	15214
2062.97	15200
2063.94	15192.2
2064.91	15158.6
2065.89	15120.6
2066.86	15095.2
2067.83	15083.2
2068.8	15085.6
2069.77	15109.1
2070.74	15121.4
2071.71	15068
2072.68	15056.7
2073.65	15038.3
2074.62	15064.4
2075.59	15056.8
2076.56	15031.8
2077.53	14995
2078.5	14961.2
2079.47	14933.2
2080.44	14910.4
2081.41	14892.5
2082.38	14878.6
2083.35	14867.8
2084.32	14859.4
2085.29	14853.8
2086.26	14850.1
2087.23	14846.7
2088.19	14840.7
2089.16	14832.3
2090.13	14820.4
2091.1	14790.7
2092.07	14761.5
2093.03	14727.2
2094	14705.9
2094.97	14698.5
2095.94	14689
2096.9	14684.3
2097.87	14690.9
2098.84	14686.9
2099.8	14687.1
2100.77	14665.9
2101.74	14632.9
2102.7	14611.1
2103.67	14585.4
2104.63	14589.9
2105.6	14605.3
2106.56	14626.6
2107.53	14628
2108.49	14568
2109.46	14532.6
2110.42	14523.2
2111.39	14518.7
2112.35	14513.4
2113.32	14493.5
2114.28	14475
2115.25	14456.4
2116.21	14438.1
2117.17	14419.4
2118.14	14401.5
2119.1	14385.1
2120.07	14370.2
2121.03	14356.9
2121.99	14345.3
2122.96	14335.1
2123.92	14326.3
2124.88	14319.1
2125.84	14313.4
2126.81	14309.2
2127.77	14305.6
2128.73	14298.9
2129.69	14271.8
2130.65	14235.5
2131.62	14212.8
2132.58	14188.9
2133.54	14196.5
2134.5	14198
2135.46	14194.5
2136.42	14177.1
2137.38	14160.5
2138.34	14143.2
2139.3	14123.4
2140.26	14103.2
2141.22	14077.3
2142.18	14052.5
2143.14	14029.6
2144.1	14008.2
2145.06	13992.3
2146.02	13976.2
2146.98	13961.8
2147.94	13949.7
2148.9	13939.1
2149.86	13930.9
2150.82	13924.4
2151.78	13920.4
2152.74	13917.5
2153.69	13910.5
2154.65	13900.2
2155.61	13877.2
2156.57	13859.4
2157.53	13839.3
2158.48	13819.9
2159.44	13800
2160.4	13777.3
2161.36	13756.6
2162.31	13759.9
2163.27	13763.8
2164.23	13757.1
2165.18	13724.8
2166.14	13693.6
2167.1	13665.9
2168.05	13642.5
2169.01	13611.8
2169.96	13593.3
2170.92	13582.6
2171.88	13585.4
2172.83	13563.2
2173.79	13536.3
2174.74	13449.2
2175.7	13465.1
2176.65	13464.8
2177.6	13451.6
2178.56	13416.3
2179.51	13386.9
2180.47	13366.4
2181.42	13348.8
2182.38	13333
2183.33	13316.5
2184.28	13300.1
2185.24	13283.6
2186.19	13268.3
2187.14	13252.3
2188.1	13237
2189.05	13222.7
2190	13211.8
2190.96	13211.5
2191.91	13218.3
2192.86	13223.7
2193.81	13220.1
2194.76	13167.7
2195.72	13140.7
2196.67	13120.6
2197.62	13098.8
2198.57	13097.6
2199.52	13080
2200.47	13064.1
2201.43	13048.7
2202.38	13034.2
2203.33	13023.4
2204.28	13017.6
2205.23	13019.7
2206.18	13016.4
2207.13	13003.5
2208.08	12988.9
2209.03	12973.1
2209.98	12943.5
2210.93	12919.9
2211.88	12910.9
2212.83	12899.8
2213.78	12891.7
2214.73	12883.5
2215.67	12875.1
2216.62	12866.1
2217.57	12856.3
2218.52	12845.6
2219.47	12830.7
2220.42	12816.4
2221.37	12803.2
2222.31	12793.9
2223.26	12790.3
2224.21	12791.5
2225.16	12797.3
2226.1	12798.7
2227.05	12787.6
2228	12778.5
2228.94	12766.4
2229.89	12744.9
2230.84	12732.6
2231.78	12723.5
2232.73	12714.7
2233.68	12708.7
2234.62	12704.8
2235.57	12696.3
2236.51	12686.3
2237.46	12673.3
2238.41	12655.9
2239.35	12644.5
2240.3	12636.2
2241.24	12628.2
2242.19	12621
2243.13	12616
2244.07	12608.3
2245.02	12595.2
2245.96	12577.5
2246.91	12559.1
2247.85	12554.7
2248.8	12544.8
2249.74	12538
2250.68	12534.3
2251.63	12534.2
2252.57	12534.6
2253.51	12534.3
2254.46	12532.9
2255.4	12529
2256.34	12524.1
2257.28	12519.2
2258.23	12515.4
2259.17	12514.8
2260.11	12518.3
2261.05	12515
2262	12501.3
2262.94	12481
2263.88	12480.6
2264.82	12476.1
2265.76	12473.2
2266.7	12466.5
2267.64	12456.7
2268.58	12447.5
2269.53	12437.4
2270.47	12425.6
2271.41	12414.2
2272.35	12407.4
2273.29	12418.3
2274.23	12431.6
2275.17	12441.3
2276.11	12433.1
2277.05	12410.1
2277.99	12396.3
2278.93	12388.2
2279.86	12379.9
2280.8	12378
2281.74	12381.3
2282.68	12387.6
2283.62	12394.5
2284.56	12400
2285.5	12398.2
2286.44	12393
2287.37	12384.5
2288.31	12373.1
2289.25	12357.8
2290.19	12339.5
2291.12	12322.2
2292.06	12307.6
2293	12305.1
2293.94	12306.5
2294.87	12314.1
2295.81	12319.9
2296.75	12324.1
2297.68	12324.9
2298.62	12320.9
2299.55	12315.4
2300.49	12308.3
2301.43	12301.4
2302.36	12292.4
2303.3	12279.9
2304.23	12262.7
2305.17	12232.3
2306.1	12200.6
2307.04	12175.9
2307.98	12160.3
2308.91	12153.7
2309.84	12157.3
2310.78	12160.7
2311.71	12160
2312.65	12148.3
2313.58	12124.5
2314.52	12097.3
2315.45	12074.7
2316.38	12055.1
2317.32	12042.7
2317.72	12038
2318.66	12038.4
2319.6	12041.2
2320.54	12039.2
2321.48	12038.1
2322.41	12036.7
2323.35	12034.3
2324.29	12029.9
2325.23	12023.8
2326.16	12013
2327.1	11995.2
2328.04	11980.5
2328.97	11967.7
2329.91	11954.2
2330.85	11943.6
2331.78	11933.1
2332.72	11922.6
2333.66	11912.2
2334.59	11901.4
2335.53	11887.8
2336.46	11870.2
2337.4	11853.1
2338.33	11833.8
2339.27	11818.1
2340.2	11811.2
2341.14	11802.9
2342.07	11804.7
2343.01	11813.7
2343.94	11808
2344.88	11790.7
2345.81	11777.2
2346.75	11763.3
2347.68	11749.7
2348.61	11735.6
2349.55	11722.4
2350.48	11717.1
2351.41	11725.8
2352.35	11719.5
2353.28	11709.7
2354.21	11696.7
2355.15	11683.2
2356.08	11672.4
2357.01	11664.3
2357.94	11658.6
2358.88	11655
2359.81	11653.2
2360.74	11653.5
2361.67	11655.7
2362.6	11661
2363.54	11662.6
2364.47	11651.8
2365.4	11633.1
2366.33	11622.8
2367.26	11617.7
2368.19	11614.1
2369.12	11605.5
2370.05	11595.4
2370.98	11584.1
2371.91	11571.8
2372.84	11558.4
2373.77	11543.9
2374.7	11528.6
2375.63	11512.3
2376.56	11495.3
2377.49	11477.5
2378.42	11454.1
2379.35	11447.7
2380.28	11452.7
2381.21	11466.3
2382.14	11484
2383.07	11495.6
2384	11497.1
2384.92	11483.9
2385.85	11472.1
2386.78	11460.4
2387.71	11449.3
2388.64	11442.6
2389.56	11438.8
2390.49	11432.4
2391.42	11424.7
2392.35	11415
2393.27	11403.2
2394.2	11389.2
2395.13	11373.6
2396.05	11356.4
2396.98	11337.5
2397.91	11318.5
2398.83	11311
2399.76	11302.4
2400.69	11299
2401.61	11271.5
2402.54	11354.4
2403.46	11373.8
2404.39	11340.2
2405.31	11298.9
2406.24	11290.9
2407.17	11278.1
2408.09	11269.2
2409.01	11263.6
2409.94	11261.7
2410.86	11263.7
2411.79	11269
2412.71	11257.2
2413.64	11241.3
2414.56	11223.7
2415.49	11203.6
2416.41	11173.4
2417.33	11154.6
2418.26	11141.3
2419.18	11129.5
2420.1	11124.1
2421.03	11124.2
2421.95	11120.6
2422.87	11116.9
2423.79	11109.9
2424.72	11098.3
2425.64	11083
2426.56	11064.8
2427.48	11044.8
2428.41	11020.6
2429.33	11009.1
2430.25	11003.4
2431.17	10999.7
2432.09	11006.4
2433.01	11003.5
2433.93	10997.2
2434.86	10988
2435.78	10951.8
2436.7	10931
2437.62	10911.9
2438.54	10899.7
2439.46	10890
2440.38	10879.1
2441.3	10871.6
2442.22	10858.9
2443.14	10845.6
2444.06	10832.5
2444.98	10814.3
2445.9	10799
2446.82	10786.2
2447.73	10776.5
2448.65	10772.4
2449.57	10768
2450.49	10760.5
2451.41	10752
2452.33	10742.8
2453.25	10732.1
2454.17	10719.9
2455.08	10706.1
2456	10690.3
2456.92	10672.6
2457.84	10653.4
2458.75	10638
2459.67	10633.4
2460.59	10637.2
2461.51	10633.6
2462.42	10631.7
2463.34	10631.9
2464.26	10620.5
2465.17	10594.2
2466.09	10569.7
2467	10550.9
2467.92	10555.5
2468.84	10559.3
2469.75	10559.3
2470.67	10551.4
2471.58	10535.1
2472.5	10519.1
2473.42	10504.6
2474.33	10493.7
2475.25	10487.9
2476.16	10495.4
2477.08	10496.7
2477.99	10494.2
2478.9	10488.2
2479.82	10479.6
2480.73	10468.4
2481.65	10453.5
2482.56	10440.2
2483.47	10432.7
2484.39	10427.3
2485.3	10420.7
2486.22	10401.6
2487.13	10374.6
2488.04	10350.7
2488.96	10335.7
2489.87	10357
2490.78	10368.3
2491.69	10378.3
2492.61	10390
2493.52	10390.4
2494.43	10388
2495.34	10380.3
2496.25	10369.4
2497.17	10355.6
2498.08	10344.4
2498.99	10348.5
2499.9	10343.4
2500.81	10338
2501.72	10334
2502.63	10328.9
2503.55	10324.6
2504.46	10318.7
2505.37	10310.9
2506.28	10297.4
2507.19	10279.2
2508.1	10264
2509.01	10249.5
2509.92	10235.3
2510.83	10222.3
2511.74	10210.3
2512.65	10199.2
2513.56	10189.1
2514.47	10180.1
2515.37	10171.9
2516.28	10165.7
2517.19	10172.3
2518.1	10172.2
2519.01	10189.9
2519.92	10205
2520.83	10203.9
2521.73	10200.6
2522.64	10193.1
2523.55	10177.2
2524.46	10161.4
2525.37	10139.4
2526.27	10127
2527.18	10108.8
2528.09	10108.8
2529	10104.2
2529.9	10098.9
2530.81	10090.9
2531.72	10081.7
2532.62	10067.8
2533.53	10054.6
2534.44	10042.5
2535.34	10033.4
2536.25	10022.8
2537.15	10023.6
2538.06	10020.4
2538.96	10021.5
2539.87	10018.4
2540.78	10006.1
2541.68	9984.87
2542.59	9970.24
2543.49	9956.86
2544.4	9947.23
2545.3	9938.66
2546.21	9932.13
2547.11	9927.09
2548.01	9923.46
2548.92	9920.34
2549.82	9914.91
2550.73	9907.75
2551.63	9898.66
2552.53	9887.73
2553.44	9874.91
2554.34	9860.08
2555.24	9847.63
2556.15	9837.6
2557.05	9830.62
2557.95	9826.2
2558.86	9822.58
2559.76	9816.39
2560.66	9807.43
2561.56	9793.28
2562.46	9775.53
2563.37	9756.6
2564.27	9738.8
2565.17	9722.37
2566.07	9706.38
2566.97	9690.17
2567.88	9674.43
2568.78	9657.9
2569.68	9643.27
2570.58	9639.85
2571.48	9640.63
2572.38	9638.22
2573.28	9627.97
2574.18	9624.34
2575.08	9617.16
2575.98	9621.25
2576.88	9624.29
2577.78	9621.74
2578.68	9609.45
2579.58	9599.34
2580.48	9574.71
2581.38	9547.13
2582.28	9523.57
2583.18	9504.93
2584.08	9490.14
2584.98	9486.84
2585.88	9486.36
2586.77	9481.38
2587.67	9473.2
2588.57	9461.92
2589.47	9451.61
2590.37	9439.5
2591.27	9427.65
2592.16	9417.1
2593.06	9408
2593.96	9404.95
2594.86	9401.24
2595.75	9399.9
2596.65	9397.36
2597.55	9389.77
2598.45	9371.08
2599.34	9363.33
2600.24	9358.19
2601.13	9356.5
2602.03	9354.5
2602.93	9340.69
2603.82	9309.31
2604.72	9301.51
2605.62	9303.53
2606.51	9306.8
2607.41	9304.81
2608.3	9299.04
2609.2	9288.48
2610.09	9274.13
2610.99	9263.93
2611.88	9251.96
2612.78	9239.35
2613.67	9228.33
2614.57	9219.52
2615.46	9212.33
2616.36	9207.46
2617.25	9203.46
2618.14	9199.19
2619.04	9195.44
2619.93	9193.26
2620.83	9186.11
2621.72	9175.55
2622.61	9162.18
2623.5	9147.01
2624.4	9130.3
2625.29	9114.82
2626.18	9109.39
2627.08	9104.82
2627.97	9089.6
2628.86	9073.64
2629.75	9057.76
2630.65	9048.53
2631.54	9040.43
2632.43	9033.8
2633.32	9028.78
2634.21	9026.03
2635.11	9025.04
2636	9027.39
2636.89	9015.34
2637.78	8981.28
2638.67	8953.65
2639.56	8918.48
2640.45	8916.18
2641.34	8897.77
2642.23	8882.34
2643.12	8868.48
2644.01	8858.51
2644.9	8842.39
2645.79	8820.92
2646.68	8821.6
2647.57	8833.37
2648.46	8835.12
2649.35	8835.51
2650.24	8834.85
2651.13	8831.87
2652.02	8825.41
2652.91	8815.64
2653.8	8802.63
2654.69	8785.12
2655.58	8764.19
2656.46	8752.64
2657.35	8742.48
2658.24	8737.13
2659.13	8734.86
2660.02	8736.34
2660.9	8741.17
2661.79	8749.23
2662.68	8760.14
2663.57	8752.56
2664.45	8731.74
2665.34	8708.16
2666.23	8670.98
2667.11	8652.08
2668	8636.21
2668.89	8632.56
2669.77	8628.42
2670.66	8624.28
2671.55	8619.73
2672.43	8614.55
2673.32	8608.94
2674.21	8599.01
2675.09	8587.06
2675.98	8569.77
2676.86	8560.04
2677.75	8554.56
2678.63	8549.86
2679.52	8546
2680.4	8543.1
2681.29	8530.51
2682.17	8512.63
2683.06	8494.8
2683.94	8483.25
2684.82	8477.71
2685.71	8478.15
2686.59	8484.52
2687.48	8474.75
2688.36	8462.43
2689.24	8441.14
2690.13	8419.48
2691.01	8403.55
2691.89	8393.45
2692.78	8393.48
2693.66	8392.6
2694.54	8384.88
2695.43	8371.29
2696.31	8348.73
2697.19	8319.85
2698.07	8300.05
2698.96	8295.46
2699.84	8291.97
2700.72	8311.33
2701.6	8304.94
2702.48	8292.58
2703.36	8279.21
2704.25	8262.62
2705.13	8249.36
2706.01	8240.78
2706.89	8234.58
2707.77	8232.42
2708.65	8232.71
2709.53	8236
2710.41	8239.98
2711.29	8231.87
2712.17	8223.56
2713.05	8201.36
2713.93	8173.91
2714.81	8143.11
2715.69	8129.1
2716.57	8147.1
2717.45	8175.7
2718.33	8217.37
2719.21	8158.64
2720.09	8138.64
2720.97	8120.87
2721.85	8114.98
2722.73	8122.68
2723.61	8123.98
2724.48	8122.2
2725.36	8117.38
2726.24	8107.39
2727.12	8097.16
2728	8084.63
2728.88	8067.43
2729.75	8049.5
2730.63	8041.25
2731.51	8040.74
2732.39	8035.84
2733.26	8031.6
2734.14	8025.96
2735.02	8019.2
2735.89	8011.18
2736.77	8001.84
2737.65	7991.17
2738.52	7978.98
2739.4	7965.87
2740.28	7951.99
2741.15	7937.44
2742.03	7921.73
2742.9	7906.43
2743.78	7895.47
2744.65	7887.93
2745.53	7891.76
2746.41	7892.58
2747.28	7893.48
2748.16	7895.01
2749.03	7897.06
2749.91	7899.72
2750.78	7902.5
2751.66	7905.45
2752.53	7878.7
2753.4	7857.26
2754.28	7841.61
2755.15	7832.17
2756.02	7826.92
2756.9	7825.15
2757.77	7825.18
2758.65	7826.46
2759.52	7832.41
2760.39	7836
2761.27	7841.16
2762.14	7841.9
2763.01	7827.65
2763.88	7817.45
2764.76	7801.18
2765.63	7769.43
2766.5	7757.88
2767.37	7750.42
2768.25	7748.38
2769.12	7749.95
2769.99	7746.77
2770.86	7742.02
2771.73	7736.64
2772.61	7730.87
2773.48	7725.65
2774.35	7719.76
2775.22	7722.6
2776.09	7723.41
2776.96	7718.4
2777.83	7706.61
2778.7	7687.63
2779.57	7661.24
2780.44	7634.81
2781.31	7619.85
2782.18	7619.81
2783.05	7615.16
2783.92	7613.85
2784.79	7609.64
2785.66	7600.6
2786.53	7592.04
2787.4	7584.75
2788.27	7578.87
2789.14	7574.68
2790.01	7569.36
2790.88	7562.36
2791.75	7554.59
2792.62	7546.85
2793.48	7539.44
2794.35	7532.32
2795.22	7525.76
2796.09	7519.24
2796.96	7512.63
2797.82	7505.86
2798.69	7496.67
2799.56	7483.84
2800.43	7467.31
2801.29	7452.03
2802.16	7440.6
2803.03	7434.46
2803.9	7430.26
2804.76	7430.36
2805.63	7428.81
2806.5	7424.1
2807.36	7417.18
2808.23	7409.4
2809.09	7400.54
2809.96	7390.5
2810.83	7379.73
2811.69	7370.84
2812.56	7364.5
2813.42	7362.77
2814.29	7367.49
2815.15	7369.89
2816.02	7362.73
2816.88	7355.11
2817.75	7346.67
2818.61	7337.41
2819.48	7327.42
2820.34	7316.62
2821.21	7305.05
2822.07	7292.9
2822.94	7280.22
2823.8	7266.97
2824.66	7253.31
2825.53	7244.37
2826.39	7253.02
2827.26	7256.78
2828.12	7267.92
2828.98	7272.18
2829.85	7277.24
2830.71	7270.52
2831.57	7250.21
2832.43	7231.06
2833.3	7218.04
2834.16	7206.78
2835.02	7197.65
2835.88	7192.79
2836.75	7190.73
2837.61	7191.18
2838.47	7194.22
2839.33	7197.59
2840.19	7193.09
2841.06	7180.59
2841.92	7171.01
2842.78	7161.87
2843.64	7152.07
2844.5	7148.81
2845.36	7146.38
2846.22	7145.13
2847.08	7144.41
2847.94	7144.1
2848.81	7142.77
2849.67	7137.29
2850.53	7131.97
2851.39	7127.47
2852.25	7118.92
2853.11	7106.51
2853.97	7087.17
2854.82	7073.85
2855.68	7062.49
2856.54	7052.65
2857.4	7044.27
2858.26	7039.02
2859.12	7035.11
2859.98	7031.42
2860.84	7028.1
2861.7	7021.99
2862.56	7018.47
2863.41	7014.65
2864.27	7013.59
2865.13	7033.75
2865.99	7022.72
2866.85	7011.81
2867.7	6979.45
2868.56	6954.17
2869.42	6938.19
2870.28	6949.15
2871.13	6967.72
2871.99	6973.18
2872.85	6976.16
2873.7	6974.54
2874.56	6967
2875.42	6954.47
2876.27	6938.46
2877.13	6918.22
2877.99	6901.41
2878.84	6897.63
2879.7	6893.3
2880.56	6889.54
2881.41	6895.94
2882.27	6890.68
2883.12	6883.35
2883.98	6871.44
2884.83	6850.46
2885.69	6848.27
2886.54	6847.58
2887.4	6843.69
2888.25	6841.3
2889.11	6832.88
2889.96	6820.28
2890.82	6809.85
2891.67	6802.45
2892.52	6798.07
2893.38	6792.86
2894.23	6787.84
2895.09	6783.23
2895.94	6779.15
2896.79	6775.67
2897.65	6772.7
2898.5	6770.44
2899.35	6768.81
2900.21	6767.82
2901.06	6761.84
2901.91	6746.82
2902.76	6725.29
2903.62	6701.44
2904.47	6674.68
2905.32	6650.45
2906.17	6634.38
2907.03	6631.4
2907.88	6633.46
2908.73	6636.04
2909.58	6637.61
2910.43	6638.19
2911.28	6637.89
2912.14	6627.49
2912.99	6604.97
2913.84	6582.11
2914.69	6570.47
2915.54	6569.4
2916.39	6573.89
2917.24	6569.95
2918.09	6566.63
2918.94	6563.18
2919.79	6544.87
2920.64	6540.51
2921.49	6536.62
2922.34	6536.32
2923.19	6536.4
2924.04	6533.68
2924.89	6529.76
2925.74	6524.57
2926.59	6517.62
2927.44	6508.29
2928.29	6496.69
2929.14	6482.92
2929.98	6467.83
2930.83	6450.45
2931.68	6437.7
2932.53	6428.24
2933.38	6425.85
2934.23	6426.61
2935.07	6426.66
2935.92	6426.04
2936.77	6423.46
2937.62	6419.39
2938.47	6414.11
2939.31	6407.52
2940.16	6399.63
2941.01	6390.37
2941.85	6379.76
2942.7	6370.46
2943.55	6362.43
2944.39	6372.64
2945.24	6364.69
2946.09	6348.77
2946.93	6309.8
2947.78	6292.77
2948.63	6290.33
2949.47	6287.82
2950.32	6288.8
2951.16	6288.74
2952.01	6289.01
2952.85	6289.22
2953.7	6289.7
2954.55	6291.89
2955.39	6294.35
2956.24	6297.98
2957.08	6300.75
2957.92	6296.46
2958.77	6284.04
2959.61	6267.51
2960.46	6247.88
2961.3	6232.14
2962.15	6221.19
2962.99	6212.74
2963.83	6207.01
2964.68	6204.05
2965.52	6201.1
2966.37	6199.83
2967.21	6187.51
2968.05	6176.75
2968.9	6164.96
2969.74	6154.4
2970.58	6142.48
2971.42	6131.14
2972.27	6123.34
2973.11	6120.13
2973.95	6125.95
2974.79	6132.83
2975.64	6141.05
2976.48	6138.72
2977.32	6130.91
2978.16	6117.03
2979	6100.11
2979.85	6100.67
2980.69	6100.48
2981.53	6100.52
2982.37	6099.82
2983.21	6100.57
2984.05	6096.79
2984.89	6093.79
2985.73	6085.95
2986.57	6079.13
2987.41	6074.08
2988.25	6069.75
2989.1	6065.98
2989.94	6062.53
2990.77	6059.61
2991.62	6056.94
2992.45	6054.52
2993.29	6052.21
2994.13	6049.43
2994.97	6046.43
2995.81	6041.4
2996.65	6036.19
2997.49	6019.34
2998.33	6023.38
2999.17	5972.84
