200.833	13543.4
202.102	13477.2
203.371	13541
204.639	13555.4
205.907	13546
207.175	13523.8
208.442	13514.9
209.71	13516.4
210.977	13529.4
212.244	13541.5
213.511	13555
214.777	13569.6
216.042	13585.8
217.309	13603.6
218.575	13624.8
219.84	13631.2
221.106	13637.3
222.371	13647.5
223.635	13675.8
224.9	13720.5
226.165	13775.1
227.429	13762.6
228.694	13785.4
229.956	13814.8
231.22	13848.1
232.484	13887.3
233.747	13927.8
235.011	13966.7
236.272	14006.8
237.535	14036.3
238.798	14059.4
240.06	14076
241.321	14094.9
242.583	14106.9
243.845	14119.4
245.105	14132.9
246.367	14147.2
247.628	14161
248.888	14176.2
250.149	14196.1
251.409	14216.9
252.67	14236.4
253.928	14252.6
255.189	14263.1
256.447	14259
257.707	14252.3
258.966	14250.9
260.224	14253.8
261.483	14258
262.742	14268.2
263.999	14279.1
265.257	14295.8
266.514	14311.3
267.772	14324.9
269.028	14337
270.286	14344.9
271.543	14359.7
272.799	14373.7
274.056	14390.4
275.311	14408.8
276.568	14432.2
277.823	14464.5
279.079	14504.7
280.333	14545.9
281.589	14580.8
282.843	14600.7
284.099	14608.2
285.352	14601
286.607	14606.3
287.86	14613.3
289.114	14618.2
290.368	14632.9
291.621	14652
292.875	14703.6
294.127	14767.3
295.38	14760.3
296.632	14721.8
297.884	14695.3
299.137	14711.6
300.388	14737.7
301.641	14754.4
302.891	14808.7
304.142	14794.5
305.394	14794.3
306.644	14796.1
307.894	14793.5
309.146	14792
310.395	14791.8
311.645	14799.9
312.895	14808.3
314.144	14822
315.393	14838.2
316.642	14857
317.892	14878.1
319.14	14902
320.388	14928.2
321.637	14950.7
322.885	14965.5
324.132	14971.1
325.38	14962.5
326.628	14978.4
327.875	14995.6
329.122	15011.6
330.368	15027.8
331.614	15044
332.862	15060.4
334.108	15076.8
335.353	15093.6
336.599	15110.6
337.844	15127.8
339.089	15145.1
340.335	15162.4
341.58	15178.9
342.824	15193.2
344.068	15205.2
345.312	15213.2
346.556	15213.5
347.8	15206.9
349.043	15219.2
350.286	15235.7
351.53	15251.3
352.774	15266.8
354.016	15281.6
355.259	15289.3
356.501	15282.3
357.743	15269.4
358.985	15255.7
360.227	15247.7
361.468	15242.2
362.709	15243.8
363.95	15264.3
365.191	15270.6
366.432	15259.3
367.672	15234
368.912	15233.2
370.152	15246.2
371.392	15272.3
372.632	15308.7
373.871	15336.3
375.11	15357.4
376.348	15369.9
377.587	15386.3
378.825	15402.3
380.064	15416.2
381.302	15427.7
382.54	15436.5
383.778	15442.9
385.016	15446.7
386.253	15447.8
387.489	15465.7
388.726	15484.6
389.963	15505.6
391.199	15521.4
392.436	15530.8
393.672	15538.3
394.907	15542.4
396.142	15541.7
397.378	15537.1
398.614	15529.1
399.849	15524.8
401.082	15536.4
402.317	15545.3
403.552	15567
404.786	15588.7
406.019	15620.8
407.253	15643.4
408.487	15655.4
409.721	15656
410.953	15650.7
412.186	15645
413.419	15637.6
414.651	15642.8
415.883	15660.2
417.116	15687.8
418.347	15699.4
419.579	15708.4
420.811	15676.9
422.041	15653.2
423.272	15689.5
424.504	15719.7
425.733	15744.9
426.964	15763.5
428.194	15771.9
429.424	15766.5
430.654	15740
431.883	15734.4
433.113	15733.8
434.341	15740.7
435.571	15748.3
436.799	15760.5
438.028	15775
439.257	15790.5
440.484	15802.6
441.713	15794.4
442.94	15790.8
444.168	15790.9
445.394	15794.6
446.622	15802
447.848	15813.4
449.076	15828.9
450.301	15848.2
451.528	15871.4
452.754	15890.1
453.979	15905.3
455.205	15914.9
456.43	15913.3
457.656	15902
458.88	15893.9
460.106	15891.2
461.33	15890.4
462.554	15891
463.779	15892.4
465.002	15896
466.225	15903
467.45	15914.9
468.672	15936.8
469.895	15957.6
471.119	15949.6
472.341	15940.9
473.563	15927.8
474.786	15912.9
476.008	15897
477.229	15882.3
478.452	15889.3
479.673	15905.6
480.894	15937.3
482.115	15975.7
483.337	15950.1
484.557	15921.9
485.777	15879.4
486.997	15871.7
488.218	15847.1
489.438	15878
490.657	15907.6
491.876	15922.5
493.096	15929.8
494.315	15931
495.533	15926.5
496.752	15903.5
497.97	15891.5
499.188	15888.7
500.407	15891.2
501.625	15893.2
502.842	15894.3
504.059	15888.7
505.276	15891.9
506.493	15898.8
507.71	15910.7
508.926	15924.4
510.142	15937.8
511.358	15951.8
512.575	15965.6
513.791	15980.6
515.006	15981.5
516.222	15991.3
517.437	16010.8
518.651	16041
519.866	16054.4
521.081	16050.4
522.295	16029.7
523.509	16027.6
524.723	16037.6
525.937	16061.6
527.15	16080.2
528.363	16094.4
529.576	16104.3
530.789	16112.6
532.002	16119.4
533.215	16124.7
534.426	16126.9
535.638	16125.8
536.85	16119.2
538.061	16114.4
539.273	16118.8
540.484	16133.6
541.695	16145.9
542.906	16157.4
544.117	16166.1
545.327	16178.8
546.537	16190.7
547.747	16201.4
548.957	16205.9
550.167	16195
551.377	16181.4
552.585	16168.6
553.794	16165.8
555.003	16162.8
556.212	16162.8
557.421	16166.6
558.628	16173.4
559.836	16184
561.044	16196.4
562.252	16200
563.458	16199.4
564.666	16193.3
565.873	16192.2
567.08	16188.8
568.286	16183.6
569.493	16177.4
570.699	16179.5
571.904	16187.1
573.111	16192.7
574.317	16198.5
575.521	16202.7
576.727	16197
577.932	16183.2
579.136	16156.5
580.341	16152.8
581.544	16161.6
582.749	16179.7
583.954	16199.8
585.156	16206.4
586.361	16199.9
587.563	16193.3
588.767	16186.6
589.97	16182.8
591.172	16175
592.375	16173.8
593.577	16182.4
594.78	16196.1
595.981	16209.3
597.183	16220.4
598.384	16230.1
599.586	16237.8
600.786	16244.1
601.988	16249.9
603.188	16254.3
604.389	16256.6
605.589	16257.8
606.79	16233.4
607.989	16209.8
609.188	16189.8
610.389	16170.9
611.587	16153.1
612.787	16140.1
613.986	16132.5
615.184	16129.5
616.383	16130
617.581	16134
618.78	16139.1
619.977	16126.3
621.174	16103
622.373	16096.7
623.57	16095.4
624.766	16094.9
625.964	16095.5
627.16	16097
628.356	16088.9
629.554	16079.1
630.749	16066.8
631.945	16052.2
633.14	16034.3
634.337	16016
635.532	16014.4
636.726	16014.9
637.921	16017.3
639.117	16019.5
640.311	16017.7
641.505	16016
642.699	16013.8
643.892	16011.1
645.087	16007.8
646.28	16004.2
647.473	16001.3
648.666	16000.2
649.859	16008.4
651.051	16021.6
652.245	16035.6
653.437	16049.3
654.629	16062.9
655.821	16077.7
657.012	16073.9
658.204	16047.2
659.395	16030.9
660.586	16017.3
661.777	16014.8
662.967	16026.2
664.158	16040.6
665.349	16057
666.539	16077.5
667.729	16091.1
668.919	16079.2
670.109	16072.9
671.298	16066.8
672.487	16075.8
673.676	16096.9
674.865	16115.5
676.053	16138.6
677.242	16151.2
678.43	16159
679.616	16147.7
680.804	16131.9
681.992	16109.6
683.179	16086.1
684.366	16069.8
685.554	16055.9
686.74	16046
687.927	16038.8
689.114	16040.2
690.3	16043.9
691.486	16050
692.671	16057.1
693.856	16054.1
695.042	16046.8
696.227	16037.1
697.413	16024.5
698.598	16008.3
699.781	15989.1
700.966	15967
702.15	15944.8
703.334	15925.3
704.518	15917.3
705.701	15950.9
706.885	15955.2
708.068	15964.9
709.252	15925.3
710.433	15934.8
711.616	15945
712.799	15956.1
713.98	15965.9
715.163	15973
716.345	15976.2
717.527	15974.7
718.707	15969.2
719.889	15957.2
721.071	15943
722.25	15932.9
723.432	15923.3
724.611	15914
725.792	15905.4
726.972	15926.3
728.151	15963.3
729.332	15967.6
730.512	15970.6
731.69	15958.5
732.87	15952
734.048	15948.4
735.227	15946.6
736.405	15944.1
737.584	15962
738.761	15992.2
739.94	16018.8
741.117	16038.7
742.295	16053.2
743.471	16063
744.649	16068.7
745.825	16071.4
747.003	16070.6
748.179	16067.8
749.356	16063.9
750.531	16059.9
751.708	16055.8
752.883	16052
754.059	16048.6
755.234	16045.3
756.409	16042.8
757.585	16040.2
758.759	16037.2
759.934	16033.7
761.108	16029
762.282	16022.7
763.456	16015.3
764.63	16006.7
765.803	15997.1
766.977	15986.4
768.15	15974.4
769.323	15961.4
770.496	15946.7
771.668	15931.7
772.841	15922.1
774.014	15915.5
775.185	15920.3
776.357	15918.4
777.528	15913.7
778.701	15903.4
779.872	15895.1
781.042	15885.7
782.213	15874.5
783.383	15862.9
784.555	15848.2
785.725	15831
786.895	15815.3
788.064	15802.4
789.234	15807.4
790.404	15812.3
791.573	15819.6
792.742	15829.2
793.911	15816.5
795.08	15799.7
796.248	15780.3
797.416	15759.3
798.584	15747.2
799.753	15743
800.921	15746.6
802.088	15747.7
803.256	15746.9
804.423	15744.3
805.59	15741.2
806.756	15738.3
807.923	15735.7
809.089	15734.9
810.256	15734.9
811.422	15735.5
812.587	15736.4
813.753	15737.6
814.918	15738.5
816.084	15738
817.249	15739.3
818.414	15750.5
819.578	15765.2
820.743	15781.1
821.907	15798.4
823.072	15818.4
824.236	15832.8
825.399	15840
826.562	15841.3
827.725	15812.3
828.889	15803.6
830.052	15795.3
831.215	15792.2
832.377	15788
833.54	15793.7
834.701	15805.9
835.863	15797.7
837.025	15789.1
838.187	15779.5
839.349	15777.1
840.51	15771.2
841.67	15761.8
842.831	15760.4
843.992	15761.3
845.153	15783.3
846.312	15798.7
847.473	15801.9
848.633	15776.1
849.793	15720.7
850.951	15763.8
852.111	15752.5
853.27	15761.3
854.428	15707.2
855.588	15678
856.747	15656.2
857.904	15645.9
859.063	15639.6
860.221	15635.8
861.378	15635.1
862.536	15634.8
863.694	15631.7
864.85	15616.7
866.008	15601.2
867.164	15585.2
868.321	15569.9
869.478	15555.9
870.633	15541.9
871.79	15528.3
872.945	15514.8
874.101	15502.2
875.256	15488.9
876.412	15473.6
877.566	15455.9
878.722	15439.2
879.876	15425
881.031	15416.3
882.185	15420.6
883.34	15412.4
884.493	15408.1
885.647	15395.9
886.8	15386.6
887.954	15376
889.107	15354.9
890.261	15359.1
891.413	15391
892.565	15401.5
893.718	15416.6
894.87	15389.7
896.023	15353.4
897.174	15334.9
898.326	15324.2
899.478	15360.2
900.629	15375.2
901.779	15390.3
902.931	15402.1
904.081	15404.2
905.231	15406.6
906.383	15389.5
907.532	15366.8
908.682	15358.6
909.831	15359.1
910.982	15366
912.131	15377
913.28	15393.2
914.429	15404.2
915.578	15418.7
916.727	15420
917.875	15416.1
919.023	15401
920.171	15386.3
921.32	15376.5
922.467	15374
923.614	15379.5
924.761	15399.8
925.908	15415.3
927.055	15439.7
928.203	15439.6
929.349	15432.7
930.496	15422.2
931.642	15404.2
932.787	15385
933.933	15364.3
935.079	15347
936.224	15330.2
937.369	15314.6
938.514	15301.8
939.659	15291.2
940.804	15303.4
941.948	15321.9
943.092	15333.1
944.236	15341.8
945.38	15346.6
946.524	15346.1
947.667	15341.4
948.811	15325.6
949.954	15306.2
951.097	15280
952.24	15248.6
953.383	15213.8
954.525	15185.7
955.667	15194.9
956.81	15216.9
957.952	15237.6
959.093	15251.4
960.235	15254.2
961.376	15242.9
962.516	15231.9
963.658	15217.4
964.798	15197.5
965.939	15174.2
967.08	15147.8
968.22	15122.9
969.359	15102.2
970.499	15091.8
971.639	15107.3
972.779	15116.6
973.918	15127.2
975.056	15135.5
976.195	15142.2
977.334	15147.8
978.473	15152.8
979.61	15135.8
980.749	15114.2
981.887	15098.5
983.024	15102.4
984.162	15105.3
985.3	15113.8
986.437	15119.3
987.573	15124.9
988.711	15129.8
989.848	15134.2
990.983	15138.3
992.12	15141.8
993.255	15144.4
994.392	15146.2
995.528	15144
996.662	15135.4
997.798	15120
998.933	15112.4
1000.07	15108.7
1001.2	15106.7
1002.34	15103.9
1003.47	15100.5
1004.61	15098.8
1005.74	15096.1
1006.87	15093.7
1008.01	15089.6
1009.14	15083.9
1010.27	15073.8
1011.41	15058.2
1012.54	15047.9
1013.67	15042.3
1014.81	15041.5
1015.94	15045.8
1017.07	15054.7
1018.2	15068.6
1019.33	15086.8
1020.47	15103.3
1021.6	15117.1
1022.73	15110.2
1023.86	15099.2
1024.99	15085.4
1026.12	15073.7
1027.25	15061.9
1028.38	15049.4
1029.51	15035.8
1030.64	15021
1031.77	15005
1032.9	14987.7
1034.03	14971.4
1035.16	14963.3
1036.29	14951.1
1037.42	14936.1
1038.55	14917
1039.67	14895.9
1040.8	14873.7
1041.93	14858.2
1043.06	14856.4
1044.19	14854.3
1045.31	14851.6
1046.44	14837.6
1047.57	14819.2
1048.69	14804
1049.82	14794.7
1050.95	14788.2
1052.08	14783.3
1053.2	14781.1
1054.33	14781.9
1055.45	14785.5
1056.58	14789.9
1057.7	14792.4
1058.83	14786.3
1059.95	14779.1
1061.08	14767.2
1062.2	14745.6
1063.33	14733.8
1064.45	14718.4
1065.58	14704.2
1066.7	14691.8
1067.83	14681.6
1068.95	14677.5
1070.07	14680.6
1071.2	14690.6
1072.32	14707.6
1073.44	14727.2
1074.56	14755.4
1075.69	14763.5
1076.81	14766.9
1077.93	14752.7
1079.05	14734.7
1080.17	14709.7
1081.3	14690.2
1082.42	14681.4
1083.54	14677.4
1084.66	14689.5
1085.78	14704.1
1086.9	14714.2
1088.02	14721.8
1089.14	14727.7
1090.26	14730.4
1091.38	14730.2
1092.5	14728.2
1093.62	14723.4
1094.74	14716
1095.86	14703.1
1096.98	14721.9
1098.1	14742.4
1099.22	14741.9
1100.34	14724.4
1101.45	14683
1102.57	14636.5
1103.69	14650.1
1104.81	14652.9
1105.93	14661.4
1107.04	14663.3
1108.16	14664.2
1109.28	14657.7
1110.4	14634
1111.51	14602
1112.63	14586.5
1113.75	14579.6
1114.86	14585.1
1115.98	14595.8
1117.09	14604.6
1118.21	14611.9
1119.32	14601
1120.44	14575.5
1121.55	14549.6
1122.67	14522.3
1123.78	14506.7
1124.9	14498.5
1126.01	14493.3
1127.13	14489.6
1128.24	14487.1
1129.35	14469.4
1130.47	14451.7
1131.58	14429.5
1132.7	14403.7
1133.81	14376.5
1134.92	14349
1136.03	14328.6
1137.15	14309.5
1138.26	14293.9
1139.37	14279.7
1140.48	14269.1
1141.59	14261.7
1142.71	14263.5
1143.82	14294.9
1144.93	14311
1146.04	14304.9
1147.15	14284.1
1148.26	14258.2
1149.37	14235.7
1150.48	14190.1
1151.59	14174.4
1152.7	14168.3
1153.81	14183.8
1154.92	14187.5
1156.03	14180.8
1157.14	14173.1
1158.25	14165
1159.36	14155.3
1160.47	14143.2
1161.58	14127.9
1162.68	14113.2
1163.79	14106.2
1164.9	14104.7
1166.01	14116.2
1167.12	14114.5
1168.22	14115.8
1169.33	14117.6
1170.44	14119.7
1171.55	14122.1
1172.65	14124.6
1173.76	14127.6
1174.87	14131.2
1175.97	14137
1177.08	14143.2
1178.18	14149.4
1179.29	14158.3
1180.4	14171.3
1181.5	14195.9
1182.61	14216.8
1183.71	14196.6
1184.82	14170.6
1185.92	14150.9
1187.02	14141.5
1188.13	14144.5
1189.23	14144.6
1190.34	14149.1
1191.44	14153.8
1192.54	14158.5
1193.65	14159.1
1194.75	14152.8
1195.85	14145.8
1196.96	14136.7
1198.06	14126.3
1199.16	14118.5
1200.26	14128.8
1201.37	14147
1202.47	14146.5
1203.57	14147.2
1204.67	14132.4
1205.77	14115.8
1206.87	14095.1
1207.97	14074.9
1209.08	14074.3
1210.18	14078.9
1211.28	14090.2
1212.38	14097.2
1213.48	14097.2
1214.58	14095.1
1215.68	14091.1
1216.78	14086.7
1217.88	14081.2
1218.98	14075.4
1220.07	14069.5
1221.17	14064.5
1222.27	14057.5
1223.37	14050.3
1224.47	14042.8
1225.57	14035.4
1226.66	14028.4
1227.76	14025.2
1228.86	14021.8
1229.96	14019.4
1231.06	14018.3
1232.15	14017.4
1233.25	14009.4
1234.35	13977.4
1235.44	13944.5
1236.54	13918
1237.63	13903.2
1238.73	13897.6
1239.83	13896.2
1240.92	13891.7
1242.02	13884.3
1243.11	13874.3
1244.21	13861.7
1245.3	13849.2
1246.4	13833
1247.49	13816.3
1248.59	13801.8
1249.68	13795.1
1250.78	13795.9
1251.87	13804.3
1252.96	13811.4
1254.06	13815.9
1255.15	13818.7
1256.24	13827.8
1257.34	13817
1258.43	13804.2
1259.52	13786.1
1260.62	13765.7
1261.71	13744
1262.8	13720.5
1263.89	13705.1
1264.98	13699
1266.08	13709.2
1267.17	13724.8
1268.26	13748.2
1269.35	13780
1270.44	13784.3
1271.53	13782.6
1272.62	13763.6
1273.71	13750.8
1274.8	13747.1
1275.89	13749.7
1276.98	13765.6
1278.07	13782.1
1279.16	13792.7
1280.25	13800.4
1281.34	13787.1
1282.43	13777.1
1283.52	13743
1284.61	13731.1
1285.69	13728.4
1286.78	13733.7
1287.87	13744.8
1288.96	13762.1
1290.05	13770.8
1291.13	13777.9
1292.22	13779.9
1293.31	13782.6
1294.4	13774
1295.48	13781.3
1296.57	13797.1
1297.66	13798.2
1298.74	13795.6
1299.83	13779.7
1300.92	13764.8
1302	13752.7
1303.09	13739.7
1304.17	13740
1305.26	13756.4
1306.34	13781.9
1307.43	13788.7
1308.51	13783.9
1309.6	13777.2
1310.68	13759
1311.76	13743.7
1312.85	13733.9
1313.93	13728.5
1315.02	13722.1
1316.1	13718.2
1317.18	13707.6
1318.27	13686.2
1319.35	13674.7
1320.43	13668.1
1321.52	13664.7
1322.6	13664
1323.68	13666.9
1324.76	13672.2
1325.85	13669.5
1326.93	13656.5
1328.01	13639.9
1329.09	13625.3
1330.17	13610.9
1331.25	13602.6
1332.33	13600.8
1333.41	13601.4
1334.49	13604.5
1335.58	13601.5
1336.65	13592.4
1337.74	13580.3
1338.82	13561.8
1339.89	13550.8
1340.97	13548.7
1342.05	13540.7
1343.13	13531.7
1344.21	13522.8
1345.29	13520.1
1346.37	13539.6
1347.45	13534.7
1348.53	13527.5
1349.6	13521.7
1350.68	13516.4
1351.76	13508.2
1352.84	13503.2
1353.92	13498.1
1354.99	13501.5
1356.07	13506.7
1357.15	13510.9
1358.22	13514
1359.3	13516.3
1360.38	13517
1361.45	13516.2
1362.53	13511.9
1363.61	13501.2
1364.68	13486.7
1365.76	13475.3
1366.83	13465.9
1367.91	13459.4
1368.98	13457.6
1370.06	13461.5
1371.13	13466.7
1372.21	13472
1373.28	13475.9
1374.35	13477.6
1375.43	13476
1376.5	13470.7
1377.58	13462.7
1378.65	13451.9
1379.72	13442.5
1380.8	13437.3
1381.87	13434.4
1382.94	13441.3
1384.01	13436.9
1385.09	13428
1386.16	13402.8
1387.23	13393.6
1388.3	13394.8
1389.38	13398.2
1390.45	13400.3
1391.52	13400
1392.59	13396.1
1393.66	13388.7
1393.92	13385.5
1395	13375.8
1396.07	13362.6
1397.15	13353.8
1398.22	13352
1399.3	13349.5
1400.38	13348.9
1401.45	13349
1402.53	13350.9
1403.6	13355.4
1404.68	13362.8
1405.75	13365
1406.82	13362.9
1407.9	13343.7
1408.97	13327.8
1410.05	13320
1411.12	13308.5
1412.19	13296.1
1413.27	13282.7
1414.34	13268.6
1415.41	13252.3
1416.49	13235.6
1417.56	13223.4
1418.63	13223.1
1419.7	13231.2
1420.78	13240.9
1421.85	13246.1
1422.92	13249.1
1423.99	13248.7
1425.06	13244.3
1426.14	13234.5
1427.21	13218.2
1428.28	13194.9
1429.35	13179.7
1430.42	13172.4
1431.49	13172.1
1432.56	13174.5
1433.63	13177.4
1434.7	13177.5
1435.77	13174.4
1436.84	13168.5
1437.91	13160.4
1438.98	13149.8
1440.05	13136.6
1441.12	13120.6
1442.18	13102
1443.25	13094.5
1444.32	13098.4
1445.39	13103.7
1446.46	13108.7
1447.53	13111
1448.59	13114.4
1449.66	13115.3
1450.73	13117
1451.8	13114.3
1452.86	13109.5
1453.93	13102.9
1455	13096.6
1456.06	13090.9
1457.13	13085.7
1458.2	13081.8
1459.26	13077.3
1460.33	13073.4
1461.39	13070.7
1462.46	13070.5
1463.52	13075.6
1464.59	13077.2
1465.65	13078.9
1466.72	13079.7
1467.78	13080.5
1468.85	13079.9
1469.91	13076.1
1470.98	13065.6
1472.04	13053.6
1473.1	13038.8
1474.17	13024.5
1475.23	13016.2
1476.3	13010.3
1477.36	13000.2
1478.42	13002.6
1479.48	13008
1480.55	13018.6
1481.61	13024.3
1482.67	13007.3
1483.73	13001.1
1484.8	13008.6
1485.86	13014
1486.92	13014.1
1487.98	13011.9
1489.04	13008.9
1490.1	13002.2
1491.17	12993.5
1492.23	12982.1
1493.29	12968.7
1494.35	12953.5
1495.41	12937.8
1496.47	12924.7
1497.53	12915.7
1498.59	12908.1
1499.65	12902.8
1500.71	12903.1
1501.77	12906.7
1502.83	12913.1
1503.88	12922.5
1504.94	12934.4
1506	12949.8
1507.06	12952.7
1508.12	12926.5
1509.18	12890.8
1510.23	12844.3
1511.29	12831.8
1512.35	12832.1
1513.41	12830.7
1514.47	12829
1515.52	12826.9
1516.58	12823.3
1517.64	12818.5
1518.69	12813
1519.75	12807.9
1520.81	12802.8
1521.86	12801.7
1522.92	12803.1
1523.97	12783
1525.03	12774.7
1526.08	12759
1527.14	12755.2
1528.2	12751.7
1529.25	12744.1
1530.31	12733.4
1531.36	12710.9
1532.42	12693.4
1533.47	12684
1534.52	12678.4
1535.58	12683.6
1536.63	12696.9
1537.69	12716
1538.74	12723.6
1539.79	12723.6
1540.84	12662.3
1541.9	12655.5
1542.95	12645.3
1544	12648.3
1545.06	12653
1546.11	12659.9
1547.16	12667.1
1548.21	12676.9
1549.27	12689.1
1550.32	12702.4
1551.37	12710.6
1552.42	12710.4
1553.47	12703.8
1554.52	12690.7
1555.57	12651.3
1556.62	12601.9
1557.67	12598.4
1558.72	12613.3
1559.77	12631
1560.82	12629.3
1561.87	12615.2
1562.92	12608.6
1563.97	12609.9
1565.02	12607.1
1566.07	12608.2
1567.12	12624.1
1568.17	12637.9
1569.22	12645.3
1570.27	12644.5
1571.32	12633.5
1572.36	12615.2
1573.41	12601.1
1574.46	12588.7
1575.51	12569.7
1576.56	12556.2
1577.6	12549.4
1578.65	12549.3
1579.7	12556.2
1580.74	12566.5
1581.79	12559.9
1582.84	12543.6
1583.88	12534.1
1584.93	12531.6
1585.98	12535.7
1587.02	12546.8
1588.07	12564.1
1589.11	12577.3
1590.16	12584.7
1591.2	12580.6
1592.25	12567
1593.29	12538.2
1594.34	12505
1595.38	12477.4
1596.43	12457
1597.47	12443.7
1598.52	12437.3
1599.56	12433.3
1600.6	12432.6
1601.65	12429.6
1602.69	12425.8
1603.73	12422.8
1604.78	12418.4
1605.82	12414.5
1606.86	12409.7
1607.91	12402.7
1608.95	12390.5
1609.99	12368.2
1611.03	12354.6
1612.08	12342.1
1613.12	12331.6
1614.16	12323
1615.2	12316.2
1616.24	12311.5
1617.28	12309.1
1618.32	12302
1619.36	12291.4
1620.41	12276.5
1621.45	12263.5
1622.49	12252
1623.53	12237.7
1624.57	12230.2
1625.61	12224.3
1626.65	12216.2
1627.69	12205.6
1628.73	12187.3
1629.76	12173.3
1630.8	12159
1631.84	12155.4
1632.88	12149.3
1633.92	12147.1
1634.96	12150.5
1636	12140
1637.03	12120.4
1638.07	12101.6
1639.11	12093.4
1640.15	12092.6
1641.19	12088.9
1642.22	12088.2
1643.26	12091.7
1644.3	12084.7
1645.33	12083.9
1646.37	12067
1647.41	12052.4
1648.44	12040.9
1649.48	12029.9
1650.52	12020.8
1651.55	12015.7
1652.59	12013
1653.62	12013
1654.66	12015.3
1655.69	12020.5
1656.73	12022.7
1657.76	12015.3
1658.8	12005.1
1659.83	11989.1
1660.87	11977.2
1661.9	11969.2
1662.93	11964.2
1663.97	11959.2
1665	11960.6
1666.04	11964.1
1667.07	11967.7
1668.1	11971.8
1669.14	11960.3
1670.17	11950.1
1671.2	11935.4
1672.23	11919
1673.27	11902.9
1674.3	11892.7
1675.33	11901.8
1676.36	11911.8
1677.39	11919.3
1678.43	11926.7
1679.46	11908.9
1680.49	11897.8
1681.52	11881.8
1682.55	11859.3
1683.58	11843.1
1684.61	11834.3
1685.64	11830.4
1686.67	11831
1687.7	11839.3
1688.73	11854.6
1689.76	11863.5
1690.79	11865.6
1691.82	11860.8
1692.85	11851.1
1693.88	11823
1694.91	11809.7
1695.94	11796.4
1696.97	11792.4
1698	11790.2
1699.02	11786
1700.05	11792.2
1701.08	11792.9
1702.11	11788.5
1703.14	11778.7
1704.16	11763.6
1705.19	11747.7
1706.22	11729
1707.25	11728.2
1708.27	11723
1709.3	11742.6
1710.33	11761.5
1711.35	11757.5
1712.38	11727.6
1713.41	11695.6
1714.43	11662.9
1715.46	11632.8
1716.48	11612.5
1717.51	11610.8
1718.53	11611.6
1719.56	11619.7
1720.58	11637.4
1721.61	11657.2
1722.63	11663.5
1723.66	11666.5
1724.68	11628.1
1725.71	11556.2
1726.73	11540.8
1727.75	11562.9
1728.78	11551.6
1729.8	11535.2
1730.83	11521.2
1731.85	11515.3
1732.87	11510.8
1733.89	11503.4
1734.92	11496.8
1735.94	11490
1736.96	11482.6
1737.98	11475
1739.01	11466.8
1740.03	11458.5
1741.05	11450.1
1742.07	11442.2
1743.09	11434.2
1744.12	11430.1
1745.14	11426.4
1746.16	11425.5
1747.18	11425.1
1748.2	11419.5
1749.22	11409.5
1750.24	11382.7
1751.26	11357.6
1752.28	11333.6
1753.3	11302.5
1754.32	11372.6
1755.34	11379.8
1756.36	11347.4
1757.38	11328.9
1758.4	11302.1
1759.42	11292.9
1760.44	11287
1761.45	11294.9
1762.47	11325.2
1763.49	11335.2
1764.51	11339.3
1765.53	11336.9
1766.55	11329.9
1767.56	11322.6
1768.58	11314.9
1769.6	11305.3
1770.61	11294.6
1771.63	11282.6
1772.65	11269.5
1773.67	11255.2
1774.68	11240.5
1775.7	11228.6
1776.72	11220.6
1777.73	11210.2
1778.75	11200.3
1779.76	11191.2
1780.78	11182.6
1781.79	11174.4
1782.81	11166.4
1783.83	11160.1
1784.84	11157.2
1785.85	11155
1786.87	11153.2
1787.88	11152.4
1788.9	11149.3
1789.91	11135.6
1790.93	11122.1
1791.94	11108.8
1792.95	11095.6
1793.97	11085.4
1794.98	11080.9
1796	11073.2
1797.01	11066.4
1798.02	11061.3
1799.03	11051.7
1800.05	11047.8
1801.06	11044.7
1802.07	11043.2
1803.08	11040.8
1804.1	11037.5
1805.11	11032.5
1806.12	11021.3
1807.13	11009.5
1808.14	10995.5
1809.15	10972
1810.17	10968.5
1811.18	10983.8
1812.19	10984.5
1813.2	10984
1814.21	10967.4
1815.22	10937.7
1816.23	10919.5
1817.24	10904.5
1818.25	10942.2
1819.26	10950.4
1820.27	10940.9
1821.28	10927.6
1822.29	10910.5
1823.3	10904.6
1824.3	10897.8
1825.31	10890.1
1826.32	10874.1
1827.33	10857.1
1828.34	10839.3
1829.35	10820.3
1830.35	10798.6
1831.36	10779.3
1832.37	10773.3
1833.38	10765.4
1834.38	10760.5
1835.39	10756.1
1836.4	10751
1837.41	10743.2
1838.41	10735.7
1839.42	10721
1840.43	10702.1
1841.43	10686.5
1842.44	10673.4
1843.44	10663.8
1844.45	10668.8
1845.46	10676.9
1846.46	10689
1847.47	10666.8
1848.47	10648.4
1849.48	10633.3
1850.48	10621.4
1851.49	10612.6
1852.49	10607.2
1853.49	10605.3
1854.5	10606.6
1855.5	10603.1
1856.51	10594.7
1857.51	10581.4
1858.51	10570.2
1859.52	10564
1860.52	10558.7
1861.52	10553.6
1862.53	10548.7
1863.53	10542.2
1864.53	10529.6
1865.54	10515
1866.54	10498.7
1867.54	10482
1868.54	10468.1
1869.54	10470.5
1870.55	10481.3
1871.55	10486.8
1872.55	10494.5
1873.55	10503.8
1874.55	10499.2
1875.55	10487.6
1876.55	10462.7
1877.55	10440.4
1878.55	10417.8
1879.55	10395.5
1880.56	10395.9
1881.55	10394.1
1882.56	10405.3
1883.55	10412.6
1884.55	10409
1885.55	10400
1886.55	10388
1887.55	10378.2
1888.55	10367.5
1889.55	10357
1890.55	10346.2
1891.55	10335.4
1892.55	10324.4
1893.54	10313.3
1894.54	10302
1895.54	10290.5
1896.54	10282.9
1897.54	10290.4
1898.53	10295.2
1899.53	10301.4
1900.53	10299.2
1901.52	10282.9
1902.52	10266.2
1903.52	10252
1904.51	10235.1
1905.51	10212.2
1906.51	10197.5
1907.5	10185.2
1908.5	10198.5
1909.49	10210.5
1910.49	10223.3
1911.49	10182.5
1912.48	10124.7
1913.48	10135.6
1914.47	10173.3
1915.46	10189
1916.46	10189.9
1917.45	10165.8
1918.45	10138.7
1919.44	10109.4
1920.44	10078.1
1921.43	10040.8
1922.43	10042.6
1923.42	10035.2
1924.41	10037.1
1925.41	10041.3
1926.4	10040.7
1927.39	10037.3
1928.38	10031.8
1929.38	10023
1930.37	10011
1931.36	9996.32
1932.35	9978
1933.35	9959.01
1934.34	9950.4
1935.33	9975.18
1936.32	9977.01
1937.31	9972.89
1938.3	9957.04
1939.29	9931.77
1940.29	9897.89
1941.28	9869.5
1942.27	9850.97
1943.26	9840.74
1944.25	9839.01
1945.24	9850.68
1946.23	9861.99
1947.22	9872.82
1948.21	9872.6
1949.2	9862.4
1950.19	9849.6
1951.18	9837.17
1952.17	9824.59
1953.16	9812.23
1954.14	9800.08
1955.13	9788.31
1956.12	9775.24
1957.11	9762.61
1958.1	9750.34
1959.09	9739.22
1960.07	9732.12
1961.06	9725.97
1962.05	9721.78
1963.04	9719.73
1964.02	9720.55
1965.01	9723.58
1966	9720.16
1966.99	9709.48
1967.97	9699.56
1968.96	9689.49
1969.95	9679.75
1970.93	9669.19
1971.92	9660.69
1972.9	9651.53
1973.89	9643.35
1974.88	9636.39
1975.86	9621.35
1976.85	9605.02
1977.83	9588.43
1978.82	9570.7
1979.8	9563.2
1980.79	9560.79
1981.77	9559.52
1982.76	9558.51
1983.74	9557.5
1984.72	9555.56
1985.71	9544.15
1986.69	9535.34
1987.67	9521.49
1988.66	9506.73
1989.64	9492.92
1990.62	9482.31
1991.61	9476.09
1992.59	9471.17
1993.57	9468.66
1994.56	9468.37
1995.54	9470.45
1996.52	9473.91
1997.5	9472.01
1998.49	9461.56
1999.47	9447.43
2000.45	9434.66
2001.43	9424.14
2002.41	9415.31
2003.39	9408.39
2004.38	9403.33
2005.36	9400.82
2006.34	9375.11
2007.32	9343.73
2008.3	9371.05
2009.28	9371.27
2010.26	9384.56
2011.24	9369.6
2012.22	9360.42
2013.2	9344.5
2014.18	9325.59
2015.16	9307.01
2016.14	9287.01
2017.12	9272.75
2018.1	9278.12
2019.07	9280.11
2020.05	9288.37
2021.03	9294.32
2022.01	9298.21
2022.99	9284.55
2023.97	9267.38
2024.95	9243.32
2025.92	9217.6
2026.9	9200.18
2027.88	9186.08
2028.86	9183.38
2029.83	9185.78
2030.81	9183.08
2031.79	9179.79
2032.76	9174
2033.74	9165.53
2034.72	9155.37
2035.69	9143.39
2036.67	9129.59
2037.65	9114.82
2038.62	9105.66
2039.6	9107.29
2040.57	9106.42
2041.55	9113.58
2042.52	9115.36
2043.5	9110.89
2044.47	9099.88
2045.45	9075.31
2046.42	9049.84
2047.4	9022.57
2048.37	9007.65
2049.35	8997.67
2050.32	8995.22
2051.29	8992.86
2052.27	8993.18
2053.24	8987.57
2054.21	8979.7
2055.19	8969.67
2056.16	8957.85
2057.13	8943.51
2058.11	8927.94
2059.08	8913.89
2060.05	8899.29
2061.02	8894.98
2062	8892.6
2062.97	8893.2
2063.94	8894.89
2064.91	8896.04
2065.89	8896.74
2066.86	8887.18
2067.83	8877
2068.8	8865.86
2069.77	8853.82
2070.74	8840.82
2071.71	8827
2072.68	8812.71
2073.65	8808.92
2074.62	8819.35
2075.59	8805.98
2076.56	8792.47
2077.53	8757.79
2078.5	8710.96
2079.47	8715.51
2080.44	8720.39
2081.41	8718.9
2082.38	8718.44
2083.35	8718.52
2084.32	8717.81
2085.29	8715.62
2086.26	8711.77
2087.23	8706.73
2088.19	8700.06
2089.16	8691.61
2090.13	8680.63
2091.1	8667.57
2092.07	8652.47
2093.03	8637.85
2094	8623.12
2094.97	8611.46
2095.94	8602.92
2096.9	8596.22
2097.87	8593.03
2098.84	8591.94
2099.8	8591.26
2100.77	8590.46
2101.74	8588.56
2102.7	8582.35
2103.67	8564.38
2104.63	8558.25
2105.6	8550.39
2106.56	8543.32
2107.53	8536.8
2108.49	8530.5
2109.46	8505.73
2110.42	8469.59
2111.39	8440.88
2112.35	8425.4
2113.32	8433.7
2114.28	8436.04
2115.25	8440.48
2116.21	8447.76
2117.17	8454.56
2118.14	8460.84
2119.1	8461.25
2120.07	8451.2
2121.03	8429.27
2121.99	8415.23
2122.96	8401.08
2123.92	8395.65
2124.88	8383.72
2125.84	8370.33
2126.81	8356.96
2127.77	8341.03
2128.73	8323.65
2129.69	8303.99
2130.65	8287.23
2131.62	8290.05
2132.58	8299.97
2133.54	8325.29
2134.5	8276.7
2135.46	8259.19
2136.42	8251.3
2137.38	8245.77
2138.34	8241.41
2139.3	8237.83
2140.26	8234.38
2141.22	8230.96
2142.18	8223.89
2143.14	8216.38
2144.1	8207.59
2145.06	8198.23
2146.02	8186.06
2146.98	8174.96
2147.94	8166.23
2148.9	8158.9
2149.86	8156.3
2150.82	8152.62
2151.78	8147.83
2152.74	8142.07
2153.69	8135.81
2154.65	8128.22
2155.61	8115.98
2156.57	8102.08
2157.53	8086.26
2158.48	8073.12
2159.44	8060.55
2160.4	8055.9
2161.36	8050.07
2162.31	8046.65
2163.27	8044.58
2164.23	8042.84
2165.18	8038.05
2166.14	8032.17
2167.1	8018.7
2168.05	7997.31
2169.01	7965.98
2169.96	7939.07
2170.92	7916.94
2171.88	7901.74
2172.83	7902.53
2173.79	7899.79
2174.74	7890.4
2175.7	7886.28
2176.65	7869.36
2177.6	7830.16
2178.56	7818.47
2179.51	7806.32
2180.47	7807.08
2181.42	7815.23
2182.38	7828.42
2183.33	7828.47
2184.28	7808.36
2185.24	7795.83
2186.19	7783.34
2187.14	7769.83
2188.1	7756.98
2189.05	7743.06
2190	7728.91
2190.96	7714.18
2191.91	7698.97
2192.86	7683.27
2193.81	7666.55
2194.76	7649.54
2195.72	7647.12
2196.67	7645.58
2197.62	7645.4
2198.57	7646.31
2199.52	7650.23
2200.47	7647.59
2201.43	7644.62
2202.38	7638.83
2203.33	7624.68
2204.28	7616.62
2205.23	7618.58
2206.18	7620.64
2207.13	7623.61
2208.08	7630.13
2209.03	7636.68
2209.98	7629.74
2210.93	7622.84
2211.88	7609.51
2212.83	7588.9
2213.78	7571.77
2214.73	7554.23
2215.67	7536.5
2216.62	7522.52
2217.57	7522.53
2218.52	7519.72
2219.47	7518.48
2220.42	7520.04
2221.37	7514.43
2222.31	7506.35
2223.26	7494.57
2224.21	7484.27
2225.16	7460.75
2226.1	7440.93
2227.05	7439.38
2228	7445.73
2228.94	7452.57
2229.89	7455.81
2230.84	7457.55
2231.78	7457.75
2232.73	7431.81
2233.68	7421.92
2234.62	7413.01
2235.57	7408.14
2236.51	7405.06
2237.46	7400.93
2238.41	7395.85
2239.35	7391.74
2240.3	7388.41
2241.24	7386.78
2242.19	7386.48
2243.13	7386.43
2244.07	7384.79
2245.02	7381.72
2245.96	7376.9
2246.91	7370.08
2247.85	7361.75
2248.8	7356.22
2249.74	7357.26
2250.68	7356.95
2251.63	7349.06
2252.57	7345.13
2253.51	7338.04
2254.46	7336.04
2255.4	7336.93
2256.34	7337.75
2257.28	7332.65
2258.23	7326.01
2259.17	7319.53
2260.11	7312.11
2261.05	7304.11
2262	7301.47
2262.94	7297.25
2263.88	7289.12
2264.82	7282.31
2265.76	7279.22
2266.7	7283.9
2267.64	7289.35
2268.58	7285.71
2269.53	7275.9
2270.47	7257.64
2271.41	7250.28
2272.35	7246.27
2273.29	7245.44
2274.23	7246.58
2275.17	7248.34
2276.11	7249.79
2277.05	7251.44
2277.99	7248.02
2278.93	7247.35
2279.86	7248.12
2280.8	7250.47
2281.74	7253.09
2282.68	7254.51
2283.62	7254.35
2284.56	7251.4
2285.5	7245.62
2286.44	7236.53
2287.37	7224.01
2288.31	7212.4
2289.25	7203.77
2290.19	7199.93
2291.12	7198.78
2292.06	7200.01
2293	7203.92
2293.94	7208.87
2294.87	7213.51
2295.81	7216.27
2296.75	7212.63
2297.68	7204.66
2298.62	7197.79
2299.55	7198.25
2300.49	7199.68
2301.43	7199.64
2302.36	7196.62
2303.3	7169.29
2304.23	7141.19
2305.17	7133.83
2306.1	7135.59
2307.04	7136.27
2307.98	7135.53
2308.91	7133.92
2309.84	7129.73
2310.78	7126.89
2311.71	7125.17
2312.65	7122.92
2313.58	7113.39
2314.52	7099.01
2315.45	7085.05
2316.38	7069.07
2317.32	7053.2
2317.72	7046.66
2318.66	7039.49
2319.6	7042.91
2320.54	7046.88
2321.48	7041.71
2322.41	7033.4
2323.35	7022.47
2324.29	7008.96
2325.23	6993.44
2326.16	6975.22
2327.1	6966.3
2328.04	6968.4
2328.97	6982.47
2329.91	7010.23
2330.85	7007.62
2331.78	7003.41
2332.72	6970.88
2333.66	6946.33
2334.59	6929.4
2335.53	6919.15
2336.46	6912.94
2337.4	6909.19
2338.33	6907.12
2339.27	6906.56
2340.2	6907.56
2341.14	6908.79
2342.07	6895.19
2343.01	6874.09
2343.94	6856.94
2344.88	6850.63
2345.81	6849.54
2346.75	6850.35
2347.68	6850.06
2348.61	6850.57
2349.55	6853.86
2350.48	6856.57
2351.41	6859.78
2352.35	6862.67
2353.28	6864.23
2354.21	6862.14
2355.15	6842.85
2356.08	6834.59
2357.01	6824.06
2357.94	6817.22
2358.88	6810.7
2359.81	6823.75
2360.74	6813.54
2361.67	6798.45
2362.6	6776.75
2363.54	6751.37
2364.47	6734.48
2365.4	6750.78
2366.33	6755.25
2367.26	6760.33
2368.19	6765.95
2369.12	6769.85
2370.05	6769.99
2370.98	6768.3
2371.91	6764.74
2372.84	6759.67
2373.77	6753.43
2374.7	6746.07
2375.63	6737.76
2376.56	6729.14
2377.49	6719.41
2378.42	6709.5
2379.35	6699.67
2380.28	6690.8
2381.21	6683.51
2382.14	6677.89
2383.07	6675.22
2384	6674.28
2384.92	6676.41
2385.85	6675.96
2386.78	6674.49
2387.71	6666.41
2388.64	6660.13
2389.56	6642.05
2390.49	6630.32
2391.42	6625.63
2392.35	6627.77
2393.27	6636.16
2394.2	6642.3
2395.13	6648.99
2396.05	6646.28
2396.98	6640.04
2397.91	6627.28
2398.83	6607.62
2399.76	6596.76
2400.69	6584.38
2401.61	6579.98
2402.54	6580.82
2403.46	6588.89
2404.39	6589.7
2405.31	6592.67
2406.24	6586.29
2407.17	6575.75
2408.09	6562.23
2409.01	6551.79
2409.94	6543.13
2410.86	6543.07
2411.79	6540.06
2412.71	6537.76
2413.64	6520.17
2414.56	6510.98
2415.49	6502.35
2416.41	6497.7
2417.33	6495.59
2418.26	6499.72
2419.18	6498.78
2420.1	6498.45
2421.03	6495.92
2421.95	6490.33
2422.87	6483.21
2423.79	6473.82
2424.72	6463.14
2425.64	6451.62
2426.56	6440.12
2427.48	6444.58
2428.41	6440.3
2429.33	6437.47
2430.25	6432.08
2431.17	6416.87
2432.09	6400.96
2433.01	6392.65
2433.93	6389.25
2434.86	6385.11
2435.78	6383.25
2436.7	6377.36
2437.62	6374.77
2438.54	6367.98
2439.46	6353.96
2440.38	6340.29
2441.3	6326.09
2442.22	6314.58
2443.14	6304.68
2444.06	6297.28
2444.98	6291.78
2445.9	6286.93
2446.82	6282.4
2447.73	6278.28
2448.65	6273.85
2449.57	6269.92
2450.49	6266.4
2451.41	6263.12
2452.33	6260.16
2453.25	6257.36
2454.17	6254.97
2455.08	6251.73
2456	6242.01
2456.92	6230.77
2457.84	6223.41
2458.75	6218.47
2459.67	6215.04
2460.59	6209.64
2461.51	6202.67
2462.42	6193.97
2463.34	6183.44
2464.26	6170.96
2465.17	6157.27
2466.09	6142.46
2467	6129.63
2467.92	6129.68
2468.84	6128.15
2469.75	6135.24
2470.67	6143.91
2471.58	6143.37
2472.5	6137.28
2473.42	6132
2474.33	6127.47
2475.25	6121.77
2476.16	6115.76
2477.08	6107.07
2477.99	6098.15
2478.9	6088.35
2479.82	6084.67
2480.73	6089.34
2481.65	6091.7
2482.56	6095.59
2483.47	6097.24
2484.39	6092.61
2485.3	6084.02
2486.22	6075.85
2487.13	6069.03
2488.04	6063.14
2488.96	6056.96
2489.87	6049.26
2490.78	6040.69
2491.69	6031.47
2492.61	6022.09
2493.52	6015.22
2494.43	6009.66
2495.34	6019.28
2496.25	6027.29
2497.17	6039.74
2498.08	6045.62
2498.99	6003.16
2499.9	5945.69
2500.81	5991.52
2501.72	5997.67
2502.63	5996.74
2503.55	5993.37
2504.46	5989.56
2505.37	5982.26
2506.28	5972.66
2507.19	5969.24
2508.1	5969.41
2509.01	5971.49
2509.92	5971.31
2510.83	5971.21
2511.74	5970.75
2512.65	5969.81
2513.56	5968.44
2514.47	5966.43
2515.37	5963.68
2516.28	5959.87
2517.19	5955.39
2518.1	5947.45
2519.01	5938.05
2519.92	5926.17
2520.83	5915.72
2521.73	5906.52
2522.64	5900.98
2523.55	5900.26
2524.46	5900.78
2525.37	5902.53
2526.27	5906.59
2527.18	5908.18
2528.09	5907.3
2529	5903.55
2529.9	5891.08
2530.81	5879.55
2531.72	5867.04
2532.62	5851.56
2533.53	5838.21
2534.44	5830.07
2535.34	5822.63
2536.25	5819.92
2537.15	5816.52
2538.06	5814.49
2538.96	5812.86
2539.87	5814.67
2540.78	5811.08
2541.68	5794.99
2542.59	5788.39
2543.49	5778.36
2544.4	5774.02
2545.3	5773.63
2546.21	5776.36
2547.11	5769.46
2548.01	5767.61
2548.92	5757.62
2549.82	5741.71
2550.73	5729.82
2551.63	5727.14
2552.53	5723.66
2553.44	5721.78
2554.34	5724.86
2555.24	5731.33
2556.15	5730.26
2557.05	5724.39
2557.95	5714.99
2558.86	5703.29
2559.76	5689.91
2560.66	5677.03
2561.56	5665.08
2562.46	5655.56
2563.37	5652.02
2564.27	5652.92
2565.17	5654.61
2566.07	5662.51
2566.97	5664.78
2567.88	5661.34
2568.78	5653.19
2569.68	5643.73
2570.58	5630.52
2571.48	5614.85
2572.38	5596.01
2573.28	5579.13
2574.18	5577.97
2575.08	5579.52
2575.98	5583.67
2576.88	5585.19
2577.78	5582.99
2578.68	5576.13
2579.58	5559.24
2580.48	5549.05
2581.38	5538.32
2582.28	5528.12
2583.18	5519.17
2584.08	5512.71
2584.98	5509.23
2585.88	5508.1
2586.77	5508.3
2587.67	5511.63
2588.57	5512.19
2589.47	5509.08
2590.37	5499.02
2591.27	5482.61
2592.16	5457.82
2593.06	5437.8
2593.96	5420.48
2594.86	5456.77
2595.75	5441.69
2596.65	5430.48
2597.55	5418.1
2598.45	5410.43
2599.34	5402.01
2600.24	5401.76
2601.13	5402.73
2602.03	5409.18
2602.93	5410.5
2603.82	5405.27
2604.72	5400.5
2605.62	5398.03
2606.51	5396.45
2607.41	5396.73
2608.3	5396.71
2609.2	5398.25
2610.09	5400.13
2610.99	5401.66
2611.88	5401.67
2612.78	5395.48
2613.67	5384.79
2614.57	5372.89
2615.46	5360.75
2616.36	5349.43
2617.25	5338.84
2618.14	5327.17
2619.04	5321.65
2619.93	5318.21
2620.83	5316.32
2621.72	5313.22
2622.61	5306.88
2623.5	5301.71
2624.4	5297.04
2625.29	5293.12
2626.18	5289.39
2627.08	5287.83
2627.97	5287.34
2628.86	5287.73
2629.75	5288.58
2630.65	5288.73
2631.54	5287.46
2632.43	5281.07
2633.32	5273.81
2634.21	5259.53
2635.11	5244.2
2636	5232.32
2636.89	5220.09
2637.78	5208.73
2638.67	5198.3
2639.56	5190.04
2640.45	5185
2641.34	5191.6
2642.23	5193.28
2643.12	5197.77
2644.01	5167.17
2644.9	5114.9
2645.79	5120.88
2646.68	5119.76
2647.57	5113.37
2648.46	5107.59
2649.35	5101.94
2650.24	5096.46
2651.13	5089.37
2652.02	5082.23
2652.91	5075.21
2653.8	5068.06
2654.69	5062.08
2655.58	5057.96
2656.46	5054.09
2657.35	5052.53
2658.24	5056.28
2659.13	5057.66
2660.02	5058.35
2660.9	5061.2
2661.79	5064.53
2662.68	5066.88
2663.57	5068.58
2664.45	5066.89
2665.34	5063.36
2666.23	5057.57
2667.11	5051.99
2668	5045.06
2668.89	5037.98
2669.77	5030.38
2670.66	5023.95
2671.55	5016.98
2672.43	5006.17
2673.32	4991.11
2674.21	4972.24
2675.09	4965.99
2675.98	4963.62
2676.86	4962.78
2677.75	4988.81
2678.63	4989.19
2679.52	4989.82
2680.4	4980.77
2681.29	4968.89
2682.17	4951.64
2683.06	4935.02
2683.94	4925.77
2684.82	4918.49
2685.71	4917.52
2686.59	4917.6
2687.48	4921.73
2688.36	4921.94
2689.24	4917.97
2690.13	4908.27
2691.01	4895.8
2691.89	4881.92
2692.78	4868.54
2693.66	4857.78
2694.54	4848.16
2695.43	4840.05
2696.31	4833.25
2697.19	4828.58
2698.07	4825.25
2698.96	4823.37
2699.84	4821.91
2700.72	4818.33
2701.6	4812.62
2702.48	4806.68
2703.36	4798.76
2704.25	4790.78
2705.13	4781.22
2706.01	4771.53
2706.89	4764.36
2707.77	4760.09
2708.65	4771.4
2709.53	4771.72
2710.41	4769.71
2711.29	4763.44
2712.17	4753.27
2713.05	4738.74
2713.93	4720.25
2714.81	4711.3
2715.69	4707.01
2716.57	4707.49
2717.45	4712.55
2718.33	4707.67
2719.21	4707.11
2720.09	4705.22
2720.97	4697.68
2721.85	4693.45
2722.73	4697.67
2723.61	4702.51
2724.48	4710.67
2725.36	4707.74
2726.24	4707.08
2727.12	4693.75
2728	4678.76
2728.88	4667.15
2729.75	4662.09
2730.63	4663.29
2731.51	4664.62
2732.39	4661.17
2733.26	4658.42
2734.14	4654.24
2735.02	4648.25
2735.89	4641.92
2736.77	4634.99
2737.65	4627.87
2738.52	4621.57
2739.4	4616.75
2740.28	4614.06
2741.15	4611.25
2742.03	4610.75
2742.9	4608.42
2743.78	4600.49
2744.65	4589.72
2745.53	4578.79
2746.41	4568.77
2747.28	4562.81
2748.16	4558.21
2749.03	4555.3
2749.91	4554.9
2750.78	4556.43
2751.66	4559.66
2752.53	4564.17
2753.4	4565.38
2754.28	4563.77
2755.15	4559.81
2756.02	4554.91
2756.9	4547.27
2757.77	4538.33
2758.65	4528.98
2759.52	4522.21
2760.39	4526.07
2761.27	4527.02
2762.14	4528.31
2763.01	4530.54
2763.88	4528.52
2764.76	4520.43
2765.63	4512.06
2766.5	4500.76
2767.37	4490.5
2768.25	4482.17
2769.12	4474.03
2769.99	4466.84
2770.86	4461.06
2771.73	4456.61
2772.61	4455.11
2773.48	4455.27
2774.35	4464.09
2775.22	4471.23
2776.09	4479.86
2776.96	4476.96
2777.83	4475.79
2778.7	4465.08
2779.57	4452.58
2780.44	4435.83
2781.31	4417.81
2782.18	4409.11
2783.05	4402.27
2783.92	4398.3
2784.79	4397.76
2785.66	4397.23
2786.53	4392.42
2787.4	4386.32
2788.27	4374.97
2789.14	4350.68
2790.01	4368.55
2790.88	4383.91
2791.75	4390.17
2792.62	4380.7
2793.48	4365.12
2794.35	4353.21
2795.22	4345.83
2796.09	4339.27
2796.96	4332.59
2797.82	4327.79
2798.69	4324.14
2799.56	4321.07
2800.43	4317.74
2801.29	4313.56
2802.16	4308.93
2803.03	4304.62
2803.9	4300.61
2804.76	4297.7
2805.63	4294.64
2806.5	4291.42
2807.36	4288.21
2808.23	4284.11
2809.09	4279.42
2809.96	4274.24
2810.83	4268.66
2811.69	4262.57
2812.56	4256.09
2813.42	4249.14
2814.29	4242.66
2815.15	4237.88
2816.02	4234.67
2816.88	4232.46
2817.75	4233.9
2818.61	4235.23
2819.48	4238.22
2820.34	4241.8
2821.21	4244.1
2822.07	4244.47
2822.94	4237.61
2823.8	4229.15
2824.66	4218.74
2825.53	4209.85
2826.39	4203.29
2827.26	4197.66
2828.12	4193.96
2828.98	4193.3
2829.85	4193.49
2830.71	4193.07
2831.57	4192.06
2832.43	4189.1
2833.3	4185.89
2834.16	4181.55
2835.02	4176.6
2835.88	4170.26
2836.75	4163.22
2837.61	4154.97
2838.47	4148.83
2839.33	4145.6
2840.19	4142.84
2841.06	4141.1
2841.92	4140.5
2842.78	4140.9
2843.64	4142.67
2844.5	4141.35
2845.36	4133.61
2846.22	4128.39
2847.08	4123.67
2847.94	4118.82
2848.81	4114.06
2849.67	4109.37
2850.53	4104.95
2851.39	4100.63
2852.25	4102.74
2853.11	4102.01
2853.97	4095.18
2854.82	4084.42
2855.68	4061.53
2856.54	4055.44
2857.4	4049.99
2858.26	4046.29
2859.12	4041.49
2859.98	4037.8
2860.84	4035.85
2861.7	4035.31
2862.56	4036.12
2863.41	4038.53
2864.27	4040.37
2865.13	4041.59
2865.99	4037.61
2866.85	4029.57
2867.7	4020.71
2868.56	4016.69
2869.42	4018.03
2870.28	4018.97
2871.13	4017.41
2871.99	4013.51
2872.85	4007.2
2873.7	3998.68
2874.56	3991.29
2875.42	3988.58
2876.27	3988.18
2877.13	3988.83
2877.99	3992
2878.84	3995.68
2879.7	3997.84
2880.56	3995.95
2881.41	3989.93
2882.27	3979.47
2883.12	3964.17
2883.98	3947.37
2884.83	3932.99
2885.69	3924.28
2886.54	3930.93
2887.4	3932.39
2888.25	3932.64
2889.11	3932.09
2889.96	3930.84
2890.82	3929.31
2891.67	3913.74
2892.52	3898.32
2893.38	3900.14
2894.23	3902.49
2895.09	3914.26
2895.94	3911.11
2896.79	3893.62
2897.65	3881.42
2898.5	3873.19
2899.35	3868.71
2900.21	3868.48
2901.06	3876.12
2901.91	3881.69
2902.76	3885.43
2903.62	3886.69
2904.47	3886.18
2905.32	3876.46
2906.17	3870.34
2907.03	3866.06
2907.88	3862.52
2908.73	3860.41
2909.58	3854.91
2910.43	3849.84
2911.28	3843.86
2912.14	3837.41
2912.99	3830.11
2913.84	3822.39
2914.69	3814
2915.54	3806.88
2916.39	3803.24
2917.24	3799.91
2918.09	3797.58
2918.94	3796.15
2919.79	3795.46
2920.64	3790.74
2921.49	3786.25
2922.34	3782.8
2923.19	3778.97
2924.04	3774.46
2924.89	3769.34
2925.74	3763.23
2926.59	3756.78
2927.44	3745.97
2928.29	3730.59
2929.14	3722.72
2929.98	3716.59
2930.83	3715.99
2931.68	3724.04
2932.53	3733.77
2933.38	3737.14
2934.23	3735.33
2935.07	3732.94
2935.92	3722.82
2936.77	3712.41
2937.62	3700.53
2938.47	3685.84
2939.31	3674.32
2940.16	3670.55
2941.01	3667.52
2941.85	3664.98
2942.7	3662.64
2943.55	3660.43
2944.39	3658.35
2945.24	3656.16
2946.09	3653.93
2946.93	3651.57
2947.78	3649.46
2948.63	3649.05
2949.47	3652.01
2950.32	3648.98
2951.16	3646.52
2952.01	3641.11
2952.85	3637.8
2953.7	3635.8
2954.55	3633.74
2955.39	3631.97
2956.24	3630.52
2957.08	3628.93
2957.92	3617.78
2958.77	3609.56
2959.61	3603.68
2960.46	3598.01
2961.3	3593.9
2962.15	3591.12
2962.99	3589.43
2963.83	3589.06
2964.68	3589.76
2965.52	3591.37
2966.37	3592.99
2967.21	3591.88
2968.05	3583.82
2968.9	3566.65
2969.74	3555.64
2970.58	3548.22
2971.42	3544.38
2972.27	3542.4
2973.11	3541.21
2973.95	3540.77
2974.79	3542.29
2975.64	3544.27
2976.48	3543.68
2977.32	3540.04
2978.16	3529.27
2979	3521.34
2979.85	3514.27
2980.69	3508.89
2981.53	3502.7
2982.37	3499.5
2983.21	3505.17
2984.05	3504.83
2984.89	3505.12
2985.73	3505.49
2986.57	3505.18
2987.41	3502.81
2988.25	3500.06
2989.1	3496.42
2989.94	3492.24
2990.77	3487.5
2991.62	3483.33
2992.45	3478.1
2993.29	3474.85
2994.13	3474.14
2994.97	3477.61
2995.81	3485.47
2996.65	3507.76
2997.49	3502.98
2998.33	3457.72
2999.17	3440.11
