200.833	12280.6
202.102	12231.7
203.371	12237
204.639	12236.8
205.907	12240
207.175	12245.6
208.442	12255.6
209.71	12266.8
210.977	12281.2
212.244	12296.2
213.511	12311.8
214.777	12326
216.042	12339.9
217.309	12354.2
218.575	12364.2
219.84	12374.3
221.106	12385.2
222.371	12397.4
223.635	12412
224.9	12433.2
226.165	12460.8
227.429	12489.2
228.694	12522.2
229.956	12555.8
231.22	12594
232.484	12631.6
233.747	12667.4
235.011	12698.6
236.272	12710.3
237.535	12715.3
238.798	12724.1
240.06	12737
241.321	12750.5
242.583	12766
243.845	12781.6
245.105	12797.3
246.367	12812.4
247.628	12827.4
248.888	12839.7
250.149	12850.4
251.409	12857.5
252.67	12863.7
253.928	12869.1
255.189	12873.6
256.447	12878.1
257.707	12883.2
258.966	12890.6
260.224	12898.7
261.483	12909.7
262.742	12922.8
263.999	12939.4
265.257	12958.8
266.514	12982.4
267.772	13010
269.028	13038
270.286	13058.7
271.543	13070.5
272.799	13080
274.056	13085.5
275.311	13090.3
276.568	13092.1
277.823	13102.4
279.079	13126.8
280.333	13159.4
281.589	13191.4
282.843	13219
284.099	13240
285.352	13256.1
286.607	13269.9
287.86	13284.6
289.114	13268.2
290.368	13252.3
291.621	13241.3
292.875	13240.2
294.127	13254.8
295.38	13286.4
296.632	13336.2
297.884	13360.9
299.137	13384.7
300.388	13386
301.641	13387.3
302.891	13385.8
304.142	13382.4
305.394	13373.4
306.644	13378.1
307.894	13398.8
309.146	13417.9
310.395	13428.8
311.645	13435.7
312.895	13440.1
314.144	13446.5
315.393	13453.6
316.642	13460.2
317.892	13471.7
319.14	13504.2
320.388	13535.3
321.637	13554.8
322.885	13559.5
324.132	13562.3
325.38	13567.6
326.628	13574.2
327.875	13581.4
329.122	13590
330.368	13599.5
331.614	13609.2
332.862	13618.1
334.108	13625.5
335.353	13633.4
336.599	13649.4
337.844	13670.1
339.089	13686.4
340.335	13699.8
341.58	13710.1
342.824	13719.4
344.068	13727.3
345.312	13734.9
346.556	13743.3
347.8	13767.7
349.043	13786.9
350.286	13801.1
351.53	13810.7
352.774	13814.7
354.016	13803.2
355.259	13801.9
356.501	13807.4
357.743	13819.5
358.985	13832.9
360.227	13846.4
361.468	13858
362.709	13867.6
363.95	13877.9
365.191	13875.9
366.432	13871
367.672	13866
368.912	13859.6
370.152	13851.4
371.392	13846.6
372.632	13850.5
373.871	13863.3
375.11	13886
376.348	13915.1
377.587	13931.2
378.825	13936.7
380.064	13949
381.302	13942.2
382.54	13926.3
383.778	13930.1
385.016	13945.5
386.253	13967.9
387.489	13988
388.726	14002.3
389.963	14014.6
391.199	13984.6
392.436	13991.8
393.672	14004.3
394.907	14012.8
396.142	14033.1
397.378	14064.2
398.614	14087.3
399.849	14104.8
401.082	14116.8
402.317	14122.9
403.552	14111
404.786	14104.4
406.019	14087
407.253	14074.4
408.487	14084.7
409.721	14105.2
410.953	14126.4
412.186	14149.8
413.419	14174.1
414.651	14190.8
415.883	14191.6
417.116	14193.6
418.347	14190
419.579	14175.6
420.811	14167.3
422.041	14165
423.272	14166.8
424.504	14179.9
425.733	14193.8
426.964	14204.6
428.194	14216.8
429.424	14229.4
430.654	14236.1
431.883	14235.7
433.113	14236.7
434.341	14237.7
435.571	14238.3
436.799	14246.2
438.028	14268.7
439.257	14286.7
440.484	14301.8
441.713	14313.4
442.94	14315.5
444.168	14315.4
445.394	14311.7
446.622	14305.5
447.848	14294.7
449.076	14301.6
450.301	14319.7
451.528	14345.8
452.754	14367.3
453.979	14385.1
455.205	14397.9
456.43	14405.5
457.656	14406.8
458.88	14401.1
460.106	14390.4
461.33	14378.9
462.554	14369
463.779	14377.3
465.002	14384.5
466.225	14391
467.45	14397.5
468.672	14400.4
469.895	14394.3
471.119	14385.7
472.341	14373.8
473.563	14356.9
474.786	14338.6
476.008	14329.9
477.229	14336.8
478.452	14338.5
479.673	14352.7
480.894	14365.8
482.115	14369.8
483.337	14367.6
484.557	14364
485.777	14361.5
486.997	14360.7
488.218	14361.2
489.438	14363.7
490.657	14367.2
491.876	14372.1
493.096	14378.4
494.315	14385.1
495.533	14381.9
496.752	14360
497.97	14346.7
499.188	14331.7
500.407	14330.8
501.625	14332.7
502.842	14351.3
504.059	14367
505.276	14392.4
506.493	14399.9
507.71	14398.9
508.926	14407.2
510.142	14417.4
511.358	14437.3
512.575	14480.6
513.791	14431.3
515.006	14444.5
516.222	14443.6
517.437	14448.6
518.651	14449.5
519.866	14445
521.081	14448.7
522.295	14459.8
523.509	14473.5
524.723	14491.4
525.937	14506.4
527.15	14513.9
528.363	14521.3
529.576	14527.2
530.789	14531.4
532.002	14533.5
533.215	14533.7
534.426	14535.3
535.638	14539.6
536.85	14553.2
538.061	14555.8
539.273	14553.2
540.484	14547.9
541.695	14546.4
542.906	14545.7
544.117	14544.8
545.327	14544.7
546.537	14544.4
547.747	14549.5
548.957	14561.3
550.167	14574.7
551.377	14584.2
552.585	14587.3
553.794	14588.1
555.003	14585.5
556.212	14579.2
557.421	14570
558.628	14558.4
559.836	14546.1
561.044	14551.2
562.252	14567
563.458	14579.3
564.666	14594.9
565.873	14611
567.08	14604
568.286	14605.4
569.493	14592.4
570.699	14582.8
571.904	14571.9
573.111	14568.3
574.317	14575.6
575.521	14588.4
576.727	14607.8
577.932	14620.7
579.136	14620.4
580.341	14616.1
581.544	14606.6
582.749	14591.7
583.954	14569.7
585.156	14556.9
586.361	14575.7
587.563	14606
588.767	14647.3
589.97	14675.7
591.172	14644
592.375	14624.4
593.577	14607
594.78	14592.3
595.981	14580.9
597.183	14573
598.384	14568.2
599.586	14566.5
600.786	14579.9
601.988	14602.4
603.188	14636.2
604.389	14642.3
605.589	14642.1
606.79	14608.2
607.989	14581.8
609.188	14559.2
610.389	14539.5
611.587	14526
612.787	14520
613.986	14519.1
615.184	14522.7
616.383	14530
617.581	14539.2
618.78	14514
619.977	14494.6
621.174	14475.7
622.373	14465.7
623.57	14458.3
624.766	14453.7
625.964	14452.4
627.16	14454.4
628.356	14459.6
629.554	14467.4
630.749	14455.7
631.945	14450.5
633.14	14415.8
634.337	14380.6
635.532	14405.2
636.726	14414.7
637.921	14406.5
639.117	14393.6
640.311	14384.4
641.505	14378
642.699	14374.5
643.892	14373.4
645.087	14375.3
646.28	14379.6
647.473	14384.9
648.666	14386.5
649.859	14383.9
651.051	14385.4
652.245	14389.1
653.437	14393.8
654.629	14398.1
655.821	14405.6
657.012	14413.5
658.204	14420.8
659.395	14426.3
660.586	14430.1
661.777	14432.1
662.967	14432.9
664.158	14431.8
665.349	14429.1
666.539	14424.9
667.729	14419.8
668.919	14417.7
670.109	14417.4
671.298	14421.1
672.487	14426.4
673.676	14434.6
674.865	14446
676.053	14461.5
677.242	14483.8
678.43	14509.9
679.616	14590.4
680.804	14508.9
681.992	14433.3
683.179	14434.6
684.366	14473.6
685.554	14462.2
686.74	14437.7
687.927	14422.7
689.114	14422.7
690.3	14423.5
691.486	14424.6
692.671	14425.2
693.856	14424.9
695.042	14424.1
696.227	14420.7
697.413	14417.1
698.598	14412.6
699.781	14407.5
700.966	14402.2
702.15	14397.4
703.334	14404.4
704.518	14406.6
705.701	14408.7
706.885	14401.6
708.068	14379.1
709.252	14357.1
710.433	14335.8
711.616	14317.4
712.799	14302.1
713.98	14290.2
715.163	14281.3
716.345	14275.5
717.527	14272.5
718.707	14271.6
719.889	14272.5
721.071	14270.5
722.25	14282
723.432	14311.9
724.611	14334.3
725.792	14352.8
726.972	14369.9
728.151	14371.1
729.332	14368.9
730.512	14360.8
731.69	14350.7
732.87	14340.1
734.048	14330.2
735.227	14335.5
736.405	14333.1
737.584	14331.1
738.761	14331.6
739.94	14335.7
741.117	14341.8
742.295	14347.9
743.471	14354
744.649	14353.2
745.825	14348.1
747.003	14342.5
748.179	14341.9
749.356	14342.4
750.531	14344.6
751.708	14349.4
752.883	14355.9
754.059	14364.7
755.234	14373.4
756.409	14368.2
757.585	14362.1
758.759	14362.8
759.934	14367.7
761.108	14377.6
762.282	14377.6
763.456	14371.7
764.63	14361.9
765.803	14345.4
766.977	14318.4
768.15	14295.6
769.323	14278.8
770.496	14264.3
771.668	14254
772.841	14248.2
774.014	14245.8
775.185	14248.3
776.357	14254.4
777.528	14263.9
778.701	14274.4
779.872	14272.7
781.042	14258.8
782.213	14234.8
783.383	14222.5
784.555	14209.7
785.725	14200.6
786.895	14205.3
788.064	14211.5
789.234	14205.2
790.404	14197.5
791.573	14182.3
792.742	14163.2
793.911	14146.9
795.08	14148.6
796.248	14146
797.416	14154.7
798.584	14171.8
799.753	14153.3
800.921	14130.4
802.088	14115
803.256	14101.9
804.423	14089.7
805.59	14080.2
806.756	14072.7
807.923	14068.1
809.089	14066.7
810.256	14068.7
811.422	14079.1
812.587	14092.5
813.753	14117
814.918	14140.8
816.084	14130.2
817.249	14104.2
818.414	14093.9
819.578	14083.2
820.743	14087.5
821.907	14104.9
823.072	14106.7
824.236	14101.5
825.399	14079.3
826.562	14080.4
827.725	14092.5
828.889	14104.6
830.052	14116.9
831.215	14128.7
832.377	14132.9
833.54	14135.2
834.701	14134.1
835.863	14135.5
837.025	14136.1
838.187	14143.5
839.349	14148.1
840.51	14152.2
841.67	14154.8
842.831	14157.9
843.992	14156.9
845.153	14145.7
846.312	14123.6
847.473	14094
848.633	14080.9
849.793	14073.6
850.951	14066.2
852.111	14061.4
853.27	14060.5
854.428	14062.1
855.588	14066.1
856.747	14070.2
857.904	14072.1
859.063	14072.4
860.221	14041.2
861.378	14008
862.536	13976.3
863.694	13958.4
864.85	13956.1
866.008	13963.6
867.164	13937.7
868.321	13912
869.478	13887.7
870.633	13865.9
871.79	13851.6
872.945	13846.9
874.101	13851.5
875.256	13866.9
876.412	13870.2
877.566	13877.1
878.722	13866.7
879.876	13844.1
881.031	13810.3
882.185	13786.6
883.34	13786.9
884.493	13784.8
885.647	13781
886.8	13773.6
887.954	13759.2
889.107	13747.9
890.261	13732.5
891.413	13711.4
892.565	13707
893.718	13715.9
894.87	13743.8
896.023	13754.5
897.174	13751
898.326	13731.4
899.478	13702.3
900.629	13683.2
901.779	13709.3
902.931	13725.8
904.081	13738.4
905.231	13728.7
906.383	13727.1
907.532	13728
908.682	13756
909.831	13768.8
910.982	13771.4
912.131	13768.2
913.28	13762.8
914.429	13755.1
915.578	13744
916.727	13726.9
917.875	13719
919.023	13718.9
920.171	13722.5
921.32	13725.6
922.467	13730.1
923.614	13738
924.761	13746.8
925.908	13758.1
927.055	13770.8
928.203	13783.9
929.349	13794.2
930.496	13794.2
931.642	13790.3
932.787	13767.4
933.933	13748.8
935.079	13739.9
936.224	13733.4
937.369	13727.1
938.514	13719.4
939.659	13708.4
940.804	13695.2
941.948	13677.8
943.092	13658.1
944.236	13631.9
945.38	13609.6
946.524	13613
947.667	13633.9
948.811	13644.6
949.954	13639.3
951.097	13626.8
952.24	13614.6
953.383	13602.1
954.525	13594.5
955.667	13587.2
956.81	13582.4
957.952	13580.3
959.093	13578.3
960.235	13575.7
961.376	13567
962.516	13555.5
963.658	13548.3
964.798	13542.4
965.939	13536
967.08	13530.1
968.22	13523.9
969.359	13517
970.499	13509.4
971.639	13500.3
972.779	13485.8
973.918	13471.1
975.056	13458.9
976.195	13452
977.334	13447
978.473	13444.6
979.61	13444.3
980.749	13446.7
981.887	13451
983.024	13457.5
984.162	13465.2
985.3	13475.5
986.437	13487.5
987.573	13503.2
988.711	13510.4
989.848	13493.4
990.983	13478.9
992.12	13478.6
993.255	13472
994.392	13458.5
995.528	13440.5
996.662	13427.1
997.798	13416.6
998.933	13445.3
1000.07	13460.4
1001.2	13463.4
1002.34	13465
1003.47	13466.3
1004.61	13468.5
1005.74	13471.6
1006.87	13473.9
1008.01	13476.5
1009.14	13478.1
1010.27	13478
1011.41	13473.7
1012.54	13461
1013.67	13442.5
1014.81	13414.9
1015.94	13392.5
1017.07	13379.2
1018.2	13371.5
1019.33	13374.4
1020.47	13391.1
1021.6	13400
1022.73	13408.3
1023.86	13413.9
1024.99	13415.5
1026.12	13412.1
1027.25	13404.4
1028.38	13394.6
1029.51	13382.8
1030.64	13369.2
1031.77	13358.3
1032.9	13343.4
1034.03	13326.4
1035.16	13307.9
1036.29	13287.8
1037.42	13266.7
1038.55	13247.9
1039.67	13253.6
1040.8	13239.8
1041.93	13224.2
1043.06	13214.8
1044.19	13179
1045.31	13152.8
1046.44	13135.7
1047.57	13126.8
1048.69	13130.8
1049.82	13140.1
1050.95	13144.4
1052.08	13144.6
1053.2	13139.8
1054.33	13132.3
1055.45	13128.9
1056.58	13125.9
1057.7	13123.6
1058.83	13122.4
1059.95	13122.1
1061.08	13123.2
1062.2	13125.3
1063.33	13128
1064.45	13130.6
1065.58	13131.7
1066.7	13134.8
1067.83	13124.4
1068.95	13106.4
1070.07	13086.1
1071.2	13069.4
1072.32	13049.5
1073.44	13041.6
1074.56	13038.9
1075.69	13041.4
1076.81	13042.9
1077.93	13047.8
1079.05	13047.9
1080.17	13049.1
1081.3	13052.7
1082.42	13058.4
1083.54	13066.3
1084.66	13074.4
1085.78	13079.8
1086.9	13084.3
1088.02	13086.5
1089.14	13086.1
1090.26	13081.3
1091.38	13068.5
1092.5	13054.8
1093.62	13042.4
1094.74	13032.5
1095.86	13025.2
1096.98	13020
1098.1	13017.6
1099.22	13018.4
1100.34	13020.7
1101.45	13025.1
1102.57	13030
1103.69	13034.8
1104.81	13038.9
1105.93	13041.6
1107.04	13040.9
1108.16	13037.1
1109.28	13030.5
1110.4	13021.9
1111.51	13007.3
1112.63	12987.9
1113.75	12966
1114.86	12946.7
1115.98	12930.8
1117.09	12919.1
1118.21	12933.4
1119.32	12930.6
1120.44	12927.2
1121.55	12918.7
1122.67	12905.4
1123.78	12884.5
1124.9	12877.8
1126.01	12870
1127.13	12862.9
1128.24	12857.4
1129.35	12855.4
1130.47	12837
1131.58	12814.2
1132.7	12787.5
1133.81	12756.4
1134.92	12721
1136.03	12686.8
1137.15	12659.3
1138.26	12638.5
1139.37	12625.8
1140.48	12617.3
1141.59	12570.6
1142.71	12608.3
1143.82	12656.9
1144.93	12666.9
1146.04	12657
1147.15	12638.1
1148.26	12616.2
1149.37	12598.1
1150.48	12584.4
1151.59	12573.3
1152.7	12564.2
1153.81	12556.6
1154.92	12549.7
1156.03	12543.3
1157.14	12535.6
1158.25	12529.5
1159.36	12524.8
1160.47	12522.1
1161.58	12522.1
1162.68	12520.9
1163.79	12518.6
1164.9	12515.1
1166.01	12511.1
1167.12	12507.7
1168.22	12504.3
1169.33	12501.4
1170.44	12498.9
1171.55	12496.8
1172.65	12494.7
1173.76	12492.5
1174.87	12489.4
1175.97	12486.2
1177.08	12479.4
1178.18	12490
1179.29	12505.8
1180.4	12513.4
1181.5	12516.9
1182.61	12516.9
1183.71	12513.3
1184.82	12506.3
1185.92	12495.9
1187.02	12499.1
1188.13	12506.1
1189.23	12525.1
1190.34	12539.3
1191.44	12548.2
1192.54	12551.8
1193.65	12552.1
1194.75	12547.1
1195.85	12536.1
1196.96	12521.2
1198.06	12514.4
1199.16	12504.4
1200.26	12497.6
1201.37	12499.5
1202.47	12503.2
1203.57	12511.1
1204.67	12519.7
1205.77	12524.1
1206.87	12526.3
1207.97	12518.2
1209.08	12510.6
1210.18	12499.8
1211.28	12487.9
1212.38	12475.5
1213.48	12464.5
1214.58	12455.3
1215.68	12446.3
1216.78	12436.2
1217.88	12429.1
1218.98	12438.2
1220.07	12450.2
1221.17	12458.5
1222.27	12463
1223.37	12462.2
1224.47	12457.1
1225.57	12448
1226.66	12433.2
1227.76	12414.4
1228.86	12392.4
1229.96	12373.6
1231.06	12363.1
1232.15	12356.5
1233.25	12353.9
1234.35	12350.4
1235.44	12340
1236.54	12324.2
1237.63	12299.5
1238.73	12280.4
1239.83	12265.2
1240.92	12245.9
1242.02	12228.1
1243.11	12223
1244.21	12221.1
1245.3	12220.3
1246.4	12219.2
1247.49	12215.1
1248.59	12211
1249.68	12206.8
1250.78	12202.1
1251.87	12197
1252.96	12191
1254.06	12186.9
1255.15	12185.4
1256.24	12185.5
1257.34	12187.1
1258.43	12188.9
1259.52	12194.6
1260.62	12202.2
1261.71	12221.1
1262.8	12238.2
1263.89	12236.8
1264.98	12231.1
1266.08	12208.1
1267.17	12192.6
1268.26	12177.1
1269.35	12177.2
1270.44	12183.5
1271.53	12192.4
1272.62	12193
1273.71	12187.2
1274.8	12174.3
1275.89	12159.4
1276.98	12149.8
1278.07	12140.7
1279.16	12136
1280.25	12136.6
1281.34	12150.4
1282.43	12160.5
1283.52	12167.8
1284.61	12174.5
1285.69	12179.2
1286.78	12180.8
1287.87	12181.2
1288.96	12178.7
1290.05	12174.3
1291.13	12168
1292.22	12162.6
1293.31	12165.3
1294.4	12169.3
1295.48	12173.8
1296.57	12179.4
1297.66	12180.1
1298.74	12172.4
1299.83	12160
1300.92	12168.7
1302	12166
1303.09	12162
1304.17	12156.8
1305.26	12151.2
1306.34	12145.8
1307.43	12140.9
1308.51	12135.4
1309.6	12129.3
1310.68	12125.5
1311.76	12126.7
1312.85	12128.1
1313.93	12128.3
1315.02	12126.3
1316.1	12122.1
1317.18	12115.4
1318.27	12107
1319.35	12097.2
1320.43	12087.2
1321.52	12081.5
1322.6	12079.8
1323.68	12081.8
1324.76	12084.9
1325.85	12089
1326.93	12090.5
1328.01	12078.3
1329.09	12058.7
1330.17	12041.1
1331.25	12023
1332.33	12013.6
1333.41	12005.4
1334.49	11998.8
1335.58	11993.8
1336.65	11989.4
1337.74	11986.3
1338.82	11982
1339.89	11976.6
1340.97	11970.2
1342.05	11966.1
1343.13	11963.6
1344.21	11962
1345.29	11961.2
1346.37	11960.2
1347.45	11952.4
1348.53	11935.3
1349.6	11904
1350.68	11916.1
1351.76	11917.1
1352.84	11925.8
1353.92	11934.8
1354.99	11938.4
1356.07	11932.2
1357.15	11926.7
1358.22	11918.8
1359.3	11912.3
1360.38	11912
1361.45	11918.6
1362.53	11924.3
1363.61	11925.6
1364.68	11925.1
1365.76	11910.4
1366.83	11891.2
1367.91	11880.3
1368.98	11876.5
1370.06	11882.2
1371.13	11894.8
1372.21	11903
1373.28	11903.6
1374.35	11896.9
1375.43	11882.5
1376.5	11866.2
1377.58	11856.4
1378.65	11846.1
1379.72	11847.3
1380.8	11860.8
1381.87	11868.2
1382.94	11873.6
1384.01	11874.3
1385.09	11860.3
1386.16	11838.8
1387.23	11817.9
1388.3	11801.7
1389.38	11788.5
1390.45	11778.3
1391.52	11771.6
1392.59	11768.1
1393.66	11769.1
1393.92	11768.8
1395	11775.1
1396.07	11784.2
1397.15	11794.3
1398.22	11799.2
1399.3	11810.4
1400.38	11815.4
1401.45	11810.1
1402.53	11788.8
1403.6	11773.2
1404.68	11760.6
1405.75	11749.8
1406.82	11741.2
1407.9	11734
1408.97	11729.4
1410.05	11726.4
1411.12	11727.2
1412.19	11725.8
1413.27	11702.2
1414.34	11678.2
1415.41	11654.9
1416.49	11649.7
1417.56	11657.3
1418.63	11663.1
1419.7	11672.5
1420.78	11684.5
1421.85	11689.9
1422.92	11687.1
1423.99	11672
1425.06	11653
1426.14	11638.7
1427.21	11631.5
1428.28	11626.1
1429.35	11622.9
1430.42	11623.2
1431.49	11626.2
1432.56	11630.9
1433.63	11636.9
1434.7	11638.8
1435.77	11632
1436.84	11625.3
1437.91	11614.7
1438.98	11600.9
1440.05	11583.7
1441.12	11566.8
1442.18	11575.4
1443.25	11583.8
1444.32	11584.6
1445.39	11583.1
1446.46	11582.5
1447.53	11572.9
1448.59	11565.5
1449.66	11543.1
1450.73	11532.5
1451.8	11530.6
1452.86	11529.6
1453.93	11528.7
1455	11527.2
1456.06	11526.3
1457.13	11491.5
1458.2	11515.7
1459.26	11536.6
1460.33	11536.2
1461.39	11534.9
1462.46	11539.7
1463.52	11548
1464.59	11558.2
1465.65	11564.8
1466.72	11567.6
1467.78	11563.5
1468.85	11554.8
1469.91	11542
1470.98	11525.6
1472.04	11504
1473.1	11483.5
1474.17	11474.3
1475.23	11471.6
1476.3	11476.3
1477.36	11478.7
1478.42	11471.8
1479.48	11462.6
1480.55	11457.3
1481.61	11453.2
1482.67	11451.2
1483.73	11450.8
1484.8	11452.9
1485.86	11456.3
1486.92	11462.5
1487.98	11468
1489.04	11448.4
1490.1	11421.9
1491.17	11411
1492.23	11405.1
1493.29	11407.2
1494.35	11411.1
1495.41	11412.3
1496.47	11411.8
1497.53	11409.1
1498.59	11395.8
1499.65	11383.5
1500.71	11371.7
1501.77	11358.4
1502.83	11349.3
1503.88	11345.1
1504.94	11344.1
1506	11345.7
1507.06	11335.8
1508.12	11320.8
1509.18	11307.5
1510.23	11295.1
1511.29	11286.6
1512.35	11282.9
1513.41	11275.7
1514.47	11269
1515.52	11261.7
1516.58	11255.3
1517.64	11246.8
1518.69	11236.5
1519.75	11230.3
1520.81	11229.3
1521.86	11241.8
1522.92	11254.2
1523.97	11256.6
1525.03	11254.5
1526.08	11217.3
1527.14	11200.1
1528.2	11186.3
1529.25	11184.7
1530.31	11197.8
1531.36	11198.4
1532.42	11191.7
1533.47	11182.2
1534.52	11170.3
1535.58	11160.5
1536.63	11153.6
1537.69	11149
1538.74	11159.2
1539.79	11164.8
1540.84	11165.4
1541.9	11161
1542.95	11149.9
1544	11135.7
1545.06	11118.9
1546.11	11107.6
1547.16	11106.3
1548.21	11109
1549.27	11118.6
1550.32	11126.7
1551.37	11131.9
1552.42	11135.2
1553.47	11138.3
1554.52	11137.6
1555.57	11130.5
1556.62	11107.3
1557.67	11080.9
1558.72	11044.7
1559.77	11096.3
1560.82	11135.2
1561.87	11116.5
1562.92	11087.9
1563.97	11064.9
1565.02	11075.7
1566.07	11075.8
1567.12	11078.8
1568.17	11084.3
1569.22	11089.7
1570.27	11094.5
1571.32	11098.4
1572.36	11101.4
1573.41	11103.9
1574.46	11105.6
1575.51	11107.6
1576.56	11108.1
1577.6	11095.3
1578.65	11074.1
1579.7	11056.7
1580.74	11044
1581.79	11031.8
1582.84	11039.8
1583.88	11049.2
1584.93	11052.9
1585.98	11051.1
1587.02	11042.9
1588.07	11025.4
1589.11	11014.3
1590.16	10996.6
1591.2	10985.4
1592.25	10986.8
1593.29	10994.8
1594.34	10998.1
1595.38	10995.6
1596.43	10988.7
1597.47	10978.1
1598.52	10963.1
1599.56	10942.2
1600.6	10917.3
1601.65	10890.5
1602.69	10867.9
1603.73	10854
1604.78	10847.3
1605.82	10850.7
1606.86	10859.1
1607.91	10862.3
1608.95	10865.6
1609.99	10866.2
1611.03	10865.4
1612.08	10861.4
1613.12	10852.7
1614.16	10835.9
1615.2	10814.8
1616.24	10792.4
1617.28	10775.3
1618.32	10764
1619.36	10758.6
1620.41	10758
1621.45	10760.6
1622.49	10760.7
1623.53	10755.6
1624.57	10749.4
1625.61	10740.8
1626.65	10730.2
1627.69	10717.5
1628.73	10702.2
1629.76	10685.4
1630.8	10675.7
1631.84	10674.1
1632.88	10675.1
1633.92	10681.7
1634.96	10683.2
1636	10679.1
1637.03	10674.4
1638.07	10668.8
1639.11	10662.4
1640.15	10654.5
1641.19	10648.9
1642.22	10636.3
1643.26	10622.4
1644.3	10606.9
1645.33	10589.9
1646.37	10574.9
1647.41	10563.8
1648.44	10567.7
1649.48	10575.9
1650.52	10588.2
1651.55	10585.3
1652.59	10580.5
1653.62	10568.8
1654.66	10550
1655.69	10525.8
1656.73	10524.6
1657.76	10531.4
1658.8	10531.2
1659.83	10527.5
1660.87	10517.2
1661.9	10502.6
1662.93	10484.9
1663.97	10481.2
1665	10480.4
1666.04	10480.1
1667.07	10478.7
1668.1	10477.9
1669.14	10477.3
1670.17	10476.9
1671.2	10476.6
1672.23	10476.3
1673.27	10476.2
1674.3	10476.1
1675.33	10476.1
1676.36	10476.1
1677.39	10476.1
1678.43	10476.1
1679.46	10475.7
1680.49	10476
1681.52	10465.1
1682.55	10451
1683.58	10434.1
1684.61	10425.6
1685.64	10423.5
1686.67	10425.3
1687.7	10428.2
1688.73	10424.2
1689.76	10408.6
1690.79	10395.6
1691.82	10379.2
1692.85	10360.6
1693.88	10335.6
1694.91	10325.1
1695.94	10328.6
1696.97	10347.9
1698	10355.1
1699.02	10360.8
1700.05	10320.2
1701.08	10311.3
1702.11	10293.8
1703.14	10278.8
1704.16	10264.6
1705.19	10252.7
1706.22	10243.4
1707.25	10237.3
1708.27	10242.6
1709.3	10264.6
1710.33	10269.5
1711.35	10270.7
1712.38	10263.4
1713.41	10256.2
1714.43	10241.7
1715.46	10219.9
1716.48	10215
1717.51	10218
1718.53	10224.2
1719.56	10219.1
1720.58	10212.5
1721.61	10200.8
1722.63	10184.1
1723.66	10161.7
1724.68	10134.8
1725.71	10101.5
1726.73	10092.1
1727.75	10094.6
1728.78	10107.3
1729.8	10116
1730.83	10117.6
1731.85	10116.3
1732.87	10109
1733.89	10100.2
1734.92	10086.9
1735.94	10072.6
1736.96	10059.1
1737.98	10049.4
1739.01	10045.5
1740.03	10042.5
1741.05	10039
1742.07	10038
1743.09	10034.9
1744.12	10024.4
1745.14	9997.51
1746.16	9973.83
1747.18	9986.07
1748.2	9992.1
1749.22	9994.66
1750.24	9991.9
1751.26	9963.36
1752.28	9951.83
1753.3	9940.66
1754.32	9931.5
1755.34	9924.3
1756.36	9919.88
1757.38	9917.86
1758.4	9919.19
1759.42	9922.95
1760.44	9928.82
1761.45	9932.85
1762.47	9937.9
1763.49	9933.08
1764.51	9928.53
1765.53	9915.46
1766.55	9892.93
1767.56	9878.38
1768.58	9869.62
1769.6	9867.19
1770.61	9877.32
1771.63	9871.28
1772.65	9857.73
1773.67	9826.16
1774.68	9817.08
1775.7	9815.28
1776.72	9827.22
1777.73	9833.49
1778.75	9840.77
1779.76	9836.76
1780.78	9833.1
1781.79	9817.57
1782.81	9797.42
1783.83	9772.04
1784.84	9762.85
1785.85	9767.08
1786.87	9775.31
1787.88	9780.81
1788.9	9779.38
1789.91	9753.11
1790.93	9738.26
1791.94	9723.43
1792.95	9710.36
1793.97	9702.34
1794.98	9695.38
1796	9689.06
1797.01	9683.08
1798.02	9677.61
1799.03	9672.44
1800.05	9667.4
1801.06	9662.18
1802.07	9656.9
1803.08	9651.46
1804.1	9646.53
1805.11	9642.08
1806.12	9640.42
1807.13	9634.27
1808.14	9604.29
1809.15	9589.75
1810.17	9586.72
1811.18	9584.08
1812.19	9590.26
1813.2	9595.59
1814.21	9591.62
1815.22	9586.87
1816.23	9574.79
1817.24	9563.48
1818.25	9549.86
1819.26	9536.32
1820.27	9524.26
1821.28	9523.85
1822.29	9535.22
1823.3	9534.71
1824.3	9529.33
1825.31	9521.84
1826.32	9496.23
1827.33	9462.38
1828.34	9438.83
1829.35	9426.14
1830.35	9424.24
1831.36	9434.35
1832.37	9438.77
1833.38	9444.29
1834.38	9418.13
1835.39	9405.24
1836.4	9396.05
1837.41	9388.34
1838.41	9380.18
1839.42	9373.88
1840.43	9367.12
1841.43	9361.63
1842.44	9357.33
1843.44	9354.57
1844.45	9353.98
1845.46	9360.56
1846.46	9380.46
1847.47	9382.92
1848.47	9336.38
1849.48	9302.13
1850.48	9270.2
1851.49	9241.64
1852.49	9241.83
1853.49	9250.86
1854.5	9260.63
1855.5	9268.61
1856.51	9266.39
1857.51	9244.19
1858.51	9235.5
1859.52	9227.65
1860.52	9219.03
1861.52	9213.44
1862.53	9209.58
1863.53	9209.82
1864.53	9211.24
1865.54	9212.31
1866.54	9207.56
1867.54	9185.9
1868.54	9172.93
1869.54	9159.57
1870.55	9147.38
1871.55	9137.43
1872.55	9129.59
1873.55	9123.56
1874.55	9119.19
1875.55	9116.83
1876.55	9116.23
1877.55	9117.34
1878.55	9119.77
1879.55	9121.08
1880.56	9123.92
1881.55	9113.26
1882.56	9087.66
1883.55	9068.24
1884.55	9053.63
1885.55	9041.59
1886.55	9032.05
1887.55	9025.73
1888.55	9022.28
1889.55	9022.49
1890.55	9025.62
1891.55	9030.81
1892.55	9035.44
1893.54	9033.87
1894.54	9030.53
1895.54	9024.01
1896.54	9014.65
1897.54	9001.8
1898.53	8983.18
1899.53	8964.23
1900.53	8946.88
1901.52	8938.97
1902.52	8937.32
1903.52	8936.64
1904.51	8932.31
1905.51	8926.28
1906.51	8913.73
1907.5	8898.38
1908.5	8879.29
1909.49	8864.02
1910.49	8850.48
1911.49	8840.44
1912.48	8833.84
1913.48	8830.5
1914.47	8830.47
1915.46	8833.56
1916.46	8838.89
1917.45	8842.41
1918.45	8829.92
1919.44	8803.95
1920.44	8777.99
1921.43	8770.24
1922.43	8768.85
1923.42	8769.1
1924.41	8768.7
1925.41	8765.95
1926.4	8761.69
1927.39	8755.61
1928.38	8748.27
1929.38	8739.49
1930.37	8729.49
1931.36	8718.63
1932.35	8706.78
1933.35	8694.5
1934.34	8682.04
1935.33	8670.26
1936.32	8659.41
1937.31	8650.02
1938.3	8641.92
1939.29	8635.33
1940.29	8630.18
1941.28	8626.59
1942.27	8624.8
1943.26	8625.2
1944.25	8627.63
1945.24	8631.26
1946.23	8634.55
1947.22	8633.23
1948.21	8625.59
1949.2	8617.71
1950.19	8608.16
1951.18	8599.06
1952.17	8597.65
1953.16	8584.45
1954.14	8572.03
1955.13	8550.79
1956.12	8528.87
1957.11	8506.5
1958.1	8488.79
1959.09	8476.46
1960.07	8469.73
1961.06	8468.45
1962.05	8471.87
1963.04	8478.04
1964.02	8489.88
1965.01	8494.84
1966	8493.22
1966.99	8482.38
1967.97	8467.88
1968.96	8456.04
1969.95	8444.71
1970.93	8431.49
1971.92	8418.81
1972.9	8404.72
1973.89	8391
1974.88	8378
1975.86	8369.74
1976.85	8373.38
1977.83	8370.5
1978.82	8348.98
1979.8	8331.87
1980.79	8318.45
1981.77	8309.28
1982.76	8305.51
1983.74	8307.32
1984.72	8317.07
1985.71	8321.98
1986.69	8327.08
1987.67	8307.51
1988.66	8290.8
1989.64	8275.89
1990.62	8263.76
1991.61	8254.75
1992.59	8249.48
1993.57	8249.17
1994.56	8255.31
1995.54	8250.04
1996.52	8244.43
1997.5	8225.16
1998.49	8203.04
1999.47	8195.06
2000.45	8195
2001.43	8197.97
2002.41	8195.45
2003.39	8191
2004.38	8187.26
2005.36	8180.34
2006.34	8171.26
2007.32	8159.31
2008.3	8144.07
2009.28	8123.95
2010.26	8143.42
2011.24	8161.93
2012.22	8158.35
2013.2	8142.62
2014.18	8122.87
2015.16	8115.93
2016.14	8107.17
2017.12	8099.44
2018.1	8092.48
2019.07	8086.6
2020.05	8082.66
2021.03	8078.1
2022.01	8064.9
2022.99	8051.23
2023.97	8038.49
2024.95	8030.3
2025.92	8022.8
2026.9	8017.77
2027.88	8014.56
2028.86	8013.04
2029.83	8013.04
2030.81	8013.64
2031.79	8006.79
2032.76	7983.29
2033.74	7951.23
2034.72	7930.46
2035.69	7909.44
2036.67	7896.78
2037.65	7898.56
2038.62	7906.53
2039.6	7917.67
2040.57	7926.69
2041.55	7929.38
2042.52	7926.04
2043.5	7916.25
2044.47	7899.07
2045.45	7879.66
2046.42	7865.05
2047.4	7853.64
2048.37	7846.3
2049.35	7843.37
2050.32	7840.7
2051.29	7832.99
2052.27	7820.73
2053.24	7803.88
2054.21	7783.27
2055.19	7762.49
2056.16	7752.61
2057.13	7746.69
2058.11	7744.59
2059.08	7744.91
2060.05	7745.71
2061.02	7745.48
2062	7742.86
2062.97	7736.52
2063.94	7726.02
2064.91	7710.84
2065.89	7725.22
2066.86	7713.73
2067.83	7706.9
2068.8	7686.76
2069.77	7661.2
2070.74	7659.51
2071.71	7663.3
2072.68	7670.13
2073.65	7665.42
2074.62	7661.62
2075.59	7655.25
2076.56	7645.26
2077.53	7633.03
2078.5	7617.4
2079.47	7598.17
2080.44	7578.6
2081.41	7559.41
2082.38	7547.93
2083.35	7538.28
2084.32	7531.31
2085.29	7526.75
2086.26	7523.86
2087.23	7523
2088.19	7519.55
2089.16	7520.78
2090.13	7520.78
2091.1	7517.96
2092.07	7503.58
2093.03	7487.38
2094	7474.71
2094.97	7464.25
2095.94	7452.85
2096.9	7443.37
2097.87	7436.14
2098.84	7430.86
2099.8	7429
2100.77	7429.19
2101.74	7427.92
2102.7	7422.51
2103.67	7415.38
2104.63	7408
2105.6	7399.96
2106.56	7390.61
2107.53	7381.25
2108.49	7372.19
2109.46	7364.22
2110.42	7356.98
2111.39	7350.54
2112.35	7345.24
2113.32	7340.35
2114.28	7335.67
2115.25	7329.51
2116.21	7314.15
2117.17	7295.91
2118.14	7283.38
2119.1	7271.03
2120.07	7272.93
2121.03	7269.42
2121.99	7268.4
2122.96	7260.82
2123.92	7253.71
2124.88	7246.34
2125.84	7235.04
2126.81	7229.17
2127.77	7228.53
2128.73	7232.19
2129.69	7244.44
2130.65	7254.07
2131.62	7256.27
2132.58	7252.13
2133.54	7240.7
2134.5	7214.93
2135.46	7186.67
2136.42	7161.52
2137.38	7140.18
2138.34	7122.04
2139.3	7110.08
2140.26	7111.41
2141.22	7111.55
2142.18	7110.1
2143.14	7106.64
2144.1	7100.58
2145.06	7092.59
2146.02	7082.74
2146.98	7071.95
2147.94	7062.57
2148.9	7054.91
2149.86	7054.77
2150.82	7053.74
2151.78	7046.99
2152.74	7034.31
2153.69	7014.83
2154.65	7003.33
2155.61	6999.71
2156.57	6995.14
2157.53	6992.89
2158.48	6991.94
2159.44	6992.46
2160.4	6991.86
2161.36	6990.49
2162.31	6987.32
2163.27	6980.6
2164.23	6972.22
2165.18	6962.69
2166.14	6951.54
2167.1	6939.33
2168.05	6926.84
2169.01	6914.22
2169.96	6900.82
2170.92	6886.69
2171.88	6871.47
2172.83	6854.64
2173.79	6835.86
2174.74	6814.3
2175.7	6790.14
2176.65	6765.92
2177.6	6741.03
2178.56	6747.55
2179.51	6761.35
2180.47	6764.95
2181.42	6764.08
2182.38	6759.73
2183.33	6750.95
2184.28	6725.37
2185.24	6714.27
2186.19	6706
2187.14	6706.54
2188.1	6714.18
2189.05	6718.72
2190	6721.56
2190.96	6721.43
2191.91	6717.92
2192.86	6710.76
2193.81	6700.19
2194.76	6686.33
2195.72	6669.29
2196.67	6648.92
2197.62	6627.83
2198.57	6604.71
2199.52	6592.75
2200.47	6587.64
2201.43	6588.06
2202.38	6594.25
2203.33	6605.31
2204.28	6617.56
2205.23	6617.33
2206.18	6614.49
2207.13	6603.75
2208.08	6589.61
2209.03	6572.75
2209.98	6560.93
2210.93	6549.66
2211.88	6541.57
2212.83	6534.93
2213.78	6530.6
2214.73	6527.83
2215.67	6526.67
2216.62	6525.7
2217.57	6514.28
2218.52	6503.77
2219.47	6501.7
2220.42	6498.63
2221.37	6497.17
2222.31	6499.39
2223.26	6502.23
2224.21	6503.2
2225.16	6497.12
2226.1	6489.18
2227.05	6478.64
2228	6461.45
2228.94	6443.72
2229.89	6433.46
2230.84	6427.33
2231.78	6421.26
2232.73	6414.3
2233.68	6408.25
2234.62	6402.77
2235.57	6398.84
2236.51	6396.01
2237.46	6395.05
2238.41	6394.19
2239.35	6391.1
2240.3	6387.27
2241.24	6384.3
2242.19	6380.81
2243.13	6377.27
2244.07	6374
2245.02	6370.86
2245.96	6367.91
2246.91	6364.96
2247.85	6361.92
2248.8	6358.09
2249.74	6354.11
2250.68	6349.5
2251.63	6344.54
2252.57	6341.01
2253.51	6338.24
2254.46	6335.62
2255.4	6333.32
2256.34	6332.49
2257.28	6333.11
2258.23	6332.04
2259.17	6329.32
2260.11	6320.47
2261.05	6306.84
2262	6293.63
2262.94	6289.42
2263.88	6287.92
2264.82	6288.68
2265.76	6287.81
2266.7	6290.4
2267.64	6292.51
2268.58	6294.5
2269.53	6293.28
2270.47	6289.39
2271.41	6287.76
2272.35	6286.86
2273.29	6286.3
2274.23	6282.73
2275.17	6274.67
2276.11	6263.82
2277.05	6254.14
2277.99	6247.55
2278.93	6243.22
2279.86	6240.01
2280.8	6238.16
2281.74	6236.45
2282.68	6233.57
2283.62	6229.63
2284.56	6225.13
2285.5	6220.64
2286.44	6215.91
2287.37	6213.71
2288.31	6219.28
2289.25	6233.75
2290.19	6228.19
2291.12	6216.4
2292.06	6207.73
2293	6207.74
2293.94	6210.33
2294.87	6214.18
2295.81	6216.97
2296.75	6216.53
2297.68	6213.2
2298.62	6207.07
2299.55	6198.14
2300.49	6187.67
2301.43	6177.05
2302.36	6169.75
2303.3	6167.2
2304.23	6174.36
2305.17	6185.24
2306.1	6187.24
2307.04	6178.3
2307.98	6159.73
2308.91	6138.63
2309.84	6119.75
2310.78	6103.08
2311.71	6093.33
2312.65	6093.19
2313.58	6093.84
2314.52	6092.28
2315.45	6090.32
2316.38	6087.65
2317.32	6083.64
2317.72	6081.69
2318.66	6078.05
2319.6	6073.67
2320.54	6068.43
2321.48	6061.85
2322.41	6054.1
2323.35	6045.65
2324.29	6037.09
2325.23	6028.79
2326.16	6021.26
2327.1	6014.08
2328.04	6007.27
2328.97	6001.03
2329.91	5995.48
2330.85	5990.8
2331.78	5988.01
2332.72	5988.04
2333.66	5990.68
2334.59	5998.41
2335.53	6000.79
2336.46	5990.87
2337.4	5974.09
2338.33	5961.58
2339.27	5960.65
2340.2	5957.51
2341.14	5954.52
2342.07	5951.44
2343.01	5947.6
2343.94	5942.81
2344.88	5937.71
2345.81	5932.07
2346.75	5926.05
2347.68	5919.51
2348.61	5912.62
2349.55	5905.9
2350.48	5899.34
2351.41	5894.96
2352.35	5892.64
2353.28	5891.59
2354.21	5891.75
2355.15	5891.23
2356.08	5889.62
2357.01	5883.94
2357.94	5878.83
2358.88	5873.99
2359.81	5873.78
2360.74	5868.35
2361.67	5862.43
2362.6	5855.56
2363.54	5844.9
2364.47	5832
2365.4	5825.17
2366.33	5818.09
2367.26	5818.89
2368.19	5824.94
2369.12	5826.22
2370.05	5818.07
2370.98	5808.76
2371.91	5806.16
2372.84	5800.32
2373.77	5800.38
2374.7	5803.98
2375.63	5810.85
2376.56	5818.8
2377.49	5824.17
2378.42	5814.33
2379.35	5804.39
2380.28	5797.43
2381.21	5789.38
2382.14	5776.4
2383.07	5767.33
2384	5762.57
2384.92	5761.33
2385.85	5764.82
2386.78	5763.3
2387.71	5759.26
2388.64	5753.58
2389.56	5746
2390.49	5731.84
2391.42	5714.46
2392.35	5710
2393.27	5709.6
2394.2	5710.08
2395.13	5711.46
2396.05	5712.78
2396.98	5711.86
2397.91	5711.83
2398.83	5711.09
2399.76	5710.34
2400.69	5708.84
2401.61	5705.82
2402.54	5700.6
2403.46	5688.22
2404.39	5679.05
2405.31	5671.02
2406.24	5661.47
2407.17	5654.79
2408.09	5652.87
2409.01	5651.91
2409.94	5652.2
2410.86	5650.21
2411.79	5648.56
2412.71	5645.81
2413.64	5642.83
2414.56	5639
2415.49	5633.72
2416.41	5626.41
2417.33	5613.28
2418.26	5600.64
2419.18	5590.02
2420.1	5580.48
2421.03	5572.18
2421.95	5565.14
2422.87	5559.26
2423.79	5555.09
2424.72	5552.27
2425.64	5550.91
2426.56	5550.65
2427.48	5547.06
2428.41	5540.23
2429.33	5529.25
2430.25	5511.63
2431.17	5498.68
2432.09	5488.34
2433.01	5486.44
2433.93	5487.69
2434.86	5485.46
2435.78	5479.49
2436.7	5472.63
2437.62	5465.32
2438.54	5457.84
2439.46	5447.4
2440.38	5442.22
2441.3	5446.3
2442.22	5452.38
2443.14	5452.11
2444.06	5445.28
2444.98	5436.49
2445.9	5425.17
2446.82	5411.11
2447.73	5395.25
2448.65	5374.9
2449.57	5369.36
2450.49	5371.52
2451.41	5375.36
2452.33	5378.33
2453.25	5378.51
2454.17	5379.24
2455.08	5376.03
2456	5370.75
2456.92	5363.55
2457.84	5355.22
2458.75	5345.75
2459.67	5335.91
2460.59	5325.86
2461.51	5324.01
2462.42	5320.48
2463.34	5319.64
2464.26	5321.01
2465.17	5321.52
2466.09	5319.88
2467	5307.79
2467.92	5300.52
2468.84	5287.78
2469.75	5283.4
2470.67	5287.42
2471.58	5284.14
2472.5	5285.46
2473.42	5279.36
2474.33	5266.69
2475.25	5247.13
2476.16	5228.63
2477.08	5218.54
2477.99	5209.61
2478.9	5205.13
2479.82	5205.02
2480.73	5211.65
2481.65	5218
2482.56	5223.41
2483.47	5234.32
2484.39	5231.88
2485.3	5231.63
2486.22	5221.26
2487.13	5205.06
2488.04	5189.35
2488.96	5173.61
2489.87	5172.72
2490.78	5183.72
2491.69	5180.73
2492.61	5186.24
2493.52	5157.87
2494.43	5126.6
2495.34	5179.84
2496.25	5178.71
2497.17	5172.62
2498.08	5166.46
2498.99	5160.74
2499.9	5158.12
2500.81	5154.42
2501.72	5149.31
2502.63	5143.55
2503.55	5137.62
2504.46	5132.25
2505.37	5129.18
2506.28	5129.38
2507.19	5135.84
2508.1	5142.37
2509.01	5143.08
2509.92	5137.57
2510.83	5128.44
2511.74	5115.45
2512.65	5102.48
2513.56	5091.77
2514.47	5084.11
2515.37	5084.78
2516.28	5083.4
2517.19	5081
2518.1	5077.51
2519.01	5074.79
2519.92	5072.64
2520.83	5071.41
2521.73	5070.69
2522.64	5070.46
2523.55	5070.07
2524.46	5070.34
2525.37	5069.08
2526.27	5062.69
2527.18	5050.47
2528.09	5032.53
2529	5021.64
2529.9	5022.2
2530.81	5027.94
2531.72	5030.72
2532.62	5030.78
2533.53	5029.71
2534.44	5027.26
2535.34	5021.31
2536.25	5013.5
2537.15	5004.77
2538.06	4995.72
2538.96	4990.08
2539.87	4986.79
2540.78	4985.37
2541.68	4984.21
2542.59	4983.63
2543.49	4983.13
2544.4	4982.48
2545.3	4981.06
2546.21	4978.95
2547.11	4976.61
2548.01	4972.85
2548.92	4965.11
2549.82	4943.82
2550.73	4928.68
2551.63	4917.82
2552.53	4912.2
2553.44	4914.16
2554.34	4915.97
2555.24	4920.54
2556.15	4926.14
2557.05	4930.28
2557.95	4932.55
2558.86	4931.3
2559.76	4926.54
2560.66	4919.79
2561.56	4910.78
2562.46	4898.88
2563.37	4883.86
2564.27	4867.47
2565.17	4851.2
2566.07	4838.03
2566.97	4833.67
2567.88	4827.34
2568.78	4824.43
2569.68	4823.29
2570.58	4823.35
2571.48	4821.78
2572.38	4818.97
2573.28	4816.24
2574.18	4812.68
2575.08	4809.01
2575.98	4804.57
2576.88	4799.32
2577.78	4791.85
2578.68	4778.52
2579.58	4766.04
2580.48	4756.78
2581.38	4747.14
2582.28	4746.5
2583.18	4748.6
2584.08	4752.39
2584.98	4751.35
2585.88	4748.72
2586.77	4736.42
2587.67	4725.28
2588.57	4719.84
2589.47	4714.02
2590.37	4706.91
2591.27	4699.48
2592.16	4691.95
2593.06	4683.82
2593.96	4677.82
2594.86	4677.68
2595.75	4679.6
2596.65	4682.68
2597.55	4685.72
2598.45	4680.6
2599.34	4669.1
2600.24	4652.03
2601.13	4642.98
2602.03	4636.96
2602.93	4640.1
2603.82	4648.16
2604.72	4655.92
2605.62	4657.05
2606.51	4648.66
2607.41	4633.05
2608.3	4621.09
2609.2	4601.25
2610.09	4588.33
2610.99	4582.54
2611.88	4587.89
2612.78	4598.24
2613.67	4591.7
2614.57	4574.4
2615.46	4560.43
2616.36	4555.75
2617.25	4573.8
2618.14	4578.99
2619.04	4582.72
2619.93	4585.84
2620.83	4564.78
2621.72	4540.56
2622.61	4524.28
2623.5	4514.51
2624.4	4514.45
2625.29	4517.3
2626.18	4519.94
2627.08	4518.48
2627.97	4516.23
2628.86	4508.29
2629.75	4503.34
2630.65	4499.42
2631.54	4495.73
2632.43	4492.62
2633.32	4490.62
2634.21	4488.9
2635.11	4486.31
2636	4483.08
2636.89	4477.06
2637.78	4468.97
2638.67	4458.02
2639.56	4448.26
2640.45	4436.8
2641.34	4427.4
2642.23	4422.34
2643.12	4420.69
2644.01	4423.13
2644.9	4420.17
2645.79	4415.66
2646.68	4407.94
2647.57	4402.43
2648.46	4400.51
2649.35	4398.59
2650.24	4397.08
2651.13	4393.33
2652.02	4387.83
2652.91	4379.38
2653.8	4366.15
2654.69	4350.83
2655.58	4337.51
2656.46	4334.06
2657.35	4335.86
2658.24	4338.98
2659.13	4343.46
2660.02	4344.25
2660.9	4340.4
2661.79	4331.61
2662.68	4319.94
2663.57	4302.22
2664.45	4289.84
2665.34	4289.06
2666.23	4293.52
2667.11	4301.51
2668	4308.77
2668.89	4314.12
2669.77	4314.89
2670.66	4308.7
2671.55	4302.46
2672.43	4295.94
2673.32	4288.42
2674.21	4284.55
2675.09	4278.15
2675.98	4271.51
2676.86	4264.48
2677.75	4256.93
2678.63	4248.84
2679.52	4239.09
2680.4	4230.83
2681.29	4225.4
2682.17	4229.5
2683.06	4233.84
2683.94	4228.71
2684.82	4206.11
2685.71	4197.53
2686.59	4191.76
2687.48	4187.7
2688.36	4185.5
2689.24	4184.52
2690.13	4185.08
2691.01	4186.5
2691.89	4182.39
2692.78	4173.27
2693.66	4157.89
2694.54	4150.05
2695.43	4150.73
2696.31	4158.77
2697.19	4172.37
2698.07	4162.21
2698.96	4149.71
2699.84	4136.19
2700.72	4121.57
2701.6	4106.23
2702.48	4115.41
2703.36	4103.01
2704.25	4093.53
2705.13	4083
2706.01	4075.85
2706.89	4072.83
2707.77	4072.11
2708.65	4074.84
2709.53	4076.08
2710.41	4072.9
2711.29	4065.08
2712.17	4050.65
2713.05	4039.91
2713.93	4035.83
2714.81	4037.1
2715.69	4038.38
2716.57	4042.84
2717.45	4045.71
2718.33	4041.57
2719.21	4036.36
2720.09	4030.53
2720.97	4023.95
2721.85	4018.04
2722.73	4017.53
2723.61	4018.91
2724.48	4020.73
2725.36	4023.48
2726.24	4022.44
2727.12	4014.17
2728	4008.25
2728.88	4002.77
2729.75	3996.94
2730.63	3991.35
2731.51	3986.28
2732.39	3984.21
2733.26	3987.84
2734.14	3996
2735.02	4011.96
2735.89	3998.14
2736.77	3983.82
2737.65	3969.97
2738.52	3956.91
2739.4	3945.37
2740.28	3935.4
2741.15	3934.06
2742.03	3940.48
2742.9	3955.59
2743.78	3964.09
2744.65	3962.8
2745.53	3952.66
2746.41	3933.44
2747.28	3922.44
2748.16	3916.12
2749.03	3909.17
2749.91	3910.05
2750.78	3913.58
2751.66	3918.91
2752.53	3918.57
2753.4	3914.81
2754.28	3907.23
2755.15	3893.14
2756.02	3879.97
2756.9	3868.23
2757.77	3868.45
2758.65	3875.42
2759.52	3875.47
2760.39	3877.24
2761.27	3883.17
2762.14	3887.31
2763.01	3887.8
2763.88	3881.22
2764.76	3868.42
2765.63	3853.15
2766.5	3843.06
2767.37	3829.81
2768.25	3815.5
2769.12	3806.88
2769.99	3801.72
2770.86	3804.35
2771.73	3807.36
2772.61	3811.04
2773.48	3815.5
2774.35	3814.71
2775.22	3812.65
2776.09	3808.47
2776.96	3802.65
2777.83	3795.67
2778.7	3786.93
2779.57	3785.33
2780.44	3783.16
2781.31	3784.37
2782.18	3783.35
2783.05	3778.81
2783.92	3778.48
2784.79	3769.76
2785.66	3755.25
2786.53	3740.99
2787.4	3733.33
2788.27	3733.04
2789.14	3732.05
2790.01	3730.89
2790.88	3729.64
2791.75	3728.61
2792.62	3727.33
2793.48	3726.41
2794.35	3715.16
2795.22	3707.96
2796.09	3705.94
2796.96	3709.43
2797.82	3718.24
2798.69	3724.66
2799.56	3727.12
2800.43	3725.32
2801.29	3717.8
2802.16	3707.42
2803.03	3694.25
2803.9	3677.17
2804.76	3662.81
2805.63	3663.71
2806.5	3669.02
2807.36	3673.73
2808.23	3673.92
2809.09	3671.67
2809.96	3668.49
2810.83	3663.4
2811.69	3657.07
2812.56	3650.52
2813.42	3645.9
2814.29	3639.95
2815.15	3634.53
2816.02	3628.93
2816.88	3623.89
2817.75	3620.32
2818.61	3620.17
2819.48	3623.06
2820.34	3622.85
2821.21	3621.21
2822.07	3617.63
2822.94	3612.68
2823.8	3606.83
2824.66	3601.56
2825.53	3596.76
2826.39	3593.36
2827.26	3589.95
2828.12	3588.68
2828.98	3589.2
2829.85	3591.28
2830.71	3592.08
2831.57	3589.12
2832.43	3582.4
2833.3	3571.53
2834.16	3561.79
2835.02	3551.63
2835.88	3542.13
2836.75	3535.51
2837.61	3536.28
2838.47	3539.57
2839.33	3541.31
2840.19	3544.49
2841.06	3546.76
2841.92	3544
2842.78	3537.01
2843.64	3530.94
2844.5	3527.75
2845.36	3525.45
2846.22	3526.21
2847.08	3528.97
2847.94	3531.39
2848.81	3532.41
2849.67	3531.66
2850.53	3529.34
2851.39	3525.36
2852.25	3520.01
2853.11	3513.04
2853.97	3504.3
2854.82	3493.94
2855.68	3481.25
2856.54	3468.19
2857.4	3462.56
2858.26	3467.8
2859.12	3472.16
2859.98	3475.75
2860.84	3477.12
2861.7	3473.68
2862.56	3466.01
2863.41	3463.25
2864.27	3461.62
2865.13	3458.9
2865.99	3455.93
2866.85	3453.38
2867.7	3448.94
2868.56	3443.7
2869.42	3436.31
2870.28	3429.89
2871.13	3423.76
2871.99	3419.27
2872.85	3420.93
2873.7	3422.36
2874.56	3423.97
2875.42	3425.4
2876.27	3425.99
2877.13	3423.17
2877.99	3420.02
2878.84	3415.74
2879.7	3410.29
2880.56	3404.09
2881.41	3399.21
2882.27	3393.89
2883.12	3394.35
2883.98	3394.74
2884.83	3391.55
2885.69	3384.84
2886.54	3375.91
2887.4	3365.94
2888.25	3353.63
2889.11	3343.8
2889.96	3340.47
2890.82	3338.84
2891.67	3339.41
2892.52	3342.81
2893.38	3348.85
2894.23	3347.64
2895.09	3343.92
2895.94	3338.68
2896.79	3328.88
2897.65	3322.62
2898.5	3317.75
2899.35	3316.22
2900.21	3311.79
2901.06	3305.17
2901.91	3296.17
2902.76	3291.63
2903.62	3294.7
2904.47	3298.18
2905.32	3299.99
2906.17	3299.89
2907.03	3297.38
2907.88	3292.97
2908.73	3287.01
2909.58	3279.66
2910.43	3270.71
2911.28	3260.11
2912.14	3252.08
2912.99	3246.35
2913.84	3243.99
2914.69	3247.74
2915.54	3250.24
2916.39	3250.82
2917.24	3248.47
2918.09	3241.9
2918.94	3231.26
2919.79	3222.92
2920.64	3216.24
2921.49	3211.06
2922.34	3206.57
2923.19	3203.46
2924.04	3201.4
2924.89	3200.55
2925.74	3201.57
2926.59	3204.75
2927.44	3209.54
2928.29	3215
2929.14	3212.19
2929.98	3200.81
2930.83	3197.65
2931.68	3194.47
2932.53	3193.67
2933.38	3189
2934.23	3178.77
2935.07	3147.02
2935.92	3175.75
2936.77	3166.17
2937.62	3159.72
2938.47	3150.57
2939.31	3149.96
2940.16	3148.2
2941.01	3146.26
2941.85	3143.01
2942.7	3133.15
2943.55	3125.84
2944.39	3136.06
2945.24	3135.5
2946.09	3135.1
2946.93	3132.68
2947.78	3120.22
2948.63	3106.04
2949.47	3091.15
2950.32	3086.55
2951.16	3087.64
2952.01	3090.26
2952.85	3093.63
2953.7	3098.43
2954.55	3101.98
2955.39	3103.05
2956.24	3102.59
2957.08	3100.7
2957.92	3097.32
2958.77	3092.55
2959.61	3086.64
2960.46	3080.95
2961.3	3078.2
2962.15	3078.94
2962.99	3077.11
2963.83	3073.8
2964.68	3067.91
2965.52	3059.01
2966.37	3048.35
2967.21	3037.93
2968.05	3029.29
2968.9	3028.16
2969.74	3034.41
2970.58	3041.71
2971.42	3049.51
2972.27	3059.36
2973.11	3058.72
2973.95	3053.71
2974.79	3045.01
2975.64	3032.85
2976.48	3016.17
2977.32	3002.14
2978.16	2988.76
2979	2980.59
2979.85	2982.41
2980.69	2986.57
2981.53	2993.23
2982.37	3001
2983.21	3010.37
2984.05	3015.45
2984.89	3012.71
2985.73	3006.74
2986.57	2997.73
2987.41	2986.26
2988.25	2969.62
2989.1	2957.02
2989.94	2955.81
2990.77	2954.07
2991.62	2953.44
2992.45	2953.39
2993.29	2954.02
2994.13	2955.57
2994.97	2958.01
2995.81	2961.07
2996.65	2964.95
2997.49	2968.72
2998.33	2978.37
2999.17	2977.96
