200.833	11271.3
202.102	11291.9
203.371	11297
204.639	11295.6
205.907	11293.2
207.175	11292.4
208.442	11292.6
209.71	11293.9
210.977	11296
212.244	11298.8
213.511	11302.4
214.777	11307.7
216.042	11313.8
217.309	11320.9
218.575	11328.3
219.84	11351.3
221.106	11376
222.371	11400.8
223.635	11430.6
224.9	11460.7
226.165	11480.4
227.429	11502
228.694	11526.7
229.956	11552.7
231.22	11576.1
232.484	11619.6
233.747	11670.6
235.011	11725.4
236.272	11774.6
237.535	11770.3
238.798	11756.4
240.06	11792.9
241.321	11812
242.583	11831.2
243.845	11846.5
245.105	11853.6
246.367	11857.2
247.628	11857.6
248.888	11854.2
250.149	11847.5
251.409	11850.7
252.67	11862.2
253.928	11871.3
255.189	11883
256.447	11891.6
257.707	11888.2
258.966	11885.9
260.224	11888.1
261.483	11895
262.742	11906
263.999	11919.9
265.257	11939.2
266.514	11962
267.772	11984.9
269.028	12006.6
270.286	12023.1
271.543	12038.2
272.799	12051.4
274.056	12062.6
275.311	12071.4
276.568	12078.4
277.823	12083.9
279.079	12089.8
280.333	12103.9
281.589	12118.9
282.843	12136.5
284.099	12157.8
285.352	12181.5
286.607	12205.7
287.86	12230.3
289.114	12248.6
290.368	12267.8
291.621	12289.2
292.875	12310.2
294.127	12330.6
295.38	12348.5
296.632	12338.3
297.884	12331
299.137	12324.4
300.388	12319.4
301.641	12316.1
302.891	12316.7
304.142	12319
305.394	12323.7
306.644	12330.8
307.894	12340.3
309.146	12352.4
310.395	12366.1
311.645	12378.8
312.895	12392
314.144	12403.4
315.393	12413.3
316.642	12422.8
317.892	12432.2
319.14	12442.9
320.388	12456.9
321.637	12473.8
322.885	12493.6
324.132	12513.5
325.38	12536.1
326.628	12554.5
327.875	12555.4
329.122	12545.2
330.368	12536.3
331.614	12534.8
332.862	12544.7
334.108	12560.8
335.353	12592.4
336.599	12613.6
337.844	12627.7
339.089	12631.4
340.335	12640.2
341.58	12647.4
342.824	12655.5
344.068	12667.8
345.312	12680.4
346.556	12693.3
347.8	12706.3
349.043	12718.4
350.286	12728.9
351.53	12726.8
352.774	12727
354.016	12703.3
355.259	12678.5
356.501	12684.2
357.743	12707.9
358.985	12721.4
360.227	12741.5
361.468	12756
362.709	12767.1
363.95	12773.6
365.191	12774.9
366.432	12770.6
367.672	12761.8
368.912	12755.6
370.152	12752.1
371.392	12766.2
372.632	12779.8
373.871	12790.3
375.11	12800.3
376.348	12808.9
377.587	12815.2
378.825	12819
380.064	12821.9
381.302	12824.3
382.54	12828.7
383.778	12844.1
385.016	12860.3
386.253	12879.2
387.489	12901
388.726	12928.1
389.963	12951.3
391.199	12970.5
392.436	12971.5
393.672	12974.3
394.907	12980.7
396.142	12986.2
397.378	12990.7
398.614	12998.8
399.849	13010.2
401.082	13027.8
402.317	13048.1
403.552	13059.2
404.786	13068.3
406.019	13074.8
407.253	13079.2
408.487	13078.8
409.721	13076.1
410.953	13071.9
412.186	13068.7
413.419	13067.1
414.651	13066.7
415.883	13066.8
417.116	13067.7
418.347	13068.7
419.579	13072.1
420.811	13093.4
422.041	13124.9
423.272	13159.3
424.504	13170
425.733	13160.9
426.964	13143.7
428.194	13127.7
429.424	13125.8
430.654	13124.8
431.883	13128.2
433.113	13135.6
434.341	13147.8
435.571	13163.1
436.799	13179.8
438.028	13187.9
439.257	13185.2
440.484	13177.5
441.713	13178.9
442.94	13185.7
444.168	13198
445.394	13214.3
446.622	13235.1
447.848	13256.9
449.076	13274.8
450.301	13279.6
451.528	13284.4
452.754	13278.8
453.979	13272.6
455.205	13271.4
456.43	13276.7
457.656	13296.5
458.88	13319.1
460.106	13336
461.33	13345
462.554	13311.7
463.779	13298
465.002	13282.4
466.225	13272.4
467.45	13272.2
468.672	13277.7
469.895	13286.6
471.119	13291.5
472.341	13289.7
473.563	13282.5
474.786	13269.5
476.008	13252.9
477.229	13248.5
478.452	13247
479.673	13262.2
480.894	13276.5
482.115	13283
483.337	13282.2
484.557	13276
485.777	13265
486.997	13253.8
488.218	13247
489.438	13241.8
490.657	13239.4
491.876	13239
493.096	13247.5
494.315	13259
495.533	13270.9
496.752	13283.3
497.97	13282.8
499.188	13278.1
500.407	13273.2
501.625	13271.2
502.842	13271
504.059	13273.3
505.276	13278.4
506.493	13284.3
507.71	13289.8
508.926	13294
510.142	13297.4
511.358	13300.4
512.575	13307.7
513.791	13315.7
515.006	13342.8
516.222	13384.3
517.437	13404.3
518.651	13401.4
519.866	13385.1
521.081	13375.2
522.295	13367.5
523.509	13363.7
524.723	13369.5
525.937	13378
527.15	13391.4
528.363	13406.9
529.576	13420.5
530.789	13430.6
532.002	13435.8
533.215	13442.4
534.426	13447.1
535.638	13449.3
536.85	13450.6
538.061	13448.3
539.273	13441.1
540.484	13438.9
541.695	13437.1
542.906	13438.3
544.117	13437.6
545.327	13436.7
546.537	13435.7
547.747	13434.2
548.957	13443.2
550.167	13447.4
551.377	13471.9
552.585	13487.6
553.794	13484.7
555.003	13471.2
556.212	13464.2
557.421	13464.5
558.628	13465.5
559.836	13468.3
561.044	13475.1
562.252	13478.6
563.458	13483.6
564.666	13482.7
565.873	13476.1
567.08	13471
568.286	13466.8
569.493	13463.6
570.699	13462.7
571.904	13468.5
573.111	13473
574.317	13469.4
575.521	13470.7
576.727	13472.7
577.932	13490.3
579.136	13506.7
580.341	13517.8
581.544	13526.1
582.749	13531.4
583.954	13535.7
585.156	13535.8
586.361	13534
587.563	13528.9
588.767	13521.6
589.97	13512.9
591.172	13504.6
592.375	13501.5
593.577	13506.4
594.78	13514.9
595.981	13527.7
597.183	13545.2
598.384	13565.2
599.586	13558.7
600.786	13527.5
601.988	13513.1
603.188	13502.6
604.389	13497
605.589	13498.6
606.79	13541.5
607.989	13525.1
609.188	13512.8
610.389	13502.3
611.587	13492.1
612.787	13480.7
613.986	13463.7
615.184	13449.1
616.383	13436.8
617.581	13426.8
618.78	13421
619.977	13417.8
621.174	13415.9
622.373	13416
623.57	13417.2
624.766	13419.3
625.964	13417.3
627.16	13416.1
628.356	13406.1
629.554	13393.6
630.749	13376
631.945	13362.4
633.14	13349.8
634.337	13348.8
635.532	13353.9
636.726	13366.6
637.921	13371.9
639.117	13372.9
640.311	13373.3
641.505	13366.5
642.699	13358.9
643.892	13351.4
645.087	13343.8
646.28	13336.4
647.473	13328.5
648.666	13320.7
649.859	13311.6
651.051	13318.3
652.245	13339.7
653.437	13360.4
654.629	13376
655.821	13382.5
657.012	13389.7
658.204	13393.9
659.395	13395
660.586	13393.6
661.777	13388.7
662.967	13379.8
664.158	13368.7
665.349	13356.5
666.539	13365.8
667.729	13384.8
668.919	13399.5
670.109	13416.1
671.298	13431.1
672.487	13444.1
673.676	13450.5
674.865	13444.1
676.053	13435.5
677.242	13428.4
678.43	13420.5
679.616	13412.4
680.804	13405.4
681.992	13400.2
683.179	13398.5
684.366	13400.5
685.554	13402.2
686.74	13400.3
687.927	13394.4
689.114	13384.2
690.3	13368.8
691.486	13356.4
692.671	13348.2
693.856	13344.7
695.042	13344.2
696.227	13338.6
697.413	13331
698.598	13314.6
699.781	13301.4
700.966	13290.5
702.15	13283.4
703.334	13279.2
704.518	13278.1
705.701	13290.5
706.885	13288.6
708.068	13269
709.252	13269.2
710.433	13271.5
711.616	13283.5
712.799	13291.6
713.98	13290.4
715.163	13287
716.345	13286.3
717.527	13283.3
718.707	13278.7
719.889	13272.3
721.071	13263.9
722.25	13254.8
723.432	13235.7
724.611	13250.8
725.792	13272.1
726.972	13294.2
728.151	13310.9
729.332	13322.3
730.512	13323.7
731.69	13319.6
732.87	13319
734.048	13318.4
735.227	13317.7
736.405	13317.6
737.584	13317.5
738.761	13317.7
739.94	13318.2
741.117	13318.9
742.295	13320.1
743.471	13321.8
744.649	13324.3
745.825	13330.6
747.003	13341.3
748.179	13356.7
749.356	13380.8
750.531	13402.7
751.708	13402.3
752.883	13394.5
754.059	13374.9
755.234	13344.4
756.409	13328.7
757.585	13314.5
758.759	13342.6
759.934	13343
761.108	13342.8
762.282	13335.6
763.456	13309.7
764.63	13306.5
765.803	13302.8
766.977	13304.3
768.15	13311.9
769.323	13298.4
770.496	13280.4
771.668	13260.7
772.841	13239.5
774.014	13226.5
775.185	13231.8
776.357	13233.8
777.528	13236.5
778.701	13242.1
779.872	13231.5
781.042	13209.1
782.213	13189.4
783.383	13173.6
784.555	13160.8
785.725	13160.4
786.895	13174.4
788.064	13174.5
789.234	13170.8
790.404	13165
791.573	13156.6
792.742	13147.2
793.911	13138.2
795.08	13132.3
796.248	13124.3
797.416	13117.4
798.584	13114.9
799.753	13117
800.921	13131.5
802.088	13142.2
803.256	13131.3
804.423	13114.3
805.59	13080.6
806.756	13061.2
807.923	13045.5
809.089	13053.4
810.256	13073.8
811.422	13084.7
812.587	13101.1
813.753	13118.4
814.918	13123.1
816.084	13133.2
817.249	13127.4
818.414	13109.6
819.578	13094
820.743	13097.4
821.907	13111.9
823.072	13123.6
824.236	13130.9
825.399	13134.7
826.562	13133.8
827.725	13130.2
828.889	13138.6
830.052	13111.4
831.215	13086.9
832.377	13063.5
833.54	13055.5
834.701	13061.7
835.863	13079.6
837.025	13092.2
838.187	13102.5
839.349	13118
840.51	13122.3
841.67	13126.4
842.831	13121.1
843.992	13107.9
845.153	13099.8
846.312	13096.2
847.473	13095.8
848.633	13093.8
849.793	13096
850.951	13112.8
852.111	13104.1
853.27	13090.2
854.428	13070.3
855.588	13041.8
856.747	13017.3
857.904	13008.6
859.063	13014.9
860.221	13010.3
861.378	13004.4
862.536	12994.7
863.694	12983.4
864.85	12964.9
866.008	12944.9
867.164	12923.5
868.321	12902.9
869.478	12888.2
870.633	12880.9
871.79	12879.1
872.945	12881.2
874.101	12887.9
875.256	12896.4
876.412	12885.3
877.566	12869.4
878.722	12857.9
879.876	12847.1
881.031	12836.7
882.185	12828.1
883.34	12820.6
884.493	12814.1
885.647	12808.5
886.8	12804
887.954	12800.4
889.107	12797.5
890.261	12796
891.413	12795.8
892.565	12796.2
893.718	12797.4
894.87	12798.9
896.023	12799
897.174	12797.9
898.326	12793.2
899.478	12789.3
900.629	12779.6
901.779	12766.1
902.931	12758.4
904.081	12765.5
905.231	12774.7
906.383	12776.8
907.532	12781.3
908.682	12783.6
909.831	12785.2
910.982	12785.6
912.131	12785.1
913.28	12782.8
914.429	12778.8
915.578	12773.6
916.727	12767.2
917.875	12760.9
919.023	12758.6
920.171	12760.2
921.32	12765.8
922.467	12770
923.614	12774.4
924.761	12777.2
925.908	12779.6
927.055	12781.7
928.203	12782.8
929.349	12783.2
930.496	12781
931.642	12774.8
932.787	12768.7
933.933	12762
935.079	12756.2
936.224	12754.5
937.369	12752.3
938.514	12751.4
939.659	12754.4
940.804	12756.3
941.948	12758.1
943.092	12756.9
944.236	12757.1
945.38	12745.5
946.524	12725.5
947.667	12709
948.811	12689.1
949.954	12676.5
951.097	12667.9
952.24	12661.6
953.383	12667.2
954.525	12674.8
955.667	12682.6
956.81	12687.2
957.952	12676.9
959.093	12666.3
960.235	12647.9
961.376	12624.8
962.516	12592.8
963.658	12564.5
964.798	12552.3
965.939	12548.7
967.08	12557.3
968.22	12580.3
969.359	12597.2
970.499	12609.7
971.639	12612.5
972.779	12603.1
973.918	12576.7
975.056	12552.5
976.195	12528.1
977.334	12510
978.473	12510.2
979.61	12519.2
980.749	12523.2
981.887	12530.5
983.024	12536.6
984.162	12542.9
985.3	12545.7
986.437	12548.9
987.573	12548.8
988.711	12545.7
989.848	12536.1
990.983	12518
992.12	12504.5
993.255	12496.9
994.392	12504.2
995.528	12517.4
996.662	12526.5
997.798	12544.8
998.933	12553.6
1000.07	12560.1
1001.2	12550
1002.34	12536.6
1003.47	12524.4
1004.61	12531.5
1005.74	12537.8
1006.87	12541.3
1008.01	12536.1
1009.14	12529.1
1010.27	12518.9
1011.41	12509.4
1012.54	12494.9
1013.67	12476.7
1014.81	12461.1
1015.94	12453.4
1017.07	12453.1
1018.2	12458
1019.33	12462.5
1020.47	12456
1021.6	12437.4
1022.73	12477.1
1023.86	12502.3
1024.99	12441
1026.12	12448.7
1027.25	12451.6
1028.38	12450.9
1029.51	12446
1030.64	12434.6
1031.77	12421.5
1032.9	12410.8
1034.03	12401.8
1035.16	12394.4
1036.29	12389.7
1037.42	12391.4
1038.55	12402.7
1039.67	12400.8
1040.8	12394.6
1041.93	12369.2
1043.06	12345.4
1044.19	12319.2
1045.31	12301.1
1046.44	12287.6
1047.57	12275.4
1048.69	12271.7
1049.82	12272.9
1050.95	12275.4
1052.08	12274.4
1053.2	12259.5
1054.33	12247
1055.45	12232.6
1056.58	12217.1
1057.7	12199.9
1058.83	12178.7
1059.95	12157.3
1061.08	12161.1
1062.2	12185.4
1063.33	12214.5
1064.45	12241.3
1065.58	12238.9
1066.7	12222.7
1067.83	12212.1
1068.95	12202.9
1070.07	12194.7
1071.2	12190
1072.32	12186.9
1073.44	12188.7
1074.56	12192.2
1075.69	12197.2
1076.81	12201.9
1077.93	12191.6
1079.05	12179.8
1080.17	12166.4
1081.3	12150.7
1082.42	12143.4
1083.54	12136.9
1084.66	12144.9
1085.78	12147.1
1086.9	12153.1
1088.02	12158.2
1089.14	12162.6
1090.26	12154.9
1091.38	12152.6
1092.5	12087.7
1093.62	12135.2
1094.74	12169.5
1095.86	12151.8
1096.98	12133.5
1098.1	12129.7
1099.22	12124.5
1100.34	12122.7
1101.45	12123
1102.57	12125.7
1103.69	12132.3
1104.81	12142.1
1105.93	12151.1
1107.04	12157.9
1108.16	12161.4
1109.28	12160.5
1110.4	12155.2
1111.51	12146.7
1112.63	12134.6
1113.75	12119
1114.86	12100
1115.98	12078.9
1117.09	12060.2
1118.21	12043.5
1119.32	12030.3
1120.44	12022.7
1121.55	12013
1122.67	12003.9
1123.78	11997.3
1124.9	11991.2
1126.01	11983.9
1127.13	11975.9
1128.24	11964.3
1129.35	11946.8
1130.47	11912
1131.58	11906.3
1132.7	11923.2
1133.81	11917.2
1134.92	11912.9
1136.03	11880.2
1137.15	11841.5
1138.26	11825
1139.37	11815.7
1140.48	11837.3
1141.59	11834.5
1142.71	11829.3
1143.82	11821.1
1144.93	11810
1146.04	11791.2
1147.15	11777.7
1148.26	11780.3
1149.37	11782.7
1150.48	11784.1
1151.59	11771.7
1152.7	11761.8
1153.81	11748.8
1154.92	11734.7
1156.03	11721.3
1157.14	11715.2
1158.25	11711.5
1159.36	11714.7
1160.47	11709.8
1161.58	11709.2
1162.68	11702.5
1163.79	11692.2
1164.9	11680.2
1166.01	11670.4
1167.12	11679.1
1168.22	11686.8
1169.33	11682.9
1170.44	11678.6
1171.55	11673.6
1172.65	11668.9
1173.76	11667.9
1174.87	11674.8
1175.97	11686.5
1177.08	11702.4
1178.18	11709.1
1179.29	11712.2
1180.4	11700.3
1181.5	11690.6
1182.61	11678.2
1183.71	11674.8
1184.82	11674
1185.92	11684
1187.02	11691.9
1188.13	11691.3
1189.23	11681.8
1190.34	11662.8
1191.44	11635.1
1192.54	11631.3
1193.65	11639.7
1194.75	11655.8
1195.85	11666.5
1196.96	11677.7
1198.06	11683.6
1199.16	11683
1200.26	11676.3
1201.37	11664.1
1202.47	11645.7
1203.57	11635.5
1204.67	11626.4
1205.77	11634.8
1206.87	11663.1
1207.97	11679.8
1209.08	11690.8
1210.18	11692.8
1211.28	11658.5
1212.38	11648.3
1213.48	11641.8
1214.58	11652.4
1215.68	11653.2
1216.78	11671.2
1217.88	11671.7
1218.98	11660.7
1220.07	11650.2
1221.17	11625.5
1222.27	11592.6
1223.37	11576.1
1224.47	11576.8
1225.57	11580.5
1226.66	11584.5
1227.76	11587.8
1228.86	11581.9
1229.96	11573
1231.06	11561
1232.15	11545.4
1233.25	11525.4
1234.35	11500.7
1235.44	11497.9
1236.54	11503.2
1237.63	11510.8
1238.73	11510.5
1239.83	11506.6
1240.92	11501.3
1242.02	11493.3
1243.11	11480.2
1244.21	11464.7
1245.3	11446.4
1246.4	11428.6
1247.49	11422.2
1248.59	11415.1
1249.68	11412.5
1250.78	11415
1251.87	11417.7
1252.96	11417.9
1254.06	11399.5
1255.15	11385.3
1256.24	11374.8
1257.34	11368.7
1258.43	11371.3
1259.52	11395.6
1260.62	11397.8
1261.71	11395.5
1262.8	11386.9
1263.89	11376.3
1264.98	11365
1266.08	11352.9
1267.17	11341.1
1268.26	11339.3
1269.35	11338.7
1270.44	11347.4
1271.53	11351.7
1272.62	11353.1
1273.71	11355.9
1274.8	11356.2
1275.89	11355.8
1276.98	11355.7
1278.07	11356.7
1279.16	11358.3
1280.25	11362.1
1281.34	11366.8
1282.43	11372.7
1283.52	11379.8
1284.61	11388.5
1285.69	11397.1
1286.78	11398.5
1287.87	11390.4
1288.96	11363.8
1290.05	11354.9
1291.13	11343.4
1292.22	11344.4
1293.31	11351.4
1294.4	11360.4
1295.48	11370.7
1296.57	11378.6
1297.66	11384.4
1298.74	11387.8
1299.83	11388.2
1300.92	11387.5
1302	11385.4
1303.09	11382.1
1304.17	11377
1305.26	11366.3
1306.34	11352.4
1307.43	11336.8
1308.51	11332.5
1309.6	11331
1310.68	11332.1
1311.76	11331.8
1312.85	11330.6
1313.93	11327.6
1315.02	11323.2
1316.1	11318.8
1317.18	11312.4
1318.27	11306.2
1319.35	11302
1320.43	11298.3
1321.52	11296.1
1322.6	11291.8
1323.68	11284.6
1324.76	11267.7
1325.85	11259
1326.93	11258.3
1328.01	11256.2
1329.09	11248.3
1330.17	11236.5
1331.25	11226.5
1332.33	11215.7
1333.41	11204.8
1334.49	11196.4
1335.58	11191
1336.65	11192.7
1337.74	11198.7
1338.82	11197.5
1339.89	11189.2
1340.97	11176.1
1342.05	11165.9
1343.13	11159.1
1344.21	11155
1345.29	11155.1
1346.37	11146.8
1347.45	11139.8
1348.53	11135.5
1349.6	11132.5
1350.68	11132.6
1351.76	11133.6
1352.84	11134.9
1353.92	11135.5
1354.99	11133.7
1356.07	11130.9
1357.15	11127.3
1358.22	11124.7
1359.3	11126.7
1360.38	11132.2
1361.45	11135.8
1362.53	11132
1363.61	11127.7
1364.68	11122.4
1365.76	11108.4
1366.83	11104.6
1367.91	11104.5
1368.98	11107.1
1370.06	11112.2
1371.13	11116.5
1372.21	11114.8
1373.28	11110.7
1374.35	11106.3
1375.43	11100.4
1376.5	11094
1377.58	11088.1
1378.65	11081.9
1379.72	11075.6
1380.8	11069.5
1381.87	11062.5
1382.94	11057.8
1384.01	11077.5
1385.09	11096.2
1386.16	11108.9
1387.23	11122.7
1388.3	11094.9
1389.38	11080.4
1390.45	11071.1
1391.52	11058.5
1392.59	11039.4
1393.66	11020.3
1393.92	11015.1
1395	11002
1396.07	10980.9
1397.15	10973
1398.22	10969.6
1399.3	10976.8
1400.38	10995.2
1401.45	11004.1
1402.53	11007.9
1403.6	11008
1404.68	11006.2
1405.75	10998
1406.82	10986.6
1407.9	10973.2
1408.97	10959
1410.05	10960.2
1411.12	10955.6
1412.19	10950.1
1413.27	10944.5
1414.34	10939.6
1415.41	10935.6
1416.49	10931.8
1417.56	10928.4
1418.63	10925.3
1419.7	10922.6
1420.78	10920.4
1421.85	10918.1
1422.92	10911.8
1423.99	10904.2
1425.06	10895.5
1426.14	10888.4
1427.21	10880.6
1428.28	10871.7
1429.35	10856.8
1430.42	10857.7
1431.49	10864.1
1432.56	10857.8
1433.63	10848.8
1434.7	10839.3
1435.77	10829.6
1436.84	10819.5
1437.91	10811.9
1438.98	10811.5
1440.05	10824.9
1441.12	10836.7
1442.18	10847.8
1443.25	10846.4
1444.32	10836.2
1445.39	10823.3
1446.46	10814.2
1447.53	10807.2
1448.59	10797.3
1449.66	10793.1
1450.73	10792.8
1451.8	10794.1
1452.86	10796.7
1453.93	10801.5
1455	10805.8
1456.06	10802.6
1457.13	10802.4
1458.2	10802.5
1459.26	10803.1
1460.33	10805.2
1461.39	10806
1462.46	10808.7
1463.52	10798.9
1464.59	10790.1
1465.65	10766.3
1466.72	10730.6
1467.78	10697.2
1468.85	10762.1
1469.91	10779.9
1470.98	10770.2
1472.04	10763.5
1473.1	10761.1
1474.17	10772.1
1475.23	10777.5
1476.3	10777.7
1477.36	10773.6
1478.42	10766.2
1479.48	10754.8
1480.55	10731.5
1481.61	10714.2
1482.67	10705.1
1483.73	10694.5
1484.8	10699.8
1485.86	10707.6
1486.92	10714.7
1487.98	10720.8
1489.04	10725.8
1490.1	10728.2
1491.17	10711.4
1492.23	10692.3
1493.29	10672.7
1494.35	10651.5
1495.41	10638.3
1496.47	10635
1497.53	10631.2
1498.59	10641
1499.65	10649.6
1500.71	10640.2
1501.77	10618.1
1502.83	10602.3
1503.88	10588.5
1504.94	10580.5
1506	10579.6
1507.06	10587.9
1508.12	10596
1509.18	10601.4
1510.23	10603.9
1511.29	10602.6
1512.35	10597.7
1513.41	10588.7
1514.47	10574.6
1515.52	10558.9
1516.58	10544.9
1517.64	10534.6
1518.69	10522.6
1519.75	10517.8
1520.81	10515.3
1521.86	10514.6
1522.92	10513.9
1523.97	10512.3
1525.03	10509.6
1526.08	10501.5
1527.14	10493.4
1528.2	10483.6
1529.25	10472.7
1530.31	10462.5
1531.36	10452.6
1532.42	10458.5
1533.47	10464.6
1534.52	10467.6
1535.58	10467.5
1536.63	10464
1537.69	10458.6
1538.74	10451.8
1539.79	10448.2
1540.84	10442.4
1541.9	10437
1542.95	10430.7
1544	10425
1545.06	10419.1
1546.11	10419.1
1547.16	10426.1
1548.21	10436.3
1549.27	10450.2
1550.32	10458.8
1551.37	10457
1552.42	10440.1
1553.47	10427.6
1554.52	10417.3
1555.57	10410.1
1556.62	10405.3
1557.67	10397.3
1558.72	10391.1
1559.77	10386.4
1560.82	10383.6
1561.87	10386.8
1562.92	10393.2
1563.97	10396.2
1565.02	10396.2
1566.07	10394.7
1567.12	10392.2
1568.17	10374.4
1569.22	10366.7
1570.27	10361.3
1571.32	10354
1572.36	10350.1
1573.41	10365.4
1574.46	10368.5
1575.51	10367.8
1576.56	10361.1
1577.6	10351.4
1578.65	10340.7
1579.7	10333.2
1580.74	10331.1
1581.79	10333
1582.84	10341.4
1583.88	10353.8
1584.93	10368.4
1585.98	10379.5
1587.02	10352
1588.07	10310
1589.11	10292.7
1590.16	10271.4
1591.2	10295.3
1592.25	10290.4
1593.29	10284.9
1594.34	10282.6
1595.38	10280.7
1596.43	10273
1597.47	10264.4
1598.52	10255.6
1599.56	10246.6
1600.6	10237.4
1601.65	10228.2
1602.69	10218.4
1603.73	10209
1604.78	10209.1
1605.82	10215.4
1606.86	10216.2
1607.91	10214
1608.95	10205
1609.99	10178.3
1611.03	10155.7
1612.08	10137.1
1613.12	10122
1614.16	10110.7
1615.2	10103.3
1616.24	10101.9
1617.28	10101.4
1618.32	10096.4
1619.36	10087.1
1620.41	10079.9
1621.45	10074.8
1622.49	10072.4
1623.53	10073
1624.57	10078.6
1625.61	10061.6
1626.65	10048.5
1627.69	10035.2
1628.73	10024.9
1629.76	10019.3
1630.8	10015.5
1631.84	10013.8
1632.88	10014.1
1633.92	10016.9
1634.96	10020.6
1636	10017.8
1637.03	10011.7
1638.07	10001.1
1639.11	9990.65
1640.15	9980.46
1641.19	9970.23
1642.22	9959.26
1643.26	9948.5
1644.3	9938.16
1645.33	9929.29
1646.37	9921.03
1647.41	9913.73
1648.44	9908.23
1649.48	9906.13
1650.52	9908.21
1651.55	9914.73
1652.59	9919.36
1653.62	9921.4
1654.66	9927.46
1655.69	9911.06
1656.73	9888.12
1657.76	9852.49
1658.8	9813.15
1659.83	9824.82
1660.87	9824.29
1661.9	9834.73
1662.93	9854.15
1663.97	9829.69
1665	9803.45
1666.04	9784.38
1667.07	9821.84
1668.1	9875.78
1669.14	9889.37
1670.17	9879.31
1671.2	9827.3
1672.23	9740.23
1673.27	9720.66
1674.3	9758.12
1675.33	9825.09
1676.36	9782.92
1677.39	9782.04
1678.43	9782.24
1679.46	9782.16
1680.49	9781.53
1681.52	9779.74
1682.55	9776.92
1683.58	9773.21
1684.61	9768.84
1685.64	9763.56
1686.67	9758.04
1687.7	9753.33
1688.73	9749.79
1689.76	9746.63
1690.79	9743.53
1691.82	9740.08
1692.85	9736.25
1693.88	9731.87
1694.91	9727.25
1695.94	9722.62
1696.97	9718.24
1698	9718.76
1699.02	9716.5
1700.05	9710.71
1701.08	9700.11
1702.11	9685.9
1703.14	9667.35
1704.16	9653.54
1705.19	9644.26
1706.22	9639.33
1707.25	9640.06
1708.27	9638.49
1709.3	9634.17
1710.33	9628.17
1711.35	9621.4
1712.38	9613.89
1713.41	9614.22
1714.43	9580.59
1715.46	9552.38
1716.48	9554.39
1717.51	9540.84
1718.53	9609.02
1719.56	9598.96
1720.58	9588.4
1721.61	9572.99
1722.63	9557.94
1723.66	9544.25
1724.68	9531.72
1725.71	9521.42
1726.73	9521.13
1727.75	9517.38
1728.78	9516.62
1729.8	9509.01
1730.83	9498.3
1731.85	9484.6
1732.87	9468.49
1733.89	9455.4
1734.92	9451.58
1735.94	9445.48
1736.96	9436.47
1737.98	9427.3
1739.01	9421.88
1740.03	9416.98
1741.05	9412.59
1742.07	9408.4
1743.09	9404.46
1744.12	9400.62
1745.14	9396.54
1746.16	9392.45
1747.18	9387.39
1748.2	9382.71
1749.22	9381.97
1750.24	9387.62
1751.26	9387.64
1752.28	9379.97
1753.3	9372.3
1754.32	9364.98
1755.34	9357.6
1756.36	9350
1757.38	9342.63
1758.4	9335.46
1759.42	9328.64
1760.44	9322.62
1761.45	9318.29
1762.47	9316.68
1763.49	9323.35
1764.51	9324.35
1765.53	9320.9
1766.55	9315.41
1767.56	9307.85
1768.58	9298.97
1769.6	9288.25
1770.61	9276.14
1771.63	9261.53
1772.65	9249.26
1773.67	9240.19
1774.68	9235.81
1775.7	9239.17
1776.72	9251.48
1777.73	9246.4
1778.75	9240.97
1779.76	9224.43
1780.78	9190.79
1781.79	9144.01
1782.81	9158.11
1783.83	9154.37
1784.84	9149.45
1785.85	9149.84
1786.87	9158.63
1787.88	9168.01
1788.9	9173.77
1789.91	9189.76
1790.93	9186.04
1791.94	9174.34
1792.95	9146.89
1793.97	9118.26
1794.98	9095.16
1796	9081.89
1797.01	9080.16
1798.02	9088.7
1799.03	9093.17
1800.05	9096.07
1801.06	9080.28
1802.07	9074.63
1803.08	9072.63
1804.1	9067.13
1805.11	9069.79
1806.12	9067.04
1807.13	9058.44
1808.14	9049.23
1809.15	9038.29
1810.17	9024.7
1811.18	9019.87
1812.19	9013.29
1813.2	9017.63
1814.21	9039.2
1815.22	9042.31
1816.23	9030.31
1817.24	9010.12
1818.25	8991.66
1819.26	8974.35
1820.27	8958.06
1821.28	8942.46
1822.29	8927.1
1823.3	8912.93
1824.3	8901.38
1825.31	8892.42
1826.32	8886.67
1827.33	8882.96
1828.34	8896.66
1829.35	8917.05
1830.35	8911.76
1831.36	8919.94
1832.37	8835.99
1833.38	8828.27
1834.38	8830.19
1835.39	8829.4
1836.4	8825.96
1837.41	8826.28
1838.41	8826.59
1839.42	8826.94
1840.43	8826.94
1841.43	8826.25
1842.44	8824.92
1843.44	8822.66
1844.45	8820.03
1845.46	8816.84
1846.46	8811.66
1847.47	8801.13
1848.47	8787.84
1849.48	8770.74
1850.48	8750.07
1851.49	8725.99
1852.49	8705.85
1853.49	8698.05
1854.5	8691.21
1855.5	8684.39
1856.51	8678.04
1857.51	8671.89
1858.51	8665.98
1859.52	8660.95
1860.52	8657.04
1861.52	8656.99
1862.53	8663.7
1863.53	8668.97
1864.53	8675.29
1865.54	8684.89
1866.54	8691.62
1867.54	8681.71
1868.54	8655.9
1869.54	8613.95
1870.55	8586.46
1871.55	8590.63
1872.55	8582.76
1873.55	8577.17
1874.55	8579.69
1875.55	8582.55
1876.55	8582.92
1877.55	8581.01
1878.55	8576.44
1879.55	8569.44
1880.56	8555.66
1881.55	8540.49
1882.56	8520.66
1883.55	8507.23
1884.55	8509.89
1885.55	8511.27
1886.55	8508.81
1887.55	8507.16
1888.55	8504.72
1889.55	8501.14
1890.55	8496.43
1891.55	8491.86
1892.55	8488.2
1893.54	8486.1
1894.54	8487.59
1895.54	8492.92
1896.54	8482.35
1897.54	8469.12
1898.53	8457.73
1899.53	8447.44
1900.53	8438.17
1901.52	8432.11
1902.52	8435.04
1903.52	8437.04
1904.51	8441.14
1905.51	8424.3
1906.51	8405.6
1907.5	8395.55
1908.5	8392.68
1909.49	8391.8
1910.49	8386.05
1911.49	8381.04
1912.48	8374.64
1913.48	8366.12
1914.47	8356.25
1915.46	8344.01
1916.46	8330.25
1917.45	8315.14
1918.45	8299.66
1919.44	8289.51
1920.44	8278.89
1921.43	8271.64
1922.43	8265.4
1923.42	8260.17
1924.41	8256.29
1925.41	8250.48
1926.4	8243.28
1927.39	8230.52
1928.38	8222.01
1929.38	8216.1
1930.37	8211.66
1931.36	8209.68
1932.35	8206.8
1933.35	8206.07
1934.34	8204.95
1935.33	8190.39
1936.32	8165.38
1937.31	8142.79
1938.3	8131.82
1939.29	8115.4
1940.29	8115.84
1941.28	8120.56
1942.27	8133.79
1943.26	8142.19
1944.25	8136
1945.24	8124.36
1946.23	8114.6
1947.22	8105.08
1948.21	8095.3
1949.2	8084.87
1950.19	8075.19
1951.18	8066.99
1952.17	8059.24
1953.16	8054.88
1954.14	8051.28
1955.13	8050.17
1956.12	8049.4
1957.11	8046.75
1958.1	8041.28
1959.09	8030.39
1960.07	8020.61
1961.06	8010.61
1962.05	7999.35
1963.04	7991.65
1964.02	7989.89
1965.01	7988.54
1966	7987.6
1966.99	7983.22
1967.97	7974.37
1968.96	7956.09
1969.95	7935.43
1970.93	7913.88
1971.92	7894.16
1972.9	7881.24
1973.89	7875.84
1974.88	7875.88
1975.86	7873.7
1976.85	7877.01
1977.83	7880.1
1978.82	7886.07
1979.8	7885.73
1980.79	7883.63
1981.77	7880.88
1982.76	7877.98
1983.74	7874.29
1984.72	7869.58
1985.71	7863.85
1986.69	7857.35
1987.67	7849.71
1988.66	7842.09
1989.64	7834.7
1990.62	7826.78
1991.61	7818.47
1992.59	7809.87
1993.57	7800.61
1994.56	7791.05
1995.54	7781.16
1996.52	7770.94
1997.5	7760.48
1998.49	7749.88
1999.47	7735.91
2000.45	7724.55
2001.43	7731.9
2002.41	7735.16
2003.39	7737.9
2004.38	7736.66
2005.36	7733.94
2006.34	7728.5
2007.32	7720.75
2008.3	7710.83
2009.28	7698.78
2010.26	7685.42
2011.24	7674.34
2012.22	7664.45
2013.2	7664.89
2014.18	7656.22
2015.16	7652.38
2016.14	7639.66
2017.12	7619.79
2018.1	7604.86
2019.07	7596.37
2020.05	7587.04
2021.03	7581.07
2022.01	7576.18
2022.99	7571.97
2023.97	7568.36
2024.95	7565.59
2025.92	7560.81
2026.9	7554.88
2027.88	7548.5
2028.86	7542.75
2029.83	7537.09
2030.81	7531.55
2031.79	7525.88
2032.76	7520.31
2033.74	7514.67
2034.72	7509.31
2035.69	7501.18
2036.67	7490.21
2037.65	7475.38
2038.62	7457.08
2039.6	7428.1
2040.57	7406.43
2041.55	7399.42
2042.52	7405.83
2043.5	7428.75
2044.47	7446.41
2045.45	7439.39
2046.42	7434.33
2047.4	7426.27
2048.37	7413
2049.35	7396.89
2050.32	7389.92
2051.29	7386.81
2052.27	7381.22
2053.24	7374.03
2054.21	7362.02
2055.19	7341.97
2056.16	7333.6
2057.13	7335.19
2058.11	7345.06
2059.08	7323.77
2060.05	7298.07
2061.02	7273.18
2062	7260.09
2062.97	7252.43
2063.94	7263.1
2064.91	7268.54
2065.89	7279.81
2066.86	7285.67
2067.83	7285.28
2068.8	7278.64
2069.77	7265.67
2070.74	7245.79
2071.71	7231.04
2072.68	7216.18
2073.65	7197.7
2074.62	7188.03
2075.59	7178.72
2076.56	7173.23
2077.53	7176.8
2078.5	7174.93
2079.47	7168.41
2080.44	7154.34
2081.41	7143.86
2082.38	7131.46
2083.35	7114.64
2084.32	7114.49
2085.29	7105.44
2086.26	7099.79
2087.23	7093.01
2088.19	7082.54
2089.16	7066.59
2090.13	7048.73
2091.1	7040.37
2092.07	7064.56
2093.03	7068.07
2094	7072.11
2094.97	7070.74
2095.94	7068.83
2096.9	7068.07
2097.87	7064.96
2098.84	7059.86
2099.8	7052.57
2100.77	7042.9
2101.74	7029.46
2102.7	7007.8
2103.67	7002.04
2104.63	7003.37
2105.6	7018.46
2106.56	7023.9
2107.53	7009.82
2108.49	6996.64
2109.46	6984.21
2110.42	6972.29
2111.39	6960.63
2112.35	6949.59
2113.32	6943.24
2114.28	6932.88
2115.25	6921.78
2116.21	6908.37
2117.17	6892.81
2118.14	6874.17
2119.1	6865.68
2120.07	6861.04
2121.03	6862.83
2121.99	6863.89
2122.96	6883.13
2123.92	6902.72
2124.88	6889.88
2125.84	6867.01
2126.81	6843.38
2127.77	6828.88
2128.73	6820.1
2129.69	6813
2130.65	6808.19
2131.62	6804.61
2132.58	6805.34
2133.54	6809.47
2134.5	6808.69
2135.46	6801.19
2136.42	6780.15
2137.38	6760.54
2138.34	6749.27
2139.3	6739.39
2140.26	6730.1
2141.22	6721.58
2142.18	6711.29
2143.14	6703.3
2144.1	6698.29
2145.06	6694.5
2146.02	6691.15
2146.98	6688.79
2147.94	6687.5
2148.9	6686.54
2149.86	6685.11
2150.82	6681.77
2151.78	6676.55
2152.74	6670.02
2153.69	6660.8
2154.65	6648.19
2155.61	6632.28
2156.57	6610.14
2157.53	6582.13
2158.48	6591.41
2159.44	6587
2160.4	6580.56
2161.36	6575.55
2162.31	6569.75
2163.27	6557.12
2164.23	6543.86
2165.18	6535.7
2166.14	6527.77
2167.1	6523.21
2168.05	6517.37
2169.01	6509.25
2169.96	6499.62
2170.92	6488.02
2171.88	6474.28
2172.83	6458.14
2173.79	6439.48
2174.74	6418.73
2175.7	6400.92
2176.65	6400.21
2177.6	6407.79
2178.56	6403.4
2179.51	6397.82
2180.47	6392.39
2181.42	6382.78
2182.38	6379.39
2183.33	6375.7
2184.28	6372.29
2185.24	6367.9
2186.19	6356.48
2187.14	6344.13
2188.1	6332.45
2189.05	6321.58
2190	6310.32
2190.96	6306.72
2191.91	6308.49
2192.86	6311.4
2193.81	6317.05
2194.76	6315.07
2195.72	6311.13
2196.67	6294.67
2197.62	6279.95
2198.57	6265.83
2199.52	6252.25
2200.47	6237.02
2201.43	6230.02
2202.38	6228
2203.33	6227.39
2204.28	6226.64
2205.23	6222.94
2206.18	6215.82
2207.13	6208.06
2208.08	6199.08
2209.03	6189.21
2209.98	6177.82
2210.93	6165.89
2211.88	6157.17
2212.83	6153.91
2213.78	6166.3
2214.73	6171.5
2215.67	6169.96
2216.62	6160.44
2217.57	6156.72
2218.52	6140.87
2219.47	6124.34
2220.42	6121.36
2221.37	6120.22
2222.31	6119.96
2223.26	6121.2
2224.21	6115.3
2225.16	6111.09
2226.1	6106.6
2227.05	6102.21
2228	6097.81
2228.94	6092.93
2229.89	6091.24
2230.84	6090.51
2231.78	6089.46
2232.73	6083.81
2233.68	6044.36
2234.62	6040.52
2235.57	6062
2236.51	6065.52
2237.46	6067.05
2238.41	6067.98
2239.35	6063.44
2240.3	6062.12
2241.24	6055.91
2242.19	6048.4
2243.13	6039.27
2244.07	6032.28
2245.02	6026.3
2245.96	6020.99
2246.91	6016.61
2247.85	6013.69
2248.8	6011.74
2249.74	6009.04
2250.68	6002.55
2251.63	5998.59
2252.57	5999.08
2253.51	5999.57
2254.46	5999.85
2255.4	5999.71
2256.34	5993.72
2257.28	5990.45
2258.23	5987.38
2259.17	5983.45
2260.11	5975.32
2261.05	5968.82
2262	5965.74
2262.94	5963.65
2263.88	5962.23
2264.82	5962.55
2265.76	5963.72
2266.7	5964.84
2267.64	5962.76
2268.58	5960.06
2269.53	5952.37
2270.47	5947.14
2271.41	5939.27
2272.35	5930.33
2273.29	5924.21
2274.23	5918.71
2275.17	5920.59
2276.11	5922.8
2277.05	5922.16
2277.99	5916.9
2278.93	5911.59
2279.86	5906.05
2280.8	5900.09
2281.74	5892.87
2282.68	5887.03
2283.62	5886.51
2284.56	5891.37
2285.5	5900.8
2286.44	5909.03
2287.37	5915.58
2288.31	5919.52
2289.25	5918.77
2290.19	5910.01
2291.12	5896.14
2292.06	5883.69
2293	5875.43
2293.94	5871.51
2294.87	5874.6
2295.81	5877.7
2296.75	5880.3
2297.68	5875.65
2298.62	5868.09
2299.55	5858
2300.49	5851.34
2301.43	5849.7
2302.36	5851.81
2303.3	5856.9
2304.23	5862.7
2305.17	5867.81
2306.1	5869.24
2307.04	5863.59
2307.98	5849.34
2308.91	5830.07
2309.84	5813.32
2310.78	5801.03
2311.71	5793.28
2312.65	5789.46
2313.58	5789.11
2314.52	5790.28
2315.45	5790.14
2316.38	5788.62
2317.32	5783.9
2317.72	5781.39
2318.66	5773.78
2319.6	5764.47
2320.54	5744.23
2321.48	5732.07
2322.41	5717.91
2323.35	5717
2324.29	5717.82
2325.23	5719.58
2326.16	5722.34
2327.1	5725.31
2328.04	5725.51
2328.97	5720.52
2329.91	5713.93
2330.85	5707.16
2331.78	5699.46
2332.72	5690.37
2333.66	5680.48
2334.59	5670.27
2335.53	5661.88
2336.46	5655.83
2337.4	5652.81
2338.33	5652.04
2339.27	5655.97
2340.2	5660.62
2341.14	5663.44
2342.07	5664.29
2343.01	5663
2343.94	5659.8
2344.88	5654.37
2345.81	5646.33
2346.75	5635.45
2347.68	5621.82
2348.61	5608.28
2349.55	5604.16
2350.48	5604.81
2351.41	5606.31
2352.35	5606.81
2353.28	5606.07
2354.21	5604.8
2355.15	5602.88
2356.08	5599.79
2357.01	5596.05
2357.94	5591.22
2358.88	5585.7
2359.81	5579.67
2360.74	5573.83
2361.67	5568.02
2362.6	5562.55
2363.54	5557.54
2364.47	5552.84
2365.4	5547.95
2366.33	5540.13
2367.26	5530.36
2368.19	5520.93
2369.12	5513.6
2370.05	5513.76
2370.98	5514.55
2371.91	5522.74
2372.84	5531.06
2373.77	5534.53
2374.7	5538.05
2375.63	5531.14
2376.56	5519.58
2377.49	5506.06
2378.42	5491.8
2379.35	5479.73
2380.28	5469.64
2381.21	5478.43
2382.14	5492.55
2383.07	5519.49
2384	5498.41
2384.92	5488.62
2385.85	5492.22
2386.78	5489.45
2387.71	5486.95
2388.64	5482.43
2389.56	5476.6
2390.49	5469.35
2391.42	5461.47
2392.35	5453.45
2393.27	5444.84
2394.2	5438.18
2395.13	5433.75
2396.05	5427.85
2396.98	5422.08
2397.91	5416.16
2398.83	5410.07
2399.76	5403.99
2400.69	5397.75
2401.61	5391.51
2402.54	5385.11
2403.46	5378.66
2404.39	5372.46
2405.31	5366.78
2406.24	5365.05
2407.17	5368.13
2408.09	5369.92
2409.01	5373.46
2409.94	5369.7
2410.86	5359.13
2411.79	5349.83
2412.71	5338.02
2413.64	5322.15
2414.56	5321.14
2415.49	5418.02
2416.41	5330.92
2417.33	5347.04
2418.26	5330.58
2419.18	5310.59
2420.1	5298.64
2421.03	5292.11
2421.95	5289.37
2422.87	5289.1
2423.79	5291.62
2424.72	5296.63
2425.64	5300.07
2426.56	5300.15
2427.48	5293.45
2428.41	5281.79
2429.33	5266.54
2430.25	5255.38
2431.17	5244.51
2432.09	5235.65
2433.01	5228.4
2433.93	5223.01
2434.86	5218.02
2435.78	5216.58
2436.7	5217.84
2437.62	5221.64
2438.54	5223.71
2439.46	5222.56
2440.38	5217.82
2441.3	5200.94
2442.22	5191.28
2443.14	5179.76
2444.06	5168.01
2444.98	5156.36
2445.9	5144.76
2446.82	5133.35
2447.73	5121.87
2448.65	5112.2
2449.57	5107.29
2450.49	5116.46
2451.41	5123.33
2452.33	5122.69
2453.25	5112.98
2454.17	5105.26
2455.08	5098.89
2456	5093.49
2456.92	5085.34
2457.84	5077.78
2458.75	5070.51
2459.67	5063.68
2460.59	5056.59
2461.51	5052.99
2462.42	5054.24
2463.34	5058.22
2464.26	5059.87
2465.17	5059.89
2466.09	5054.38
2467	5048.16
2467.92	5044.26
2468.84	5050.32
2469.75	5055.59
2470.67	5054.33
2471.58	5052.91
2472.5	5047.39
2473.42	5035.82
2474.33	5024.72
2475.25	5015.81
2476.16	5008.99
2477.08	5001.75
2477.99	4995.02
2478.9	4986.7
2479.82	4970.15
2480.73	4952.93
2481.65	4972.47
2482.56	4976.48
2483.47	4978.68
2484.39	4980.62
2485.3	4978.92
2486.22	4969.05
2487.13	4963.02
2488.04	4951.6
2488.96	4938.74
2489.87	4926.7
2490.78	4923.92
2491.69	4921.79
2492.61	4923.03
2493.52	4925.47
2494.43	4928.78
2495.34	4932.25
2496.25	4936.64
2497.17	4943.84
2498.08	4947.89
2498.99	4949.14
2499.9	4941.18
2500.81	4928.9
2501.72	4922.87
2502.63	4921.38
2503.55	4918.51
2504.46	4916.02
2505.37	4913.77
2506.28	4911.53
2507.19	4904.7
2508.1	4896.13
2509.01	4884.93
2509.92	4873.98
2510.83	4864.29
2511.74	4861.97
2512.65	4861.47
2513.56	4862.44
2514.47	4863.47
2515.37	4864.42
2516.28	4863.39
2517.19	4861.51
2518.1	4858.56
2519.01	4853.82
2519.92	4847.6
2520.83	4840.19
2521.73	4832.18
2522.64	4824.25
2523.55	4819.68
2524.46	4819.85
2525.37	4819.51
2526.27	4821.09
2527.18	4824.16
2528.09	4827.12
2529	4829.9
2529.9	4817.38
2530.81	4800.42
2531.72	4793.06
2532.62	4790.66
2533.53	4789.86
2534.44	4784.51
2535.34	4779.36
2536.25	4772.6
2537.15	4763.59
2538.06	4754.03
2538.96	4743.17
2539.87	4732.81
2540.78	4723.85
2541.68	4717.41
2542.59	4717.35
2543.49	4719.8
2544.4	4721.23
2545.3	4721.45
2546.21	4720.84
2547.11	4718.51
2548.01	4715.77
2548.92	4712.88
2549.82	4709.97
2550.73	4707.01
2551.63	4704.07
2552.53	4701.16
2553.44	4698.09
2554.34	4694.46
2555.24	4689.44
2556.15	4683.36
2557.05	4676.18
2557.95	4667.89
2558.86	4658.77
2559.76	4649.17
2560.66	4640.48
2561.56	4632.64
2562.46	4626.81
2563.37	4621.44
2564.27	4616.29
2565.17	4613.78
2566.07	4617.5
2566.97	4618.69
2567.88	4614.57
2568.78	4595.61
2569.68	4588.03
2570.58	4579.99
2571.48	4573.76
2572.38	4568.26
2573.28	4566.06
2574.18	4567.06
2575.08	4567.51
2575.98	4567.54
2576.88	4561.39
2577.78	4554.87
2578.68	4546.5
2579.58	4537.54
2580.48	4533.07
2581.38	4530.2
2582.28	4534.99
2583.18	4537.04
2584.08	4537.18
2584.98	4535.03
2585.88	4528.67
2586.77	4517.86
2587.67	4502.17
2588.57	4494.05
2589.47	4492.96
2590.37	4489.94
2591.27	4488.37
2592.16	4489.66
2593.06	4492.75
2593.96	4491.57
2594.86	4488.04
2595.75	4478.58
2596.65	4476.3
2597.55	4474.27
2598.45	4471.1
2599.34	4465.73
2600.24	4451.82
2601.13	4434.33
2602.03	4428.87
2602.93	4425.43
2603.82	4428.92
2604.72	4425.04
2605.62	4415.98
2606.51	4398.81
2607.41	4392.27
2608.3	4388.85
2609.2	4387.81
2610.09	4390.06
2610.99	4393.58
2611.88	4397.51
2612.78	4395.8
2613.67	4384.73
2614.57	4368.88
2615.46	4357.84
2616.36	4346.7
2617.25	4345.13
2618.14	4344.87
2619.04	4346.97
2619.93	4346.5
2620.83	4344.32
2621.72	4341.82
2622.61	4339.06
2623.5	4336.72
2624.4	4334.79
2625.29	4333.25
2626.18	4332.56
2627.08	4332.61
2627.97	4333.2
2628.86	4334.03
2629.75	4334.41
2630.65	4334.09
2631.54	4332.78
2632.43	4332.41
2633.32	4327.33
2634.21	4316.98
2635.11	4302.98
2636	4290.42
2636.89	4280.29
2637.78	4269.48
2638.67	4259.39
2639.56	4249.32
2640.45	4239.94
2641.34	4231.56
2642.23	4224.73
2643.12	4219.24
2644.01	4227.19
2644.9	4207.68
2645.79	4197.96
2646.68	4188.51
2647.57	4179.79
2648.46	4171.94
2649.35	4167.49
2650.24	4163.79
2651.13	4161.01
2652.02	4159.03
2652.91	4157.96
2653.8	4157.28
2654.69	4156.55
2655.58	4155.04
2656.46	4150.88
2657.35	4143.22
2658.24	4137.25
2659.13	4131.71
2660.02	4126.32
2660.9	4119.61
2661.79	4130.59
2662.68	4140.61
2663.57	4143.35
2664.45	4138.78
2665.34	4122.81
2666.23	4103.92
2667.11	4102.69
2668	4099.1
2668.89	4094.8
2669.77	4090.02
2670.66	4086.24
2671.55	4076.52
2672.43	4067.18
2673.32	4058.95
2674.21	4056.14
2675.09	4061.86
2675.98	4062.03
2676.86	4060.72
2677.75	4063.15
2678.63	4062.41
2679.52	4057.92
2680.4	4049.65
2681.29	4038.42
2682.17	4029.14
2683.06	4020.79
2683.94	4014.28
2684.82	4008.2
2685.71	4013.15
2686.59	4021.73
2687.48	4024.04
2688.36	4023.71
2689.24	4021.75
2690.13	4016.05
2691.01	4007.82
2691.89	3997.76
2692.78	3986.06
2693.66	3974.04
2694.54	3967.36
2695.43	3958.87
2696.31	3950.32
2697.19	3941.92
2698.07	3933.84
2698.96	3925
2699.84	3920.16
2700.72	3917.01
2701.6	3914.8
2702.48	3914.26
2703.36	3918.73
2704.25	3929.25
2705.13	3934.39
2706.01	3935.21
2706.89	3928.23
2707.77	3920.29
2708.65	3909.83
2709.53	3898.12
2710.41	3890.16
2711.29	3887.1
2712.17	3882.64
2713.05	3880.74
2713.93	3877.61
2714.81	3873.58
2715.69	3869.54
2716.57	3865.62
2717.45	3861.71
2718.33	3857.15
2719.21	3852.57
2720.09	3847.88
2720.97	3843.35
2721.85	3839.2
2722.73	3836.32
2723.61	3833.89
2724.48	3831.83
2725.36	3830.66
2726.24	3829.31
2727.12	3827.36
2728	3824.23
2728.88	3819.57
2729.75	3814.61
2730.63	3812.32
2731.51	3810.47
2732.39	3808.81
2733.26	3806.65
2734.14	3804.88
2735.02	3799.98
2735.89	3791.6
2736.77	3788.36
2737.65	3784
2738.52	3779.13
2739.4	3777.72
2740.28	3778
2741.15	3769.88
2742.03	3757.12
2742.9	3743.14
2743.78	3731.73
2744.65	3726.44
2745.53	3727.94
2746.41	3737.15
2747.28	3743.27
2748.16	3746.4
2749.03	3749.87
2749.91	3744.16
2750.78	3737.15
2751.66	3733.54
2752.53	3727.8
2753.4	3722.81
2754.28	3717.74
2755.15	3712.37
2756.02	3698.65
2756.9	3689.17
2757.77	3689.01
2758.65	3693.63
2759.52	3700.06
2760.39	3700.17
2761.27	3700.85
2762.14	3700.23
2763.01	3698.25
2763.88	3694.48
2764.76	3689.79
2765.63	3682.46
2766.5	3673.44
2767.37	3664.06
2768.25	3654.53
2769.12	3646.87
2769.99	3643.43
2770.86	3640.92
2771.73	3639.61
2772.61	3639.72
2773.48	3641.73
2774.35	3645.13
2775.22	3648.75
2776.09	3651.68
2776.96	3651.62
2777.83	3648.74
2778.7	3642.75
2779.57	3634.65
2780.44	3624.91
2781.31	3614.15
2782.18	3604.24
2783.05	3597
2783.92	3590.75
2784.79	3585.32
2785.66	3580.35
2786.53	3576.11
2787.4	3573.45
2788.27	3572.36
2789.14	3572.68
2790.01	3572.17
2790.88	3569.74
2791.75	3566.89
2792.62	3563.78
2793.48	3559.57
2794.35	3554.57
2795.22	3549.98
2796.09	3546.02
2796.96	3548.84
2797.82	3547.32
2798.69	3544.32
2799.56	3542.76
2800.43	3541.53
2801.29	3540.34
2802.16	3538.83
2803.03	3536.61
2803.9	3533.36
2804.76	3528.65
2805.63	3523.57
2806.5	3517.6
2807.36	3510.58
2808.23	3503.25
2809.09	3496.43
2809.96	3493.78
2810.83	3490.05
2811.69	3483.54
2812.56	3477.85
2813.42	3472.42
2814.29	3468.02
2815.15	3464.1
2816.02	3461.06
2816.88	3458.56
2817.75	3457.28
2818.61	3456.51
2819.48	3456.21
2820.34	3455.76
2821.21	3450.85
2822.07	3442.25
2822.94	3436.8
2823.8	3436.04
2824.66	3436.63
2825.53	3434.86
2826.39	3433.07
2827.26	3430.83
2828.12	3427.95
2828.98	3424.54
2829.85	3420.19
2830.71	3415.33
2831.57	3409.91
2832.43	3404.93
2833.3	3410.06
2834.16	3414.62
2835.02	3432.39
2835.88	3442.29
2836.75	3447.63
2837.61	3452.89
2838.47	3387.11
2839.33	3381.25
2840.19	3378.85
2841.06	3375.89
2841.92	3372.75
2842.78	3372.38
2843.64	3373.58
2844.5	3376.95
2845.36	3377.46
2846.22	3374.88
2847.08	3371.21
2847.94	3367.01
2848.81	3363.03
2849.67	3359.09
2850.53	3355.21
2851.39	3351.6
2852.25	3348.29
2853.11	3345.86
2853.97	3352.67
2854.82	3346.67
2855.68	3341.45
2856.54	3335.28
2857.4	3327.54
2858.26	3319.81
2859.12	3332.61
2859.98	3332.84
2860.84	3332.55
2861.7	3331.69
2862.56	3330.18
2863.41	3319.96
2864.27	3314.45
2865.13	3309.21
2865.99	3301.48
2866.85	3294.75
2867.7	3295.47
2868.56	3302.4
2869.42	3306.31
2870.28	3310.06
2871.13	3307.78
2871.99	3298.91
2872.85	3291.3
2873.7	3283.39
2874.56	3275.91
2875.42	3269.01
2876.27	3262.71
2877.13	3256.98
2877.99	3251.95
2878.84	3248.07
2879.7	3245.8
2880.56	3244.81
2881.41	3246.33
2882.27	3249.36
2883.12	3252.95
2883.98	3254.42
2884.83	3253.6
2885.69	3250.75
2886.54	3245.77
2887.4	3239.71
2888.25	3231.71
2889.11	3221.57
2889.96	3209.49
2890.82	3177.16
2891.67	3165.65
2892.52	3164.35
2893.38	3169.76
2894.23	3184.13
2895.09	3188.42
2895.94	3189.15
2896.79	3186.77
2897.65	3181.47
2898.5	3174.35
2899.35	3169.43
2900.21	3166.98
2901.06	3166.61
2901.91	3177.58
2902.76	3183.27
2903.62	3178.58
2904.47	3168.94
2905.32	3156.67
2906.17	3145.96
2907.03	3135.56
2907.88	3128.63
2908.73	3122.85
2909.58	3118.74
2910.43	3116.09
2911.28	3115.35
2912.14	3116.05
2912.99	3118.51
2913.84	3121.69
2914.69	3117.28
2915.54	3114.62
2916.39	3106.64
2917.24	3096.9
2918.09	3092.11
2918.94	3090.36
2919.79	3089.21
2920.64	3089.68
2921.49	3096
2922.34	3095.71
2923.19	3093.22
2924.04	3087.45
2924.89	3081.41
2925.74	3075.11
2926.59	3068.95
2927.44	3061.67
2928.29	3054.83
2929.14	3050.71
2929.98	3050.68
2930.83	3053.26
2931.68	3051.5
2932.53	3048.4
2933.38	3043.13
2934.23	3039.21
2935.07	3034.49
2935.92	3030.26
2936.77	3025.86
2937.62	3021.98
2938.47	3018.74
2939.31	3015.95
2940.16	3013.3
2941.01	3010.43
2941.85	3007.04
2942.7	3002.89
2943.55	2997.97
2944.39	2992
2945.24	2985.94
2946.09	2978.52
2946.93	2973.92
2947.78	2971.46
2948.63	2971.02
2949.47	2975.93
2950.32	2966.52
2951.16	2956.69
2952.01	2950.73
2952.85	2947.28
2953.7	2944.46
2954.55	2941.98
2955.39	2940.91
2956.24	2940.65
2957.08	2942.42
2957.92	2945.11
2958.77	2947.92
2959.61	2949.11
2960.46	2950.8
2961.3	2950.58
2962.15	2946.84
2962.99	2940.67
2963.83	2930.11
2964.68	2919.14
2965.52	2912.33
2966.37	2906.96
2967.21	2902.84
2968.05	2900.09
2968.9	2899.12
2969.74	2903.43
2970.58	2902.42
2971.42	2900.14
2972.27	2896.8
2973.11	2892.09
2973.95	2885.26
2974.79	2879.83
2975.64	2876.07
2976.48	2873.88
2977.32	2876.01
2978.16	2877.19
2979	2876.08
2979.85	2873.08
2980.69	2867.71
2981.53	2861.58
2982.37	2858.6
2983.21	2855.83
2984.05	2859.02
2984.89	2862.06
2985.73	2861.55
2986.57	2861.67
2987.41	2856.8
2988.25	2852.54
2989.1	2848.88
2989.94	2845.56
2990.77	2841.89
2991.62	2839.16
2992.45	2836.45
2993.29	2834.19
2994.13	2832.04
2994.97	2829.95
2995.81	2827.16
2996.65	2824.97
2997.49	2825.72
2998.33	2826.85
2999.17	2818.5
