200.833	11222.7
202.102	11315.2
203.371	11361
204.639	11368.5
205.907	11386.2
207.175	11402.9
208.442	11390.6
209.71	11373.3
210.977	11385.8
212.244	11404.8
213.511	11415
214.777	11428.3
216.042	11433.5
217.309	11436.6
218.575	11437.9
219.84	11442.9
221.106	11451.9
222.371	11468.1
223.635	11489.5
224.9	11519.2
226.165	11539.5
227.429	11566.1
228.694	11582
229.956	11606.4
231.22	11641.4
232.484	11683
233.747	11725.5
235.011	11775.2
236.272	11806
237.535	11825
238.798	11828.4
240.06	11820.2
241.321	11826.7
242.583	11840.6
243.845	11897.3
245.105	11920.2
246.367	11915.2
247.628	11901.1
248.888	11890.8
250.149	11900.5
251.409	11916.5
252.67	11935.8
253.928	11952.8
255.189	11966.4
256.447	11980.3
257.707	11989.4
258.966	11995.3
260.224	11998.8
261.483	12002.3
262.742	12006.2
263.999	12010.8
265.257	12022.8
266.514	12035.2
267.772	12049.3
269.028	12065.4
270.286	12083.5
271.543	12103.8
272.799	12126.5
274.056	12147.9
275.311	12166.1
276.568	12176.4
277.823	12186.8
279.079	12197.6
280.333	12204.9
281.589	12211
282.843	12218.2
284.099	12229.6
285.352	12250.1
286.607	12279.8
287.86	12317.8
289.114	12308.8
290.368	12316.5
291.621	12335.2
292.875	12351.7
294.127	12368.2
295.38	12383.2
296.632	12393.9
297.884	12402.8
299.137	12409.9
300.388	12416.2
301.641	12421
302.891	12426.8
304.142	12434.7
305.394	12441.1
306.644	12446.6
307.894	12453.6
309.146	12456.8
310.395	12458.6
311.645	12458.4
312.895	12456.7
314.144	12462.1
315.393	12473
316.642	12488.2
317.892	12506.4
319.14	12519.3
320.388	12524.5
321.637	12519.6
322.885	12517.3
324.132	12523.6
325.38	12533.5
326.628	12544.8
327.875	12558.5
329.122	12575.1
330.368	12594.4
331.614	12616.5
332.862	12639.6
334.108	12661.3
335.353	12682.7
336.599	12694.7
337.844	12703
339.089	12710.2
340.335	12717.1
341.58	12723.6
342.824	12730.2
344.068	12737.1
345.312	12744.8
346.556	12752.3
347.8	12760.4
349.043	12769.1
350.286	12779.3
351.53	12795.6
352.774	12811.5
354.016	12819.3
355.259	12822.2
356.501	12818.9
357.743	12812.5
358.985	12801.4
360.227	12796.7
361.468	12798.5
362.709	12806.5
363.95	12822
365.191	12841.7
366.432	12856.1
367.672	12873.4
368.912	12880.5
370.152	12882.4
371.392	12873.8
372.632	12864.4
373.871	12853
375.11	12851.6
376.348	12862.8
377.587	12873.7
378.825	12890.5
380.064	12914
381.302	12931.9
382.54	12945.5
383.778	12954.1
385.016	12957.5
386.253	12956.2
387.489	12958.3
388.726	12959.5
389.963	12973.7
391.199	12989.4
392.436	13001.1
393.672	13009.7
394.907	13018.2
396.142	13021.6
397.378	13023.9
398.614	13023.7
399.849	13022
401.082	13019.4
402.317	13018.2
403.552	13031.5
404.786	13038.6
406.019	13062.9
407.253	13097.6
408.487	13126
409.721	13147.2
410.953	13163
412.186	13173.2
413.419	13178.8
414.651	13180
415.883	13178.1
417.116	13173.4
418.347	13166.7
419.579	13160.4
420.811	13155.2
422.041	13152.1
423.272	13151.4
424.504	13153.9
425.733	13164.5
426.964	13180.3
428.194	13197.9
429.424	13207.9
430.654	13223.4
431.883	13226.4
433.113	13216
434.341	13215.4
435.571	13212.7
436.799	13245.3
438.028	13257.6
439.257	13225.7
440.484	13208
441.713	13194.8
442.94	13204.1
444.168	13217.9
445.394	13236
446.622	13258.8
447.848	13274.2
449.076	13278.1
450.301	13277.7
451.528	13284.9
452.754	13292.5
453.979	13300.6
455.205	13309.2
456.43	13318.7
457.656	13328.6
458.88	13340.6
460.106	13351.8
461.33	13358.8
462.554	13360.8
463.779	13356.1
465.002	13347
466.225	13334.5
467.45	13321.8
468.672	13316.3
469.895	13316.3
471.119	13321.6
472.341	13331.5
473.563	13339.2
474.786	13346.3
476.008	13351.8
477.229	13355.3
478.452	13356.9
479.673	13340.6
480.894	13323.6
482.115	13294.6
483.337	13262.6
484.557	13292.2
485.777	13348.2
486.997	13305.2
488.218	13252.4
489.438	13252.5
490.657	13268.8
491.876	13320.4
493.096	13356.9
494.315	13337
495.533	13329.2
496.752	13317.7
497.97	13304.2
499.188	13288.8
500.407	13271.8
501.625	13271.7
502.842	13271.1
504.059	13279.9
505.276	13298.3
506.493	13314.8
507.71	13327.4
508.926	13337.5
510.142	13345.5
511.358	13351.8
512.575	13351.7
513.791	13348.9
515.006	13345.2
516.222	13342.6
517.437	13347.5
518.651	13358.5
519.866	13372
521.081	13390.7
522.295	13414.3
523.509	13443.5
524.723	13480.6
525.937	13525.3
527.15	13489.4
528.363	13429.6
529.576	13444
530.789	13465.3
532.002	13492.7
533.215	13513.6
534.426	13525.2
535.638	13514.7
536.85	13510.8
538.061	13505
539.273	13498.5
540.484	13492.3
541.695	13488.3
542.906	13484.4
544.117	13482
545.327	13479.4
546.537	13478.1
547.747	13478.5
548.957	13483.8
550.167	13497.3
551.377	13507.4
552.585	13517.7
553.794	13525.6
555.003	13507
556.212	13504.8
557.421	13501.3
558.628	13497.7
559.836	13494.1
561.044	13491.2
562.252	13488.4
563.458	13487
564.666	13491.8
565.873	13504.2
567.08	13514.8
568.286	13520.8
569.493	13525.3
570.699	13526.7
571.904	13525.8
573.111	13522.1
574.317	13516.4
575.521	13508.3
576.727	13499.5
577.932	13510
579.136	13525.9
580.341	13542.2
581.544	13566.6
582.749	13581.4
583.954	13587
585.156	13584.4
586.361	13573.7
587.563	13564.2
588.767	13557.3
589.97	13552.1
591.172	13542.5
592.375	13556.8
593.577	13563.2
594.78	13592.2
595.981	13543.5
597.183	13501.2
598.384	13510.5
599.586	13527.7
600.786	13545.2
601.988	13560.5
603.188	13572.5
604.389	13577.4
605.589	13573.6
606.79	13568.8
607.989	13561.7
609.188	13550.6
610.389	13537.8
611.587	13522.3
612.787	13506.5
613.986	13490.7
615.184	13480.3
616.383	13486
617.581	13484
618.78	13479.3
619.977	13471.5
621.174	13461.5
622.373	13449.1
623.57	13435.4
624.766	13420.2
625.964	13404.7
627.16	13391.4
628.356	13379.6
629.554	13378.8
630.749	13379.4
631.945	13374.3
633.14	13369.7
634.337	13365.4
635.532	13361.6
636.726	13358.6
637.921	13354.2
639.117	13350.1
640.311	13346
641.505	13342.3
642.699	13340
643.892	13342.5
645.087	13350.8
646.28	13357.4
647.473	13363.6
648.666	13368.9
649.859	13372.1
651.051	13375.4
652.245	13378.1
653.437	13380.2
654.629	13382
655.821	13383.4
657.012	13384.5
658.204	13384.9
659.395	13385
660.586	13385.1
661.777	13385.9
662.967	13389.5
664.158	13396.9
665.349	13403.4
666.539	13413.2
667.729	13408.6
668.919	13416.7
670.109	13418.9
671.298	13431.8
672.487	13458.7
673.676	13429.2
674.865	13383.9
676.053	13363.1
677.242	13364.6
678.43	13392.3
679.616	13413.1
680.804	13429.4
681.992	13439.6
683.179	13441.5
684.366	13437.5
685.554	13422.8
686.74	13405.3
687.927	13384
689.114	13363.7
690.3	13363.3
691.486	13370.4
692.671	13380.1
693.856	13384
695.042	13382.5
696.227	13375.5
697.413	13364.2
698.598	13357.2
699.781	13350.6
700.966	13344.1
702.15	13337
703.334	13329.1
704.518	13320.5
705.701	13310.3
706.885	13299.3
708.068	13287.3
709.252	13275.3
710.433	13261.6
711.616	13253.9
712.799	13254.8
713.98	13261.8
715.163	13264.1
716.345	13267.6
717.527	13274.8
718.707	13281.7
719.889	13291.5
721.071	13301.8
722.25	13310.7
723.432	13313
724.611	13311.8
725.792	13316.1
726.972	13323.4
728.151	13334.4
729.332	13336.8
730.512	13328.3
731.69	13313.1
732.87	13298.9
734.048	13286
735.227	13276
736.405	13285.9
737.584	13318
738.761	13333.7
739.94	13345.3
741.117	13356.5
742.295	13351.2
743.471	13346.4
744.649	13347.2
745.825	13352.8
747.003	13353.7
748.179	13371.2
749.356	13379.7
750.531	13386.7
751.708	13377.2
752.883	13365.7
754.059	13356
755.234	13348
756.409	13335.8
757.585	13324.9
758.759	13314
759.934	13304.6
761.108	13296.8
762.282	13291.4
763.456	13292
764.63	13293.2
765.803	13295.6
766.977	13295.4
768.15	13289.5
769.323	13280.1
770.496	13267.9
771.668	13252.3
772.841	13244
774.014	13239.5
775.185	13240.5
776.357	13246
777.528	13257.3
778.701	13266.3
779.872	13264
781.042	13243.5
782.213	13226.1
783.383	13208.6
784.555	13190.5
785.725	13171
786.895	13148.8
788.064	13128.5
789.234	13123.6
790.404	13125.3
791.573	13128.2
792.742	13129.2
793.911	13121.8
795.08	13116.6
796.248	13100.4
797.416	13078.8
798.584	13056.6
799.753	13035.3
800.921	13019.5
802.088	13025.5
803.256	13031.7
804.423	13044.3
805.59	13063
806.756	13082.2
807.923	13096.6
809.089	13106.8
810.256	13111.7
811.422	13115.5
812.587	13117
813.753	13116.4
814.918	13113.6
816.084	13108.7
817.249	13101.5
818.414	13091.3
819.578	13081.5
820.743	13078.4
821.907	13081.7
823.072	13084.4
824.236	13093.8
825.399	13104.7
826.562	13113.1
827.725	13119.6
828.889	13123.6
830.052	13126.3
831.215	13126.1
832.377	13124
833.54	13120
834.701	13114.8
835.863	13112.5
837.025	13111.8
838.187	13112.9
839.349	13112.7
840.51	13113.3
841.67	13112.5
842.831	13110.7
843.992	13106.3
845.153	13105.5
846.312	13106.7
847.473	13114.1
848.633	13126.2
849.793	13126.9
850.951	13121.5
852.111	13107.6
853.27	13085.7
854.428	13055.5
855.588	13025.4
856.747	13011.1
857.904	13004.2
859.063	13002.9
860.221	13002
861.378	12999.4
862.536	12994.9
863.694	12988.7
864.85	12978.8
866.008	12965.1
867.164	12948.7
868.321	12931.3
869.478	12919.7
870.633	12911.8
871.79	12903.9
872.945	12896.6
874.101	12890
875.256	12883.8
876.412	12877.8
877.566	12871.5
878.722	12864.2
879.876	12859.2
881.031	12855.5
882.185	12854.6
883.34	12845.2
884.493	12828.9
885.647	12815.7
886.8	12802.5
887.954	12789.2
889.107	12776
890.261	12762.7
891.413	12770.7
892.565	12778.3
893.718	12782.9
894.87	12781.8
896.023	12772.5
897.174	12761.6
898.326	12751.2
899.478	12743
900.629	12737
901.779	12730.8
902.931	12726.4
904.081	12723
905.231	12721.3
906.383	12721.5
907.532	12725.1
908.682	12740.8
909.831	12752.3
910.982	12757.5
912.131	12756.2
913.28	12744.1
914.429	12737.6
915.578	12741.5
916.727	12756.4
917.875	12773.3
919.023	12781
920.171	12785.5
921.32	12790.2
922.467	12786
923.614	12774.1
924.761	12763.1
925.908	12753.9
927.055	12763.7
928.203	12774.9
929.349	12778.3
930.496	12776.2
931.642	12768.8
932.787	12757.7
933.933	12746.5
935.079	12737.6
936.224	12731
937.369	12725.7
938.514	12723.6
939.659	12725
940.804	12733
941.948	12737.4
943.092	12738.1
944.236	12730.7
945.38	12701
946.524	12684.7
947.667	12677.8
948.811	12678.5
949.954	12671.1
951.097	12663.1
952.24	12654.5
953.383	12647.4
954.525	12641.2
955.667	12635.2
956.81	12629.6
957.952	12623.6
959.093	12618
960.235	12600.7
961.376	12591.5
962.516	12587
963.658	12584.5
964.798	12582.7
965.939	12581.7
967.08	12580.2
968.22	12578.2
969.359	12575.7
970.499	12571.7
971.639	12566.7
972.779	12560.5
973.918	12553
975.056	12542.8
976.195	12531.1
977.334	12519.7
978.473	12509
979.61	12502.9
980.749	12498
981.887	12494.8
983.024	12495.4
984.162	12495.1
985.3	12495
986.437	12487.1
987.573	12475.4
988.711	12462.8
989.848	12463.1
990.983	12465.1
992.12	12473.3
993.255	12484.6
994.392	12501.8
995.528	12526.3
996.662	12549.3
997.798	12568.1
998.933	12571.8
1000.07	12570.9
1001.2	12562.8
1002.34	12547.3
1003.47	12523.6
1004.61	12493.8
1005.74	12488.6
1006.87	12484.2
1008.01	12482.2
1009.14	12483.5
1010.27	12490
1011.41	12504.1
1012.54	12501.8
1013.67	12495.4
1014.81	12490.1
1015.94	12485.4
1017.07	12483.2
1018.2	12482
1019.33	12483.9
1020.47	12487.4
1021.6	12493.6
1022.73	12496.9
1023.86	12474.8
1024.99	12449.2
1026.12	12430.3
1027.25	12410.7
1028.38	12398.1
1029.51	12388.6
1030.64	12381.7
1031.77	12376.6
1032.9	12372.8
1034.03	12369.1
1035.16	12359.1
1036.29	12334.3
1037.42	12317.9
1038.55	12304.2
1039.67	12297
1040.8	12304
1041.93	12317.5
1043.06	12325.7
1044.19	12328
1045.31	12324.1
1046.44	12306.3
1047.57	12283.5
1048.69	12261.4
1049.82	12243.8
1050.95	12226.9
1052.08	12213.1
1053.2	12201.7
1054.33	12192
1055.45	12184.6
1056.58	12178.8
1057.7	12174.7
1058.83	12170
1059.95	12155.2
1061.08	12159.5
1062.2	12170.2
1063.33	12175.9
1064.45	12174.9
1065.58	12171.1
1066.7	12164.9
1067.83	12156.4
1068.95	12157.1
1070.07	12158.3
1071.2	12158.9
1072.32	12159
1073.44	12158.6
1074.56	12157.9
1075.69	12157.2
1076.81	12150.6
1077.93	12137.1
1079.05	12131.3
1080.17	12129.1
1081.3	12137.6
1082.42	12147.5
1083.54	12156.1
1084.66	12159.5
1085.78	12157.6
1086.9	12150.8
1088.02	12140.3
1089.14	12130.6
1090.26	12136.7
1091.38	12144.1
1092.5	12152.4
1093.62	12164.5
1094.74	12173
1095.86	12166.4
1096.98	12151
1098.1	12123.9
1099.22	12087.9
1100.34	12068.8
1101.45	12097
1102.57	12244.9
1103.69	12073.7
1104.81	12066.4
1105.93	12083.6
1107.04	12117.5
1108.16	12126.8
1109.28	12125.1
1110.4	12113.9
1111.51	12110.4
1112.63	12102.7
1113.75	12091.5
1114.86	12078.2
1115.98	12062.6
1117.09	12044.9
1118.21	12025.3
1119.32	12004.7
1120.44	11982.5
1121.55	11959.1
1122.67	11943.5
1123.78	11941.9
1124.9	11938.4
1126.01	11937
1127.13	11933.6
1128.24	11926.8
1129.35	11915.6
1130.47	11900
1131.58	11875.8
1132.7	11848.2
1133.81	11825.6
1134.92	11810.9
1136.03	11804.4
1137.15	11808.6
1138.26	11820.4
1139.37	11825.2
1140.48	11838.9
1141.59	11844.7
1142.71	11828.5
1143.82	11800.4
1144.93	11770.9
1146.04	11743.6
1147.15	11715.6
1148.26	11699
1149.37	11693.2
1150.48	11688
1151.59	11690.2
1152.7	11684.5
1153.81	11677.2
1154.92	11669.8
1156.03	11662.4
1157.14	11654.8
1158.25	11646.6
1159.36	11640.1
1160.47	11636.4
1161.58	11637.8
1162.68	11642.9
1163.79	11650.9
1164.9	11656.6
1166.01	11665.2
1167.12	11655.6
1168.22	11651.8
1169.33	11654.1
1170.44	11660.9
1171.55	11672.7
1172.65	11676.7
1173.76	11666.1
1174.87	11646
1175.97	11617.7
1177.08	11582.4
1178.18	11573.5
1179.29	11584
1180.4	11604.2
1181.5	11626.1
1182.61	11652.1
1183.71	11671
1184.82	11677.5
1185.92	11675.6
1187.02	11650.3
1188.13	11640
1189.23	11637.3
1190.34	11641.1
1191.44	11650.3
1192.54	11677.7
1193.65	11683.7
1194.75	11683.2
1195.85	11668.2
1196.96	11649.4
1198.06	11634.9
1199.16	11622
1200.26	11616.4
1201.37	11621.2
1202.47	11634.5
1203.57	11653.2
1204.67	11666.6
1205.77	11674.4
1206.87	11672.2
1207.97	11664.5
1209.08	11661.8
1210.18	11657.9
1211.28	11652.8
1212.38	11644.6
1213.48	11633.6
1214.58	11620.3
1215.68	11601.7
1216.78	11583.5
1217.88	11571.9
1218.98	11564
1220.07	11561.1
1221.17	11561.7
1222.27	11565
1223.37	11569.5
1224.47	11558.6
1225.57	11532
1226.66	11510.3
1227.76	11489.3
1228.86	11472.2
1229.96	11460.6
1231.06	11456.7
1232.15	11458.3
1233.25	11463
1234.35	11466.1
1235.44	11467.3
1236.54	11453.9
1237.63	11443.1
1238.73	11433.6
1239.83	11426.5
1240.92	11423.6
1242.02	11434.1
1243.11	11439.5
1244.21	11437.2
1245.3	11428.9
1246.4	11414.6
1247.49	11395.2
1248.59	11392.8
1249.68	11387.2
1250.78	11380.9
1251.87	11371.8
1252.96	11357.1
1254.06	11340.9
1255.15	11325.8
1256.24	11313.2
1257.34	11303.6
1258.43	11297.5
1259.52	11294.7
1260.62	11334
1261.71	11397.3
1262.8	11378.5
1263.89	11341.6
1264.98	11301.3
1266.08	11299
1267.17	11317.6
1268.26	11333.8
1269.35	11346.1
1270.44	11348.5
1271.53	11332
1272.62	11315.2
1273.71	11316.8
1274.8	11313.9
1275.89	11314.7
1276.98	11319.5
1278.07	11327.7
1279.16	11341.2
1280.25	11355.7
1281.34	11349.3
1282.43	11331.9
1283.52	11299.5
1284.61	11296.5
1285.69	11299.3
1286.78	11312
1287.87	11323.7
1288.96	11338.8
1290.05	11347.4
1291.13	11344.6
1292.22	11331.2
1293.31	11316.8
1294.4	11309.4
1295.48	11307.3
1296.57	11310.7
1297.66	11325.2
1298.74	11335
1299.83	11340.2
1300.92	11339.6
1302	11333.9
1303.09	11326.1
1304.17	11319.3
1305.26	11309.9
1306.34	11299.8
1307.43	11301.6
1308.51	11307.8
1309.6	11309.4
1310.68	11309.8
1311.76	11309.1
1312.85	11306.5
1313.93	11302
1315.02	11295.3
1316.1	11283.9
1317.18	11269.8
1318.27	11253.2
1319.35	11240.1
1320.43	11232
1321.52	11235.6
1322.6	11237.9
1323.68	11233.1
1324.76	11230.7
1325.85	11229.8
1326.93	11218.8
1328.01	11203.2
1329.09	11182.1
1330.17	11168
1331.25	11160.9
1332.33	11163.2
1333.41	11183.8
1334.49	11187.4
1335.58	11172.4
1336.65	11161.4
1337.74	11152.7
1338.82	11145.5
1339.89	11137.6
1340.97	11138.2
1342.05	11146.8
1343.13	11143.3
1344.21	11131.3
1345.29	11116.4
1346.37	11100.5
1347.45	11094
1348.53	11091.2
1349.6	11091.2
1350.68	11090.4
1351.76	11079
1352.84	11062.6
1353.92	11062.7
1354.99	11064.6
1356.07	11067.6
1357.15	11074.4
1358.22	11079.2
1359.3	11075.9
1360.38	11072.6
1361.45	11071.6
1362.53	11072.8
1363.61	11076.7
1364.68	11080.6
1365.76	11084.1
1366.83	11085.8
1367.91	11084.2
1368.98	11077.8
1370.06	11065.1
1371.13	11051.3
1372.21	11043
1373.28	11039
1374.35	11038
1375.43	11034.6
1376.5	11038.9
1377.58	11042.1
1378.65	11043.2
1379.72	11040.4
1380.8	11034.1
1381.87	11025.6
1382.94	11018
1384.01	11013.5
1385.09	11006.7
1386.16	11000.1
1387.23	10992.9
1388.3	10985.7
1389.38	10978.7
1390.45	10975.6
1391.52	11007.8
1392.59	11025.9
1393.66	11012.4
1393.92	11006.6
1395	10962.4
1396.07	10943.8
1397.15	10935.1
1398.22	10928.8
1399.3	10924.3
1400.38	10929.7
1401.45	10934.7
1402.53	10936.6
1403.6	10938.8
1404.68	10935.3
1405.75	10920
1406.82	10891.8
1407.9	10916.4
1408.97	10912.2
1410.05	10899.3
1411.12	10894.8
1412.19	10894.4
1413.27	10896.2
1414.34	10898.1
1415.41	10895.8
1416.49	10893.9
1417.56	10887.3
1418.63	10876.8
1419.7	10862.2
1420.78	10847.2
1421.85	10836
1422.92	10827.8
1423.99	10820.6
1425.06	10815.2
1426.14	10812.2
1427.21	10810.8
1428.28	10811.8
1429.35	10814.6
1430.42	10818.5
1431.49	10822.8
1432.56	10819.5
1433.63	10816.8
1434.7	10814.7
1435.77	10820
1436.84	10829
1437.91	10825.5
1438.98	10789.7
1440.05	10765.6
1441.12	10752.9
1442.18	10728.8
1443.25	10715.1
1444.32	10713.2
1445.39	10722.1
1446.46	10740.7
1447.53	10759.1
1448.59	10770.1
1449.66	10780.3
1450.73	10794.6
1451.8	10790.5
1452.86	10784.8
1453.93	10773.5
1455	10765.4
1456.06	10759.6
1457.13	10752
1458.2	10753.2
1459.26	10761.2
1460.33	10763.6
1461.39	10762.7
1462.46	10754
1463.52	10744.2
1464.59	10730.9
1465.65	10714.5
1466.72	10694.1
1467.78	10672.7
1468.85	10662.8
1469.91	10668.8
1470.98	10669.3
1472.04	10680.9
1473.1	10699.3
1474.17	10712
1475.23	10714.6
1476.3	10695.1
1477.36	10676
1478.42	10670.2
1479.48	10658.2
1480.55	10653.3
1481.61	10652.8
1482.67	10667.9
1483.73	10682.5
1484.8	10693.1
1485.86	10684.4
1486.92	10667.6
1487.98	10658.5
1489.04	10642.9
1490.1	10623.1
1491.17	10611.1
1492.23	10606
1493.29	10604.8
1494.35	10605.9
1495.41	10607.9
1496.47	10607.8
1497.53	10609.1
1498.59	10610
1499.65	10611
1500.71	10611.6
1501.77	10611.1
1502.83	10608.6
1503.88	10602.7
1504.94	10595.2
1506	10584.6
1507.06	10572
1508.12	10557.2
1509.18	10540.7
1510.23	10524.2
1511.29	10507.5
1512.35	10490.4
1513.41	10474.3
1514.47	10460.2
1515.52	10451.4
1516.58	10465
1517.64	10471.9
1518.69	10479.6
1519.75	10488
1520.81	10489.3
1521.86	10484.1
1522.92	10475.9
1523.97	10466.3
1525.03	10456.9
1526.08	10445
1527.14	10433.5
1528.2	10427.1
1529.25	10426.8
1530.31	10434.2
1531.36	10436
1532.42	10406.1
1533.47	10395.2
1534.52	10386.3
1535.58	10377.1
1536.63	10370.4
1537.69	10366.5
1538.74	10366.7
1539.79	10372.4
1540.84	10379.8
1541.9	10387.9
1542.95	10394.5
1544	10394.7
1545.06	10389.1
1546.11	10381.1
1547.16	10373.1
1548.21	10366.2
1549.27	10364.5
1550.32	10370.1
1551.37	10375.9
1552.42	10383.2
1553.47	10390.3
1554.52	10392.2
1555.57	10379
1556.62	10365.4
1557.67	10351.4
1558.72	10338.3
1559.77	10326.6
1560.82	10323
1561.87	10319.6
1562.92	10318.4
1563.97	10317.4
1565.02	10314.8
1566.07	10308
1567.12	10303.1
1568.17	10304.6
1569.22	10300.8
1570.27	10300.2
1571.32	10297.4
1572.36	10297.1
1573.41	10299.9
1574.46	10315.7
1575.51	10334.9
1576.56	10328.1
1577.6	10319.1
1578.65	10307.9
1579.7	10294.9
1580.74	10281.8
1581.79	10264.7
1582.84	10257.5
1583.88	10258.7
1584.93	10261.5
1585.98	10264.4
1587.02	10264.9
1588.07	10265.7
1589.11	10265.4
1590.16	10264.1
1591.2	10261
1592.25	10254.7
1593.29	10244.9
1594.34	10230.4
1595.38	10216.9
1596.43	10203.8
1597.47	10191.1
1598.52	10179.5
1599.56	10168.1
1600.6	10158.7
1601.65	10148.7
1602.69	10138.1
1603.73	10127.3
1604.78	10115.2
1605.82	10103.7
1606.86	10091.8
1607.91	10080.4
1608.95	10074.2
1609.99	10071.5
1611.03	10085.5
1612.08	10091.3
1613.12	10104.6
1614.16	10102.8
1615.2	10093
1616.24	10076.1
1617.28	10055.2
1618.32	10035.8
1619.36	10019.8
1620.41	10001.1
1621.45	9984.33
1622.49	9968.32
1623.53	9954.45
1624.57	9945.83
1625.61	9941.63
1626.65	9945.11
1627.69	9950.99
1628.73	9960.53
1629.76	9973.2
1630.8	9974.84
1631.84	9957.1
1632.88	9941.37
1633.92	9926.77
1634.96	9914.81
1636	9908.24
1637.03	9910.64
1638.07	9920.41
1639.11	9925.81
1640.15	9920
1641.19	9907.89
1642.22	9862.53
1643.26	9882.09
1644.3	9881.76
1645.33	9877.67
1646.37	9873.91
1647.41	9870.05
1648.44	9865.6
1649.48	9852.05
1650.52	9836.66
1651.55	9819.54
1652.59	9801.24
1653.62	9792.63
1654.66	9784.03
1655.69	9781.3
1656.73	9782.73
1657.76	9785.85
1658.8	9787.31
1659.83	9778.73
1660.87	9771.46
1661.9	9764.83
1662.93	9762.56
1663.97	9760
1665	9757.45
1666.04	9755.15
1667.07	9753.48
1668.1	9752.43
1669.14	9741.76
1670.17	9733.19
1671.2	9725.68
1672.23	9719.05
1673.27	9712.79
1674.3	9714.97
1675.33	9715.33
1676.36	9725.42
1677.39	9738.84
1678.43	9735.44
1679.46	9728.31
1680.49	9718.37
1681.52	9707.95
1682.55	9709.89
1683.58	9723.57
1684.61	9741.65
1685.64	9705.13
1686.67	9697.06
1687.7	9691.59
1688.73	9685.24
1689.76	9677.62
1690.79	9669.57
1691.82	9662.13
1692.85	9653.07
1693.88	9643.92
1694.91	9633.72
1695.94	9623.29
1696.97	9613.34
1698	9604.92
1699.02	9602.73
1700.05	9600.14
1701.08	9599.67
1702.11	9602.48
1703.14	9606.24
1704.16	9608.38
1705.19	9607.45
1706.22	9601.85
1707.25	9593.58
1708.27	9581.95
1709.3	9567.59
1710.33	9548.96
1711.35	9527.35
1712.38	9501.71
1713.41	9476.91
1714.43	9495.85
1715.46	9565.81
1716.48	9579.88
1717.51	9508.57
1718.53	9475.94
1719.56	9466.76
1720.58	9471.88
1721.61	9468.97
1722.63	9479.31
1723.66	9499.45
1724.68	9493.47
1725.71	9480.14
1726.73	9445.54
1727.75	9424.26
1728.78	9406.15
1729.8	9388.28
1730.83	9376.29
1731.85	9368.53
1732.87	9365.54
1733.89	9366.56
1734.92	9382.73
1735.94	9352.99
1736.96	9332.05
1737.98	9316.4
1739.01	9307.62
1740.03	9304.8
1741.05	9312.92
1742.07	9322.67
1743.09	9330.65
1744.12	9335.65
1745.14	9334.15
1746.16	9327.19
1747.18	9313.4
1748.2	9296.01
1749.22	9281.09
1750.24	9280.74
1751.26	9287.28
1752.28	9289.94
1753.3	9292.01
1754.32	9288.83
1755.34	9278.23
1756.36	9266.73
1757.38	9249.04
1758.4	9229.52
1759.42	9209.3
1760.44	9194.97
1761.45	9192.97
1762.47	9189.89
1763.49	9193.06
1764.51	9201.67
1765.53	9212.53
1766.55	9220.13
1767.56	9213.87
1768.58	9206.43
1769.6	9196.57
1770.61	9188.21
1771.63	9178.92
1772.65	9167.69
1773.67	9155.02
1774.68	9145.47
1775.7	9141.31
1776.72	9147.71
1777.73	9155.56
1778.75	9158.13
1779.76	9141.79
1780.78	9135.47
1781.79	9128.42
1782.81	9120.51
1783.83	9112.89
1784.84	9106.32
1785.85	9100.4
1786.87	9094.85
1787.88	9088.75
1788.9	9083.18
1789.91	9075.39
1790.93	9067.35
1791.94	9054.67
1792.95	9047.27
1793.97	9045.38
1794.98	9046.54
1796	9049.66
1797.01	9048.17
1798.02	9043.57
1799.03	9037.67
1800.05	9029.95
1801.06	9020.23
1802.07	9008.68
1803.08	8995.1
1804.1	8979.67
1805.11	8962.76
1806.12	8943.66
1807.13	8938.1
1808.14	8930.21
1809.15	8927.48
1810.17	8939.41
1811.18	8947.04
1812.19	8946.85
1813.2	8941.37
1814.21	8931.97
1815.22	8915.75
1816.23	8897.47
1817.24	8883.95
1818.25	8875.4
1819.26	8874.25
1820.27	8877.07
1821.28	8874.21
1822.29	8871.21
1823.3	8861.28
1824.3	8841.14
1825.31	8823.97
1826.32	8808.55
1827.33	8795.44
1828.34	8785.57
1829.35	8778.42
1830.35	8773.08
1831.36	8769.87
1832.37	8768.63
1833.38	8768.98
1834.38	8768.29
1835.39	8765.6
1836.4	8761.18
1837.41	8753.01
1838.41	8742.72
1839.42	8731.47
1840.43	8721
1841.43	8712.47
1842.44	8709.48
1843.44	8704.88
1844.45	8689.6
1845.46	8677.85
1846.46	8663.4
1847.47	8650.39
1848.47	8652.58
1849.48	8655.2
1850.48	8654.9
1851.49	8663.62
1852.49	8656.52
1853.49	8637.09
1854.5	8619.95
1855.5	8605.21
1856.51	8594.57
1857.51	8583.74
1858.51	8581.96
1859.52	8582.21
1860.52	8584.21
1861.52	8587.56
1862.53	8590.69
1863.53	8582.46
1864.53	8576.77
1865.54	8569.02
1866.54	8556.95
1867.54	8546.63
1868.54	8551.47
1869.54	8555.38
1870.55	8555.66
1871.55	8555.19
1872.55	8549.49
1873.55	8541.36
1874.55	8532.22
1875.55	8521.79
1876.55	8509.38
1877.55	8497.18
1878.55	8489.55
1879.55	8483.28
1880.56	8477.65
1881.55	8472.32
1882.56	8466.19
1883.55	8459.63
1884.55	8452.66
1885.55	8450.78
1886.55	8448.49
1887.55	8448.32
1888.55	8449.47
1889.55	8452.2
1890.55	8452.07
1891.55	8448.88
1892.55	8434.22
1893.54	8422.25
1894.54	8406.03
1895.54	8388.08
1896.54	8370.58
1897.54	8358.11
1898.53	8360.65
1899.53	8364.04
1900.53	8363.02
1901.52	8356.07
1902.52	8350.15
1903.52	8344.57
1904.51	8339.54
1905.51	8332.75
1906.51	8326.74
1907.5	8321.34
1908.5	8318.41
1909.49	8313.34
1910.49	8287.55
1911.49	8269.27
1912.48	8255.72
1913.48	8245.85
1914.47	8234.53
1915.46	8227.58
1916.46	8222.51
1917.45	8217.43
1918.45	8210.09
1919.44	8194.7
1920.44	8176.36
1921.43	8160.83
1922.43	8152.9
1923.42	8153.27
1924.41	8151.82
1925.41	8153.34
1926.4	8152.67
1927.39	8147.24
1928.38	8136.61
1929.38	8130.04
1930.37	8121.54
1931.36	8114.29
1932.35	8108.5
1933.35	8104.62
1934.34	8102.9
1935.33	8106.7
1936.32	8110.3
1937.31	8115.2
1938.3	8110.29
1939.29	8103.12
1940.29	8071.9
1941.28	8050.24
1942.27	8030.6
1943.26	8014.86
1944.25	8004.95
1945.24	7998.59
1946.23	7997.58
1947.22	8000.47
1948.21	8007.74
1949.2	8016.29
1950.19	8017.42
1951.18	8017.34
1952.17	8014.42
1953.16	8007.64
1954.14	7998.02
1955.13	7984.89
1956.12	7968.71
1957.11	7949.71
1958.1	7928.65
1959.09	7915.45
1960.07	7904.59
1961.06	7897.17
1962.05	7896.8
1963.04	7901.29
1964.02	7897.44
1965.01	7893.34
1966	7884.54
1966.99	7876.07
1967.97	7867.16
1968.96	7858.32
1969.95	7849.55
1970.93	7840.56
1971.92	7831.69
1972.9	7824.1
1973.89	7818.99
1974.88	7817.91
1975.86	7814.22
1976.85	7805.05
1977.83	7791.1
1978.82	7775.49
1979.8	7760.85
1980.79	7756.45
1981.77	7754.4
1982.76	7769.35
1983.74	7780.8
1984.72	7787.91
1985.71	7791.39
1986.69	7793.77
1987.67	7787.51
1988.66	7778.83
1989.64	7767.36
1990.62	7753.3
1991.61	7736.65
1992.59	7723.32
1993.57	7713.58
1994.56	7718.83
1995.54	7739.9
1996.52	7693.15
1997.5	7647.27
1998.49	7651.05
1999.47	7660.08
2000.45	7655.9
2001.43	7654.49
2002.41	7652.99
2003.39	7646.32
2004.38	7639.16
2005.36	7629.69
2006.34	7619.51
2007.32	7609.21
2008.3	7602.11
2009.28	7600.1
2010.26	7594.17
2011.24	7588.2
2012.22	7579.21
2013.2	7561.23
2014.18	7539.04
2015.16	7518.12
2016.14	7502.32
2017.12	7491.1
2018.1	7486.63
2019.07	7487.4
2020.05	7493.06
2021.03	7500.71
2022.01	7506
2022.99	7504.99
2023.97	7502.31
2024.95	7497.75
2025.92	7491.21
2026.9	7482.04
2027.88	7471.29
2028.86	7459.03
2029.83	7447.16
2030.81	7444.21
2031.79	7440.4
2032.76	7437.87
2033.74	7436
2034.72	7435.8
2035.69	7435.53
2036.67	7426.72
2037.65	7413.31
2038.62	7399.09
2039.6	7381.31
2040.57	7356.84
2041.55	7393.9
2042.52	7389.65
2043.5	7388.24
2044.47	7375.22
2045.45	7349.07
2046.42	7338.59
2047.4	7333.69
2048.37	7328.71
2049.35	7320.33
2050.32	7319.32
2051.29	7310.34
2052.27	7299.22
2053.24	7287.38
2054.21	7274.74
2055.19	7265.71
2056.16	7266.32
2057.13	7262.64
2058.11	7255.87
2059.08	7246.23
2060.05	7236.22
2061.02	7224.44
2062	7211.85
2062.97	7198.97
2063.94	7187.49
2064.91	7182.27
2065.89	7179.78
2066.86	7175.9
2067.83	7169.05
2068.8	7160.23
2069.77	7148.93
2070.74	7147.69
2071.71	7150.84
2072.68	7146.02
2073.65	7139
2074.62	7131.79
2075.59	7123.03
2076.56	7113.94
2077.53	7104.78
2078.5	7095.58
2079.47	7086.49
2080.44	7078.29
2081.41	7070.54
2082.38	7062.95
2083.35	7055.92
2084.32	7049.37
2085.29	7044.04
2086.26	7041.57
2087.23	7037.44
2088.19	7033.06
2089.16	7024.79
2090.13	7015.72
2091.1	7003.14
2092.07	6993.8
2093.03	6988.09
2094	6984.46
2094.97	6981.46
2095.94	6979.29
2096.9	6974.86
2097.87	6970.56
2098.84	6960.9
2099.8	6945.26
2100.77	6929.58
2101.74	6912.33
2102.7	6898.74
2103.67	6890.06
2104.63	6897.5
2105.6	6898.78
2106.56	6894.23
2107.53	6891.03
2108.49	6887.48
2109.46	6882.29
2110.42	6874.74
2111.39	6867.24
2112.35	6863.29
2113.32	6865.22
2114.28	6864.66
2115.25	6860.77
2116.21	6852.7
2117.17	6844.33
2118.14	6814.72
2119.1	6789.9
2120.07	6775.53
2121.03	6774.33
2121.99	6776.28
2122.96	6785.48
2123.92	6786.62
2124.88	6786.25
2125.84	6783.42
2126.81	6776.28
2127.77	6764.35
2128.73	6751.71
2129.69	6742.31
2130.65	6733.28
2131.62	6724.11
2132.58	6714.86
2133.54	6705.54
2134.5	6696.1
2135.46	6686.81
2136.42	6676.31
2137.38	6664.78
2138.34	6653.02
2139.3	6642.46
2140.26	6633.02
2141.22	6625.85
2142.18	6622.26
2143.14	6619.38
2144.1	6617.47
2145.06	6616.69
2146.02	6616.67
2146.98	6617.41
2147.94	6617.87
2148.9	6615.09
2149.86	6611.18
2150.82	6594
2151.78	6575.24
2152.74	6555.96
2153.69	6535.48
2154.65	6544.22
2155.61	6560.27
2156.57	6568.71
2157.53	6571.57
2158.48	6546.03
2159.44	6531.86
2160.4	6519.01
2161.36	6502.81
2162.31	6490.73
2163.27	6481.88
2164.23	6475.88
2165.18	6472.05
2166.14	6470.21
2167.1	6470.46
2168.05	6471.99
2169.01	6475.57
2169.96	6470.51
2170.92	6435.19
2171.88	6387.71
2172.83	6382.78
2173.79	6375.61
2174.74	6374.47
2175.7	6377.31
2176.65	6369.22
2177.6	6359.78
2178.56	6350.86
2179.51	6332.54
2180.47	6315.25
2181.42	6303.91
2182.38	6286.24
2183.33	6286.12
2184.28	6289.22
2185.24	6295.1
2186.19	6293.76
2187.14	6291.21
2188.1	6285.3
2189.05	6277.37
2190	6267.64
2190.96	6256.6
2191.91	6244.57
2192.86	6231.25
2193.81	6218.62
2194.76	6207.57
2195.72	6198.46
2196.67	6196.38
2197.62	6191.75
2198.57	6188.51
2199.52	6186.13
2200.47	6184.7
2201.43	6184.04
2202.38	6182.94
2203.33	6178.51
2204.28	6160.01
2205.23	6151.71
2206.18	6138.8
2207.13	6127.23
2208.08	6114.93
2209.03	6109.21
2209.98	6097.88
2210.93	6102.63
2211.88	6108.19
2212.83	6111.14
2213.78	6112.23
2214.73	6109.58
2215.67	6098.93
2216.62	6086.54
2217.57	6071.11
2218.52	6059.32
2219.47	6050.01
2220.42	6044.12
2221.37	6052.31
2222.31	6064.13
2223.26	6072.95
2224.21	6067.06
2225.16	6026.96
2226.1	6001.28
2227.05	6012.57
2228	6012.6
2228.94	6012.03
2229.89	6008.18
2230.84	6008.94
2231.78	6006.72
2232.73	6004.96
2233.68	6002.96
2234.62	5993.18
2235.57	5981.17
2236.51	5966.95
2237.46	5952.65
2238.41	5940.28
2239.35	5934.53
2240.3	5935.2
2241.24	5938.85
2242.19	5945.57
2243.13	5951.17
2244.07	5950.06
2245.02	5949.49
2245.96	5947.12
2246.91	5943.9
2247.85	5937.23
2248.8	5936.99
2249.74	5932.91
2250.68	5930.21
2251.63	5920.79
2252.57	5913.65
2253.51	5906.42
2254.46	5902.47
2255.4	5901.62
2256.34	5902.41
2257.28	5902.82
2258.23	5903.59
2259.17	5904.3
2260.11	5904.13
2261.05	5903.54
2262	5901.74
2262.94	5896.76
2263.88	5895.29
2264.82	5895.93
2265.76	5889.38
2266.7	5881.02
2267.64	5871.42
2268.58	5861.12
2269.53	5851.51
2270.47	5853.8
2271.41	5857.91
2272.35	5851.88
2273.29	5848.06
2274.23	5844.4
2275.17	5842.46
2276.11	5843.09
2277.05	5847.27
2277.99	5848.04
2278.93	5846.91
2279.86	5846.9
2280.8	5846.66
2281.74	5846.07
2282.68	5843.74
2283.62	5840.35
2284.56	5835.73
2285.5	5830.05
2286.44	5824.54
2287.37	5819.25
2288.31	5821.96
2289.25	5819.82
2290.19	5816.93
2291.12	5815.02
2292.06	5816.05
2293	5815.58
2293.94	5815.79
2294.87	5813.85
2295.81	5809.35
2296.75	5803.11
2297.68	5797.65
2298.62	5790.72
2299.55	5781.84
2300.49	5772.39
2301.43	5763.32
2302.36	5755.03
2303.3	5750.64
2304.23	5752.75
2305.17	5756.6
2306.1	5755.63
2307.04	5750.15
2307.98	5740.08
2308.91	5729.73
2309.84	5722.55
2310.78	5716.6
2311.71	5711.1
2312.65	5706.07
2313.58	5701.06
2314.52	5696.01
2315.45	5690.36
2316.38	5684.41
2317.32	5678.73
2317.72	5676.25
2318.66	5673.31
2319.6	5672.12
2320.54	5666.38
2321.48	5659.69
2322.41	5652.2
2323.35	5643.55
2324.29	5632.28
2325.23	5624.04
2326.16	5617.73
2327.1	5619.32
2328.04	5621.65
2328.97	5621.78
2329.91	5620.38
2330.85	5618.46
2331.78	5616.72
2332.72	5616.48
2333.66	5615.52
2334.59	5616.15
2335.53	5613.64
2336.46	5609.67
2337.4	5604.31
2338.33	5597.69
2339.27	5590.07
2340.2	5581.65
2341.14	5573.62
2342.07	5565.15
2343.01	5556.41
2343.94	5549.16
2344.88	5543.79
2345.81	5540.34
2346.75	5539.39
2347.68	5536.81
2348.61	5532.14
2349.55	5527.28
2350.48	5522.06
2351.41	5515.96
2352.35	5509.36
2353.28	5502.16
2354.21	5495
2355.15	5490.21
2356.08	5488.77
2357.01	5487.02
2357.94	5484.88
2358.88	5481.34
2359.81	5478.03
2360.74	5472.04
2361.67	5468.17
2362.6	5464.95
2363.54	5461.95
2364.47	5458.31
2365.4	5453.64
2366.33	5448.43
2367.26	5442.84
2368.19	5436.75
2369.12	5430.26
2370.05	5423.43
2370.98	5418.46
2371.91	5426.73
2372.84	5435.19
2373.77	5443.24
2374.7	5450.21
2375.63	5446.65
2376.56	5436.64
2377.49	5415.1
2378.42	5400.6
2379.35	5389.11
2380.28	5379.91
2381.21	5372.81
2382.14	5367.59
2383.07	5364.37
2384	5362.9
2384.92	5367.12
2385.85	5372.65
2386.78	5378.33
2387.71	5383.45
2388.64	5384.39
2389.56	5389.25
2390.49	5390.11
2391.42	5378.53
2392.35	5365.14
2393.27	5352.14
2394.2	5340.11
2395.13	5329.71
2396.05	5323.62
2396.98	5342.05
2397.91	5350.24
2398.83	5354.12
2399.76	5347.37
2400.69	5336.76
2401.61	5323.2
2402.54	5305.42
2403.46	5279.83
2404.39	5250.82
2405.31	5252.69
2406.24	5273.13
2407.17	5288.96
2408.09	5306.25
2409.01	5292.76
2409.94	5284.9
2410.86	5272.73
2411.79	5257.03
2412.71	5243.85
2413.64	5235.72
2414.56	5230.44
2415.49	5227.48
2416.41	5227.11
2417.33	5229.46
2418.26	5234.15
2419.18	5240.93
2420.1	5248.08
2421.03	5253.02
2421.95	5242.33
2422.87	5209.55
2423.79	5210.39
2424.72	5208.02
2425.64	5203.38
2426.56	5196.63
2427.48	5188.98
2428.41	5180.27
2429.33	5173.42
2430.25	5165.04
2431.17	5157.09
2432.09	5148.96
2433.01	5141.81
2433.93	5136.73
2434.86	5134.36
2435.78	5136.33
2436.7	5132.96
2437.62	5129.76
2438.54	5122.7
2439.46	5105.05
2440.38	5087.47
2441.3	5076.89
2442.22	5073.15
2443.14	5076.69
2444.06	5086.18
2444.98	5095.3
2445.9	5089.26
2446.82	5081.05
2447.73	5069.59
2448.65	5059.56
2449.57	5049.03
2450.49	5039.94
2451.41	5030.98
2452.33	5022.91
2453.25	5015.3
2454.17	5008.65
2455.08	5003.32
2456	5000.39
2456.92	5002.27
2457.84	5012.13
2458.75	5019.42
2459.67	5021.07
2460.59	5011.39
2461.51	5000.9
2462.42	4977.77
2463.34	4961.31
2464.26	4954.16
2465.17	4948.89
2466.09	4948.76
2467	4952.75
2467.92	4956.11
2468.84	4953.69
2469.75	4942.55
2470.67	4934.23
2471.58	4919.62
2472.5	4914.33
2473.42	4918
2474.33	4917.86
2475.25	4920.69
2476.16	4932.84
2477.08	4931.01
2477.99	4926.58
2478.9	4915.33
2479.82	4904.28
2480.73	4897.7
2481.65	4893.33
2482.56	4890.26
2483.47	4888.92
2484.39	4894.21
2485.3	4902.87
2486.22	4900.62
2487.13	4894.82
2488.04	4887.1
2488.96	4880.03
2489.87	4871.33
2490.78	4862.19
2491.69	4851.99
2492.61	4841.17
2493.52	4829.57
2494.43	4818.13
2495.34	4816.14
2496.25	4821.8
2497.17	4830.64
2498.08	4840.89
2498.99	4849.26
2499.9	4852.65
2500.81	4853.31
2501.72	4852.62
2502.63	4847.04
2503.55	4839.7
2504.46	4829.79
2505.37	4820.63
2506.28	4813.53
2507.19	4810.4
2508.1	4814.24
2509.01	4817.62
2509.92	4821.24
2510.83	4817.05
2511.74	4806.15
2512.65	4776.92
2513.56	4766.53
2514.47	4756.51
2515.37	4759.53
2516.28	4765.1
2517.19	4769.47
2518.1	4776.31
2519.01	4772.9
2519.92	4769.63
2520.83	4756.85
2521.73	4748.13
2522.64	4740.78
2523.55	4735.33
2524.46	4733.8
2525.37	4732.17
2526.27	4724.93
2527.18	4711.46
2528.09	4712.14
2529	4714.96
2529.9	4715.27
2530.81	4713.26
2531.72	4708.7
2532.62	4684.96
2533.53	4691.23
2534.44	4694.93
2535.34	4697.69
2536.25	4698.04
2537.15	4694.81
2538.06	4690.15
2538.96	4684.13
2539.87	4677.93
2540.78	4668.96
2541.68	4658.54
2542.59	4650.76
2543.49	4644.78
2544.4	4641.95
2545.3	4642.1
2546.21	4645.37
2547.11	4648.58
2548.01	4639.25
2548.92	4629.75
2549.82	4619.21
2550.73	4605.79
2551.63	4606.92
2552.53	4604.86
2553.44	4601.66
2554.34	4598.01
2555.24	4593.24
2556.15	4588.17
2557.05	4582.46
2557.95	4576.1
2558.86	4569.09
2559.76	4561.4
2560.66	4553.17
2561.56	4547.86
2562.46	4551.92
2563.37	4548.58
2564.27	4537.79
2565.17	4525.59
2566.07	4515.72
2566.97	4511.96
2567.88	4508.49
2568.78	4506.82
2569.68	4505.36
2570.58	4505.14
2571.48	4504.32
2572.38	4500.81
2573.28	4497.54
2574.18	4492.78
2575.08	4493.84
2575.98	4496.2
2576.88	4501.81
2577.78	4504.52
2578.68	4504.4
2579.58	4499.99
2580.48	4485.28
2581.38	4460.78
2582.28	4438.09
2583.18	4417.71
2584.08	4403.2
2584.98	4396.63
2585.88	4403.42
2586.77	4412.58
2587.67	4416.93
2588.57	4421.59
2589.47	4421.03
2590.37	4416.53
2591.27	4411.26
2592.16	4404.88
2593.06	4397.76
2593.96	4391.61
2594.86	4392.92
2595.75	4388.99
2596.65	4379.36
2597.55	4370.05
2598.45	4360.65
2599.34	4351.83
2600.24	4347.42
2601.13	4344.45
2602.03	4342.79
2602.93	4341.01
2603.82	4339.76
2604.72	4338.4
2605.62	4336.61
2606.51	4334.58
2607.41	4331.63
2608.3	4327.31
2609.2	4321.83
2610.09	4315.1
2610.99	4307.18
2611.88	4297.96
2612.78	4302.73
2613.67	4312.77
2614.57	4335.89
2615.46	4309.11
2616.36	4272.11
2617.25	4250.4
2618.14	4237.32
2619.04	4262.43
2619.93	4259.59
2620.83	4250.88
2621.72	4249.5
2622.61	4248.23
2623.5	4245.61
2624.4	4241.97
2625.29	4238.62
2626.18	4233.35
2627.08	4225.81
2627.97	4215.75
2628.86	4209.59
2629.75	4200.72
2630.65	4199.29
2631.54	4199.4
2632.43	4201.79
2633.32	4208.88
2634.21	4214.42
2635.11	4217.68
2636	4218.54
2636.89	4216.25
2637.78	4204.63
2638.67	4185.29
2639.56	4168.53
2640.45	4146.34
2641.34	4130.9
2642.23	4119.28
2643.12	4137.96
2644.01	4133.01
2644.9	4124.79
2645.79	4115.51
2646.68	4109.17
2647.57	4101.73
2648.46	4103.7
2649.35	4096.32
2650.24	4084.91
2651.13	4076.12
2652.02	4070.23
2652.91	4066.9
2653.8	4065.63
2654.69	4066.83
2655.58	4069.3
2656.46	4069.72
2657.35	4069.83
2658.24	4065.6
2659.13	4061.76
2660.02	4054.16
2660.9	4046.64
2661.79	4040.06
2662.68	4034.71
2663.57	4032.17
2664.45	4030.69
2665.34	4030.28
2666.23	4030.86
2667.11	4032.87
2668	4035.8
2668.89	4038.87
2669.77	4041.7
2670.66	4040.51
2671.55	4037.44
2672.43	4030.7
2673.32	4022.75
2674.21	4012.62
2675.09	4003.01
2675.98	3994.64
2676.86	3989.8
2677.75	3984.19
2678.63	3978.82
2679.52	3973.81
2680.4	3969.18
2681.29	3964.62
2682.17	3960.07
2683.06	3955.03
2683.94	3949.36
2684.82	3942.92
2685.71	3935.67
2686.59	3927.35
2687.48	3918.2
2688.36	3908.34
2689.24	3898.23
2690.13	3902.91
2691.01	3904.01
2691.89	3903.56
2692.78	3903.11
2693.66	3898.45
2694.54	3892.43
2695.43	3884.36
2696.31	3874.85
2697.19	3863.89
2698.07	3852.94
2698.96	3853.66
2699.84	3858.79
2700.72	3865.21
2701.6	3872.39
2702.48	3876.24
2703.36	3876.33
2704.25	3869.8
2705.13	3860.1
2706.01	3850.26
2706.89	3840.8
2707.77	3832.77
2708.65	3824.1
2709.53	3816.08
2710.41	3807.77
2711.29	3799.96
2712.17	3792.77
2713.05	3788.15
2713.93	3787.69
2714.81	3788.1
2715.69	3796.77
2716.57	3801.63
2717.45	3797.73
2718.33	3796.77
2719.21	3787.57
2720.09	3768.62
2720.97	3753.78
2721.85	3748.17
2722.73	3745.74
2723.61	3744.99
2724.48	3750.32
2725.36	3740.52
2726.24	3732.64
2727.12	3729.53
2728	3728.04
2728.88	3728.26
2729.75	3728.86
2730.63	3727.17
2731.51	3723.91
2732.39	3720.78
2733.26	3717.7
2734.14	3713.96
2735.02	3711.64
2735.89	3712.9
2736.77	3714.55
2737.65	3716.54
2738.52	3719.64
2739.4	3717.11
2740.28	3708.56
2741.15	3700.19
2742.03	3692.21
2742.9	3687.06
2743.78	3684.79
2744.65	3682.84
2745.53	3683.83
2746.41	3685.26
2747.28	3686.49
2748.16	3685.45
2749.03	3681.84
2749.91	3677.18
2750.78	3670.9
2751.66	3663.1
2752.53	3653.73
2753.4	3642.93
2754.28	3630.45
2755.15	3618.99
2756.02	3613.03
2756.9	3610.38
2757.77	3616.43
2758.65	3621.78
2759.52	3625.06
2760.39	3622.21
2761.27	3620.68
2762.14	3615.99
2763.01	3608.53
2763.88	3598.2
2764.76	3587.23
2765.63	3581.73
2766.5	3581.26
2767.37	3584.97
2768.25	3581.44
2769.12	3578.82
2769.99	3573.85
2770.86	3571.46
2771.73	3574.14
2772.61	3574.72
2773.48	3577.24
2774.35	3578.17
2775.22	3576.16
2776.09	3569.38
2776.96	3559.56
2777.83	3547.64
2778.7	3534.3
2779.57	3532.53
2780.44	3536.31
2781.31	3539.72
2782.18	3533.28
2783.05	3513.26
2783.92	3500.63
2784.79	3505.95
2785.66	3502.27
2786.53	3499.81
2787.4	3499.41
2788.27	3499
2789.14	3498.02
2790.01	3496.99
2790.88	3494.31
2791.75	3491.27
2792.62	3487.56
2793.48	3483.95
2794.35	3480.84
2795.22	3478.07
2796.09	3479.4
2796.96	3482.03
2797.82	3480.52
2798.69	3478.35
2799.56	3471.48
2800.43	3465.45
2801.29	3460.22
2802.16	3455.6
2803.03	3455.55
2803.9	3456.68
2804.76	3458.66
2805.63	3461.46
2806.5	3462.04
2807.36	3461.16
2808.23	3452
2809.09	3439.52
2809.96	3433.25
2810.83	3421.98
2811.69	3408.03
2812.56	3399.76
2813.42	3399.24
2814.29	3404.17
2815.15	3407.92
2816.02	3407.19
2816.88	3402.96
2817.75	3398.03
2818.61	3392.79
2819.48	3387.29
2820.34	3380.6
2821.21	3374.33
2822.07	3368.75
2822.94	3364.26
2823.8	3361.3
2824.66	3359.56
2825.53	3359.26
2826.39	3360.11
2827.26	3362.4
2828.12	3365.85
2828.98	3367.71
2829.85	3368.97
2830.71	3367.22
2831.57	3364.59
2832.43	3360.8
2833.3	3356.31
2834.16	3351.27
2835.02	3345.8
2835.88	3339.91
2836.75	3333.63
2837.61	3328.18
2838.47	3319.6
2839.33	3309.85
2840.19	3299.43
2841.06	3298.35
2841.92	3303.7
2842.78	3316.86
2843.64	3316.45
2844.5	3301.54
2845.36	3298.02
2846.22	3298.84
2847.08	3302.99
2847.94	3303.37
2848.81	3299.12
2849.67	3294.66
2850.53	3289.79
2851.39	3282.37
2852.25	3273.84
2853.11	3265.66
2853.97	3262.14
2854.82	3265.49
2855.68	3266.21
2856.54	3267.1
2857.4	3267.91
2858.26	3267.21
2859.12	3265.77
2859.98	3263.68
2860.84	3260.92
2861.7	3257.71
2862.56	3253.95
2863.41	3251.25
2864.27	3248.83
2865.13	3247.53
2865.99	3244.02
2866.85	3238.87
2867.7	3233.18
2868.56	3226.95
2869.42	3222.45
2870.28	3217.11
2871.13	3212.64
2871.99	3208.18
2872.85	3204.49
2873.7	3201.88
2874.56	3201.92
2875.42	3205.63
2876.27	3203.97
2877.13	3200.69
2877.99	3194.8
2878.84	3183.31
2879.7	3175.92
2880.56	3170.03
2881.41	3165.44
2882.27	3164.84
2883.12	3160.58
2883.98	3156.42
2884.83	3152.59
2885.69	3149.09
2886.54	3146
2887.4	3143.21
2888.25	3140.77
2889.11	3138.44
2889.96	3136.08
2890.82	3133.28
2891.67	3129.98
2892.52	3126.59
2893.38	3123.34
2894.23	3120.34
2895.09	3118.08
2895.94	3116.31
2896.79	3114.86
2897.65	3113.61
2898.5	3112.37
2899.35	3110.83
2900.21	3109.38
2901.06	3107.32
2901.91	3104.34
2902.76	3099.7
2903.62	3093.59
2904.47	3086.36
2905.32	3078.08
2906.17	3069.58
2907.03	3061.22
2907.88	3053.66
2908.73	3047.49
2909.58	3045.4
2910.43	3045.19
2911.28	3047.02
2912.14	3050.41
2912.99	3056.3
2913.84	3059.76
2914.69	3061.89
2915.54	3063.85
2916.39	3058
2917.24	3048.67
2918.09	3038.93
2918.94	3027.97
2919.79	3016.86
2920.64	3012.79
2921.49	3017.39
2922.34	3017.16
2923.19	3016.09
2924.04	3013.89
2924.89	3005.31
2925.74	2992.25
2926.59	2980.95
2927.44	2972.32
2928.29	2965.25
2929.14	2965
2929.98	2969.82
2930.83	2967.36
2931.68	2965.34
2932.53	2963.83
2933.38	2957.8
2934.23	2954.15
2935.07	2947.28
2935.92	2945.85
2936.77	2945.08
2937.62	2947.98
2938.47	2951.41
2939.31	2947.97
2940.16	2945.5
2941.01	2941.11
2941.85	2931.98
2942.7	2920.1
2943.55	2917.5
2944.39	2920.38
2945.24	2923.46
2946.09	2924.16
2946.93	2923.8
2947.78	2917.26
2948.63	2914.97
2949.47	2930.2
2950.32	2931.91
2951.16	2933.2
2952.01	2929.58
2952.85	2919.05
2953.7	2907.67
2954.55	2900.29
2955.39	2893.87
2956.24	2887.61
2957.08	2883.05
2957.92	2879.56
2958.77	2877.35
2959.61	2876.43
2960.46	2874.97
2961.3	2872.53
2962.15	2865.16
2962.99	2857.11
2963.83	2849.11
2964.68	2842.08
2965.52	2837.35
2966.37	2835.25
2967.21	2834.61
2968.05	2834.68
2968.9	2833.31
2969.74	2832.13
2970.58	2830.3
2971.42	2828.18
2972.27	2825.47
2973.11	2822.26
2973.95	2819.09
2974.79	2816.36
2975.64	2815.85
2976.48	2816.45
2977.32	2818.51
2978.16	2820.89
2979	2823.54
2979.85	2826.4
2980.69	2829.05
2981.53	2830.59
2982.37	2828.56
2983.21	2821.58
2984.05	2813.53
2984.89	2806.27
2985.73	2802.57
2986.57	2801.34
2987.41	2801.84
2988.25	2797.56
2989.1	2791.07
2989.94	2786.74
2990.77	2783.58
2991.62	2781.36
2992.45	2779.41
2993.29	2779.27
2994.13	2780.36
2994.97	2783.29
2995.81	2786.75
2996.65	2779.09
2997.49	2768.24
2998.33	2757.83
2999.17	2753.72
