200.833	8852.57
202.102	8845.63
203.371	8907.1
204.639	8938.91
205.907	8938.59
207.175	8931.81
208.442	8927.12
209.71	8924.34
210.977	8923.83
212.244	8925.49
213.511	8929.58
214.777	8935.85
216.042	8944.77
217.309	8956.2
218.575	8969.02
219.84	8981.9
221.106	8991.92
222.371	9003.76
223.635	9011.33
224.9	9022.35
226.165	9040.98
227.429	9062.78
228.694	9083.83
229.956	9105.72
231.22	9125.56
232.484	9146.71
233.747	9167.26
235.011	9180.2
236.272	9190.72
237.535	9196.76
238.798	9202.58
240.06	9207.7
241.321	9211.72
242.583	9223.6
243.845	9239.89
245.105	9263.01
246.367	9290.82
247.628	9317.09
248.888	9341.28
250.149	9359.43
251.409	9371.07
252.67	9375.09
253.928	9364.76
255.189	9353.74
256.447	9334.01
257.707	9318.72
258.966	9313.48
260.224	9319.24
261.483	9332.05
262.742	9352.17
263.999	9372.43
265.257	9386.26
266.514	9398.85
267.772	9409.95
269.028	9419.67
270.286	9428.35
271.543	9436.03
272.799	9442.9
274.056	9448.92
275.311	9454.73
276.568	9460.01
277.823	9465.34
279.079	9470.55
280.333	9475.76
281.589	9481.4
282.843	9488.36
284.099	9499.31
285.352	9513.84
286.607	9537.54
287.86	9561.44
289.114	9583.1
290.368	9607.71
291.621	9628.07
292.875	9645.03
294.127	9659.75
295.38	9670.14
296.632	9673.44
297.884	9670.95
299.137	9662.47
300.388	9648.14
301.641	9640.33
302.891	9639.08
304.142	9644.63
305.394	9656.04
306.644	9665.95
307.894	9680.91
309.146	9696.59
310.395	9704.19
311.645	9707.1
312.895	9710.36
314.144	9714.5
315.393	9719.2
316.642	9724.89
317.892	9730.6
319.14	9737.2
320.388	9745.25
321.637	9755.84
322.885	9769.2
324.132	9784.6
325.38	9802.15
326.628	9816.28
327.875	9827.16
329.122	9835.29
330.368	9841.67
331.614	9855
332.862	9875.36
334.108	9885.41
335.353	9897.99
336.599	9907.88
337.844	9901.76
339.089	9884.98
340.335	9876.03
341.58	9875.32
342.824	9884.37
344.068	9894.86
345.312	9905.78
346.556	9915.66
347.8	9928.17
349.043	9940.26
350.286	9952.37
351.53	9963.16
352.774	9972.69
354.016	9978.82
355.259	9982.65
356.501	9981
357.743	9977.86
358.985	9969.38
360.227	9956.69
361.468	9945.32
362.709	9935.82
363.95	9936.64
365.191	9941.06
366.432	9948
367.672	9955.94
368.912	9963.85
370.152	9971.8
371.392	9978.37
372.632	9978.93
373.871	9976.13
375.11	9973.71
376.348	9977.04
377.587	9985.15
378.825	9995.24
380.064	10006.5
381.302	10020.5
382.54	10038.3
383.778	10049
385.016	10055.5
386.253	10061.3
387.489	10068.8
388.726	10076.5
389.963	10084.7
391.199	10093.9
392.436	10103
393.672	10115.1
394.907	10128
396.142	10140.7
397.378	10151.9
398.614	10155.5
399.849	10158.8
401.082	10159.3
402.317	10157.7
403.552	10153.1
404.786	10146.4
406.019	10137.4
407.253	10129.1
408.487	10131.7
409.721	10144.6
410.953	10160.5
412.186	10176.8
413.419	10189
414.651	10198
415.883	10203.3
417.116	10204.3
418.347	10199.3
419.579	10197.6
420.811	10198.2
422.041	10200.1
423.272	10202
424.504	10204.6
425.733	10207.6
426.964	10211.5
428.194	10216.8
429.424	10223.6
430.654	10230.5
431.883	10234.8
433.113	10221.3
434.341	10216
435.571	10215.1
436.799	10218.2
438.028	10224.3
439.257	10235.3
440.484	10251.1
441.713	10271
442.94	10294.6
444.168	10320.9
445.394	10329.5
446.622	10332.7
447.848	10327.5
449.076	10310.3
450.301	10293.9
451.528	10279.8
452.754	10267.9
453.979	10258.3
455.205	10263.9
456.43	10284.6
457.656	10302.1
458.88	10310.7
460.106	10318.3
461.33	10325.8
462.554	10332.2
463.779	10337.9
465.002	10343.3
466.225	10349.3
467.45	10356.3
468.672	10366.1
469.895	10374
471.119	10369.3
472.341	10369.4
473.563	10353.4
474.786	10333.9
476.008	10316.8
477.229	10302.3
478.452	10290.5
479.673	10286
480.894	10280.8
482.115	10277.7
483.337	10276.6
484.557	10277.6
485.777	10280.8
486.997	10286
488.218	10293.2
489.438	10301.9
490.657	10303.2
491.876	10305.6
493.096	10307.7
494.315	10309
495.533	10309.3
496.752	10308.5
497.97	10306.8
499.188	10303
500.407	10301.1
501.625	10300.7
502.842	10309.4
504.059	10321.4
505.276	10332.3
506.493	10340.8
507.71	10351.3
508.926	10360.1
510.142	10365.6
511.358	10365.5
512.575	10348.9
513.791	10343.1
515.006	10341.4
516.222	10343.5
517.437	10350.7
518.651	10361.6
519.866	10382
521.081	10399.4
522.295	10411.2
523.509	10418.3
524.723	10421.2
525.937	10420.6
527.15	10413.9
528.363	10402.6
529.576	10386.7
530.789	10367
532.002	10380
533.215	10397.6
534.426	10410.5
535.638	10421.5
536.85	10431.2
538.061	10437.3
539.273	10439.4
540.484	10439.6
541.695	10438
542.906	10435.5
544.117	10432.8
545.327	10438.5
546.537	10441.2
547.747	10440.4
548.957	10431.9
550.167	10420.5
551.377	10409.8
552.585	10390.4
553.794	10387.4
555.003	10391.3
556.212	10406.3
557.421	10411
558.628	10410.4
559.836	10412.7
561.044	10413.7
562.252	10415.2
563.458	10419.5
564.666	10424.3
565.873	10430.9
567.08	10442.5
568.286	10453.3
569.493	10462.9
570.699	10463.3
571.904	10459
573.111	10450.6
574.317	10439.2
575.521	10430.8
576.727	10427.1
577.932	10425.3
579.136	10425.2
580.341	10426.8
581.544	10430
582.749	10434.7
583.954	10440.6
585.156	10447.5
586.361	10457.5
587.563	10468
588.767	10478.5
589.97	10484
591.172	10484.6
592.375	10482.2
593.577	10477.2
594.78	10468.2
595.981	10456.3
597.183	10441.5
598.384	10426.9
599.586	10428.7
600.786	10440.5
601.988	10457.7
603.188	10471.4
604.389	10479.9
605.589	10483.4
606.79	10481.4
607.989	10473.7
609.188	10457
610.389	10441.5
611.587	10425.8
612.787	10411.3
613.986	10403.4
615.184	10396.7
616.383	10385.9
617.581	10374.3
618.78	10361
619.977	10345.4
621.174	10325.6
622.373	10314.8
623.57	10310.2
624.766	10311
625.964	10316.7
627.16	10328.2
628.356	10340.1
629.554	10347
630.749	10348.5
631.945	10342.2
633.14	10330.9
634.337	10319.2
635.532	10310.3
636.726	10301.4
637.921	10292.2
639.117	10284.2
640.311	10276.2
641.505	10269.4
642.699	10265
643.892	10263.4
645.087	10269.5
646.28	10276.9
647.473	10288.5
648.666	10302.9
649.859	10321
651.051	10338.6
652.245	10331.4
653.437	10322.6
654.629	10310
655.821	10298
657.012	10290.5
658.204	10287.8
659.395	10290.4
660.586	10296.6
661.777	10305.3
662.967	10318.2
664.158	10323.5
665.349	10324.2
666.539	10320.9
667.729	10312.8
668.919	10307
670.109	10310.8
671.298	10318.4
672.487	10327
673.676	10336.1
674.865	10345.2
676.053	10350
677.242	10353.4
678.43	10355.1
679.616	10355.2
680.804	10354.4
681.992	10351.6
683.179	10318.8
684.366	10301.6
685.554	10278.5
686.74	10308
687.927	10327.5
689.114	10313.4
690.3	10298.7
691.486	10301.2
692.671	10299.9
693.856	10316.3
695.042	10333.7
696.227	10348.2
697.413	10363
698.598	10282.7
699.781	10249.2
700.966	10235.4
702.15	10261.4
703.334	10289.2
704.518	10325.6
705.701	10253.2
706.885	10229.8
708.068	10215.1
709.252	10215
710.433	10219.8
711.616	10227.2
712.799	10236.8
713.98	10248.3
715.163	10260
716.345	10240
717.527	10220.3
718.707	10203.9
719.889	10192.1
721.071	10188
722.25	10195.9
723.432	10208.7
724.611	10220.3
725.792	10229.4
726.972	10236
728.151	10239.9
729.332	10242.4
730.512	10242.1
731.69	10239.9
732.87	10236
734.048	10231
735.227	10259.2
736.405	10286.5
737.584	10299.7
738.761	10291.5
739.94	10278.3
741.117	10279.3
742.295	10277.1
743.471	10275.5
744.649	10275.1
745.825	10275.1
747.003	10276.9
748.179	10280.6
749.356	10285
750.531	10284.9
751.708	10272.8
752.883	10261.5
754.059	10255.8
755.234	10253.8
756.409	10253
757.585	10253.8
758.759	10255.6
759.934	10257.5
761.108	10259.3
762.282	10261.3
763.456	10262.8
764.63	10263.5
765.803	10262.7
766.977	10257.9
768.15	10248.6
769.323	10233.6
770.496	10216.2
771.668	10202.6
772.841	10191.5
774.014	10183.4
775.185	10177.6
776.357	10174.9
777.528	10173.3
778.701	10169.8
779.872	10159.9
781.042	10140.4
782.213	10127.8
783.383	10118.8
784.555	10111.9
785.725	10120.6
786.895	10127.8
788.064	10131
789.234	10131.4
790.404	10127.5
791.573	10109.4
792.742	10095
793.911	10087.4
795.08	10081.4
796.248	10076.5
797.416	10073.5
798.584	10073.8
799.753	10075.9
800.921	10080.6
802.088	10084.7
803.256	10080.6
804.423	10073.4
805.59	10062.5
806.756	10053
807.923	10047
809.089	10043
810.256	10043.2
811.422	10050.9
812.587	10064.3
813.753	10073.3
814.918	10079.1
816.084	10081.3
817.249	10082
818.414	10081.9
819.578	10082.4
820.743	10083.9
821.907	10086.8
823.072	10091.5
824.236	10097.7
825.399	10106.1
826.562	10113.4
827.725	10116.1
828.889	10116.1
830.052	10113.6
831.215	10110.4
832.377	10107.3
833.54	10105.1
834.701	10104.5
835.863	10105.3
837.025	10109
838.187	10111.9
839.349	10104.5
840.51	10090.2
841.67	10082.4
842.831	10085
843.992	10088.9
845.153	10085.8
846.312	10077.5
847.473	10059.9
848.633	10048.5
849.793	10031.9
850.951	10013.6
852.111	10008.4
853.27	10015.7
854.428	10036.9
855.588	10048.4
856.747	10051.6
857.904	10046.4
859.063	10033.2
860.221	10013.3
861.378	9988.46
862.536	9962.37
863.694	9944.97
864.85	9936.63
866.008	9937.11
867.164	9943.17
868.321	9946.61
869.478	9947.62
870.633	9946.26
871.79	9942.55
872.945	9937.55
874.101	9931.75
875.256	9924.9
876.412	9918.5
877.566	9911.71
878.722	9904.45
879.876	9896.18
881.031	9886.77
882.185	9876.46
883.34	9866.01
884.493	9855.56
885.647	9846.64
886.8	9839.08
887.954	9833.48
889.107	9833.25
890.261	9835.72
891.413	9839.03
892.565	9842
893.718	9844.56
894.87	9845.55
896.023	9844.81
897.174	9843.71
898.326	9841.89
899.478	9839.08
900.629	9835.17
901.779	9830.02
902.931	9827.01
904.081	9826.89
905.231	9831.14
906.383	9848.55
907.532	9846.93
908.682	9844.45
909.831	9835.92
910.982	9816.11
912.131	9798.04
913.28	9800.88
914.429	9810.28
915.578	9823.53
916.727	9829.48
917.875	9838.44
919.023	9856.73
920.171	9866.09
921.32	9860.56
922.467	9850.04
923.614	9839.07
924.761	9824.7
925.908	9814.25
927.055	9797.65
928.203	9798.6
929.349	9803.43
930.496	9810.16
931.642	9815.67
932.787	9815.93
933.933	9814.4
935.079	9811.12
936.224	9806.47
937.369	9799.88
938.514	9791.85
939.659	9782.18
940.804	9770.78
941.948	9758.28
943.092	9745.41
944.236	9738.21
945.38	9741.66
946.524	9751.42
947.667	9757.21
948.811	9760.96
949.954	9751.95
951.097	9743.92
952.24	9736.93
953.383	9730.5
954.525	9724.39
955.667	9718.75
956.81	9713.6
957.952	9708.1
959.093	9702.86
960.235	9698.27
961.376	9699.65
962.516	9723.86
963.658	9719.36
964.798	9707.1
965.939	9671.18
967.08	9655.79
968.22	9664.44
969.359	9671.14
970.499	9676.91
971.639	9681.02
972.779	9683.77
973.918	9685.28
975.056	9683.5
976.195	9680
977.334	9675.02
978.473	9669.49
979.61	9665.46
980.749	9660.31
981.887	9655.38
983.024	9650.7
984.162	9646.34
985.3	9643.04
986.437	9640.79
987.573	9640.64
988.711	9641.49
989.848	9643.33
990.983	9641.52
992.12	9636.29
993.255	9627.43
994.392	9618.77
995.528	9628.48
996.662	9644.31
997.798	9657.91
998.933	9673.29
1000.07	9677.03
1001.2	9668.22
1002.34	9669.54
1003.47	9669.85
1004.61	9669.73
1005.74	9657.53
1006.87	9639.67
1008.01	9620.64
1009.14	9603.79
1010.27	9604.97
1011.41	9613.52
1012.54	9637.23
1013.67	9650.28
1014.81	9652.88
1015.94	9645.92
1017.07	9632.72
1018.2	9612.16
1019.33	9592.07
1020.47	9579.91
1021.6	9574.99
1022.73	9575.94
1023.86	9576.8
1024.99	9574.59
1026.12	9567.52
1027.25	9545.99
1028.38	9530.9
1029.51	9513.58
1030.64	9507.31
1031.77	9517.54
1032.9	9524.93
1034.03	9529.04
1035.16	9529.85
1036.29	9527.29
1037.42	9520.88
1038.55	9510.43
1039.67	9496.57
1040.8	9479.31
1041.93	9497.15
1043.06	9510.55
1044.19	9512.98
1045.31	9486.34
1046.44	9456.54
1047.57	9433.35
1048.69	9414.06
1049.82	9399.4
1050.95	9385.11
1052.08	9385.86
1053.2	9394.11
1054.33	9403.64
1055.45	9411.55
1056.58	9416.14
1057.7	9416.96
1058.83	9412.66
1059.95	9404.59
1061.08	9392.23
1062.2	9377.8
1063.33	9367.4
1064.45	9369.82
1065.58	9379.03
1066.7	9383.06
1067.83	9383.96
1068.95	9382.62
1070.07	9379.5
1071.2	9375.38
1072.32	9370.16
1073.44	9364.95
1074.56	9359.96
1075.69	9356.75
1076.81	9358.54
1077.93	9363.61
1079.05	9371.3
1080.17	9380.89
1081.3	9390.82
1082.42	9400.87
1083.54	9397.95
1084.66	9393.37
1085.78	9385.8
1086.9	9375.36
1088.02	9361.36
1089.14	9344.24
1090.26	9330.08
1091.38	9333.43
1092.5	9340.99
1093.62	9360.96
1094.74	9369.91
1095.86	9371.51
1096.98	9368.36
1098.1	9369.19
1099.22	9368.06
1100.34	9366.08
1101.45	9362.96
1102.57	9358.52
1103.69	9352.78
1104.81	9345.38
1105.93	9336.51
1107.04	9325.82
1108.16	9322.44
1109.28	9327.82
1110.4	9327.3
1111.51	9326.34
1112.63	9324.51
1113.75	9318
1114.86	9309.25
1115.98	9297.54
1117.09	9283.49
1118.21	9266.77
1119.32	9249.02
1120.44	9237.49
1121.55	9234.83
1122.67	9238.06
1123.78	9245.03
1124.9	9244.78
1126.01	9238.48
1127.13	9224.86
1128.24	9188.76
1129.35	9162.47
1130.47	9176.45
1131.58	9176.38
1132.7	9177.45
1133.81	9172.28
1134.92	9167.11
1136.03	9161.4
1137.15	9154.76
1138.26	9147.87
1139.37	9142.59
1140.48	9139.16
1141.59	9134.08
1142.71	9125.63
1143.82	9112.92
1144.93	9094.17
1146.04	9082.76
1147.15	9071.91
1148.26	9061.55
1149.37	9054.85
1150.48	9049.4
1151.59	9044.79
1152.7	9041.15
1153.81	9037.39
1154.92	9027.57
1156.03	9017.15
1157.14	9004.39
1158.25	8999.17
1159.36	8994.09
1160.47	8994.84
1161.58	9006.35
1162.68	9008.77
1163.79	9006.12
1164.9	8997.54
1166.01	8986.01
1167.12	8984.32
1168.22	8977.93
1169.33	8980.65
1170.44	8992.66
1171.55	9005.65
1172.65	9010.48
1173.76	9012.15
1174.87	9006.45
1175.97	8988.12
1177.08	8987.49
1178.18	8989.84
1179.29	8996.1
1180.4	9005.19
1181.5	9014.18
1182.61	9018.81
1183.71	9017.26
1184.82	9007.84
1185.92	9002.99
1187.02	8998.21
1188.13	8995.49
1189.23	9000.06
1190.34	9005.31
1191.44	9011.45
1192.54	9018.35
1193.65	9025.83
1194.75	9034.22
1195.85	9039.31
1196.96	9041.86
1198.06	9038.25
1199.16	9032.17
1200.26	9024.27
1201.37	9014.96
1202.47	9005.83
1203.57	9006.22
1204.67	9009.64
1205.77	9011.41
1206.87	9004.17
1207.97	8994.12
1209.08	8983.31
1210.18	8975.46
1211.28	8969.71
1212.38	8964.28
1213.48	8961.68
1214.58	8974.68
1215.68	8980.83
1216.78	8982.35
1217.88	8979.94
1218.98	8972.47
1220.07	8959.99
1221.17	8951.25
1222.27	8942.71
1223.37	8932.02
1224.47	8921.84
1225.57	8912.34
1226.66	8904.73
1227.76	8907.23
1228.86	8913.94
1229.96	8916.87
1231.06	8915.59
1232.15	8909.75
1233.25	8903.28
1234.35	8895.78
1235.44	8887.47
1236.54	8879.59
1237.63	8870.72
1238.73	8860.65
1239.83	8847.96
1240.92	8832.97
1242.02	8816.51
1243.11	8802.44
1244.21	8793.01
1245.3	8796.15
1246.4	8801.6
1247.49	8805
1248.59	8808.78
1249.68	8813.71
1250.78	8818.88
1251.87	8824.79
1252.96	8830.71
1254.06	8835.14
1255.15	8836.25
1256.24	8821.03
1257.34	8807.82
1258.43	8797.79
1259.52	8792.83
1260.62	8788.84
1261.71	8787.74
1262.8	8788.47
1263.89	8791.41
1264.98	8794.51
1266.08	8777.77
1267.17	8765.26
1268.26	8751.16
1269.35	8753.08
1270.44	8754
1271.53	8761.42
1272.62	8765.12
1273.71	8767.76
1274.8	8770.58
1275.89	8772.56
1276.98	8774.56
1278.07	8776.42
1279.16	8777.8
1280.25	8778.71
1281.34	8778.99
1282.43	8778.17
1283.52	8774.28
1284.61	8767.86
1285.69	8761.37
1286.78	8754.63
1287.87	8765.28
1288.96	8787.05
1290.05	8804.5
1291.13	8807.54
1292.22	8807.62
1293.31	8806.62
1294.4	8805.29
1295.48	8805.27
1296.57	8805.52
1297.66	8804.76
1298.74	8802.15
1299.83	8798.29
1300.92	8791.91
1302	8783.85
1303.09	8774.13
1304.17	8763.03
1305.26	8751.5
1306.34	8744.84
1307.43	8740.82
1308.51	8739.56
1309.6	8738.76
1310.68	8740.62
1311.76	8770.64
1312.85	8798.23
1313.93	8753.58
1315.02	8749.73
1316.1	8740.67
1317.18	8740.02
1318.27	8737.58
1319.35	8732.57
1320.43	8726.66
1321.52	8720.71
1322.6	8714.22
1323.68	8708.98
1324.76	8707.03
1325.85	8704.26
1326.93	8697.79
1328.01	8692.23
1329.09	8676.93
1330.17	8667.49
1331.25	8657.91
1332.33	8658.85
1333.41	8663.15
1334.49	8668.82
1335.58	8670.94
1336.65	8669.76
1337.74	8663.78
1338.82	8653.88
1339.89	8648.6
1340.97	8640.46
1342.05	8627.81
1343.13	8614.81
1344.21	8604.35
1345.29	8600.01
1346.37	8599.57
1347.45	8601.46
1348.53	8605.44
1349.6	8606.4
1350.68	8607.27
1351.76	8604.93
1352.84	8603.43
1353.92	8604.15
1354.99	8604.82
1356.07	8606.37
1357.15	8605.64
1358.22	8603.78
1359.3	8602.02
1360.38	8606.37
1361.45	8613.79
1362.53	8620.32
1363.61	8623.28
1364.68	8626.19
1365.76	8626.76
1366.83	8621.89
1367.91	8613.72
1368.98	8608.35
1370.06	8608.34
1371.13	8611.78
1372.21	8607.25
1373.28	8596.95
1374.35	8584.94
1375.43	8574.56
1376.5	8565.6
1377.58	8555.77
1378.65	8552.12
1379.72	8550.7
1380.8	8550.68
1381.87	8553.6
1382.94	8556.82
1384.01	8558.95
1385.09	8560.89
1386.16	8563.1
1387.23	8565.1
1388.3	8566.2
1389.38	8561.74
1390.45	8558.19
1391.52	8554.82
1392.59	8550.79
1393.66	8548.04
1393.92	8546.74
1395	8543.26
1396.07	8540.29
1397.15	8532.05
1398.22	8521.42
1399.3	8513.53
1400.38	8506.73
1401.45	8500.48
1402.53	8495.63
1403.6	8491.76
1404.68	8488.99
1405.75	8487.26
1406.82	8486.31
1407.9	8486.19
1408.97	8486.56
1410.05	8487.86
1411.12	8488.38
1412.19	8488.71
1413.27	8488.55
1414.34	8488.01
1415.41	8485.44
1416.49	8483.75
1417.56	8483.01
1418.63	8483.48
1419.7	8485.04
1420.78	8488.4
1421.85	8479.07
1422.92	8457.63
1423.99	8443.1
1425.06	8427.82
1426.14	8418.34
1427.21	8415.98
1428.28	8417.62
1429.35	8419.16
1430.42	8418.46
1431.49	8414.91
1432.56	8406.79
1433.63	8399.95
1434.7	8394.28
1435.77	8387.48
1436.84	8380.01
1437.91	8371.2
1438.98	8361.87
1440.05	8352.12
1441.12	8342.51
1442.18	8338.25
1443.25	8347.11
1444.32	8359.83
1445.39	8373.08
1446.46	8385.02
1447.53	8392.43
1448.59	8386.75
1449.66	8379.12
1450.73	8364.21
1451.8	8353.22
1452.86	8352.42
1453.93	8354.06
1455	8353.78
1456.06	8353.35
1457.13	8353.44
1458.2	8353.17
1459.26	8351.79
1460.33	8350
1461.39	8347.43
1462.46	8344.28
1463.52	8333.59
1464.59	8324.41
1465.65	8312.19
1466.72	8310.3
1467.78	8307.79
1468.85	8326.92
1469.91	8343.33
1470.98	8360.61
1472.04	8367.41
1473.1	8363.72
1474.17	8348.89
1475.23	8331.44
1476.3	8325.75
1477.36	8321.76
1478.42	8318.16
1479.48	8314.76
1480.55	8313.02
1481.61	8312.79
1482.67	8312.87
1483.73	8308.13
1484.8	8303.35
1485.86	8292.17
1486.92	8277.25
1487.98	8262.34
1489.04	8246.12
1490.1	8239.01
1491.17	8236.57
1492.23	8236.91
1493.29	8240.72
1494.35	8247.33
1495.41	8259.12
1496.47	8266.66
1497.53	8267.6
1498.59	8261.15
1499.65	8254.25
1500.71	8245.65
1501.77	8235.08
1502.83	8224.79
1503.88	8216.41
1504.94	8210.64
1506	8205.97
1507.06	8202.79
1508.12	8200.92
1509.18	8200.73
1510.23	8201.95
1511.29	8204.42
1512.35	8207.92
1513.41	8211.41
1514.47	8212.75
1515.52	8205.8
1516.58	8186.92
1517.64	8169.83
1518.69	8158.31
1519.75	8159.19
1520.81	8155.6
1521.86	8162.48
1522.92	8167.65
1523.97	8167.23
1525.03	8170.21
1526.08	8163.08
1527.14	8151.26
1528.2	8141.36
1529.25	8132.6
1530.31	8122.47
1531.36	8112.11
1532.42	8105.54
1533.47	8101.05
1534.52	8098.39
1535.58	8099.71
1536.63	8092.73
1537.69	8070.16
1538.74	8071.36
1539.79	8083.85
1540.84	8126.3
1541.9	8102.42
1542.95	8073.19
1544	8077.46
1545.06	8080.87
1546.11	8081.62
1547.16	8079.64
1548.21	8075.13
1549.27	8068.05
1550.32	8058.21
1551.37	8037.86
1552.42	8028.58
1553.47	8027.92
1554.52	8025.45
1555.57	8022.98
1556.62	8010.99
1557.67	8004.13
1558.72	8003.54
1559.77	8005.59
1560.82	8010.72
1561.87	8017.54
1562.92	8029.06
1563.97	8042.19
1565.02	8060.9
1566.07	8077.35
1567.12	8089.94
1568.17	8096.1
1569.22	8087.15
1570.27	8062.43
1571.32	8044.18
1572.36	8026.5
1573.41	8010.49
1574.46	8024.77
1575.51	8035.69
1576.56	8035.4
1577.6	8033.26
1578.65	8030.95
1579.7	8028.23
1580.74	8025.2
1581.79	8021.58
1582.84	8017.72
1583.88	8013.77
1584.93	8009.65
1585.98	8005.58
1587.02	8001.7
1588.07	7998.1
1589.11	7994.93
1590.16	7992.28
1591.2	7984.4
1592.25	7976.32
1593.29	7969.09
1594.34	7962.35
1595.38	7956.28
1596.43	7959.83
1597.47	7940.39
1598.52	7932.08
1599.56	7919.12
1600.6	7923.25
1601.65	7931.62
1602.69	7946.31
1603.73	7964.88
1604.78	7941.83
1605.82	7926.77
1606.86	7905.59
1607.91	7936.17
1608.95	7955.08
1609.99	7944.53
1611.03	7921.76
1612.08	7882.25
1613.12	7850.32
1614.16	7836
1615.2	7829.61
1616.24	7825.09
1617.28	7830.06
1618.32	7827.72
1619.36	7824.09
1620.41	7818.74
1621.45	7811.94
1622.49	7803.12
1623.53	7793.02
1624.57	7783.08
1625.61	7776.22
1626.65	7772.64
1627.69	7778.43
1628.73	7780
1629.76	7784.52
1630.8	7787.45
1631.84	7785.4
1632.88	7778.88
1633.92	7767.12
1634.96	7751.85
1636	7734.29
1637.03	7715.2
1638.07	7711.93
1639.11	7705.6
1640.15	7707.75
1641.19	7723.42
1642.22	7733.71
1643.26	7736.77
1644.3	7732.91
1645.33	7722
1646.37	7713.5
1647.41	7705.81
1648.44	7700.17
1649.48	7694.93
1650.52	7690.03
1651.55	7683.51
1652.59	7675.22
1653.62	7667.02
1654.66	7663.04
1655.69	7661.07
1656.73	7659.95
1657.76	7657.21
1658.8	7653.88
1659.83	7651.02
1660.87	7648.37
1661.9	7646.52
1662.93	7644.91
1663.97	7643.95
1665	7643.26
1666.04	7642.9
1667.07	7643.03
1668.1	7643.33
1669.14	7642.8
1670.17	7638.18
1671.2	7629.32
1672.23	7627.84
1673.27	7625.45
1674.3	7623.2
1675.33	7620.28
1676.36	7616.21
1677.39	7611.22
1678.43	7588.85
1679.46	7579.66
1680.49	7575.3
1681.52	7572.99
1682.55	7579.57
1683.58	7576.72
1684.61	7573.22
1685.64	7571.97
1686.67	7568.08
1687.7	7563.46
1688.73	7556.64
1689.76	7546.83
1690.79	7529.45
1691.82	7504.3
1692.85	7529.4
1693.88	7543.96
1694.91	7556.19
1695.94	7563.27
1696.97	7565.13
1698	7560.83
1699.02	7552.79
1700.05	7540.34
1701.08	7523.88
1702.11	7504.49
1703.14	7496.3
1704.16	7501.04
1705.19	7500.25
1706.22	7496.43
1707.25	7490.79
1708.27	7482.52
1709.3	7471.88
1710.33	7460.6
1711.35	7451.02
1712.38	7443.41
1713.41	7438.46
1714.43	7434.4
1715.46	7431.31
1716.48	7430.29
1717.51	7430.09
1718.53	7432.56
1719.56	7435.99
1720.58	7438.95
1721.61	7437.87
1722.63	7430.42
1723.66	7422.71
1724.68	7419.38
1725.71	7415.82
1726.73	7412.36
1727.75	7409.56
1728.78	7407.4
1729.8	7403.74
1730.83	7395.98
1731.85	7381.61
1732.87	7369.42
1733.89	7357.15
1734.92	7344.4
1735.94	7327.27
1736.96	7320.95
1737.98	7318.57
1739.01	7319.16
1740.03	7322.65
1741.05	7330.12
1742.07	7331.09
1743.09	7327.22
1744.12	7317.28
1745.14	7305.96
1746.16	7296.27
1747.18	7285.98
1748.2	7277.17
1749.22	7270.58
1750.24	7267.51
1751.26	7268.59
1752.28	7272.76
1753.3	7279.87
1754.32	7286.71
1755.34	7295.28
1756.36	7293.67
1757.38	7290.57
1758.4	7267.56
1759.42	7238.51
1760.44	7234.72
1761.45	7276.07
1762.47	7288.07
1763.49	7273.24
1764.51	7249.04
1765.53	7221.26
1766.55	7193.72
1767.56	7175.89
1768.58	7190.59
1769.6	7194.15
1770.61	7197.29
1771.63	7198.26
1772.65	7197.27
1773.67	7189.19
1774.68	7177.27
1775.7	7163.24
1776.72	7147.85
1777.73	7133.6
1778.75	7133.26
1779.76	7133.05
1780.78	7135.81
1781.79	7142.29
1782.81	7150.69
1783.83	7146.53
1784.84	7135.94
1785.85	7131.86
1786.87	7127.38
1787.88	7121.43
1788.9	7116.02
1789.91	7111.16
1790.93	7107.24
1791.94	7104.81
1792.95	7104.2
1793.97	7106.96
1794.98	7109.14
1796	7108.15
1797.01	7102.86
1798.02	7088.87
1799.03	7075.61
1800.05	7060.69
1801.06	7048.27
1802.07	7043.57
1803.08	7043.48
1804.1	7053.6
1805.11	7056.3
1806.12	7052.65
1807.13	7043.43
1808.14	7031.28
1809.15	7018.69
1810.17	7004.18
1811.18	6991.03
1812.19	6984.93
1813.2	6984.36
1814.21	6981.91
1815.22	6975.52
1816.23	6966.38
1817.24	6955.97
1818.25	6947.18
1819.26	6941.69
1820.27	6939.71
1821.28	6941.1
1822.29	6938.3
1823.3	6927.92
1824.3	6910.26
1825.31	6895.32
1826.32	6878.33
1827.33	6871.18
1828.34	6871.03
1829.35	6875.78
1830.35	6882.87
1831.36	6890.95
1832.37	6885.42
1833.38	6882.49
1834.38	6881.85
1835.39	6880.51
1836.4	6877.29
1837.41	6871.8
1838.41	6864.15
1839.42	6854.8
1840.43	6844.38
1841.43	6835.39
1842.44	6824.48
1843.44	6819.78
1844.45	6822.42
1845.46	6831.94
1846.46	6836.36
1847.47	6836.25
1848.47	6829.37
1849.48	6820.08
1850.48	6811.54
1851.49	6802.77
1852.49	6794.49
1853.49	6787.46
1854.5	6786.61
1855.5	6788.18
1856.51	6787.2
1857.51	6782.07
1858.51	6765.13
1859.52	6745.87
1860.52	6732.66
1861.52	6726.88
1862.53	6725.5
1863.53	6738.25
1864.53	6762.28
1865.54	6777.33
1866.54	6775.87
1867.54	6765.18
1868.54	6745.79
1869.54	6719.32
1870.55	6702.18
1871.55	6695.46
1872.55	6694.51
1873.55	6700.02
1874.55	6701.11
1875.55	6699.25
1876.55	6696.98
1877.55	6693.78
1878.55	6689.77
1879.55	6684.33
1880.56	6676.98
1881.55	6667.27
1882.56	6651.79
1883.55	6641.77
1884.55	6632.22
1885.55	6623.99
1886.55	6617.34
1887.55	6611.66
1888.55	6614.09
1889.55	6617.99
1890.55	6622.69
1891.55	6626.23
1892.55	6624.57
1893.54	6620.24
1894.54	6613.36
1895.54	6605.86
1896.54	6597.67
1897.54	6589.06
1898.53	6581.1
1899.53	6573.52
1900.53	6566.25
1901.52	6558.55
1902.52	6537.32
1903.52	6531.65
1904.51	6527.08
1905.51	6523.57
1906.51	6521.26
1907.5	6522.47
1908.5	6526.04
1909.49	6529.19
1910.49	6531.22
1911.49	6526.57
1912.48	6520.89
1913.48	6511.98
1914.47	6500.83
1915.46	6487.32
1916.46	6473.88
1917.45	6461.03
1918.45	6450.27
1919.44	6439.49
1920.44	6430.44
1921.43	6427.49
1922.43	6426.81
1923.42	6440.11
1924.41	6444.36
1925.41	6456.24
1926.4	6455.45
1927.39	6455.16
1928.38	6432.22
1929.38	6407.15
1930.37	6391.85
1931.36	6387.6
1932.35	6384.03
1933.35	6385.31
1934.34	6378.48
1935.33	6371.56
1936.32	6363.26
1937.31	6353.5
1938.3	6342.38
1939.29	6329
1940.29	6316.19
1941.28	6309.04
1942.27	6305.53
1943.26	6305.71
1944.25	6315.75
1945.24	6318.41
1946.23	6319.71
1947.22	6317.39
1948.21	6305.17
1949.2	6300.23
1950.19	6295.93
1951.18	6292.49
1952.17	6290.13
1953.16	6288.95
1954.14	6283.73
1955.13	6275.01
1956.12	6268.42
1957.11	6255.58
1958.1	6250.18
1959.09	6254.81
1960.07	6255.19
1961.06	6251.05
1962.05	6242.37
1963.04	6228.88
1964.02	6221.14
1965.01	6210.32
1966	6205.05
1966.99	6202.48
1967.97	6206.01
1968.96	6214.53
1969.95	6210.81
1970.93	6211.15
1971.92	6202.73
1972.9	6196.85
1973.89	6193.66
1974.88	6193.42
1975.86	6194.93
1976.85	6192.79
1977.83	6188.49
1978.82	6168.51
1979.8	6150.08
1980.79	6121.98
1981.77	6104.6
1982.76	6100.18
1983.74	6097.26
1984.72	6095.81
1985.71	6095.53
1986.69	6095.48
1987.67	6095.27
1988.66	6092.56
1989.64	6087.85
1990.62	6079.86
1991.61	6071.41
1992.59	6065.23
1993.57	6059.11
1994.56	6054.47
1995.54	6053.09
1996.52	6054.14
1997.5	6057.12
1998.49	6062.51
1999.47	6064.11
2000.45	6061.53
2001.43	6055.4
2002.41	6045.92
2003.39	6033.08
2004.38	6017.48
2005.36	5999.98
2006.34	5984.89
2007.32	5983.12
2008.3	5989.1
2009.28	5988.02
2010.26	5986.97
2011.24	5983.53
2012.22	5975.97
2013.2	5966.5
2014.18	5955.61
2015.16	5943.25
2016.14	5929.71
2017.12	5917.54
2018.1	5911.39
2019.07	5908.31
2020.05	5915.48
2021.03	5921.19
2022.01	5932.6
2022.99	5941.16
2023.97	5948.68
2024.95	5954.03
2025.92	5948.39
2026.9	5940.46
2027.88	5923.54
2028.86	5903.79
2029.83	5891.78
2030.81	5881.9
2031.79	5873.14
2032.76	5865.87
2033.74	5860.19
2034.72	5855.51
2035.69	5851.54
2036.67	5846.75
2037.65	5840.92
2038.62	5834.98
2039.6	5828.94
2040.57	5826.33
2041.55	5823.35
2042.52	5820.08
2043.5	5813.58
2044.47	5804.17
2045.45	5794.25
2046.42	5784.31
2047.4	5774.61
2048.37	5766.55
2049.35	5759.07
2050.32	5752.59
2051.29	5747.16
2052.27	5742.85
2053.24	5739.7
2054.21	5737.74
2055.19	5737.13
2056.16	5737.95
2057.13	5739.65
2058.11	5743.31
2059.08	5740.06
2060.05	5732.81
2061.02	5727.31
2062	5721.43
2062.97	5714.09
2063.94	5706.72
2064.91	5698.63
2065.89	5690.18
2066.86	5681.26
2067.83	5672.46
2068.8	5669.22
2069.77	5667.84
2070.74	5674.21
2071.71	5671.78
2072.68	5664.37
2073.65	5654.43
2074.62	5638.06
2075.59	5626.55
2076.56	5618.69
2077.53	5609.22
2078.5	5607.72
2079.47	5598.54
2080.44	5585.77
2081.41	5579.67
2082.38	5572.6
2083.35	5571.87
2084.32	5591.04
2085.29	5598.11
2086.26	5597.43
2087.23	5550.97
2088.19	5533.56
2089.16	5522.26
2090.13	5516.99
2091.1	5517.56
2092.07	5521.47
2093.03	5522.28
2094	5522.34
2094.97	5520.82
2095.94	5519.4
2096.9	5514.28
2097.87	5500.62
2098.84	5493.76
2099.8	5498.07
2100.77	5504.53
2101.74	5511.66
2102.7	5513.5
2103.67	5507.53
2104.63	5492.73
2105.6	5487.26
2106.56	5482.36
2107.53	5477.16
2108.49	5473.37
2109.46	5471.1
2110.42	5468.87
2111.39	5466.99
2112.35	5465.86
2113.32	5465.15
2114.28	5462.08
2115.25	5457.17
2116.21	5440.36
2117.17	5426.44
2118.14	5418.3
2119.1	5410.88
2120.07	5401.85
2121.03	5392.66
2121.99	5383.34
2122.96	5373.94
2123.92	5366.32
2124.88	5359.51
2125.84	5356.69
2126.81	5365.17
2127.77	5361.43
2128.73	5356.42
2129.69	5349.95
2130.65	5344.4
2131.62	5339.3
2132.58	5334.43
2133.54	5329.44
2134.5	5324.29
2135.46	5318.94
2136.42	5313.33
2137.38	5307.25
2138.34	5298.99
2139.3	5288.68
2140.26	5239.2
2141.22	5245.93
2142.18	5308.79
2143.14	5284.05
2144.1	5281.31
2145.06	5240.19
2146.02	5230.81
2146.98	5234.14
2147.94	5241.49
2148.9	5271.69
2149.86	5244.25
2150.82	5237.15
2151.78	5232.41
2152.74	5226.88
2153.69	5220.7
2154.65	5212.68
2155.61	5204.08
2156.57	5195.15
2157.53	5184.72
2158.48	5173.45
2159.44	5163.14
2160.4	5155.32
2161.36	5156.38
2162.31	5162.71
2163.27	5166.74
2164.23	5168.56
2165.18	5169.75
2166.14	5161.12
2167.1	5143.97
2168.05	5129.96
2169.01	5116.55
2169.96	5100.99
2170.92	5084.72
2171.88	5078.26
2172.83	5073.41
2173.79	5079.47
2174.74	5086.31
2175.7	5081.15
2176.65	5064.81
2177.6	5033.08
2178.56	4995.97
2179.51	5009.35
2180.47	5002.05
2181.42	5000.67
2182.38	4998.56
2183.33	4996.8
2184.28	4992.68
2185.24	4985.68
2186.19	4976.48
2187.14	4966.93
2188.1	4951.37
2189.05	4996.69
2190	4993.37
2190.96	4980.35
2191.91	4966.76
2192.86	4953.64
2193.81	4940.34
2194.76	4928.95
2195.72	4923.47
2196.67	4924.24
2197.62	4933.9
2198.57	4934.27
2199.52	4933.13
2200.47	4929.6
2201.43	4922.28
2202.38	4916.6
2203.33	4911.23
2204.28	4905.61
2205.23	4900.24
2206.18	4893.37
2207.13	4886.84
2208.08	4880.35
2209.03	4875.36
2209.98	4884.67
2210.93	4878.74
2211.88	4874.59
2212.83	4865.28
2213.78	4851.84
2214.73	4835.94
2215.67	4824.21
2216.62	4821.59
2217.57	4856.88
2218.52	4862.86
2219.47	4881.24
2220.42	4840.8
2221.37	4823.64
2222.31	4812.75
2223.26	4809
2224.21	4803.76
2225.16	4805.11
2226.1	4811.19
2227.05	4815.13
2228	4821.39
2228.94	4819.77
2229.89	4812.63
2230.84	4803.82
2231.78	4794.52
2232.73	4784.99
2233.68	4775.17
2234.62	4769.77
2235.57	4766.07
2236.51	4763.84
2237.46	4762.95
2238.41	4763.46
2239.35	4765.14
2240.3	4768.09
2241.24	4771.35
2242.19	4772.7
2243.13	4769.41
2244.07	4750.27
2245.02	4747.35
2245.96	4746.9
2246.91	4749.49
2247.85	4749.96
2248.8	4750.61
2249.74	4751.33
2250.68	4750.22
2251.63	4748.37
2252.57	4745.5
2253.51	4741.51
2254.46	4736.47
2255.4	4729.98
2256.34	4723.62
2257.28	4717.55
2258.23	4712.12
2259.17	4708.52
2260.11	4709.07
2261.05	4709.47
2262	4709.93
2262.94	4711.16
2263.88	4709.37
2264.82	4704.61
2265.76	4699.56
2266.7	4694.57
2267.64	4687.67
2268.58	4684
2269.53	4681.06
2270.47	4679.8
2271.41	4678.22
2272.35	4675.71
2273.29	4668.77
2274.23	4666.18
2275.17	4667.56
2276.11	4670.41
2277.05	4670.78
2277.99	4671.06
2278.93	4671.94
2279.86	4672.69
2280.8	4673.67
2281.74	4670.61
2282.68	4672.9
2283.62	4679.29
2284.56	4667.43
2285.5	4645.91
2286.44	4637.24
2287.37	4643.59
2288.31	4648.87
2289.25	4651.97
2290.19	4653.04
2291.12	4653.17
2292.06	4653.36
2293	4653.14
2293.94	4652.18
2294.87	4650.45
2295.81	4647.19
2296.75	4642.74
2297.68	4635.06
2298.62	4626.64
2299.55	4618.57
2300.49	4612.44
2301.43	4614.56
2302.36	4617.57
2303.3	4615.03
2304.23	4609.16
2305.17	4600.79
2306.1	4591.96
2307.04	4583.76
2307.98	4576.95
2308.91	4571.86
2309.84	4570.09
2310.78	4571.24
2311.71	4572.11
2312.65	4572.45
2313.58	4570.76
2314.52	4568.22
2315.45	4564.68
2316.38	4559.95
2317.32	4553.99
2317.72	4551.14
2318.66	4544.75
2319.6	4537.93
2320.54	4530.62
2321.48	4528.26
2322.41	4539.46
2323.35	4537.45
2324.29	4532.15
2325.23	4525.49
2326.16	4502.83
2327.1	4499.33
2328.04	4495.63
2328.97	4489.2
2329.91	4480.77
2330.85	4470.4
2331.78	4458.52
2332.72	4448.75
2333.66	4439.69
2334.59	4441.08
2335.53	4444.19
2336.46	4445.23
2337.4	4448.43
2338.33	4450.94
2339.27	4452.65
2340.2	4453.25
2341.14	4453.02
2342.07	4449.82
2343.01	4444.11
2343.94	4434.98
2344.88	4419.9
2345.81	4403.05
2346.75	4396.55
2347.68	4394.4
2348.61	4393.87
2349.55	4404.37
2350.48	4402.71
2351.41	4407.78
2352.35	4404.82
2353.28	4400.12
2354.21	4394.03
2355.15	4392.05
2356.08	4395.64
2357.01	4393.48
2357.94	4388.73
2358.88	4382.5
2359.81	4375.23
2360.74	4366.52
2361.67	4356.36
2362.6	4349.27
2363.54	4342.09
2364.47	4342.08
2365.4	4343.12
2366.33	4345.62
2367.26	4349.97
2368.19	4353.21
2369.12	4346.62
2370.05	4341.94
2370.98	4339
2371.91	4337.75
2372.84	4337.99
2373.77	4339.78
2374.7	4342.5
2375.63	4348.12
2376.56	4351.49
2377.49	4349.98
2378.42	4342.41
2379.35	4334.45
2380.28	4325.66
2381.21	4318.07
2382.14	4319.44
2383.07	4319.26
2384	4318.67
2384.92	4317.97
2385.85	4319.55
2386.78	4313.5
2387.71	4301.86
2388.64	4289.25
2389.56	4280.94
2390.49	4273.31
2391.42	4267.53
2392.35	4263.55
2393.27	4261.22
2394.2	4260.68
2395.13	4261.84
2396.05	4264.87
2396.98	4263.71
2397.91	4254.71
2398.83	4249.57
2399.76	4244.03
2400.69	4244.23
2401.61	4250.97
2402.54	4255.27
2403.46	4258.57
2404.39	4261.36
2405.31	4263.33
2406.24	4261.37
2407.17	4261.39
2408.09	4259.43
2409.01	4257.68
2409.94	4254.53
2410.86	4248.89
2411.79	4237.73
2412.71	4220.89
2413.64	4198.72
2414.56	4188.37
2415.49	4182.06
2416.41	4181
2417.33	4185.06
2418.26	4183
2419.18	4180.29
2420.1	4176.08
2421.03	4172.7
2421.95	4169.87
2422.87	4166.95
2423.79	4165.26
2424.72	4164.78
2425.64	4167.37
2426.56	4170.93
2427.48	4171.67
2428.41	4166.83
2429.33	4154.93
2430.25	4144.03
2431.17	4135.1
2432.09	4126.31
2433.01	4117.99
2433.93	4109.98
2434.86	4102.52
2435.78	4095.67
2436.7	4089.48
2437.62	4084.66
2438.54	4081.16
2439.46	4079.15
2440.38	4077.15
2441.3	4075.93
2442.22	4073.29
2443.14	4062.59
2444.06	4053.65
2444.98	4047.04
2445.9	4041.52
2446.82	4039.07
2447.73	4037.04
2448.65	4037.41
2449.57	4038.71
2450.49	4041.59
2451.41	4042.46
2452.33	4031.92
2453.25	4019.04
2454.17	4010.04
2455.08	4004.77
2456	4001.78
2456.92	3998.38
2457.84	3998.54
2458.75	3998.48
2459.67	3997.91
2460.59	3994.5
2461.51	3985.42
2462.42	3981.57
2463.34	3983.77
2464.26	3985.03
2465.17	3983.59
2466.09	3981.02
2467	3978.7
2467.92	3976.36
2468.84	3973.96
2469.75	3971.4
2470.67	3968.59
2471.58	3966.19
2472.5	3963.64
2473.42	3960.92
2474.33	3957.59
2475.25	3951.63
2476.16	3945.15
2477.08	3935.01
2477.99	3931.57
2478.9	3928.72
2479.82	3927.06
2480.73	3929.9
2481.65	3927.92
2482.56	3920.75
2483.47	3910.74
2484.39	3900.56
2485.3	3888.88
2486.22	3883.72
2487.13	3883.35
2488.04	3887.26
2488.96	3894.44
2489.87	3902.37
2490.78	3907.03
2491.69	3909.49
2492.61	3908.95
2493.52	3906.4
2494.43	3901.41
2495.34	3892.44
2496.25	3882.07
2497.17	3872.46
2498.08	3863.64
2498.99	3859.17
2499.9	3860.85
2500.81	3862.44
2501.72	3864.25
2502.63	3864.68
2503.55	3864.9
2504.46	3862.82
2505.37	3858.62
2506.28	3854.42
2507.19	3849.71
2508.1	3844.1
2509.01	3838.83
2509.92	3834.69
2510.83	3834.94
2511.74	3836.58
2512.65	3834.76
2513.56	3832.3
2514.47	3830.58
2515.37	3829.01
2516.28	3827.36
2517.19	3825.95
2518.1	3825.51
2519.01	3826.23
2519.92	3832.26
2520.83	3833.18
2521.73	3829.59
2522.64	3822.91
2523.55	3814.39
2524.46	3803.5
2525.37	3791.42
2526.27	3783.3
2527.18	3783.46
2528.09	3783.35
2529	3787.81
2529.9	3785.9
2530.81	3782.97
2531.72	3778.81
2532.62	3774.95
2533.53	3772.74
2534.44	3770.13
2535.34	3768.07
2536.25	3766.05
2537.15	3764.5
2538.06	3762.29
2538.96	3759.28
2539.87	3755.31
2540.78	3750.03
2541.68	3743.57
2542.59	3736.08
2543.49	3728.99
2544.4	3722.23
2545.3	3727.22
2546.21	3734.58
2547.11	3732.16
2548.01	3720.55
2548.92	3711.5
2549.82	3701.52
2550.73	3709.87
2551.63	3712.57
2552.53	3709.61
2553.44	3706.4
2554.34	3701.9
2555.24	3696.06
2556.15	3687.62
2557.05	3679.26
2557.95	3678.15
2558.86	3682.92
2559.76	3681.14
2560.66	3680.58
2561.56	3672.95
2562.46	3664.12
2563.37	3656.31
2564.27	3648.53
2565.17	3639.74
2566.07	3632.72
2566.97	3630.29
2567.88	3625.25
2568.78	3614.93
2569.68	3605.44
2570.58	3598.82
2571.48	3594.24
2572.38	3592.14
2573.28	3593.1
2574.18	3592.99
2575.08	3594.54
2575.98	3596.54
2576.88	3600.23
2577.78	3604.21
2578.68	3609.36
2579.58	3608.25
2580.48	3582.08
2581.38	3570.04
2582.28	3553.79
2583.18	3573.72
2584.08	3565.97
2584.98	3556.19
2585.88	3549.27
2586.77	3543.64
2587.67	3539.45
2588.57	3539.74
2589.47	3534.58
2590.37	3528.64
2591.27	3523.85
2592.16	3518.96
2593.06	3514.91
2593.96	3510.69
2594.86	3511.62
2595.75	3512.59
2596.65	3510.64
2597.55	3505.61
2598.45	3498.69
2599.34	3493.56
2600.24	3489.22
2601.13	3486.4
2602.03	3484.87
2602.93	3484.26
2603.82	3484.31
2604.72	3483.53
2605.62	3479.61
2606.51	3476.27
2607.41	3472.75
2608.3	3468.25
2609.2	3463.57
2610.09	3459.83
2610.99	3456.98
2611.88	3454.76
2612.78	3453.22
2613.67	3451.39
2614.57	3450.21
2615.46	3449.46
2616.36	3449.18
2617.25	3449.56
2618.14	3450.56
2619.04	3451.48
2619.93	3451.42
2620.83	3442.7
2621.72	3433.79
2622.61	3423.85
2623.5	3414
2624.4	3408.57
2625.29	3405.8
2626.18	3405.88
2627.08	3408.51
2627.97	3411.73
2628.86	3418.28
2629.75	3420.08
2630.65	3417.33
2631.54	3412.38
2632.43	3403.66
2633.32	3399.39
2634.21	3397.53
2635.11	3396.35
2636	3390.89
2636.89	3384.48
2637.78	3377.04
2638.67	3366.7
2639.56	3355.64
2640.45	3345.08
2641.34	3335.47
2642.23	3328.77
2643.12	3322.84
2644.01	3318.55
2644.9	3315.37
2645.79	3313.87
2646.68	3313.56
2647.57	3314.13
2648.46	3314.38
2649.35	3307.97
2650.24	3293.54
2651.13	3283.93
2652.02	3277.07
2652.91	3272.15
2653.8	3269.91
2654.69	3272.51
2655.58	3275.95
2656.46	3278.7
2657.35	3280.31
2658.24	3280.8
2659.13	3279.63
2660.02	3277.92
2660.9	3275.68
2661.79	3272.53
2662.68	3268.78
2663.57	3264.15
2664.45	3258.92
2665.34	3253.45
2666.23	3247.93
2667.11	3243.59
2668	3240.37
2668.89	3237.62
2669.77	3234.9
2670.66	3232.21
2671.55	3229.24
2672.43	3226
2673.32	3222.56
2674.21	3218.99
2675.09	3215.22
2675.98	3211.35
2676.86	3207.17
2677.75	3202.94
2678.63	3198.65
2679.52	3195.02
2680.4	3193.43
2681.29	3191.9
2682.17	3189.77
2683.06	3183.92
2683.94	3174.27
2684.82	3169.41
2685.71	3165.19
2686.59	3161.68
2687.48	3163.88
2688.36	3159.14
2689.24	3152.08
2690.13	3142.39
2691.01	3134.88
2691.89	3131.03
2692.78	3129.05
2693.66	3128.74
2694.54	3129.88
2695.43	3133.28
2696.31	3136.48
2697.19	3124.93
2698.07	3110.46
2698.96	3097.74
2699.84	3089.9
2700.72	3086.02
2701.6	3088.05
2702.48	3089.35
2703.36	3091
2704.25	3092.12
2705.13	3092.43
2706.01	3091.89
2706.89	3090.48
2707.77	3087.99
2708.65	3083.01
2709.53	3074.17
2710.41	3072.81
2711.29	3073.1
2712.17	3075.1
2713.05	3075.64
2713.93	3074.6
2714.81	3071.68
2715.69	3066.52
2716.57	3061.43
2717.45	3055.93
2718.33	3049.28
2719.21	3042
2720.09	3033.73
2720.97	3026.15
2721.85	3019.52
2722.73	3017.91
2723.61	3020.8
2724.48	3025.54
2725.36	3030.41
2726.24	3034.4
2727.12	3036.26
2728	3036.4
2728.88	3034.7
2729.75	3031.59
2730.63	3026.25
2731.51	3019.22
2732.39	3010.33
2733.26	3000.48
2734.14	2993.03
2735.02	2992.66
2735.89	2997.09
2736.77	2997.37
2737.65	2996.01
2738.52	2994.82
2739.4	2990.85
2740.28	2982.66
2741.15	2976.94
2742.03	2972.01
2742.9	2975.29
2743.78	2990.4
2744.65	2989.48
2745.53	2994.01
2746.41	2970.56
2747.28	2968.41
2748.16	2964.97
2749.03	2961.56
2749.91	2958.25
2750.78	2955.22
2751.66	2952.27
2752.53	2949.33
2753.4	2946.4
2754.28	2943.53
2755.15	2940.6
2756.02	2937.65
2756.9	2934.78
2757.77	2931.98
2758.65	2929.7
2759.52	2928.49
2760.39	2926.87
2761.27	2922.59
2762.14	2915.6
2763.01	2911.8
2763.88	2907.51
2764.76	2902.84
2765.63	2898.63
2766.5	2894.75
2767.37	2891.43
2768.25	2890.26
2769.12	2890.76
2769.99	2889.49
2770.86	2885.44
2771.73	2880.26
2772.61	2874.93
2773.48	2869.5
2774.35	2863.95
2775.22	2858.9
2776.09	2855.02
2776.96	2853.98
2777.83	2859.56
2778.7	2869.53
2779.57	2878.37
2780.44	2887.2
2781.31	2884.22
2782.18	2856.64
2783.05	2847.63
2783.92	2840.33
2784.79	2855.19
2785.66	2858.67
2786.53	2856.45
2787.4	2857.75
2788.27	2851.57
2789.14	2843.64
2790.01	2834.15
2790.88	2827.47
2791.75	2823.22
2792.62	2820.47
2793.48	2818.54
2794.35	2817.46
2795.22	2816.88
2796.09	2817.64
2796.96	2814.96
2797.82	2809.61
2798.69	2803.03
2799.56	2794.72
2800.43	2790.42
2801.29	2787.72
2802.16	2785.92
2803.03	2785.29
2803.9	2786.04
2804.76	2787.58
2805.63	2778.16
2806.5	2765.01
2807.36	2756.19
2808.23	2752.8
2809.09	2749.75
2809.96	2748.43
2810.83	2749.18
2811.69	2751.73
2812.56	2755.14
2813.42	2757.74
2814.29	2754.93
2815.15	2751.37
2816.02	2749.13
2816.88	2748.53
2817.75	2749.03
2818.61	2750.22
2819.48	2751.84
2820.34	2753.96
2821.21	2756.42
2822.07	2759.13
2822.94	2756.56
2823.8	2747.49
2824.66	2740.68
2825.53	2733.33
2826.39	2726.2
2827.26	2720.6
2828.12	2713.4
2828.98	2711.2
2829.85	2709.57
2830.71	2708.72
2831.57	2708.7
2832.43	2710.02
2833.3	2712.06
2834.16	2714.39
2835.02	2712.11
2835.88	2703.15
2836.75	2692.99
2837.61	2684.69
2838.47	2677.52
2839.33	2671.7
2840.19	2668.7
2841.06	2667.29
2841.92	2667.74
2842.78	2669.9
2843.64	2674.02
2844.5	2679.87
2845.36	2687.38
2846.22	2695.95
2847.08	2703.77
2847.94	2708.47
2848.81	2701.16
2849.67	2686.25
2850.53	2669.06
2851.39	2651.39
2852.25	2640.69
2853.11	2635.9
2853.97	2635.74
2854.82	2638.63
2855.68	2644.43
2856.54	2650.1
2857.4	2648.76
2858.26	2644.06
2859.12	2637.97
2859.98	2631.16
2860.84	2625.13
2861.7	2618.98
2862.56	2613.23
2863.41	2607.87
2864.27	2602.57
2865.13	2597.59
2865.99	2592.92
2866.85	2588.9
2867.7	2586.04
2868.56	2584.67
2869.42	2585.79
2870.28	2587.97
2871.13	2590.82
2871.99	2595.05
2872.85	2595.8
2873.7	2595.22
2874.56	2592.32
2875.42	2588.45
2876.27	2584.26
2877.13	2583.42
2877.99	2583.59
2878.84	2584.94
2879.7	2586.41
2880.56	2589.5
2881.41	2584.53
2882.27	2580.37
2883.12	2570.31
2883.98	2554.81
2884.83	2549.59
2885.69	2552.93
2886.54	2553.98
2887.4	2553.76
2888.25	2544.92
2889.11	2534.29
2889.96	2528.66
2890.82	2528.06
2891.67	2531.16
2892.52	2532.47
2893.38	2535.27
2894.23	2535.56
2895.09	2533.13
2895.94	2529.22
2896.79	2523.89
2897.65	2520.85
2898.5	2518.09
2899.35	2516.31
2900.21	2515.97
2901.06	2516.49
2901.91	2518.41
2902.76	2521.33
2903.62	2525.14
2904.47	2529.19
2905.32	2521.3
2906.17	2516.34
2907.03	2508.39
2907.88	2501.71
2908.73	2496.07
2909.58	2489.72
2910.43	2488.48
2911.28	2484.56
2912.14	2483.43
2912.99	2476.9
2913.84	2468.58
2914.69	2467.1
2915.54	2468.03
2916.39	2467.34
2917.24	2464.55
2918.09	2459.95
2918.94	2453.62
2919.79	2445.64
2920.64	2443.73
2921.49	2439.81
2922.34	2437.26
2923.19	2442.71
2924.04	2444.66
2924.89	2443.77
2925.74	2438.41
2926.59	2433.26
2927.44	2426.37
2928.29	2419.3
2929.14	2412.99
2929.98	2410.44
2930.83	2412.18
2931.68	2416.9
2932.53	2415.79
2933.38	2409.9
2934.23	2404.85
2935.07	2396.48
2935.92	2391.85
2936.77	2391.06
2937.62	2394.99
2938.47	2399.62
2939.31	2403.39
2940.16	2408.67
2941.01	2407.58
2941.85	2401.86
2942.7	2397.24
2943.55	2392.37
2944.39	2387.16
2945.24	2382.49
2946.09	2378.16
2946.93	2374.01
2947.78	2370.01
2948.63	2366.26
2949.47	2362.37
2950.32	2354.75
2951.16	2349.66
2952.01	2351.96
2952.85	2360.5
2953.7	2362.44
2954.55	2366.32
2955.39	2362.09
2956.24	2355.63
2957.08	2347.68
2957.92	2336.37
2958.77	2326.38
2959.61	2320.42
2960.46	2319.73
2961.3	2323.99
2962.15	2325.2
2962.99	2328.43
2963.83	2329.89
2964.68	2330.94
2965.52	2332.43
2966.37	2328.65
2967.21	2321.88
2968.05	2315.23
2968.9	2311.37
2969.74	2307.89
2970.58	2306.36
2971.42	2305.57
2972.27	2305.82
2973.11	2307.34
2973.95	2309.45
2974.79	2306.23
2975.64	2297.02
2976.48	2291.47
2977.32	2285.61
2978.16	2285.26
2979	2286.74
2979.85	2290.45
2980.69	2294.65
2981.53	2298.36
2982.37	2297.39
2983.21	2294.04
2984.05	2289.61
2984.89	2284.76
2985.73	2278.94
2986.57	2273.02
2987.41	2265.44
2988.25	2257.61
2989.1	2251.57
2989.94	2248.16
2990.77	2251.98
2991.62	2258.68
2992.45	2268.74
2993.29	2273.22
2994.13	2281.93
2994.97	2285.54
2995.81	2288.96
2996.65	2285.44
2997.49	2272.6
2998.33	2225
2999.17	2255.68
